2.398068882101721201e-04
2.333515093756764812e-04
-1.040809060362959167e-03
-1.248411808292940444e-03
-7.794365443114570141e-04
-8.503372049925625844e-04
2.523280695845332993e-04
2.899465157044323559e-04
5.751488284361730039e-04
9.002365679492017794e-04
9.062584971121623702e-04
1.079840674511122834e-03
1.110084073300229282e-03
1.106151846946318729e-03
1.138608961234995835e-03
9.948143103078847544e-04
9.863587775270792925e-04
8.083464989137752448e-04
4.664801034365011916e-04
5.436957926260504786e-04
-2.421755676079392385e-04
-1.591126375170459802e-04
-4.056825390172833726e-04
-5.857757342278507948e-04
-5.026460650311241878e-04
-6.269345060539586100e-04
-5.555921210430655880e-04
-3.742182826124370882e-04
-4.749414629266984853e-04
3.591105724491004062e-05
2.597770090833888702e-04
5.233619700850216088e-04
3.228021563776334400e-03
6.009390041011325283e-03
9.245870033374008201e-03
1.807303130831637572e-02
2.076161984685550785e-02
2.294454099295455476e-02
2.774872014964355205e-02
2.932678551934901970e-02
2.944854157080880816e-02
3.101488457972923982e-02
3.248818328802960398e-02
3.201240161433987347e-02
3.479284164125741319e-02
3.589814880650833706e-02
3.450457559794348206e-02
4.183285147175960783e-02
3.773047607678854665e-02
3.474327206836687332e-02
3.490949871732678539e-02
2.250746673953213720e-02
1.997731942625203400e-02
1.548403627684681941e-02
8.805580592617625463e-03
5.052249516548767277e-03
6.926797669566611302e-04
-6.021830759044313232e-03
-8.439248415037996914e-03
-7.283830487058187871e-03
-2.897300134055106214e-03
-2.132950837604917927e-03
3.232835346011609864e-03
3.394684075031149072e-03
2.419715185335574378e-03
1.187743423870687683e-04
-2.502433250851181495e-03
-7.958394393265368766e-03
-1.641764342701768770e-02
-2.744158477309776786e-02
-3.174997633889150433e-02
-3.938732371203224752e-02
-4.145264534901497988e-02
-4.363397653470900417e-02
-4.690766242925680646e-02
-4.829518074942496658e-02
-5.157608580958568389e-02
-5.101447099843593735e-02
-5.145248338921110109e-02
-5.148938968525096360e-02
-4.626344685278928337e-02
-4.477985702859860195e-02
-4.142064489443882114e-02
-3.726088439721553236e-02
-3.552279076415147674e-02
-3.025595755274119308e-02
-2.632514836422963911e-02
-2.344011486372095387e-02
-1.853050191207953126e-02
-1.443679761370481388e-02
-1.214509557482523761e-02
-7.022165720243724388e-03
-6.124979733198933005e-03
-5.722312745167905911e-03
-5.278021085975547790e-03
-3.787200289861876804e-03
-5.239135613351155255e-03
-4.898573202937304798e-03
-1.547551852354784934e-03
-2.969714100049414100e-03
-2.171287256198113982e-03
-1.833642237215797046e-03
-5.704670991610318390e-03
-5.218943629084810479e-03
-7.426121728899245586e-03
-8.163669803068431333e-03
-9.380617055744160104e-03
-1.298264909858707489e-02
-1.352515862302746015e-02
-1.782183420184198577e-02
-1.840413184205978020e-02
-1.986321718172590067e-02
-2.082723997933953394e-02
-2.010655401454221336e-02
-2.297336320069928023e-02
-2.263761857510388983e-02
-2.411275290848852518e-02
-2.526982797788772037e-02
-2.442593407104732064e-02
-2.351663785144014057e-02
-2.125355531549211544e-02
-1.824421081004524645e-02
-1.886025444104271961e-02
-1.576481295414891917e-02
-8.639285022470983427e-03
-3.430633365699182948e-03
1.428250028772949133e-03
5.728848009934601679e-03
1.215237289902078126e-02
2.302599814801315967e-02
2.810773200590836046e-02
3.545447829099990927e-02
3.691478037327183132e-02
3.714898791798952604e-02
3.930874812654971961e-02
3.985039887426784777e-02
4.077457633676968146e-02
4.170501056757693059e-02
4.267541677756486046e-02
4.304177406259253325e-02
4.402277932811984179e-02
4.535384631853865006e-02
4.449579719384921112e-02
4.748304271601254400e-02
4.682679908543813802e-02
4.077740268444603189e-02
3.847317941822281373e-02
3.446090977634528457e-02
2.235963846870868757e-02
1.868827203330774428e-02
1.313536572645254696e-02
5.091832210368937676e-03
1.399075833098778606e-03
-3.311076217399927524e-03
-7.476992704928415133e-03
-1.089647831721553099e-02
-1.040304042428961268e-02
-1.288266711899223142e-02
-1.308794427989084380e-02
-1.215989896135421904e-02
-1.653522688374866115e-02
-1.820331888829042344e-02
-2.191073335943573286e-02
-2.661080602408506107e-02
-3.276784663038793260e-02
-4.378702115031016251e-02
-4.964820173064823927e-02
-5.701493189421721897e-02
-6.281272974900722894e-02
-6.772515229499360967e-02
-7.180140245655569631e-02
-7.211685414176460807e-02
-7.556530729233487675e-02
-7.626561979948939807e-02
-7.808173188735868797e-02
-7.790219938065420791e-02
-7.447855715065417048e-02
-7.127087109552288080e-02
-6.719362909844375786e-02
-6.623135714297957721e-02
-6.290449499747290119e-02
-6.247117176616700379e-02
-6.151111934641941698e-02
-5.990864214378548158e-02
-6.048444750516021595e-02
-5.837938546483299740e-02
-5.941316284081650523e-02
-5.962817944417342364e-02
-5.329115087689639124e-02
-5.385836013668271471e-02
-5.439302732670649176e-02
-5.688307520361488012e-02
-5.715607224026074407e-02
-5.865612498095555682e-02
-6.557930678137675884e-02
-6.603980070326742613e-02
-7.027666075399954804e-02
-7.468188924936339235e-02
-7.698654440979843527e-02
-8.505708939933634416e-02
-9.461435597081097049e-02
-9.838758351194401564e-02
-1.032933022022003294e-01
-1.029342901072191480e-01
-1.024228229625482461e-01
-1.042391174551660082e-01
-9.931982058288951754e-02
-9.943690193775567288e-02
-9.335589759604606686e-02
-7.993533628087071130e-02
-7.186982057193265494e-02
-5.172856479871898450e-02
-4.509880026751740545e-02
-3.616190183748606984e-02
-2.796476906651517227e-02
-2.571202908585028604e-02
-2.016334968549892900e-02
-1.718671243305559468e-02
-1.379293760218497367e-02
-1.234339804590249730e-02
-1.118893766422589947e-02
-7.903737842352423146e-03
-5.151439314514864518e-03
-5.807826959326644473e-03
-1.762138922223713527e-03
-3.701304142008137767e-03
-7.217454972976184747e-03
-8.116467127398458575e-03
-1.511184764519111004e-02
-1.635456322612854549e-02
-1.953615288135945524e-02
-2.090754626697024360e-02
-2.181655484018755684e-02
-2.504296253775642814e-02
-2.716295890729125001e-02
-3.110699477612655778e-02
-3.495696377075528660e-02
-3.781528301148585902e-02
-4.274955278738928888e-02
-4.686060309924225398e-02
-5.171054046395941184e-02
-5.561341984119856641e-02
-5.628612403276590792e-02
-5.580361296237937307e-02
-5.635878715140082984e-02
-5.411663321810102761e-02
-5.334146109433295091e-02
-5.093442083579485108e-02
-4.786567675867552107e-02
-4.581416567616933971e-02
-4.058084227244442704e-02
-3.750855572514095321e-02
-3.546424053864244419e-02
-3.179896131151542515e-02
-2.728567224973322408e-02
-2.494321354964269821e-02
-2.052087067943474813e-02
-1.657449837078104823e-02
-1.474404721441366362e-02
-9.869711870827885258e-03
-8.035716597774021294e-03
-6.848117226323695815e-03
-3.299174962614979251e-03
-1.561670067071161370e-03
-4.244740337487618574e-04
7.156465383047948270e-03
8.459738215128471961e-03
1.126499287722526783e-02
1.472937696753926981e-02
1.578320315291155407e-02
1.660319670019540228e-02
1.995965231016710514e-02
1.830575834806564758e-02
1.823205421611637234e-02
1.746032352349553840e-02
9.533527815827525301e-03
1.040183297038096803e-02
6.958277044729494105e-03
4.623081996146077323e-03
6.448409092547909872e-03
5.616267693583446192e-03
7.344502118027881020e-03
1.059215332744435981e-02
1.128060127009854717e-02
1.248336381487729491e-02
9.808451215265297923e-03
4.523436573024479899e-03
-1.351332408116556185e-03
-9.590070068236424342e-03
-1.549566375348929680e-02
-1.614958248420350975e-02
-1.631866313927454043e-02
-1.172150940076614398e-02
-7.011247140744208788e-03
-5.117852566480644502e-03
-1.292537061780065725e-03
-2.378795703435374574e-03
-2.846666011305102120e-04
6.742423984757501176e-05
-3.450188868540949964e-03
-2.891406514272061579e-03
-2.100207108159806834e-03
-1.999854487396666720e-04
-3.794066938178697942e-03
-5.415938684353500433e-03
-7.018762385660875201e-03
-1.697331171380450296e-02
-1.415940818453934914e-02
-1.443796976929691105e-02
-1.409290130441132743e-02
-4.607637152281027562e-04
3.392119207242464806e-03
1.144287507047176376e-02
2.184241850076826946e-02
2.556233496976717881e-02
3.538872010688625530e-02
4.132146682796364323e-02
4.589330645324807278e-02
5.390651102806995332e-02
5.622164388358425607e-02
6.107460199391029354e-02
6.527542065189893827e-02
6.501877488958676676e-02
6.958856105390014146e-02
6.925302619020241857e-02
6.512924077944048928e-02
6.631549315751732177e-02
5.813740967242650437e-02
5.300503236841145466e-02
4.922856127191587577e-02
3.479281597460234798e-02
3.242197085730234157e-02
2.862376024130969948e-02
2.518676588056571047e-02
2.913642847193064975e-02
2.766789196262977799e-02
3.130403912321851057e-02
3.500729466163278458e-02
3.411274613592919086e-02
4.442653902860244780e-02
4.261073406684998816e-02
4.495123192519395044e-02
4.458555592257427286e-02
4.165609968026934978e-02
4.005289223553257227e-02
3.535812733972146932e-02
3.064841487791893082e-02
2.633521714264110830e-02
1.618755825292048783e-02
7.762707309099194791e-03
7.959628548177452004e-05
-1.290023767992317522e-02
-2.057473153965972898e-02
-2.739674255029066544e-02
-3.365383266249739186e-02
-4.457665794770076378e-02
-4.414825522600134694e-02
-5.171556408649437275e-02
-5.295980867303961420e-02
-4.718982483356107260e-02
-5.210481186063934539e-02
-4.575177624582528468e-02
-4.624420296073251946e-02
-5.202240493763501256e-02
-5.053268637195163643e-02
-5.511410595776489174e-02
-5.840416517279558434e-02
-5.941367084481422034e-02
-6.501923638885054313e-02
-6.594836794930963864e-02
-6.900048079065468354e-02
-7.084223555505105019e-02
-7.129838718429720723e-02
-7.334230701106760064e-02
-7.400214514555682188e-02
-7.485587891063139043e-02
-7.609321660994967929e-02
-7.689544174390992859e-02
-7.789497489454308421e-02
-7.824673459166764378e-02
-7.863714586553725849e-02
-7.900689640201682962e-02
-7.883407785552871971e-02
-7.889102943542300461e-02
-7.868476283639413982e-02
-7.800009004401514678e-02
-7.780883946885765179e-02
-7.678357390964998808e-02
-7.576770717013260603e-02
-7.516527196819006162e-02
-7.297948226836198371e-02
-7.208463642371649993e-02
-7.021516867060215161e-02
-6.706588458285817067e-02
-6.642736882845409752e-02
-6.176777099967190043e-02
-5.900251170151860763e-02
-5.684833277568819565e-02
-4.813071758402737849e-02
-4.621850840946338523e-02
-4.062044108591149338e-02
-3.592911627597647484e-02
-3.488728935458547398e-02
-2.969677096657988291e-02
-2.799051407782502179e-02
-2.525800834960571090e-02
-2.059674994003178952e-02
-1.908240316996188263e-02
-1.621381280303915012e-02
-1.420110719742866817e-02
-1.185063937916708623e-02
-1.063198428545823748e-02
-8.783549643012344629e-03
-8.384241660130074478e-03
-7.579510707675206002e-03
-6.980319637066905759e-03
-6.624744216692815720e-03
-6.091903057823253205e-03
-5.806372987537431786e-03
-5.166423000153982578e-03
-4.824192860912067046e-03
-4.219935795216355617e-03
-2.955502471453726795e-03
-2.880764099125010351e-03
-5.144464475717683847e-04
1.171318078050529983e-03
1.587086544552970780e-03
9.393056306551770401e-03
1.029236099271042468e-02
1.333885930012664728e-02
1.645812460234323885e-02
1.752943350436193121e-02
1.925737064996846382e-02
2.100234590618022326e-02
2.165595109636668167e-02
2.195480121984952002e-02
2.438158254531488933e-02
2.234735514654036942e-02
2.309094240159583269e-02
2.077690323512556766e-02
1.875480412582776132e-02
2.023209072650218598e-02
1.824710872522615837e-02
1.811165417508374398e-02
1.777681611904903189e-02
1.670261675212872735e-02
1.631375427543964654e-02
1.542143480949210652e-02
1.469590745163790527e-02
1.344273651978515963e-02
1.268731976410050755e-02
1.131478017841871034e-02
9.215852109132217224e-03
8.996906437003696078e-03
5.425987834159191545e-03
5.358263327755326613e-03
4.711268580826527726e-03
3.980182485189944289e-03
3.947669758226206652e-03
4.196834556312105738e-03
4.494624608389527140e-03
4.481466036328171296e-03
6.985694081150928617e-03
6.995366637202716197e-03
7.323574798063343938e-03
8.074534417186363111e-03
7.910283324460653381e-03
8.244354660188265779e-03
8.272330634824175480e-03
8.081006230880618396e-03
8.273950610309870751e-03
7.689990719508136945e-03
7.581585110885287124e-03
7.465704869153614621e-03
5.642229109278332384e-03
5.744516180103701776e-03
5.509490401579763934e-03
5.652989537405331798e-03
5.691307094661649663e-03
5.617647088235634863e-03
5.688012998340119877e-03
5.666779017226817455e-03
5.665158656824429914e-03
5.683161878563782431e-03
5.671822309261827927e-03
5.678103765504899370e-03
5.678993112704232467e-03
5.676491502358838211e-03
5.678086397427174227e-03
5.675666262205085119e-03
5.675772406187227018e-03
5.670910799088645440e-03
5.669858154184886923e-03
5.667267315537145161e-03
5.652538905648921662e-03
5.660845256312287653e-03
5.637239101882250518e-03
5.617669257116299220e-03
5.645063050417186562e-03
5.542102322922424183e-03
5.584131045369202309e-03
5.573145747629806857e-03
5.302937537255935675e-03
5.640597116355746017e-03
5.173806469261155519e-03
4.871599986273587868e-03
5.157786223173089525e-03
