8.500858890706581216e-04
1.008525032276897434e-03
4.075157631120598749e-03
3.984848202846171319e-03
4.841879538533854117e-03
5.560796514808414442e-03
5.238956996406228701e-03
5.717546041525325279e-03
5.770615284637613598e-03
5.783701683276130587e-03
5.947128240123009460e-03
5.937667496265793855e-03
5.986206834458689639e-03
6.026615662452501632e-03
6.028661159288436870e-03
6.053937191821404801e-03
6.062098944665710379e-03
6.067099350159361852e-03
6.075514152560742426e-03
6.076148758769358074e-03
6.078277752900333210e-03
6.078347106579134844e-03
6.074685896755354676e-03
6.073441734187425868e-03
6.064856552765368614e-03
6.056057518636097717e-03
6.049640849860371539e-03
6.020356813774927797e-03
6.011186298249613334e-03
5.980003044115834478e-03
5.907327719371529770e-03
5.919709726943501484e-03
5.769197310572704053e-03
5.671135812572573355e-03
5.703948615188161181e-03
5.138568900806887892e-03
5.235139593118524545e-03
5.051190391009471869e-03
5.069219164702720888e-03
5.190380373468596840e-03
5.131897408186127975e-03
5.720672464716157479e-03
5.798357615099758965e-03
7.216866162035710103e-03
7.940396254031822226e-03
8.561397390826432086e-03
1.095770262932546993e-02
1.121377278497354135e-02
1.220498694574941034e-02
1.323327241529449749e-02
1.374241599621619896e-02
1.537647491286498781e-02
1.419981629649383868e-02
1.613293280066089436e-02
1.644104471418391875e-02
1.692481039741652177e-02
2.458362050956339195e-02
2.833100217407460292e-02
3.284611312011880002e-02
3.877884180471158349e-02
4.525430486988603340e-02
4.061601214045580666e-02
4.809858523508363237e-02
6.173716424974792089e-02
6.515580953403737885e-02
9.246110229014872783e-02
1.042178608885537122e-01
1.077257783967874583e-01
1.288553108309641593e-01
1.289564956437931897e-01
1.351408542563780624e-01
1.451326873856530475e-01
1.399433462618931145e-01
1.473813001673992817e-01
1.465653570106362213e-01
1.388378551867853195e-01
1.421793700912835079e-01
1.299130671219708710e-01
1.250325068584162147e-01
1.192040522503919342e-01
1.040622815484901487e-01
1.000601035048317156e-01
8.781396228681004335e-02
7.907038192677963429e-02
6.761172136204748884e-02
5.230511562551973248e-02
4.749820981828392630e-02
2.685689778317629922e-02
2.434616220686281612e-02
2.137589919726852125e-02
1.405734772021239275e-02
1.439294051079766448e-02
9.499593445722790894e-03
8.171903871680652465e-03
8.107817970006044039e-03
5.832138294352930651e-03
6.552123247147891537e-03
4.832695084111172587e-03
3.889687418902378242e-03
-1.108540101578020390e-03
-1.960449483625799523e-03
-7.006168134264378379e-03
-1.367163668112501146e-02
-1.602756141165038312e-02
-2.626073161693182750e-02
-3.008358786572641608e-02
-3.838261822933489165e-02
-5.286285089492970268e-02
-5.606540172934519617e-02
-6.813855464127856199e-02
-6.828414190661691308e-02
-6.910278825894985988e-02
-7.284261831640205520e-02
-6.949821218444227067e-02
-8.426983636725340898e-02
-8.773402438037457285e-02
-8.974108781355986941e-02
-9.901929060055933429e-02
-9.782056768992404561e-02
-1.022936728657235506e-01
-1.060479996945894871e-01
-1.057103077297954496e-01
-1.090954533063586973e-01
-1.089651558844075274e-01
-1.071606226319333638e-01
-1.080141532274338095e-01
-1.047912108454353841e-01
-1.043932814294853129e-01
-1.035935694678318253e-01
-1.026144375079760945e-01
-1.007517904382439211e-01
-1.001034127055288186e-01
-9.749434830073329394e-02
-9.759127654544347275e-02
-9.693191306067727719e-02
-9.605036530081667578e-02
-9.693913860721378728e-02
-9.585269078597648262e-02
-9.539433791742410462e-02
-9.501232548481899909e-02
-9.315664992644454023e-02
-9.130956256123821946e-02
-8.746364362688600902e-02
-8.028462764741585433e-02
-7.453101479995064005e-02
-6.532801373504407150e-02
-5.536293516702306405e-02
-4.472060443464360296e-02
-3.608137256013541766e-02
-2.431574122613883865e-02
-1.737295116705516243e-02
-1.140602451872108243e-02
-3.426561383842235183e-03
-3.580166009807422313e-04
5.454159825050949525e-03
7.216913125720718705e-03
7.931787824759502920e-03
9.755827955781627356e-03
9.869911262239060637e-03
1.044077739216130347e-02
1.026119319526987497e-02
1.008763637317908711e-02
1.162909823918025810e-02
1.167318582080335669e-02
1.176316344703465071e-02
1.306093684736399536e-02
1.289549871129051263e-02
1.287405775114311077e-02
1.586478321954549325e-02
1.605340223099527633e-02
1.301590974834392414e-02
1.364176800547005353e-02
1.433910216790507119e-02
1.362402815352469973e-02
1.330038149590383016e-02
1.260136786985065378e-02
1.246014676434376023e-02
1.251370604182935192e-02
1.295803970122673572e-02
1.088558235891414969e-02
8.486752352428336699e-03
6.039534740631813739e-03
1.362375975822002283e-03
-1.792545865378927577e-03
-8.318954129716655752e-03
-1.102792713656820453e-02
-1.849091407009481602e-02
-2.221517595811196150e-02
-2.390440760471582854e-02
-2.888478058459928097e-02
-3.078891928307399620e-02
-3.291776989559679067e-02
-3.707195437029857377e-02
-3.781591160364014548e-02
-4.097419899312131075e-02
-4.381291709047215044e-02
-4.504121575022081159e-02
-4.887203632382067231e-02
-4.988651247710500225e-02
-5.286272938898908813e-02
-5.566880719356816221e-02
-5.697448732755273221e-02
-6.045775698788192348e-02
-6.234638145276075877e-02
-6.425506813900430658e-02
-6.808272987705769885e-02
-6.901940736522413355e-02
-7.264656627875272499e-02
-7.662569709616603997e-02
-7.883687115401594170e-02
-8.098577916471069726e-02
-8.063297202615897497e-02
-8.251928592513213534e-02
-8.041962105351140033e-02
-7.553317826809075042e-02
-7.048064467560752333e-02
-6.359230499410947757e-02
-5.626767458806404554e-02
-4.926317063081865621e-02
-4.182724469838654258e-02
-3.186081460508352614e-02
-2.498433289627831344e-02
-1.486973411273896477e-02
-8.032300864550059177e-03
-4.774056413500237894e-04
6.333330891849333830e-03
7.340038669870299973e-03
1.291193746064949084e-02
1.223123247738498731e-02
1.431279875935327107e-02
1.471702921464816509e-02
1.200624108582592706e-02
1.218127423322287045e-02
1.034888820338475401e-02
9.436481774651884341e-03
9.874151587612439024e-03
8.288061124737004792e-03
8.099888897785078451e-03
8.188719403896180943e-03
7.443840357928709420e-03
7.532773948966789250e-03
7.655470234124544561e-03
6.476772844919482901e-03
7.743052713803161811e-03
9.190279068984395436e-03
1.171212622857620289e-02
1.219931651319069825e-02
1.277029053180056550e-02
1.575807778031565812e-02
1.236964115408160578e-02
7.350498484553112492e-03
9.472617938048939106e-04
-2.208899425203709761e-03
-5.074193807003108715e-03
-7.211603462587029036e-03
-5.932348388972862215e-03
-4.895569504214208369e-03
-5.373756317910390219e-03
-1.141793506041984896e-03
-3.481786816800390080e-04
-1.264378902116662868e-03
2.443750361170649119e-03
1.707536136482224777e-03
2.939133391184088943e-04
2.392423156297897647e-05
-2.070866368117592164e-03
-7.790613667138865904e-03
-9.350729390592373014e-03
-1.277129672348605721e-02
-2.250816746959156261e-02
-2.181130224479404037e-02
-2.596090636171512894e-02
-2.328431503211832523e-02
-1.500185682572209578e-02
-8.836563402140770740e-03
1.162330964927488219e-03
5.634502994862835776e-03
9.508024448810908913e-03
1.815389586036542449e-02
1.936061531025833060e-02
2.357623085035196256e-02
2.628110416094449342e-02
2.462506844400227241e-02
2.763467225865585963e-02
2.735491410064803258e-02
2.715447112178745459e-02
3.006945496259003439e-02
3.011867379424158081e-02
3.052387503993539072e-02
3.311440711957067129e-02
3.099806922866820205e-02
3.044184429101977341e-02
2.845094566522965787e-02
2.376694029126032170e-02
2.414739587956846872e-02
1.914882716800242468e-02
1.589363968177890524e-02
1.232018804309019909e-02
8.202274623059830141e-03
7.307614923024870549e-03
5.038419632134248302e-03
6.211065580423268465e-03
6.635542474915813622e-03
5.925493894736371357e-03
9.458496141510116390e-03
9.074779375144779656e-03
1.138372187855414899e-02
1.701778205002797001e-02
1.790753998494771723e-02
2.276237211065508526e-02
2.535396555130069174e-02
2.070054442684342300e-02
2.292007542981653462e-02
2.101471247475339421e-02
1.863794052846876048e-02
1.953610083559486482e-02
1.591014964879800681e-02
1.617964047073635822e-02
1.522287718564014486e-02
1.409172626914776544e-02
1.429137648107326429e-02
1.338041457762787802e-02
1.295657755364621952e-02
1.245132523281652914e-02
1.325416325062039359e-02
1.323158514437309738e-02
1.295738206171389781e-02
1.400573515215125867e-02
1.375597119622995815e-02
1.352136295703826839e-02
1.642671236859980302e-02
1.652372440917423968e-02
1.337953715933232375e-02
1.390499308924825206e-02
1.461187927707993488e-02
1.379907943685794100e-02
1.338095924497411174e-02
1.288940020889818051e-02
1.237209615054550571e-02
1.246644448954314574e-02
1.135365500076530171e-02
1.153949765549395177e-02
9.173757373519893232e-03
4.979627544471639140e-03
-9.993202403085539468e-05
-1.595529973559354272e-03
-1.916982062102982930e-03
-2.403933223955327398e-03
3.911648646796122945e-03
2.150623402362457966e-03
3.159680859131356982e-03
7.209070515715905458e-04
-2.653639994312701790e-03
3.338050057200653026e-03
3.058595859585384533e-03
3.866749917709280150e-03
2.777906108452588181e-03
-5.380777947604339830e-04
-9.582941668247062542e-05
-3.404755792750628358e-03
-2.980577186562919940e-03
1.516895887188027257e-05
-6.077620328109658307e-04
4.676733379985810804e-03
7.874661622267556740e-03
8.344938406335754635e-03
1.182833028270425385e-02
1.001162753167803530e-02
4.912955994331310097e-03
6.547185362736061311e-04
-5.092854641706165593e-03
-1.025021521257522134e-02
-1.157550522002159452e-02
-1.192691360753961663e-02
-1.304507328675090852e-02
-1.071905328616061005e-02
-1.038194225719568826e-02
-6.781455137799144960e-03
-3.958567037790286167e-03
-2.841871408926108407e-03
-3.482749612353182637e-04
2.957707029696847369e-04
-2.769545283845703011e-04
-1.299619990484063596e-03
-2.855085676330814098e-03
-3.449734615701438058e-03
-4.222621335833476666e-03
-4.382377913670719612e-03
-5.013327414214892135e-03
-4.982772760562409822e-03
-5.213941495355563574e-03
-4.522466808230428924e-03
-4.568616290745342035e-03
-3.818201874044929549e-03
-1.360766600223115583e-03
9.246399903897126182e-04
2.743305080333040757e-05
2.257581569435943535e-03
3.760896464185665283e-03
4.233440765836704589e-03
7.012182844115347549e-03
8.882141972557799567e-03
7.346822923489200290e-03
6.692894088139374718e-03
5.733290682300591287e-03
-7.611561095395371918e-04
-8.642984292133278545e-04
-3.473114826065523512e-03
-3.538254720118393960e-03
-7.366418719482958032e-04
1.549283872523752725e-03
5.919504443776394884e-03
7.671543229049486261e-03
1.368022509915926138e-02
1.545093153121492903e-02
1.627852373377084230e-02
1.950415369033773466e-02
1.738741692089721194e-02
1.689200207003777390e-02
1.461306378353375950e-02
5.356963277981264052e-03
-9.178965978181467334e-04
-5.885372857957657002e-03
-1.228395433409554087e-02
-1.390453704432319595e-02
-1.661257791203488848e-02
-1.880875409353380268e-02
-1.957501770481056072e-02
-2.128437381791670885e-02
-2.115095514795494597e-02
-2.121199353140266683e-02
-2.169996446591087452e-02
-2.153546656808261878e-02
-2.139222623276754512e-02
-2.185470765048823372e-02
-2.112015781966611674e-02
-1.474645089346066952e-02
-1.115289244284847422e-02
-7.183808122405888237e-03
-1.929855222673510125e-03
-8.167376816519923352e-04
1.076905549061939974e-03
7.411635041593098725e-04
1.687412279536344489e-03
2.032304250856026458e-03
2.419220375287494361e-03
3.334586880680497772e-03
3.736385615871299325e-03
3.895541542044991985e-03
4.120585160089667610e-03
5.040185570618270494e-03
4.719096232496089970e-03
6.269380359445225932e-03
5.966311422925759701e-03
6.805224831813465672e-03
1.087542824267520233e-02
1.078820872729407097e-02
1.395984514115420662e-02
1.571270240149811107e-02
1.680898695244010393e-02
2.107866902329237624e-02
2.203492774182433736e-02
2.147405200808183076e-02
2.251871193579299199e-02
2.268562047040845533e-02
2.113692653251311379e-02
2.135692597827192410e-02
2.095629855476090209e-02
1.533380754584313423e-02
1.497533256684009662e-02
1.314519373712625533e-02
1.146776798727761754e-02
1.107675121058846780e-02
9.959002349694573430e-03
9.412059159676326378e-03
8.746270083096190084e-03
8.166121495149281095e-03
7.545655387568716774e-03
6.442901264723062925e-03
6.199145874068790960e-03
4.369041777964221412e-03
4.198161538163804052e-03
4.248003767200879410e-03
4.009341824908333948e-03
4.185857661863389909e-03
3.968799093749613392e-03
3.964159117057471440e-03
3.963197399118771787e-03
3.893279880137033057e-03
3.904895740929456051e-03
3.884356261650714383e-03
3.869084167863911638e-03
3.870186180014488411e-03
3.859568458666403322e-03
3.856631918302313652e-03
3.854437673993606206e-03
3.850840212548197264e-03
3.848372016909210654e-03
3.847437455135833961e-03
3.844958070248835277e-03
3.839990422974350580e-03
3.843726532295733099e-03
3.832439175568861083e-03
3.829180834351663450e-03
3.838567089525290153e-03
3.794022301795395291e-03
3.826235182723709740e-03
3.803298212959542457e-03
3.700924618112354236e-03
3.871855350465213709e-03
3.595208641337827374e-03
3.572050072161547796e-03
3.723469943268282577e-03
