-1.528124940326738845e-03
-8.243286802824793683e-04
3.148275075473072615e-02
4.123603035613104123e-02
3.186629493690916470e-02
2.384289012590448328e-02
1.654018720877000609e-02
1.653520982213916093e-02
1.653057943208757416e-02
1.652859561912912653e-02
1.652885497634631190e-02
1.652885398207501119e-02
1.652885379885062761e-02
1.652885387556253527e-02
1.652885387085855501e-02
1.652885387085800684e-02
1.652885387085952298e-02
1.652885387085805888e-02
1.652885387085851684e-02
1.652885387085737540e-02
1.652885387085928012e-02
1.652885387085785071e-02
1.652885387085783683e-02
1.652885387085800337e-02
1.652885387085992197e-02
1.652885387125277092e-02
1.652885386463337491e-02
1.652885388334188188e-02
1.652885395286058171e-02
1.652883215028278646e-02
1.652900853329716119e-02
1.652929906735635390e-02
1.652972614018893838e-02
1.714315187121086617e-02
1.754564983941322293e-02
1.871595721266570631e-02
1.841002655232790164e-02
1.760424890903284495e-02
1.759931158739207885e-02
1.780735528041114957e-02
1.518627796165128614e-02
4.643752763495346061e-03
4.537330603924152883e-03
9.790035680003030330e-03
1.019167273263432705e-02
1.292362938111864430e-02
3.482989470325494746e-02
3.463803343527308010e-02
3.169028279659558134e-02
3.753085468125706703e-02
6.297801754910258010e-02
7.104723004952244458e-02
5.835057872617558511e-02
1.342528462392001895e-02
-1.073233040517786174e-02
-1.219454722792215687e-02
2.385035209020804417e-02
3.360258620391703283e-02
4.061429335587168898e-02
7.040203205405919096e-02
5.884226588969362209e-02
2.796836062282897703e-02
1.310245017486788219e-02
-1.966943519070103730e-02
-1.501653098194269051e-02
5.789461017429507056e-02
8.395370543778361838e-02
8.758981676116957271e-02
1.056659094957501516e-01
1.065908214255820996e-01
8.082137511138336172e-02
8.090638419206402920e-02
8.085677489424311637e-02
1.182325464865776193e-01
1.263588206562819283e-01
1.019463807085325413e-01
8.197572852368971430e-02
5.771106063772142580e-02
3.169396314869237646e-02
2.773557000567503095e-02
1.842250230053847984e-02
1.534551392044545236e-02
4.072343742388599697e-02
4.738536682927321775e-02
3.629854114095574374e-02
3.557198100381019079e-02
2.814968751497581162e-02
1.155927731839481026e-02
1.192264454277142810e-02
2.676602365345811044e-02
2.395679974000005513e-02
2.739386108421637545e-02
3.914816223663157568e-02
3.244268932430630775e-02
1.325529476420017139e-03
6.653541240953707303e-03
1.868490569231774645e-02
2.461714303753696070e-02
2.798958430985352269e-02
1.404743734818219084e-02
2.154284121970315158e-02
6.134264301196701644e-03
-1.093362102771996275e-02
-1.880447966467117121e-02
-1.536036397573800269e-02
1.658576155445341425e-03
1.266050395587447856e-02
-3.862667312239586453e-02
-8.010906070156885439e-02
-1.509438022436264681e-01
-1.521631035823732270e-01
-5.315465533046061924e-02
5.861030925746821968e-02
8.209967088185007866e-02
-4.692194028078385676e-02
-6.686139210349587025e-02
-5.819022935489508164e-02
-5.893353755744829697e-02
-5.690056588449015490e-02
-3.415308302146242980e-02
-3.241525821340692642e-02
-3.804229595448428008e-02
-3.737164030035558526e-02
-3.807942784747882226e-02
-2.595877363842585828e-02
-2.198380453770847412e-02
-2.211093436546730448e-02
-2.790705327102031494e-02
-6.932939482639687012e-02
-6.316137922429448937e-02
-5.122966823354372506e-02
-2.659929451787486007e-02
-9.634521585874756752e-03
-1.405753254040500999e-02
3.161251557764289261e-02
2.520432309242924551e-02
7.737281271260582939e-03
7.767747973476169659e-03
7.622144777189156749e-03
2.531331021425469417e-03
-3.126309278466864877e-02
-9.515096394917205158e-02
-9.264563936748973494e-02
-5.286378968503906151e-02
-4.106364028994700238e-02
9.492040043136943869e-03
2.348853367151653576e-02
1.807542696305677182e-02
2.398431762585498048e-02
3.073238922642868715e-02
2.159469158242004541e-02
9.827598134944701136e-03
1.191663009644939285e-02
1.618966008846307869e-02
4.663418027513085290e-02
4.559601986213536462e-02
3.704203141415007838e-02
3.704031941183580368e-02
3.937398022554359361e-02
3.531082717261092851e-02
3.849283004275539342e-03
2.675185032406897975e-03
1.079979782288682279e-02
1.078947571532540457e-02
1.079074787410577198e-02
1.079966485431769693e-02
2.464287841677592975e-03
7.538128326972497531e-03
2.841055858583469915e-02
2.727216331123225729e-02
2.658824083515033167e-03
8.933784156848450630e-04
1.726243141520176702e-02
1.935093021255816434e-02
3.625337751786929935e-02
2.480628791373439002e-02
2.749633434182964173e-02
8.138095056642062619e-02
1.055584439890417253e-01
9.067462113466338847e-02
2.466487095998745258e-02
1.455358174112094186e-02
-4.342097040122267979e-03
-2.812535907255403304e-03
-8.672446919758812836e-03
-1.317877334800491088e-02
-2.506875463528301928e-02
-2.199497947485315463e-02
-1.298081059470026881e-02
-1.298101518900864927e-02
-1.298027100874474087e-02
-4.841602234309823685e-03
-6.015092618835116492e-03
-1.402956484280568766e-02
-1.808596100599580911e-02
-1.522856651681941606e-02
-2.016150495813221182e-03
5.948593000573812115e-03
5.716074592717996020e-03
-2.072192500719397326e-02
-2.071283166046977708e-02
-2.075233767525177381e-02
-2.079062249520285260e-02
-2.074372687122941553e-02
-2.069655366393034421e-02
-2.079738433427803790e-02
4.838138585722718231e-03
-1.505539613442678087e-02
-8.692828035748012550e-02
-9.985293866515650152e-02
-6.019919785688671726e-02
-6.021891275609796840e-02
-1.348938486777004619e-01
-1.421214891949980630e-01
-7.054072741314870720e-02
-3.318574039099727452e-02
-1.848134086033629414e-02
-1.838754268093331298e-02
-1.212540514869171185e-03
9.534668588027220065e-04
2.427058885995683063e-02
1.571683129659385419e-02
2.927023121863592953e-02
3.969012175665489334e-02
4.870391211732817693e-02
3.977339291204924632e-02
1.775671640959674766e-02
2.058460147700692452e-02
4.865478653407923071e-02
6.507043059808510777e-02
6.384333399870663339e-02
2.891029511882496975e-02
1.771724870347092529e-02
-3.222432398763772337e-03
7.336743758840523141e-04
7.282675594834713342e-03
3.031165511821110395e-03
1.877436314692875396e-03
-2.350593416266991576e-03
-2.338479361170063390e-04
2.444463554737622175e-03
-9.179715354341754690e-04
-2.355002341930306081e-02
-2.750262865085025682e-02
-1.304050432032896395e-03
5.274731569363222752e-03
-4.767700168183799068e-03
2.114160882615920625e-02
1.131825975488478103e-01
9.727585206558761466e-02
1.444023037286874117e-02
-4.112483957086075781e-02
-3.156324176684973531e-02
-6.341981440791211178e-02
-6.583738809219003008e-02
-3.029393369926484253e-02
-6.023105578712339286e-03
-1.127324443314325388e-02
1.313928701203008476e-02
7.026688330341410160e-03
-6.184342810520686816e-03
2.086013291845873960e-02
2.315195853172412679e-02
1.933406544904375107e-02
2.653236228755997961e-02
1.484362941940134753e-02
-3.756779619928909443e-03
6.456875924861687176e-03
1.371202944588741091e-02
-3.748153998200188380e-02
-8.009997976671497100e-02
-1.509489149905940686e-01
-1.522175354795213542e-01
-5.316148344133642817e-02
2.848224736237882360e-02
4.466629269629238813e-02
-1.050025356451768496e-03
-5.892494043456797045e-03
4.529296530099659324e-02
5.530784478397556686e-02
7.341241115839493292e-02
5.953255788091338374e-02
3.933186021997110010e-02
3.934267798603694605e-02
2.560973852209982859e-02
2.360668876518231749e-02
4.356872147943716134e-02
5.046104250987509116e-02
5.445346372798212653e-02
8.582027313657195067e-02
9.946001436689293207e-02
5.745835092114062737e-02
2.859110001066515402e-02
-6.687602976447142283e-04
4.205464667833870573e-02
4.026909621688557622e-02
3.335395625285638918e-03
-2.408161004815599290e-02
-4.840941169843704373e-02
-5.722886238810266646e-02
-4.506950557347489533e-02
-1.220292872454987847e-02
-1.221630713701855192e-02
-1.221081000914684897e-02
-1.215162861843062381e-02
-3.941197496779175885e-02
-3.191873570530117527e-02
1.422997216265273548e-02
3.988010148017390871e-02
5.951464546369815423e-02
5.437777109357697786e-02
1.797606030034043165e-02
1.221047777596286250e-02
1.855903391185506970e-02
1.608124950052394059e-02
1.856513306578783801e-02
4.076114981805745857e-02
4.199691015687272849e-02
3.704072684757030165e-02
3.703682877026689274e-02
3.937321307920097629e-02
3.531108439432741747e-02
3.849282331358766691e-03
2.675185092648222056e-03
1.079979786854585490e-02
1.078947571010148952e-02
1.079074787410650577e-02
1.079966485431879328e-02
2.464287841676972377e-03
7.538128335795893538e-03
2.841055849455361923e-02
2.727216336452647008e-02
2.658825246942126980e-03
8.929833529444380783e-04
1.726448157169759023e-02
1.935646151032490575e-02
3.624251079507988943e-02
3.337843183628253635e-02
3.169722976330487108e-02
3.754455374155714342e-02
6.298261196895685310e-02
9.034078021840254158e-02
7.887091373940137429e-02
6.431542421183793733e-03
-4.796926395438482621e-02
-5.861531555008243216e-02
-4.127732699897766755e-02
-2.124209153978475970e-02
2.405429197263277835e-02
3.401653631672690858e-02
1.797614954626378103e-02
-2.249468667496749147e-02
-4.467137329819267921e-02
-1.935420871497460548e-03
2.954846551485122708e-02
3.842027768243249514e-02
1.985346391154958062e-02
1.671365537130512294e-02
-1.659144376502104737e-02
-5.841345067129773833e-02
-6.120907098742756763e-02
-3.947703270728861874e-02
-3.205814470338318178e-02
1.020120964251216601e-02
2.352643039422705820e-02
3.200910606904674993e-02
1.140670787648595808e-01
1.195724022198978720e-01
4.019317343496062178e-02
6.450977396204269146e-03
-3.460033285866171565e-02
-8.426429504636327728e-02
-7.860848047932197935e-02
-3.727034055162010279e-02
-3.946421242671264290e-02
-3.181070501861667232e-02
-2.490806733469407355e-02
9.922484588543241564e-04
1.192626526637241037e-02
9.092706994963293057e-03
1.836446220931433129e-02
2.742986487780098639e-02
1.645625234287862587e-02
-2.626257647259913099e-03
-1.316768324322985760e-02
-1.075387124006093806e-02
-9.289987687694100868e-03
-6.564399562908014747e-03
-9.512567900422968376e-03
-9.513535121800026709e-03
-9.516020945197170566e-03
-9.512098730486803072e-03
-1.872605242824546337e-02
-1.565387670263631778e-02
3.581411158470747431e-04
7.748599464125493358e-03
-6.171209553014387304e-03
-4.650438034905963330e-03
-4.339759133905774814e-03
-1.068676439099114231e-03
3.350319624270751279e-02
5.315655556744167815e-02
5.293307716442160332e-02
3.966122785850222099e-02
2.652255851541073309e-02
-2.573525911891003451e-02
-3.372717110464891477e-02
-3.872622030024295420e-02
-4.043448847938088675e-02
-2.522382861873656221e-02
-1.765031266296783127e-02
-3.891700551690793763e-02
-2.344840747999480529e-02
4.027005577684275583e-02
6.116605796003995316e-02
5.017707797059335617e-02
5.521177977532906733e-02
6.782287361545909221e-02
1.202962018166284786e-01
1.074889976002245395e-01
8.558949180311867591e-03
-3.573852516184854167e-02
-3.006060633777385416e-02
-6.525361327921419541e-02
-5.711684910637394863e-02
-3.342055034090050947e-02
-3.343324281688803135e-02
-5.443020047883204843e-02
-5.421089637667381167e-02
-3.398924823233009929e-02
-2.345844298023736299e-02
-2.383297351994105584e-02
-2.505909095580700213e-02
-3.790175307040172942e-02
-6.977332197216339071e-02
-7.867345799891053981e-02
-3.170755720783834802e-02
-1.229436318580608319e-02
3.648040839399794861e-03
2.884186094019594235e-02
2.596059350002801955e-02
2.168262691388999144e-02
4.503499098864093345e-03
4.514273509364347646e-03
2.533008062879943010e-04
3.174400132650843833e-03
3.424736033513760269e-02
3.635720204665007782e-02
3.430661963474680720e-02
3.199830136230599059e-02
5.989218967804999481e-03
3.177549346992779560e-03
8.179859906161728814e-04
-1.353070268843980725e-02
-1.307728441371502730e-02
9.648387775995254404e-04
9.580113022323935579e-04
9.757354359402776187e-04
-6.867973137889922877e-03
-9.082785984696528430e-04
5.095040181538640356e-02
5.487565137079748745e-02
4.296181138821132672e-02
4.298293069794378168e-02
4.298392661084452643e-02
4.297113718506827967e-02
5.766937780503548355e-02
5.823871840991277915e-02
2.967857563925540079e-02
2.233301255843649080e-02
2.118348480556533908e-02
2.117270440099798534e-02
2.117138344027147401e-02
2.117135998135783598e-02
2.117155471572483919e-02
2.117065494790409952e-02
2.116936313529104233e-02
2.116482031704129685e-02
1.775358682052751921e-02
1.514823115486710163e-02
1.196032835916445306e-03
5.727508502867466279e-04
6.609133101070464172e-03
1.092347636126434277e-02
1.208929145583988000e-02
1.044325026999813784e-02
1.044497805282639490e-02
1.044459821250282895e-02
1.044403471129325481e-02
1.044410277995104497e-02
1.044410258109208095e-02
1.044410251156556446e-02
1.044410253403421120e-02
1.044410253262251925e-02
1.044410253262234578e-02
1.044410253262219833e-02
1.044410253262255568e-02
1.044410253262251752e-02
1.044410253262251058e-02
1.044410253262203526e-02
1.044410253262273089e-02
1.044410253254284861e-02
1.044410253407627651e-02
1.044410252473471773e-02
1.044410254609383533e-02
1.044410638888430658e-02
1.044406189515959330e-02
1.044420564041021772e-02
1.044388820554546793e-02
1.034990142140744529e-02
1.071489573879712796e-02
9.216197641481287117e-03
8.889864969171754061e-03
