4.973222738764076188e-03
5.694234547321628398e-03
2.095595119976581544e-02
2.024460699673813827e-02
2.446906057974013865e-02
2.801094875295412692e-02
2.788565046928162539e-02
3.003232892163580289e-02
3.067059045395040262e-02
3.101041010053601568e-02
3.171920187537963232e-02
3.183904271996609858e-02
3.196051012264816693e-02
3.213541269225558827e-02
3.203116377457664726e-02
3.176464978593265820e-02
3.189664170510953661e-02
3.105146731284222708e-02
3.058313414577067471e-02
3.070206928658963941e-02
2.730347765104157443e-02
2.739783218605256268e-02
2.642130602422234492e-02
2.576165175364907370e-02
2.588003718193828545e-02
2.582185235660146988e-02
2.614810240876390413e-02
2.662429473845059902e-02
2.788288985840621168e-02
2.858870523381246143e-02
2.986926763996801751e-02
2.737915990890406326e-02
2.653358558053440369e-02
2.013100620610195832e-02
2.018749873340126150e-02
2.071671103338375633e-02
2.170796617909952209e-02
3.139048967067605694e-02
3.421788032258826773e-02
3.740819357613212048e-02
4.775717842709645972e-02
4.786375938850522677e-02
5.063757428221862117e-02
5.316978727588951570e-02
5.262247895146660026e-02
5.385296075263856092e-02
5.227336143380197087e-02
5.135601963811917831e-02
4.620313688203418756e-02
4.073210331774745896e-02
3.887265846502311467e-02
2.181251231379426753e-02
1.915012140769337123e-02
2.071129335766750540e-02
1.823381055865315806e-02
1.830493897976715606e-02
2.115337835699863944e-02
2.265905337060035094e-02
2.587454860879717655e-02
2.523762063082047799e-02
1.070954831566080408e-02
8.663444692913626830e-03
1.468015447086216431e-02
1.180529322438561221e-02
1.114736556351496148e-02
3.329880869606460965e-03
-6.839926482694602683e-03
-2.719103496578794202e-02
-5.486348473108565438e-02
-8.286560122304381659e-02
-9.555965539042438062e-02
-1.121128851018428074e-01
-1.216561778165496238e-01
-1.337104418196306266e-01
-1.444684242853626621e-01
-1.576747955001759904e-01
-1.693241906639376959e-01
-1.736200779326559918e-01
-1.823062972274095417e-01
-1.860685725141544844e-01
-1.834630940769783336e-01
-1.838174704092686851e-01
-1.716531821551180448e-01
-1.585673886693391710e-01
-1.467021052509099588e-01
-1.314888051931505097e-01
-1.059220108725374837e-01
-8.847485748072617118e-02
-5.693880139273384960e-02
-2.827658593903306650e-02
-1.514702422721106966e-02
1.537159736496942868e-02
2.044422687955136167e-02
1.825568861124712144e-02
3.094914702598700745e-02
2.861514174806206734e-02
2.386777068015117492e-02
2.380124733189914119e-02
8.394995314802982875e-03
3.368558298869108510e-03
9.506136114980742041e-03
3.066442509525943091e-03
1.090466825265371453e-03
-8.595517323435862295e-04
-1.514056162975633592e-02
-1.765979281338528328e-02
-2.718208891771616009e-02
-4.331362035126946897e-02
-4.949326891038918763e-02
-6.346079069764019864e-02
-6.928583685378317258e-02
-8.148682157563276462e-02
-8.407179062544717363e-02
-9.234856028272940554e-02
-9.655018469474124787e-02
-9.638978183949689638e-02
-1.049484531597013326e-01
-1.074882771479211824e-01
-1.142937639436018976e-01
-1.169865687293530632e-01
-1.099353552612001850e-01
-1.141324894681066543e-01
-1.145684343867529181e-01
-1.144637992613595362e-01
-1.211098261973600071e-01
-1.171274953915985712e-01
-1.275072383127890951e-01
-1.279218715210498902e-01
-1.257220685215384159e-01
-9.184399953749861067e-02
-5.090290576399129213e-02
-8.694129584655378024e-03
-4.850217726963888809e-03
2.195137958219051805e-02
2.403236303073900265e-02
2.529581953842051367e-02
3.650767293108148071e-02
3.443246723810044346e-02
3.926942151736897285e-02
4.282572236704106083e-02
4.067584028888166642e-02
4.620103881463194506e-02
4.409387310171627300e-02
4.175335254655937467e-02
4.315066287740294132e-02
3.019494834509942396e-02
2.871643038668851566e-02
2.352287194551536467e-02
-1.386413700990608844e-03
-5.892053816589877709e-03
-1.908030710312419789e-02
-1.958301592842242103e-02
-2.029543065977207697e-02
-2.142648983335055865e-02
-1.787506260202827157e-02
-1.668192746010007527e-02
-1.391324751317868716e-02
-1.594599288559103017e-02
-1.662769336706163351e-02
-2.312280496729883505e-02
-2.657353529705052883e-02
-2.996529183093358736e-02
-2.117435470707989750e-02
-2.389408018102041897e-02
-3.756557541250571397e-02
-4.163394472834899135e-02
-5.335082334993485054e-02
-5.737481421024928641e-02
-5.759597228550228376e-02
-6.422022869230316344e-02
-5.720220688646029950e-02
-5.305101743346345849e-02
-5.020210327153400154e-02
-4.514895183797074801e-02
-3.619996278715316429e-02
-2.831014401666688898e-02
-2.129945623444092981e-02
-1.613651034172190399e-02
-1.629682346091942957e-02
-1.498710321846503414e-02
-1.629674838228850967e-02
-1.627320449282452716e-02
-1.567702471357668853e-02
-1.868219960126363613e-02
-1.640686882351475445e-02
-1.884036174360652349e-02
-2.224390919212227216e-02
-2.130780847618603258e-02
-2.942288098265594121e-02
-2.692056902533277590e-02
-2.518729354277236820e-02
-2.670138435858431664e-02
-1.123273346802364410e-02
-8.064839801468812186e-03
-5.404945905340999626e-03
7.565478575632472724e-03
1.253996476732353177e-02
2.317045884466827077e-02
3.983656651350893363e-02
5.048777856023211469e-02
5.393622164405791064e-02
5.423399406074810858e-02
6.055256728072169053e-02
5.512656299100066049e-02
5.185511245530501079e-02
5.133649353622374290e-02
4.035082791806030716e-02
3.696173390294239108e-02
2.727662370124326469e-02
2.210347849135574881e-03
-9.517316033637295697e-03
-2.908104719005629238e-02
-3.273848630280230820e-02
-3.861585747434211069e-02
-4.477831386861342439e-02
-4.899421600456008163e-02
-5.464359026943047676e-02
-6.110139010951934346e-02
-6.907006651097316596e-02
-6.530995678052305131e-02
-6.893672954118100493e-02
-8.813163459238064490e-02
-9.258270304639687476e-02
-9.931187834908364320e-02
-1.074396270467581904e-01
-1.119180217759492141e-01
-1.059541715838620973e-01
-1.132956351378703597e-01
-1.160638950301801087e-01
-1.180478881232438076e-01
-1.337950492036237282e-01
-1.363083494643940463e-01
-1.485692243536087531e-01
-1.594630426544610957e-01
-1.646241774356152487e-01
-1.758726060990553619e-01
-1.800712620385070961e-01
-1.895199816419156358e-01
-1.876877302983648854e-01
-1.875887015965265470e-01
-1.902900496410918352e-01
-1.898571280467703237e-01
-1.969994218349352399e-01
-2.001911735908184498e-01
-2.005872538838781027e-01
-2.071641057568461841e-01
-2.053506820718543624e-01
-2.062464099049274024e-01
-2.095202398270340494e-01
-2.014935521029723176e-01
-2.027158714039817844e-01
-1.935713227082226373e-01
-1.700182872397162093e-01
-1.627891046598795299e-01
-1.279215217196967291e-01
-1.067311800546800193e-01
-7.479811696205988791e-02
-4.024050166418965957e-02
-2.429787135736330428e-02
4.570495892593907580e-03
9.807615534438297866e-03
1.053769368463476977e-02
1.609202389125222524e-02
1.610250365557333238e-02
1.685393432995375279e-02
7.802975365960150393e-03
2.681809232180587099e-03
6.761935748073163912e-04
-8.302049944781441163e-03
-8.793117752270483353e-03
-1.374644507233500380e-02
-2.401006803481096907e-02
-1.755724455420459504e-02
-3.538032427091458709e-02
-3.560900865328568698e-02
-1.348520979350198434e-02
-1.906746515578273612e-02
-7.756037833984088734e-03
-4.013809666716712347e-03
-3.037312189995902603e-03
-1.476139139777695776e-04
-8.063346776595975126e-04
3.812836247148084119e-03
4.293753684389754049e-03
2.529207165285506098e-03
-1.427827089590182931e-02
-3.295924317770294182e-02
-3.939553038520068884e-02
-6.411084889857317226e-02
-7.408630801998924986e-02
-8.661937565991134624e-02
-9.531770792000410220e-02
-9.514590353278977453e-02
-9.620778048737872734e-02
-9.287339252795488720e-02
-8.913337368567118835e-02
-7.662176987851176957e-02
-6.589363230003210392e-02
-6.854038517555509358e-02
-3.149091897407223228e-02
-3.539448813814100731e-02
-5.249371042707050988e-02
-4.204808561460757904e-02
-7.680647086938541257e-02
-1.034799595245959186e-01
-1.361758052182187595e-01
-1.831635653320820567e-01
-1.999818214188644749e-01
-2.344865584678187953e-01
-2.503895832109342412e-01
-2.637563818699396045e-01
-2.740716265914397987e-01
-2.785362080868568624e-01
-2.854865375334444400e-01
-2.901942324623510983e-01
-2.912111426835068961e-01
-2.960879380301837394e-01
-2.965839555190923349e-01
-2.951204852201210205e-01
-2.991800400877338006e-01
-2.931362549397782402e-01
-2.923763089978942409e-01
-2.920182923172875977e-01
-2.774085452604466706e-01
-2.772185281210998165e-01
-2.707899729997232940e-01
-2.606604322053366340e-01
-2.668136895333583780e-01
-2.557135550752463460e-01
-2.561419387273899950e-01
-2.624998637031111803e-01
-2.459485413558325229e-01
-2.555336396087760642e-01
-2.413923437544861772e-01
-2.333790384687798869e-01
-2.593296456251109605e-01
-2.442930798747478538e-01
-2.563105590167135683e-01
-2.639356899832561720e-01
-2.412091138867771267e-01
-2.552604098259564913e-01
-1.914528332369019870e-01
-1.551208072942823757e-01
-1.290321902855613156e-01
-8.367019094791131040e-02
-7.494867617324256492e-02
-5.453026464977492327e-02
-4.029452211300629111e-02
-3.851691925389940513e-02
-3.231691458933998173e-02
-2.757046319492108960e-02
-2.279559853037965711e-02
-2.534436535557169426e-02
-2.937143652835112403e-02
-3.323152533658305097e-02
-5.372840027204561081e-02
-6.265352748613343958e-02
-6.852694044987155120e-02
-7.430940522191706310e-02
-8.340446288899973359e-02
-8.561496612018430763e-02
-7.762219303969498940e-02
-7.272098578635689814e-02
-7.370883805720768178e-02
-7.117484165759205283e-02
-8.208098960353116258e-02
-1.007793515647772004e-01
-1.061536378726014168e-01
-1.171773742027613502e-01
-1.222525341491799977e-01
-1.197449257216081919e-01
-1.221862070810306872e-01
-1.206838687271477722e-01
-1.189378626585968490e-01
-1.201116694704822130e-01
-1.171395402078535680e-01
-1.174978592525644655e-01
-1.175491383857174416e-01
-1.164897166680858853e-01
-1.190346714593903399e-01
-1.183748111089315269e-01
-1.193000175297413840e-01
-1.204679699047382646e-01
-1.197343796126063981e-01
-1.210498397516771157e-01
-1.206726287286609828e-01
-1.205308836715033027e-01
-1.210892742395824617e-01
-1.199385883189166419e-01
-1.202509505952028407e-01
-1.194901794367361630e-01
-1.184215085029087094e-01
-1.184817469653938193e-01
-1.164931836948064764e-01
-1.160546099895772287e-01
-1.148953815929247696e-01
-1.125370581842330270e-01
-1.126381954946217567e-01
-1.097706494380493170e-01
-1.089158350380322882e-01
-1.074556901939171527e-01
-1.038705690712800611e-01
-1.039428628168902885e-01
-9.991668069145616393e-02
-9.492373967985544281e-02
-9.030933234440181867e-02
-6.288686583498112603e-02
-5.542111785279732472e-02
-3.915939603820538933e-02
-2.427366642044872375e-02
-7.265758064572282182e-03
3.552135058326872947e-03
1.893017462919124871e-02
2.211551076469216170e-02
1.906872423116236920e-02
2.366280012666401381e-02
2.191249342030722816e-02
2.229676090160499086e-02
2.333637283527506545e-02
2.204744907007745100e-02
2.313984373421847443e-02
2.231841150294873108e-02
2.170710537595438652e-02
2.300221686078895295e-02
1.929176498727979555e-02
2.101764449936895443e-02
1.881865999879528753e-02
7.278034926760540771e-03
2.597670276848251195e-03
-3.603758246877402944e-03
-1.172904683246570393e-02
-1.604619180913938528e-02
-2.377568483119826825e-02
-3.208340170630654548e-02
-3.725560619873364426e-02
-5.064795722846304055e-02
-5.966973090402231950e-02
-6.965603164868651442e-02
-9.473444509049951112e-02
-9.701583924420589811e-02
-1.026486171725391749e-01
-1.076356575850294789e-01
-1.080687072955086453e-01
-1.105497926046852541e-01
-1.106417704671409374e-01
-1.104664457059715554e-01
-1.081471879722399609e-01
-1.069056485840675363e-01
-1.032250227298026485e-01
-9.636079022736421251e-02
-9.565810079237173358e-02
-8.231386619831553009e-02
-7.549520752191202222e-02
-7.160913664754438301e-02
-3.833256970079644554e-02
-3.371294863806899300e-02
-1.823737015423340310e-02
-3.548047735388408074e-03
1.052962675284338599e-03
1.341058122751876205e-02
2.267671734120380034e-02
2.700803027678069096e-02
4.040891784238129225e-02
4.202261148294243742e-02
4.188558588838760255e-02
4.601322776681950749e-02
4.516962947088742214e-02
4.643389988332958379e-02
4.680595531915892477e-02
4.613775296685735522e-02
4.718832428997082884e-02
4.467622577086114571e-02
4.532220661922438387e-02
4.437452860836344631e-02
3.622783757814469069e-02
3.455213687649647675e-02
3.375190834485846531e-02
3.239751401006627646e-02
3.268789982166599856e-02
3.195787299592704050e-02
3.174562715258388151e-02
3.169180192453591866e-02
3.142872582381543711e-02
3.140025936720595989e-02
3.132465150609642368e-02
3.125201973852858445e-02
3.123766168273523977e-02
3.120079726603806197e-02
3.117994306597053275e-02
3.117066425457634335e-02
3.115855023331444776e-02
3.114290173116355392e-02
3.114998435115970063e-02
3.113529568801829198e-02
3.111514953043464232e-02
3.116296818789354370e-02
3.107577735453519868e-02
3.111634484080231383e-02
3.119448739300454201e-02
3.087160085331808190e-02
3.132068722972553010e-02
3.101503446859144725e-02
3.047622105987333324e-02
3.221148739509972075e-02
2.943601538649607413e-02
3.086238869712747829e-02
3.253533600606997589e-02
