-2.869705599877237293e-02
-2.322789187614211076e-02
8.223707059916307571e-02
1.052246344810048584e-01
7.446870414996312193e-02
5.254798777296432882e-02
4.159321548271710522e-02
4.143506098270047233e-02
4.134570465289172381e-02
4.132228395126725379e-02
4.132608235957612591e-02
4.132608235957746512e-02
4.132608235957277443e-02
4.132608235957369036e-02
4.132494646703625124e-02
4.133398486268468480e-02
4.135527425043532962e-02
4.128803902046781354e-02
4.443066971260185155e-02
4.545614646927959024e-02
2.252008902103564553e-02
2.095562019939295473e-02
1.885720230424835220e-02
1.878254896847707592e-02
1.877395000937356895e-02
1.881290185079782795e-02
1.892415446601547827e-02
1.885127652895671885e-02
3.503976004803607824e-02
4.687200723197493951e-02
1.535360432577595469e-02
7.138530111221921999e-03
-4.775663704815606356e-03
-5.074207994823180107e-02
-6.498478138233218515e-02
-7.637566198130534001e-02
-5.768882286084777572e-02
-2.889315569094873595e-02
-2.988324448445669329e-02
-2.753978150515331430e-02
1.223969062314808447e-02
1.274205052413543079e-02
8.296553640606807098e-03
8.420587545007178487e-03
8.400198885883683464e-03
1.322796503893582283e-02
2.104201823416170999e-02
1.641849548578796711e-02
1.377771124397389121e-02
2.270313092762065582e-02
8.730102838389265998e-03
-8.025609750523474140e-02
-9.289279591178424555e-02
-4.092395702064613450e-02
-2.732985002620967260e-02
-4.410768894745095009e-02
-3.138108212562521621e-02
3.586154928152520543e-02
1.026750957970028744e-01
6.908605016747887406e-02
-9.394460232811512046e-02
-1.198029796095588240e-01
-3.206104433251891900e-02
1.474331747775691967e-02
2.914326610255632208e-02
4.430589211264059774e-02
8.532503472388797139e-02
2.949512313600634664e-02
-9.411558999817068449e-02
-1.898855158011500399e-01
-1.588790119173161264e-01
-1.261589011575185992e-01
-9.171928135254903136e-02
-2.826103881807254248e-02
-3.596593954025843060e-02
-1.231258767605747789e-01
-1.567016757523268522e-01
-1.420598755909879829e-01
-1.743588131394868679e-01
-2.062066140539266512e-01
-1.857939142872850335e-01
-2.103497282010964864e-01
-1.280036918572565741e-01
-6.875270962749575887e-02
-7.553951259991555089e-02
-1.177492013904802848e-01
-8.292773165001973701e-02
-6.941743564295589641e-02
-5.390953084672935047e-02
-4.368483408490646258e-02
-2.046624404670576575e-02
9.032269102020172580e-02
8.555176012613978365e-02
3.941337202804248707e-02
7.597756235322050689e-02
1.010970018385292796e-01
1.360712764518202667e-01
9.529874337941256213e-02
-9.963984970408684694e-02
-1.226855610549542897e-01
-4.264854222524895599e-02
-8.216360352647044188e-03
-8.619073847865060811e-03
-1.713846690568109066e-02
-5.219245746690233390e-02
-4.598982869894118614e-02
-5.543057252877342522e-02
-9.751047898167276851e-02
-1.006172988681769132e-01
-9.566355649909286107e-02
-8.322632197514923114e-02
-9.473110334631493212e-02
-1.054479290787231210e-01
-1.374379430353741549e-01
-1.269203580012068511e-01
-6.461864865347298481e-02
-6.635584646280530408e-02
-1.514850877941889828e-01
-2.607608960741796822e-01
-2.152390011593646457e-01
-5.848015384308005715e-02
-3.028754501647142050e-02
-8.236271930993596668e-02
-8.948905543380042404e-02
-5.985495278102427597e-02
-5.460360031869941622e-02
-1.394108046994401440e-01
-2.276202352244585947e-01
-3.110399655373389249e-01
-1.903888195171090925e-01
-3.436533780394634974e-02
8.705754597962381269e-02
3.275265314103942282e-02
4.633765455177942666e-02
1.003480293885140699e-02
-1.331876840692457729e-02
-1.333840098592667042e-02
-1.348979066835562582e-02
-1.350505296975385537e-02
-1.345168513873763912e-02
-1.340244600746131644e-02
-1.888887094901251038e-03
7.181522949604115906e-03
2.230743632916587851e-02
1.672919638561673472e-02
-1.776346594613261018e-03
2.036137910116382621e-02
1.971205724602598242e-02
-8.505141747972175259e-02
-1.087722763774198048e-01
-1.271646879203665037e-01
-1.088810785882816518e-01
-1.023850501537014041e-01
-1.049984066572424574e-01
-7.550385886721998341e-02
-3.005737314986206901e-02
3.035784218921398943e-03
-9.426396174254166732e-03
-1.442463054150007820e-02
-8.853159398178772621e-02
-1.594632788764920872e-01
-1.061908528903252741e-01
7.097235117499715862e-02
1.583647136547680634e-01
5.058804869656743398e-03
-1.215133849439068853e-01
-1.649458851955070415e-01
-1.591722128960216809e-01
-1.644640672405258686e-01
-1.844923816415618978e-01
-8.816837837165067415e-02
-2.314493385122907629e-02
-5.498547358454440592e-02
-1.196926901810135696e-01
-7.245956295720637486e-02
-2.654442587949734991e-02
2.727272894422227024e-03
1.281568600338182408e-02
-1.820786432081335574e-02
-5.457398602073069288e-02
-5.521038703039519990e-02
-4.853986163218957511e-02
-5.861486041242814499e-02
-5.842714721956585033e-02
-2.625289572826900591e-02
-1.967691783107028067e-02
-4.854516448859997474e-02
-7.149368917674162049e-02
-8.967958736471819126e-02
-1.116827413767918220e-01
-1.864994450392987169e-01
-1.753791117881089434e-01
-1.024011468596198321e-02
-2.970782740969130087e-02
-1.130105384808402086e-01
-1.138979882009069494e-01
-1.437671017748855529e-01
-1.023002966924755341e-01
1.114218258048823851e-01
1.986409721855230959e-01
3.809588962947134394e-02
-5.048956261371441434e-02
2.123782991231242673e-02
2.415600983704042221e-02
1.714401158835776942e-02
-1.632723835195346723e-02
1.038947618563114926e-03
3.635831310292541446e-02
2.468212372137325999e-02
-1.033617379015731447e-01
-1.758612683252226139e-01
-1.618634856113676801e-01
-9.487633809495489567e-02
-8.257363817821654350e-02
-7.713793418896768006e-02
-7.623526634104718647e-02
-9.059099770915482464e-02
-1.142694602495546857e-01
-1.112129386644193085e-01
-4.927033546017787341e-02
-3.674967769580185506e-02
-1.040329795437855559e-01
-1.178525141736702087e-01
-1.219035574055315346e-01
-1.420040200599546332e-01
-1.370591392688089993e-01
-1.343990884140530140e-01
-1.243322877292907802e-01
-1.165357802300552026e-01
-9.917828561035585411e-02
-7.040238092466472031e-02
-6.297523851801363481e-02
-1.085426170690450415e-01
-1.749413422587440259e-01
-1.451960565232222611e-01
-1.592522753938319657e-01
-1.854972703323874428e-01
-2.649164603433936116e-01
-1.611796539214490620e-01
-8.208261224353878560e-02
-3.167041820250588585e-02
-1.255380828532892679e-01
-1.262267339204173888e-01
-1.390730182710984142e-01
-1.398789234633755485e-01
-1.393009059998827071e-01
-1.395292303480659968e-01
-1.404332874969601297e-01
-1.439211549320442429e-01
-1.796422609322206876e-01
-2.198322720230304894e-01
-2.015151582748806181e-01
-9.625055778066010648e-02
-8.371775696228711539e-02
-8.331862316400898139e-02
-6.904920725172687679e-02
-5.381725559211669729e-02
-3.595509682718856653e-02
-2.045520190847786683e-03
8.294072105283949170e-02
7.437273277744009536e-02
6.970488943540888160e-03
6.948714550537168737e-03
4.934817050344142420e-02
4.651650738390288031e-02
-3.742065417077308775e-02
-5.883238000093561626e-02
-5.375426084966792445e-02
-5.399068996373455193e-02
-5.397726798361684314e-02
-5.416120226827907808e-02
-5.789347403961169619e-02
-6.784704933532119397e-02
-1.549152577373827666e-01
-1.571982021681168074e-01
-5.700871413999261672e-02
-4.662032360817604942e-02
-3.639999699286314283e-02
-3.262328105939275164e-02
-3.492788904777557185e-02
-5.277442953697427525e-02
-5.915367094262423409e-02
-1.248214562660048509e-02
4.391161422838089912e-02
5.112118029774712774e-02
-9.372590380083017231e-03
-4.530930138770108973e-02
2.886234368174225157e-02
-4.567807180927507815e-02
-1.103044089519618770e-01
-1.984004339837939501e-01
-1.959856020711951696e-01
-1.507085526806044851e-01
-8.142894278269732777e-02
-1.408294466153926783e-01
-1.195948097937967192e-01
-1.063642226235151644e-01
-1.324749007468247752e-01
-1.124587100269252848e-01
5.840028092685457112e-02
8.859408328892369455e-02
4.723514825834568970e-03
4.631770277815473735e-02
-9.537672399479918406e-03
-8.907114824571048251e-02
-1.768259983868331886e-01
-2.794192915646508402e-01
-3.149581007734269522e-01
-3.876848726687033286e-01
-4.055012837296976258e-01
-2.539758674119877990e-01
-1.980253331382432203e-01
-1.606159304635089435e-01
-1.586572764961798609e-01
-1.584681594826138629e-01
-1.584329632245033981e-01
-1.586061973191957020e-01
-1.583852518243414609e-01
-1.588143946546191898e-01
-1.594142644893070948e-01
-1.591318330482976440e-01
-2.050205831366106457e-01
-1.962807822274621194e-01
-1.722286286056473326e-01
-1.493099897470071269e-01
-1.658241449371881115e-01
-1.656548051583584535e-01
-1.654675358458483070e-01
-1.518265371528531027e-01
-1.676113684246325897e-01
-1.092709803422897002e-01
-1.322750016041271959e-01
-5.593637020840466767e-02
9.048699699960185971e-02
1.002250311273360922e-01
-1.448523246970486456e-01
-1.793757355856672731e-01
-2.180025512230918394e-01
-2.791443121962395857e-01
-2.354299322387576332e-01
-2.619417518104125153e-01
-1.108058405606370117e-01
-2.035864816899242424e-02
7.116052059734505851e-03
-1.236338428164531281e-02
-1.744580988386409959e-02
1.741442448217732190e-03
-1.818935651906779900e-03
-3.370302870435118447e-02
-5.911776903954951701e-02
-3.610445660757377606e-02
-2.025774625464581147e-02
-1.503432782056734161e-02
-2.406983826301281430e-03
-1.260067043396611609e-02
-9.053576025176211794e-02
-1.128302198375043669e-01
-4.395189451817148318e-02
-6.213383079016863986e-02
-2.279804917274428910e-01
-2.296687819089461013e-01
-1.723395695263026106e-01
-8.584197816926548985e-02
-4.894908956549034323e-03
1.180223393622437111e-01
-1.452056540658826569e-02
-1.603521172896735791e-01
-2.140340127290582262e-01
-2.034436738074409390e-01
-2.121920376199956382e-01
-1.774611307622339651e-01
-1.403253858425737577e-01
-1.231387054045243734e-01
-1.210097414582654851e-01
-1.189566786984735391e-01
-1.006981493608087447e-01
-7.632829256533790740e-02
-4.523842554820348832e-02
-5.244367854463866802e-02
-1.026748914950185582e-01
-1.024115296182885049e-01
-1.048891704552088050e-01
-1.059578173297789222e-01
-1.051622321538030896e-01
-1.051622321537988014e-01
-1.051622321538004667e-01
-1.051622321538037280e-01
-1.051622321538045607e-01
-1.051622321537973165e-01
-1.051622321537973859e-01
-1.051622321538015631e-01
-1.051622321538046717e-01
-1.055586518229002790e-01
-1.049146964863141435e-01
-1.046558154523412332e-01
-1.038242019039411629e-01
-7.736337649636675085e-02
-8.112809857624700416e-02
-4.246167669945320744e-02
-5.547346136310984249e-02
-4.932291002847960515e-02
-4.962690315054739398e-02
-9.361407748595411416e-02
-1.137763375202069938e-01
-1.282619814195439523e-01
-1.066270431994278817e-01
-6.441242222074380908e-02
-6.438314271061756910e-02
-6.418139756687968323e-02
-6.388766456993646981e-02
-4.207503142143812630e-02
-1.023322966489020186e-02
8.094620547464390081e-02
7.029021934736386090e-02
6.671124540401180032e-03
6.906876544807005226e-03
6.597697545470025508e-03
6.439001304083306898e-03
6.491223045433255207e-03
6.491223045431035628e-03
6.491223045434513748e-03
6.456097319858711617e-03
6.570901131998758797e-03
6.771522543695130021e-03
6.521720337362861553e-03
4.923294027010661350e-02
4.657196313244264113e-02
-3.742065417077171385e-02
-5.883238000093524156e-02
-5.375580919892918724e-02
-5.398938451209431971e-02
-5.398451632476416323e-02
-5.396216132393479026e-02
-5.396209393128331006e-02
-5.398615560101981820e-02
-5.417699457798942630e-02
-5.785826828259642979e-02
-8.000290221059282170e-02
-1.503044600366678363e-01
-1.695706073467019848e-01
-1.433986608694108877e-01
-1.348104408615184435e-01
-1.347600476952162951e-01
-1.346573304156863660e-01
-1.346467307496723720e-01
-1.346508040860327493e-01
-1.346508040860308619e-01
-1.346508040860306399e-01
-1.346368249512535087e-01
-1.347126900231437607e-01
-1.348676167875133003e-01
-1.345567988555155525e-01
-1.644773658242524583e-01
-1.693920252615258304e-01
-5.310734773350181404e-02
-3.818956670707823742e-02
-2.806146223164511164e-02
-2.769858711994615738e-02
-2.768682657039899311e-02
-2.738707768352832347e-02
-1.580928424301842466e-02
-4.700870460524563367e-04
9.272738658402818190e-02
8.709046690336162688e-02
5.634934200135813948e-02
5.660221403562899073e-02
5.645662461240347207e-02
5.637837867885128751e-02
5.638072997833357830e-02
5.644959536324464788e-02
5.653512913834815579e-02
5.634964994092958590e-02
8.169773413047345945e-02
7.620053779646251968e-02
1.838438713654021173e-02
-2.635979719929687146e-03
9.089866657024348387e-03
3.707668589342068971e-02
4.126490992954547771e-02
3.947851467421899241e-02
3.957264095475179072e-02
3.956853698535619385e-02
3.956141312203784871e-02
3.956211173906009487e-02
3.956211173906344636e-02
3.956211173905940098e-02
3.956211173905755524e-02
3.956211173905787443e-02
3.956211173906134387e-02
3.956211173906095530e-02
3.956211173905997691e-02
3.956211173905911649e-02
3.956211173906203082e-02
3.956211173905993528e-02
3.956211173906131612e-02
3.956211173906060835e-02
3.956211173906303696e-02
3.956211173906198225e-02
3.956211173905994222e-02
3.956232054698027856e-02
3.956069208331385728e-02
3.955958743338833933e-02
3.955157036380461955e-02
3.898670826547142448e-02
3.886218494683903873e-02
3.604933187048194043e-02
3.651847087284663257e-02
