1.248719755538109724e-02
1.244209884887764739e-02
1.896153126716199067e-02
2.486464199340479922e-02
2.510003856319493326e-02
2.040248963090562223e-02
1.550785606071550596e-02
1.550770431975228604e-02
1.550725765621284967e-02
1.550706476048076439e-02
1.550709036019299464e-02
1.550709036019254708e-02
1.550709036019360179e-02
1.550709036019243085e-02
1.550709036019277259e-02
1.550709036019339709e-02
1.550709036019282637e-02
1.550709036019290790e-02
1.550709036019317852e-02
1.550709036019283157e-02
1.550709036019310566e-02
1.550709036019280035e-02
1.550709036019326005e-02
1.550709036019233024e-02
1.550709036019342485e-02
1.550709036019358965e-02
1.550709036019282290e-02
1.550709036019245687e-02
1.550709036019296862e-02
1.550708762157176554e-02
1.550710830477056330e-02
1.550714790508664342e-02
1.550722785436488629e-02
1.603095042756774030e-02
1.652443980656008449e-02
1.798640566345037495e-02
1.772472524541426550e-02
1.673787940368179003e-02
1.673772636569096153e-02
1.844635615365579004e-02
1.904262451047350480e-02
1.484792517714880571e-02
1.399413361976148580e-02
1.280018567701265118e-02
2.017853358489210547e-02
2.286490474246080304e-02
1.741735951047625533e-03
-1.945615530602712740e-03
-1.200831623015805733e-02
-1.224168240443353553e-02
4.168486254232627898e-03
4.273249122587281161e-04
-3.706151717526911128e-03
-2.142654117869081248e-02
-1.838477612139045175e-02
-9.188715415329229419e-03
-9.189520191105950142e-03
-9.188182382568068837e-03
-1.249937555545856983e-02
-1.146410306416975784e-02
1.029084994699319515e-02
1.705292432434840286e-02
2.822106319498893928e-02
3.073435966628263599e-02
1.891327316141338741e-02
-5.795511794160214739e-03
-8.706948710255769941e-03
-5.490914527857992077e-03
-5.493210084027515955e-03
-5.491437336057097135e-03
-5.490918082782561202e-03
-5.491124755754655043e-03
-5.490198684667008805e-03
-5.491429154429411028e-03
-5.492627929094662242e-03
-5.495675308677556818e-03
-1.992802106282138414e-02
-2.396164821471464743e-02
-4.580567414675464077e-02
-3.859361751484501057e-02
-3.052275207994909270e-02
-3.052308042579692307e-02
-3.052177895082731560e-02
-2.185513931495219192e-02
-2.793766421508293851e-02
-3.777025046146661319e-02
-4.455574785884868633e-02
-2.763952874790824230e-02
-5.985582197249409223e-03
3.722805002939017990e-03
3.069520948510685854e-02
2.806431961256522847e-02
1.350129607558563267e-02
-4.544720683617464209e-03
-7.055376720698439651e-03
1.785207399676223480e-02
2.687641007486439929e-02
3.189480518539618975e-02
5.306329048022530304e-02
5.625512736160802330e-02
8.113383057738867560e-03
-5.640274034960805760e-03
-1.325524163782249194e-02
-1.266564920183800742e-02
-1.745497251715099479e-02
-2.182911175358207001e-02
-1.070164426734551526e-02
-1.093866733587280440e-02
-1.121049685879318275e-02
-1.941071200335086483e-02
-1.488334808552822970e-02
9.491281767754024051e-04
2.101786240689167140e-02
2.182171863813214124e-02
-2.130898112861100667e-03
-3.535142656501649716e-02
-5.870071558502018561e-02
-4.764057938403552794e-02
-3.192841243348674973e-02
-3.559012980788197472e-02
-3.087750637128477624e-02
-1.966645898407734169e-02
-1.726554716132367578e-02
-9.996200848032493411e-03
-1.210636325788281772e-02
-3.933865042942951210e-03
4.591696730512609750e-03
4.958024769011024069e-02
4.882882006417150339e-02
3.177961030443991058e-02
3.178347267207377869e-02
3.177970351013535005e-02
4.901982509884714873e-02
4.753636186702938499e-02
6.972688856178173820e-03
-1.734463028324188458e-02
-1.900162495624239944e-02
-2.910148812334468343e-02
-2.125287435593307614e-02
-1.474532219969305197e-02
-1.014873040011957626e-02
7.964595024688972749e-03
9.331816276020756321e-03
1.173263237504161213e-02
1.209562013183825349e-02
-2.485474638450647054e-03
-8.285001567637416409e-03
-1.300090243273988207e-02
-1.975322518336188049e-02
-5.619461612934506523e-02
-5.420255863752129061e-02
-4.070449385541838327e-02
-4.070964506927112619e-02
-4.070422376709743190e-02
-4.070234019755188115e-02
-4.070324136736627046e-02
-4.070324136736607618e-02
-4.070324136736604148e-02
-4.070214269274391450e-02
-4.070423492405973731e-02
-4.070976283432477250e-02
-4.070753474634075664e-02
-5.716670417588633202e-02
-6.265138166974809630e-02
-4.127981227869268605e-02
-3.305134101800288882e-02
-2.207220728357385184e-02
-2.206860052688983456e-02
-2.206778768199170807e-02
-2.206658507846295456e-02
-2.206591650766479701e-02
-2.205921834626847419e-02
-1.077058395750745898e-02
4.474541658905818210e-03
4.410240278267463232e-02
3.846507293916717751e-02
7.966737589176705464e-03
4.107922124568930654e-03
-6.832233076895039871e-03
-3.983990725666070043e-02
-3.386405442412112471e-02
1.603627577107754427e-03
9.286973209096363938e-03
5.097173538318990754e-02
4.663607778303866663e-02
-9.414150034974214099e-03
-3.378042829693259780e-02
-2.887889925459608681e-02
-3.254462403030818768e-02
-3.170442318194955506e-02
-1.872057051900838029e-02
-9.457098710705444519e-04
1.102170982153327129e-02
5.593506418049276445e-03
5.252757111525758506e-03
5.252939881783413520e-03
5.252757614417842384e-03
5.250989352726451523e-03
6.640908931041042060e-03
2.305205815512546982e-04
-4.176039927923216183e-02
-2.894412804639137637e-02
6.379424676758035928e-02
6.779594574005914920e-02
3.081993011384211167e-03
-7.623383997344549898e-03
4.403564520280415541e-03
4.399976836051107572e-03
4.401092052174325302e-03
3.342273735562462274e-03
4.581286358607916318e-03
1.581615511362996843e-02
1.634598719257435162e-02
1.386790584587921371e-02
1.386847258019745233e-02
1.386828281800774748e-02
1.386806873810550282e-02
1.386863062446610888e-02
1.386977554147581643e-02
1.386767318630618626e-02
2.650010708867646739e-02
2.956387735710647169e-02
-1.736004752159972866e-02
-2.756357779982463591e-02
-3.789279316548354454e-02
-3.694164231597894116e-02
-3.388576625690976202e-02
-3.060940420518616298e-02
-2.908563562274000397e-02
-4.735645492378793425e-02
-5.715898037052462299e-02
-5.372733731081641428e-02
-2.969607491022323645e-02
-9.346546256600710145e-03
-1.047192605077053133e-02
2.077723756348974493e-02
1.695812698640894109e-02
6.352734497670875502e-03
4.778970918000225755e-04
-3.298551364518522572e-02
-3.911750345735139078e-02
-2.057758353069141788e-02
8.815069718871608104e-03
3.670361143139583976e-02
3.081650973530272730e-02
1.674580358664757088e-02
2.357644296800020644e-03
-3.687386959898062561e-02
-4.551590065852979816e-02
-2.286590096723464111e-02
-1.139714430503976049e-02
5.457623313271291274e-04
-4.644055311350258307e-03
-6.455861577470059509e-02
-7.161565584067568213e-02
-5.884392313495486609e-02
-5.884325800270320816e-02
-9.476550392306884452e-02
-9.324076056265279133e-02
-1.840164869104564394e-02
-4.427736804798487768e-04
-3.474597701987785885e-03
-3.457079490603278977e-03
-3.462084063234455254e-03
2.280790958081324940e-02
2.834844672238650068e-02
-3.332312355025047156e-03
-1.646421379450995967e-02
-2.755772111345088787e-02
-2.756502282242805080e-02
-2.756652034964588577e-02
-2.756849133353607428e-02
-2.757024860536289382e-02
-2.757187826544294298e-02
-3.744931617057844359e-02
-4.271464557628033842e-02
-4.720739809090752914e-02
-4.227012505446799129e-02
-3.173435788012665681e-02
-2.295126540665785170e-02
-2.241856511040518293e-02
-1.617487941413831357e-02
-2.056441805288657804e-02
-2.799687507675510667e-02
-3.084974944648432096e-02
-1.314546606493905735e-02
-9.958456979066348039e-03
-1.765534473478935079e-02
-1.378091427417568217e-02
2.068450153018942111e-02
4.462966072087504871e-02
4.389104410278155816e-02
3.966068202797056602e-02
4.323906605701851452e-02
2.382729785802282368e-02
-2.258198947699973855e-02
-3.238497648225398262e-02
-3.686696793837373337e-02
-2.920253718974628529e-02
2.197142767095849880e-02
3.669778914352100213e-02
4.968303606840675929e-02
9.054889991816221506e-02
1.149170928175752143e-01
6.168400816404975145e-02
-5.677301782638149302e-02
-7.487259895385739439e-02
-2.263550939386569510e-02
-8.284401090230106637e-03
6.207262016981018871e-03
1.141789509239472811e-02
1.455739101125014257e-02
1.151078780778483530e-02
1.094501936654359653e-03
1.093504193961665656e-03
1.685566955945248802e-02
1.754147131602312726e-02
-1.790993134790428223e-02
-3.835254567908773227e-02
-4.277180126816885336e-02
-5.881521460480743091e-02
-5.253718057981947298e-02
-4.645108004484086589e-02
-4.644916009724654044e-02
-5.809892510345578132e-02
-5.897401017427062603e-02
-3.221998476936871469e-02
-2.948706531631176131e-02
-4.827432711701264839e-02
-5.138712482900104073e-02
-1.744081075610143944e-02
-2.097345544233909700e-03
-5.153517853422872989e-03
-2.258373755068530248e-02
-9.268713581822934922e-02
-1.005267780802771710e-01
-5.182170380163410306e-02
-3.934867429745345091e-02
-3.998208566845076750e-02
-3.997454374783523945e-02
-3.716950241016279965e-02
-3.769010969517991999e-02
-2.775039143559975344e-02
-2.386265375311991468e-02
-7.732538336447922211e-03
1.541123122886835055e-02
4.217962218116732415e-02
2.366998021679505432e-02
-9.114230594320442760e-03
-3.863405031443095661e-02
-5.929326084387017554e-02
-1.728796690569931599e-02
-1.520615171383575201e-02
-3.816453523364439493e-02
-3.746304076768829094e-02
-2.492445310961323088e-02
-4.043387691993733518e-02
-5.087766054416033995e-02
-2.749063666278767776e-02
3.916533930879493967e-03
-5.106485982579936703e-03
-2.669995130465639341e-02
-4.154802761313251130e-02
-3.939036663443000463e-02
-2.232079491539065361e-02
-1.808482539619430882e-02
-4.431076079957309982e-02
-4.057823713106065849e-02
-8.088828288279489853e-03
-6.863197293550623614e-03
-1.636435669035899571e-02
-1.550868645896777594e-02
-9.712926349845590196e-03
1.479266411985529113e-02
1.436430412065731882e-02
2.199575444260251471e-03
3.635365583607893560e-03
-1.035483451774534902e-03
-2.059614086315075115e-02
-2.083534988045251946e-02
-8.041175799233435742e-03
-4.041528514786525000e-03
6.262633790411996360e-03
5.186641478420050619e-03
1.433843620692982004e-03
-3.211940994469618567e-03
-1.703263422351262643e-02
-1.911015807076889284e-02
-6.911940844318098173e-03
-2.330128953498071618e-03
-2.201639843858757637e-03
-8.013250266727773088e-03
-8.013080947489635911e-03
-1.293115424166055294e-02
-1.504054419961009179e-02
-1.548116069442159563e-02
-4.983065083654004794e-03
2.298916635506963874e-02
3.872007036198111402e-02
1.072456935096552768e-03
-3.929305225447862759e-02
-5.870015373421771931e-02
-4.763981601629711099e-02
-3.595637567134511020e-02
-3.342949913536794743e-02
-2.171280670958326137e-02
-2.242093196582455386e-02
-2.149000642303812783e-02
-2.238354725644453938e-02
-1.189800117775603738e-02
-1.461484101567256432e-03
4.411898965130513217e-02
6.774061598293597275e-02
4.619882289797233588e-02
1.138196378527445499e-02
-9.790865085118186095e-03
-1.049402714897291165e-02
-1.771084175121688531e-02
-1.565198788058406662e-02
-1.058637464054076882e-02
-1.164166679844987756e-02
-5.875908237592906286e-03
-5.024691327544751271e-03
-8.320812136442940193e-04
2.100644480019129776e-02
2.184021906929259002e-02
-4.276822076732690603e-02
-5.477468469755737007e-02
-6.768979403369757009e-02
-6.769781748772897567e-02
-6.769798577436857145e-02
-6.769723917768244448e-02
-6.770000213956173241e-02
-6.770952838375618454e-02
-6.770120027545867281e-02
-1.030106931993247377e-01
-1.108008033278228832e-01
-2.320329910125915746e-02
-5.554370530502687232e-03
1.005174077981388012e-02
1.007431045625313722e-02
1.006792989733452416e-02
1.889630728074441837e-02
1.707741955511537027e-02
-1.402391018683903090e-02
-1.844007695287496612e-02
-1.480931123398635495e-02
-1.481282864676620840e-02
-1.481076922706409116e-02
-1.481174488406235799e-02
-1.398428825524159445e-02
-1.747988287776312127e-02
-2.823969458936201327e-02
-2.882056408758614657e-02
-2.520352183279217853e-02
-3.778744934032253477e-02
-3.770431336405441480e-02
-3.095578932966509822e-02
-3.095736040749404519e-02
-3.095770892413746839e-02
-3.095887624680385836e-02
-3.095353818839111787e-02
-4.276722851495860789e-02
-3.080898609445443387e-02
-8.918315222382219853e-03
-3.007497197191588614e-03
-2.692075273701741156e-02
-2.691595307890800107e-02
-2.692237695963986543e-02
-2.692768814620794329e-02
-2.692303435536606143e-02
-2.691982777080559330e-02
-2.692728810064856995e-02
-1.680953130349220961e-02
-2.721817544510649750e-02
-5.687830937423655336e-02
-5.870475460251371735e-02
-1.110735224068500754e-02
-9.892496633756235613e-03
-1.916083418493138776e-02
-1.566648247591667653e-02
1.437596898305195867e-02
2.713670156898699906e-02
5.294335805239291232e-02
4.590865322337433357e-02
-3.436118798417005932e-02
-5.611129399263686118e-02
-3.816774735571078908e-02
-3.814263280283911733e-02
-2.096982178357902765e-02
5.261978732999882634e-03
9.241373830047075119e-03
1.829377826271722136e-03
1.829652320372240860e-03
9.238641303770089505e-03
7.973152984965755502e-03
-1.180972712922198631e-02
-1.551419249518720678e-02
-1.298443371958266784e-02
-1.298541126043839707e-02
-1.298564338189049996e-02
-1.298596761185113677e-02
-1.298455669212455164e-02
-2.028948030416701659e-02
-1.888288740722858169e-02
1.158670342439870743e-02
1.523913977641421121e-02
1.242678199065608106e-02
1.242830500510269665e-02
1.242842818417576670e-02
1.242867661323965658e-02
1.242818172177248201e-02
1.938159544353340938e-02
1.922118500264824795e-02
1.017627243383283260e-02
6.699781072804908075e-03
7.019910376565334335e-03
7.019307526340562084e-03
7.019080707363358450e-03
7.018937778905807306e-03
7.019154563798848424e-03
4.164204001498766732e-03
4.026500296216105161e-03
7.711120430560340112e-03
9.138518146050792976e-03
9.414232080926105903e-03
9.414462349695890478e-03
9.414519630631569200e-03
9.414524164336489365e-03
9.414522656515430382e-03
9.414522656514975885e-03
9.414522656514883944e-03
9.414522656514989762e-03
9.414522656515303747e-03
9.414522656515041804e-03
9.414522656515348850e-03
9.414522656515437321e-03
9.414522656515244767e-03
9.414522656515423443e-03
9.414522656515425178e-03
9.414522656515265583e-03
9.414522656515303747e-03
9.414522656515419974e-03
9.414522656515199664e-03
9.414522656515132010e-03
9.414522656515503241e-03
9.414522656515296808e-03
9.414522656514929047e-03
9.414522656515255175e-03
9.414522656515447729e-03
9.414522656515511914e-03
9.414520487174973112e-03
9.414537019426216444e-03
9.414584209277430601e-03
9.414444416743036892e-03
9.810810350366452534e-03
1.003566779747695759e-02
6.796434023440999644e-03
6.404519839322816120e-03
