9.426624403585416589e-04
1.104085817694009167e-03
2.412245688295279640e-03
2.116048358575696627e-03
3.801306311997065725e-03
4.261427352331080033e-03
4.910437435504923058e-03
5.460844951606929829e-03
5.664707394655900570e-03
5.961362037404684816e-03
6.124241912065134241e-03
6.229759530596292241e-03
6.340874429747928899e-03
6.396100311082991881e-03
6.445772270709535304e-03
6.484324083820825792e-03
6.506718756115689034e-03
6.527913948480691328e-03
6.541949280301053229e-03
6.552686544615373039e-03
6.562257462540353400e-03
6.569139123746517255e-03
6.577281912787251959e-03
6.583744817609965723e-03
6.591908398967055195e-03
6.604676639528548471e-03
6.612209754487059603e-03
6.635148651199712644e-03
6.658563041478742471e-03
6.675147157915453482e-03
6.749190483748716829e-03
6.774126750157274078e-03
6.852481802044971780e-03
7.047210400316745831e-03
7.023320760039391229e-03
7.475216355672632644e-03
8.237271089384606490e-03
8.250039475555536600e-03
1.004056135837051375e-02
1.098208024827036083e-02
1.082589380551171598e-02
1.773562457166858938e-02
1.776324764056370215e-02
1.881418982133183787e-02
2.018675608038644764e-02
1.926401381761319587e-02
1.695730390789728162e-02
1.524689519415348311e-02
1.613686257381687778e-02
1.476438415580316917e-02
1.512410062875085490e-02
1.587791602674251332e-02
1.257237743089550421e-02
1.452321351529443395e-02
1.178612005580770804e-02
-5.001784293235175295e-03
-1.114354713923974491e-02
-3.464615752274016747e-02
-3.811670180358911475e-02
-5.814425577474084672e-02
-6.401371908202667382e-02
-6.489129862232459467e-02
-7.500952067248409239e-02
-7.124950282596131945e-02
-7.971855787504605884e-02
-7.969045419691883625e-02
-6.728658486959303298e-02
-6.911409613781714645e-02
-5.272539452984907615e-02
-3.968961886283119828e-02
-3.170250503930983899e-02
-5.294659740383102220e-03
3.064977085241261945e-03
9.872191104378875981e-03
2.443390636328018894e-02
2.543674297847556276e-02
3.333467353471618322e-02
3.863269975734903716e-02
3.884432604239451692e-02
4.240251648270010332e-02
4.095359770050019388e-02
3.660067531981588823e-02
3.181747354151435309e-02
2.240880871898360063e-02
1.622429553431132404e-02
5.365278175715575137e-03
2.085092439362808484e-03
9.206480435980827354e-03
1.173649996530772184e-02
1.316405391951451162e-02
1.293895868868124091e-02
1.364197705849834463e-02
1.429540716349247086e-02
1.443725348268484754e-02
1.350609975511634156e-02
1.327056207596913340e-02
1.165300121872837880e-02
3.576520392412259070e-04
-4.730704400816583555e-03
-1.858179292583780895e-02
-3.083197887943361568e-02
-3.339545542459414207e-02
-4.230499081285975932e-02
-5.247815492048151648e-02
-5.194677009532631951e-02
-5.833733707324789686e-02
-5.841394958383228087e-02
-5.621875166659644901e-02
-5.736745903610062508e-02
-5.501135439725819004e-02
-5.111710611341095667e-02
-5.407713948867549913e-02
-5.529646519060632537e-02
-5.966924322081925552e-02
-6.704130019321738465e-02
-7.142047767023841642e-02
-8.156008885127258301e-02
-8.462744375653197260e-02
-9.293042751018740222e-02
-9.781780590967660560e-02
-1.033035849788958571e-01
-1.056701901943888355e-01
-1.037364125075700139e-01
-1.052183631660376650e-01
-9.810024605059552982e-02
-9.659384085758043748e-02
-9.765915796086416245e-02
-9.437256013806745447e-02
-9.442396702339654613e-02
-9.135585852455979650e-02
-8.866113909851228159e-02
-8.718856802068596090e-02
-8.223775809577676954e-02
-8.367530465065699252e-02
-8.119111428467370994e-02
-7.338142065148331450e-02
-7.541842399616807691e-02
-6.584861337420686023e-02
-5.949765784227591114e-02
-5.627993595397776799e-02
-3.102236174102881300e-02
-2.787767878940795169e-02
-2.127264219676237161e-02
-1.179659401857552359e-02
-8.385130925405395730e-03
2.009595513928926630e-03
5.699979067537468873e-04
5.622376418003026399e-03
5.216964783944654134e-03
7.792911239190276548e-03
8.860753125159040108e-03
9.648085467368183038e-03
7.891196794642865026e-03
9.733072382651928103e-04
-3.603509017335696646e-03
-1.370343178189652004e-02
-2.628973805192053731e-02
-3.644601902554472916e-02
-3.825612845993135031e-02
-5.396706501190260546e-02
-4.979405045421385345e-02
-4.894302029379797581e-02
-5.028233292746080163e-02
-3.800112267240329800e-02
-4.058873849296900510e-02
-3.976462164102279734e-02
-3.555277088396001373e-02
-4.003357836564772065e-02
-3.524294960019583312e-02
-3.102225952517002200e-02
-3.309622736208592958e-02
-2.780456309609069879e-02
-3.142915922788865057e-02
-3.560576937630957617e-02
-3.529867077124713981e-02
-3.881378736366961762e-02
-3.515241805655633378e-02
-3.195652378137119054e-02
-2.888792952169661615e-02
-2.412728037380497056e-02
-2.645883034651250881e-02
-2.383967087319535660e-02
-2.873610032451850982e-02
-3.643601317289953817e-02
-3.831836318627160343e-02
-4.950284823397062273e-02
-5.310480988032011129e-02
-6.248488855687746313e-02
-6.912527668467675912e-02
-7.784285350392169955e-02
-8.187821479326454210e-02
-8.570206441555394683e-02
-8.880422510073381070e-02
-8.978217524770706892e-02
-9.202886728393519511e-02
-8.992331912252163328e-02
-9.010396063230624586e-02
-9.093025586250605419e-02
-8.804221088729918820e-02
-9.111385924229674360e-02
-8.845598829786971429e-02
-8.993992975007258917e-02
-9.567946049022515997e-02
-9.755757608111614854e-02
-1.032479237543766221e-01
-1.083504244506217906e-01
-1.105869074456737461e-01
-1.172196571364785833e-01
-1.205308466889164487e-01
-1.234157818572963750e-01
-1.307799255148605622e-01
-1.308446026376367533e-01
-1.351336584302731958e-01
-1.373278728391683079e-01
-1.247948446030683473e-01
-1.257929400141464815e-01
-1.149229156288393700e-01
-9.999352779667639024e-02
-9.337903163231248138e-02
-7.954506565844302046e-02
-6.903521981778773520e-02
-6.084991782618887068e-02
-4.775752364109301512e-02
-3.044694420263815288e-02
-2.287988967068427942e-02
-1.975697206633344333e-03
4.336941212461095999e-03
4.987966763092692261e-03
8.366138372052196737e-03
7.230851721271705501e-03
7.253823660862435477e-03
4.920328717637797132e-03
1.624395188883031443e-03
8.123003255628648625e-03
5.792722634193519030e-03
2.695460296507820683e-03
2.247593162148401463e-03
-9.518201529423574864e-03
-1.136608236608369765e-02
-1.650683711552348304e-02
-2.182890636870567919e-02
-2.292116125016894698e-02
-2.679060594995279904e-02
-2.525618386073187963e-02
-1.977146460973569497e-02
-2.357839911959527107e-02
-1.089382098730566975e-02
7.496829305975932084e-03
2.470766869787871522e-02
3.901356943715521275e-02
6.167189010074188016e-02
8.163987262345409612e-02
1.049329839217550964e-01
1.495061163232935530e-01
1.829862426365103101e-01
2.098654323122410292e-01
2.399947865704946948e-01
2.412869478685583657e-01
2.584580742358634220e-01
2.593485538772926646e-01
2.527296454757663735e-01
2.587810829032707316e-01
2.342189628302497328e-01
2.256730267854313021e-01
2.053896669584616697e-01
1.702331004438982498e-01
1.556506347405642032e-01
1.386122590230760288e-01
1.220120244632975914e-01
1.101579833803796177e-01
9.071491407298069853e-02
8.024895431176727600e-02
6.295135660672014632e-02
5.303682526333339253e-02
3.931303497339087155e-02
2.373962907777099618e-02
1.329494822582190545e-02
-8.185770744787362191e-03
-2.228421949883437753e-02
-3.555198238725450904e-02
-5.185198515172391442e-02
-6.663379740698885390e-02
-7.876216316968981390e-02
-9.060639944474774277e-02
-1.006730524087962875e-01
-1.088482447786818519e-01
-1.183753117957463963e-01
-1.278814905065628615e-01
-1.359935359650729092e-01
-1.466834060782101490e-01
-1.527798154499618311e-01
-1.544483584758777894e-01
-1.576100120587997644e-01
-1.561832113439537151e-01
-1.558215499788619118e-01
-1.568434229323299456e-01
-1.555007716283244301e-01
-1.549758139599191065e-01
-1.537500182651257430e-01
-1.527729879935309232e-01
-1.492008324807794772e-01
-1.479494905906955093e-01
-1.434570948586457728e-01
-1.354176751257043787e-01
-1.295109397450791566e-01
-1.188920405368177474e-01
-1.112679844770379789e-01
-1.019938032423014229e-01
-9.234075887800152760e-02
-8.744702704224499579e-02
-7.863821396292336452e-02
-7.317613105831316522e-02
-6.430834449943245712e-02
-5.513243657143906962e-02
-3.699518324144032699e-02
-2.975289800978055815e-02
-1.339070982309467292e-02
-6.625883970279065373e-03
3.453473444132479364e-03
6.304009581092514559e-03
5.678077065687675909e-03
8.407005289261106767e-03
9.077470493360117326e-03
8.182737089543442796e-03
8.990757703355872071e-03
1.013188722687213827e-02
3.452899656459011875e-03
2.353077409458520335e-03
-3.268017302052352979e-04
-1.086685126274316432e-02
-1.110560718768444782e-02
-2.918518438561460218e-02
-3.820358728240570018e-02
-4.412203935078247430e-02
-7.944059223893400190e-02
-8.585434040320620575e-02
-9.436781118908105226e-02
-1.070705661211475285e-01
-1.107314615612405989e-01
-1.113015930103318230e-01
-1.157634531518050569e-01
-1.155601711859811365e-01
-9.815728952453714462e-02
-9.620781674641681880e-02
-8.569147522547697349e-02
-7.605394333135813423e-02
-7.301398696642381891e-02
-6.175008106811915448e-02
-5.303314937198778251e-02
-5.009717385253364963e-02
-2.851326780825993307e-02
-2.695220224569482015e-02
-2.233758581194389414e-02
-1.552314304722656781e-02
-1.469448497529968894e-02
-1.127255231780088275e-02
-8.496644815747456808e-03
-7.160935027696373190e-03
-4.996095537878574022e-03
-1.404578133205772010e-03
-1.067403115320294084e-03
2.812761316289691914e-03
2.593186009755560437e-03
2.502693688364720538e-03
3.561929642280715728e-03
3.136578076851427241e-03
3.530796951942129398e-03
3.681574544833039753e-03
3.624069181127705444e-03
3.789101760199090757e-03
3.789275237927869182e-03
3.812271626127042897e-03
3.857130856157696235e-03
3.854355565432263358e-03
3.872583560981043491e-03
3.881617564957368181e-03
3.883479935660203407e-03
3.890435598472535665e-03
3.891628429649843755e-03
3.893762880652151294e-03
3.894124492845404788e-03
3.894104544088612500e-03
3.894868323376973317e-03
3.888899335232461930e-03
3.892280792176914042e-03
3.885132393846243287e-03
3.871241376888877404e-03
3.888457628990657847e-03
3.840508963080043955e-03
3.843270778698525993e-03
3.868313560982560278e-03
3.688155306500501447e-03
3.859016302133291311e-03
3.681195151219766697e-03
3.243877346932402990e-03
3.303495492759921451e-03
