-5.327951227082690800e-04
-4.913952069390980669e-04
-9.528257875926292699e-04
-1.036369244632043447e-03
-4.981488961003782689e-04
-6.148037129346196807e-04
-4.054377916616764546e-04
-3.121552167464023428e-04
-3.131645068904786999e-04
-2.343358590994209004e-04
-2.233389912902830491e-04
-2.078822905471988485e-04
-1.865366543110283230e-04
-1.838940040900974944e-04
-1.752274536803640230e-04
-1.702544152302916652e-04
-1.682883001391624915e-04
-1.648629514907887683e-04
-1.634139793825035926e-04
-1.616562483962330379e-04
-1.600745063059686802e-04
-1.586407712886581437e-04
-1.558061650952041960e-04
-1.544780865757651596e-04
-1.496908319707029541e-04
-1.438150842648392650e-04
-1.414559493260708991e-04
-1.225471022772221504e-04
-1.155448080936755291e-04
-1.003359676467227666e-04
-3.950412653267677192e-05
-5.376631593377736935e-05
5.377722940669483640e-05
1.782541202316931229e-04
1.022633229742129460e-04
6.929907636019961865e-04
1.105034554067188578e-03
1.213518575604840286e-03
2.453503467658255111e-03
2.927764666105748918e-03
2.896174923303973699e-03
7.793753875276953832e-03
7.923717820442233509e-03
8.588276563712093220e-03
9.738476007051072650e-03
9.091284817146248060e-03
7.666742508578513332e-03
6.440319639615221803e-03
7.897123418503274386e-03
6.586878432310121732e-03
8.111483572616319873e-03
9.181921273841694986e-03
5.252854184224730466e-03
7.881826332762176951e-03
6.276937869974699713e-03
-8.583628510745630949e-03
-1.259150899462549433e-02
-2.929577461577555220e-02
-3.228288147516172185e-02
-4.591460754209213124e-02
-4.958502202398117065e-02
-5.125501813751354163e-02
-5.789115382440024327e-02
-5.625656822005194874e-02
-6.536745121326006935e-02
-6.606188437131485514e-02
-5.776209958227510044e-02
-6.092859831154667782e-02
-4.878044621582218465e-02
-4.074748757653958581e-02
-3.519730199132940773e-02
-1.463292434480899760e-02
-8.971177993652748942e-03
-4.749528398423782070e-03
5.413419499765223172e-03
5.581486460665101637e-03
1.019159027037573086e-02
1.377338370358280328e-02
1.350665825120423574e-02
1.450327949054920976e-02
1.385369754734474927e-02
9.177748816410591370e-03
4.850279026150920714e-03
-1.824720386245134779e-03
-6.821103582844344204e-03
-1.338432677264275728e-02
-1.364260422039903324e-02
-5.212327487589379568e-03
1.567936005340223298e-03
3.033755099476953543e-03
4.030363696186744886e-03
4.978039019832710202e-03
6.806854414539940772e-03
7.434489797649576452e-03
5.335896635463669227e-03
6.219441709172390115e-03
4.780951337993054849e-03
-4.781218202001801844e-03
-7.911615630623102663e-03
-1.853303775364492298e-02
-2.621323902409005563e-02
-2.633289933511131359e-02
-3.239498853616226692e-02
-3.877125557836930136e-02
-3.728876678064765859e-02
-4.117667854557341411e-02
-4.000290857800241351e-02
-3.759825473055626588e-02
-3.733446879342579294e-02
-3.457214955944885870e-02
-3.079390097350499095e-02
-3.203702691429298477e-02
-3.239847010130447735e-02
-3.502134508479048253e-02
-3.981938632238978676e-02
-4.266847877479290618e-02
-4.968440895065929369e-02
-5.050229058574651209e-02
-5.667569347536136060e-02
-5.814733592842973031e-02
-6.219199760275592737e-02
-6.278965554494039814e-02
-6.039270933955150078e-02
-6.139004206447931655e-02
-5.507395303788308050e-02
-5.395630280370122822e-02
-5.645372207694407396e-02
-5.374639930521202952e-02
-5.426677222267170531e-02
-5.249386607116166004e-02
-5.058219104637510372e-02
-4.977360180858393657e-02
-4.688079809055609865e-02
-4.917805650414172614e-02
-4.845878828421587570e-02
-4.451200720603722821e-02
-4.745296147405437398e-02
-4.299542948248916141e-02
-4.043997932225262132e-02
-3.958176008587117184e-02
-2.323869902542110427e-02
-2.142402771618685114e-02
-1.882163844136766628e-02
-1.277002715929745173e-02
-1.003689622569067276e-02
-2.182236880943750398e-03
-4.171219038556692009e-03
5.373085333374620978e-06
-1.230187893483407260e-03
1.027314549479915653e-03
2.062640141039468866e-03
1.677749854928494398e-03
7.352843085862569190e-04
-4.997543854314020692e-03
-8.047180035090268496e-03
-1.590901487451960167e-02
-2.544480508057704246e-02
-3.361035171279796313e-02
-3.435358271342252995e-02
-4.751584912498961477e-02
-4.358697339873600363e-02
-4.213755626336522508e-02
-4.282303975902484322e-02
-3.187284610023630171e-02
-3.388087519228633743e-02
-3.373791849383619285e-02
-3.030343115989126562e-02
-3.422360141488717256e-02
-3.043547803563336276e-02
-2.627318361052399451e-02
-2.814656445978103161e-02
-2.369462599058546129e-02
-2.671496686227822076e-02
-3.109933983157455589e-02
-3.099022015420642429e-02
-3.387275040634916967e-02
-3.091156199086462358e-02
-2.721982981738443885e-02
-2.420653798624997771e-02
-1.970975069580497077e-02
-2.076607705736013831e-02
-1.854060672213342711e-02
-2.161784573360178707e-02
-2.780007684746417865e-02
-2.868837072360054877e-02
-3.582797501968212894e-02
-3.831234433352631585e-02
-4.381834018347645354e-02
-4.838923668128988775e-02
-5.644615774470783387e-02
-5.849839151544414945e-02
-6.169435372055471350e-02
-6.363543079535617653e-02
-6.335111774019586139e-02
-6.495378356239507600e-02
-6.134933150193148943e-02
-6.070111480879412935e-02
-6.040492851209889463e-02
-5.661061015276337705e-02
-5.863846350633662718e-02
-5.501884981068937835e-02
-5.556495234325463384e-02
-6.009781014536029475e-02
-6.131658945583721987e-02
-6.568438448704694288e-02
-6.963025265994239599e-02
-7.109437696406949170e-02
-7.578568364695968673e-02
-7.852755861841516360e-02
-7.990374997166195536e-02
-8.553459644478848822e-02
-8.557648463765669955e-02
-8.725754791849743564e-02
-8.933271802798296857e-02
-7.738737180791319115e-02
-7.788746590695208583e-02
-6.988078045760301449e-02
-5.663874216073107315e-02
-5.302984067981129923e-02
-4.512717942840377416e-02
-3.819318215140760087e-02
-3.656749962895948503e-02
-2.914315930003433600e-02
-1.877463443636117474e-02
-1.554611753275924463e-02
-6.438085310611131075e-04
2.282257939349128639e-03
1.030510240596346555e-03
2.572956974521364154e-03
8.205473205312651883e-04
7.567281479920482182e-05
-3.652087575558403063e-03
-6.507540680354858414e-03
-1.673759527266460885e-03
-3.917109809466791555e-03
-6.872830261178266426e-03
-8.357883855401565532e-03
-1.930647918775779334e-02
-2.223479789338810020e-02
-2.885673884158927727e-02
-3.538731176764560449e-02
-3.923117549205757532e-02
-4.585786496857907624e-02
-4.760759363810845857e-02
-4.675562490957452938e-02
-5.634547588277291630e-02
-5.041901060444789473e-02
-4.070943159188801508e-02
-3.470422927804289737e-02
-2.874938385124634066e-02
-2.132032952046207519e-02
-1.569115764595198706e-02
-7.151070677996649964e-03
1.084179423769282731e-02
2.367566169364267517e-02
3.446419779096400460e-02
4.396468329100776395e-02
4.575444926176139293e-02
4.953848679859857579e-02
4.951446448647252307e-02
4.877344627487922163e-02
4.894883359655179816e-02
4.156857676542979885e-02
3.802110115452961292e-02
3.161763316302192151e-02
2.246033283692051852e-02
1.983156325812625298e-02
2.413186182542111091e-02
2.175318481245444580e-02
2.010365527887737064e-02
1.825979623146188266e-02
1.582416807891807303e-02
1.108904387254232467e-02
1.017579770032521133e-02
3.740424348039349516e-03
-1.873152499543234793e-03
-5.342819434927243913e-03
-1.785111155012406720e-02
-2.333584015861566580e-02
-2.741332720620261176e-02
-3.560324902331353514e-02
-4.242786078996253069e-02
-4.763912024479413643e-02
-5.344573047559478957e-02
-5.700808925055241005e-02
-6.025232786778187549e-02
-6.466814395664588488e-02
-6.951714822923915627e-02
-7.494774564727708921e-02
-8.177684264984659557e-02
-8.664310574429570644e-02
-8.802482420209953307e-02
-9.007870187506802906e-02
-9.189689632496447769e-02
-9.136207313444229261e-02
-9.335065086893762354e-02
-9.380490064573127063e-02
-9.315756961368153177e-02
-9.362103507075270059e-02
-9.333834335249485692e-02
-9.054806169900969648e-02
-9.076121709308440644e-02
-8.687105266791284031e-02
-8.041457902489979048e-02
-7.596245594936582024e-02
-6.669756654881918434e-02
-6.183620290759905824e-02
-5.354350289926659845e-02
-4.698008114243325262e-02
-4.632541321121018407e-02
-4.014720840693313669e-02
-4.002677986883797223e-02
-3.542021661632319129e-02
-3.106073946011222303e-02
-2.247170314998351431e-02
-1.844843430248989391e-02
-9.794308169402504011e-03
-6.658118795095893834e-03
1.345779351360198821e-03
2.326306452511911396e-03
1.558829967144103809e-03
3.546488615524836380e-03
3.825757275491459882e-03
3.312343197862274019e-03
4.545655517490353528e-03
5.520915023996908130e-03
1.235709829500180766e-03
2.044775082426183478e-04
-1.583513001013310030e-03
-9.456047458555666071e-03
-9.377960500020335322e-03
-2.129251868991006991e-02
-2.649119256881733026e-02
-2.996234688165905560e-02
-5.371438188193623786e-02
-5.752457224008059727e-02
-5.993646319352922275e-02
-6.821192317593409438e-02
-6.981356274088088010e-02
-6.968443644905578105e-02
-7.520345932638020092e-02
-7.482937486700652618e-02
-6.577165862629177906e-02
-6.449673713854472967e-02
-5.788064119332924501e-02
-5.316755984968282722e-02
-5.153892534563027372e-02
-4.506273429673263164e-02
-4.011941400670945845e-02
-3.878001002189124941e-02
-2.296350098756422958e-02
-2.244193433884889358e-02
-1.982839146688482324e-02
-1.550302321279569545e-02
-1.529204398107874945e-02
-1.338443747971196016e-02
-1.166497712714221514e-02
-1.092720944980984758e-02
-9.575572810438741367e-03
-6.669006677447260507e-03
-6.580453905267346325e-03
-3.097849732012119932e-03
-3.405986771521057714e-03
-3.512504264977444994e-03
-2.699306365943327998e-03
-2.727620598345087063e-03
-2.454866080693623651e-03
-2.276988043646176272e-03
-2.255569140674455395e-03
-2.146389910821129305e-03
-2.113660723322126431e-03
-2.089818361599318428e-03
-2.057490268449516015e-03
-2.049384762849697922e-03
-2.037305699754232528e-03
-2.029081672432181405e-03
-2.025880906396688042e-03
-2.021344186908564152e-03
-2.019679211726192487e-03
-2.018262477978018977e-03
-2.016931134567409752e-03
-2.018098621645062103e-03
-2.016361445956367689e-03
-2.018420530697306349e-03
-2.022131422332446721e-03
-2.016163392326531141e-03
-2.032580679510762739e-03
-2.029666277717711957e-03
-2.021851964369382384e-03
-2.087424113974978377e-03
-2.018118998887702756e-03
-2.090672323368520345e-03
-2.227759617585482917e-03
-1.914754621199813659e-03
-2.584685845072273204e-03
-2.804711285502204873e-03
