-1.038449357196233195e-03
-1.010182746616205586e-03
1.787780508288520746e-03
1.659937835857594511e-03
5.372283109769482399e-04
9.257209354206657245e-04
6.555004055682274889e-04
4.949671185333593629e-04
5.701505140208525287e-04
4.475598462825810023e-04
4.428686440781844655e-04
4.368897328248197995e-04
4.037141204325437162e-04
4.072493638966204004e-04
3.978413423264897612e-04
3.915437769204840575e-04
3.921274963675161354e-04
3.886534082577426967e-04
3.884489474382626147e-04
3.898058039454922220e-04
3.896540470143728839e-04
3.930856011294931287e-04
3.980563271956320641e-04
3.996487426917702860e-04
4.150639789841950545e-04
4.232922501468624511e-04
4.336017299559215385e-04
4.877331834250858982e-04
4.809921914296124692e-04
5.606406771944637529e-04
6.902763997860968895e-04
6.120610510845364560e-04
1.055788075812560218e-03
1.118756826169828560e-03
1.089771502456759154e-03
2.941547148135668747e-03
3.058901244309099147e-03
3.947522447349248974e-03
4.244434148842211180e-03
4.888037288925117796e-03
5.004797317411073185e-03
5.082384291260060027e-03
6.334285436784533284e-03
4.218208779967176983e-03
5.851539349367035521e-03
7.280955007455557418e-03
-1.304812596863985999e-03
4.515926448680268254e-04
-7.304296024427297043e-03
-1.187388849760345061e-02
-2.891226594093682881e-03
-3.682245522237529486e-03
5.375501096316502928e-03
2.902107768035508059e-02
3.265481223325016752e-02
4.407292067462412199e-02
5.179324165514954947e-02
5.513414343650333699e-02
6.636093448931085215e-02
6.676695879142655055e-02
7.426070744741072871e-02
6.735457183910159573e-02
4.162002653897607651e-02
3.204931855984013978e-02
3.486158855799034728e-02
3.232712981599665525e-02
3.706700418752482962e-02
3.918061119857100399e-02
4.092321947787254388e-02
4.529142740627260799e-02
4.692140590212074552e-02
5.044662767762649047e-02
5.304122832037535401e-02
5.632714051832908575e-02
5.913202584431827280e-02
6.211536880875968836e-02
6.645084259146616379e-02
6.762739189195832168e-02
7.281270966198913341e-02
7.406475685422178601e-02
6.970359986584900858e-02
7.265491496712755959e-02
6.589948816929833142e-02
6.361785507299687337e-02
6.014246849579069076e-02
4.698516604367878463e-02
4.078743523434237572e-02
2.151808252497236507e-02
8.048832776809657086e-03
-4.966814784687800799e-03
-5.092263309662947712e-03
-1.114310519257068199e-02
-1.001072489248985495e-02
-1.591845117663999790e-02
-1.571806551080550188e-02
-1.201456231855875696e-02
-1.106345304150730541e-02
-8.365910368120649254e-03
-7.070648444323512569e-03
-4.757899448081231303e-03
-1.725983084529806222e-04
-1.649253053827312663e-03
1.021639632917379324e-02
1.225507928112857040e-02
8.529928997142293204e-03
1.150186614265514759e-02
7.638779673700062806e-03
8.243405296105421956e-03
8.714360977371474540e-03
7.803328317870757494e-03
5.961066585284845870e-03
5.508395516705295002e-03
-3.747498995897290564e-04
-6.784085135839933514e-03
-8.426800257361716923e-03
-1.604808206775414775e-02
-1.365971212172493142e-02
9.022665230280428432e-04
-3.757112666349434783e-03
-1.306882165445202339e-03
-8.867794849524916583e-04
-1.992261330724098833e-02
-2.192091131652346842e-02
-2.596548423151784357e-02
-2.601881836750553206e-02
-1.227141067602890989e-02
-1.260953224561719120e-02
-6.422349398333889467e-04
7.914384026242270295e-04
5.835687437297695768e-05
2.864042533684147025e-03
3.825400999205745989e-03
4.833882730557549634e-03
5.701145802433447290e-03
1.413144615624727790e-02
1.937066756843976167e-02
2.779653195408442537e-02
3.991331906609751207e-02
4.438939189654902279e-02
4.920485298155340137e-02
5.214354805967708062e-02
6.306275971620126097e-02
6.286519747955125748e-02
6.083177866082795787e-02
6.511668388623735593e-02
5.568672125182803911e-02
6.050396697682215025e-02
6.226169002191986324e-02
6.173246286297298657e-02
7.219939309534911809e-02
7.239662233079038889e-02
7.603493150130730127e-02
8.138510853324942840e-02
8.033201607868013794e-02
8.473840814839321556e-02
8.590888286111834915e-02
8.561830069544229538e-02
8.907165572901615258e-02
8.780256804232236534e-02
8.860541162488455580e-02
9.038814694140034911e-02
8.744627654922151883e-02
8.938486656228916694e-02
8.748809046820915647e-02
8.272531152039509783e-02
8.217482607797867156e-02
7.329211594952381170e-02
7.159666659899059649e-02
6.719767364545270460e-02
6.114011758879027425e-02
6.113972427076660304e-02
5.344021685069895444e-02
5.129079960902699353e-02
4.763290350792935557e-02
3.673734269903328881e-02
3.525415832457900328e-02
2.242477266174638939e-02
1.536195556859620837e-02
9.649885417378803801e-03
-6.710773829893435828e-03
-9.810653750550579061e-03
-1.871704773783078313e-02
-2.448834778886883196e-02
-1.121200677732343831e-02
-1.504044276677718971e-02
-8.301331197781687196e-03
-4.340126444909788404e-03
-6.262220831383025557e-03
2.222624551913597590e-03
1.709120893824384903e-03
5.566599192046837834e-03
8.004876241752299781e-03
1.075328923398663830e-02
1.032286814094413377e-02
1.116121330845160076e-02
1.129943298412046035e-02
1.037505494909313902e-02
1.134528639847062412e-02
8.986378128539109639e-03
9.029538151919541331e-03
9.967376581617753972e-03
9.041954552590276972e-03
1.048531324696729689e-02
9.460210131060667674e-03
4.352496043077374969e-03
4.482107354583067700e-03
3.997971194790196463e-03
2.531521469294505285e-03
3.077240573379039744e-03
2.477432331670702953e-03
2.229650599101558849e-03
3.295332408715206420e-03
3.336465635172703760e-03
3.691659047997216357e-03
4.135097039581027596e-03
4.564622366953027810e-03
4.212632399925499843e-03
5.648414207612363104e-03
5.532181127181132543e-03
4.971145855975357165e-03
9.768216399140383643e-03
4.861702886678335653e-03
8.337510283789054122e-03
6.136453177399035612e-03
-1.664105768610874003e-02
-1.897741691818906340e-02
-2.108870773583883598e-02
-3.046978270222526486e-02
-3.083841095325075971e-02
-3.789813415862424567e-02
-4.495182243861296778e-02
-4.538549896815955581e-02
-3.634380906704221675e-02
-4.203848034893620245e-02
-3.879440470880406860e-02
-3.802634908359004556e-02
-3.737114213076775382e-02
-3.105780532827523421e-02
-3.008390339584599699e-02
-2.378594909807808799e-02
-1.945727725415590664e-02
-1.319877856615566183e-02
-5.161591765770147042e-03
-6.599813623486194478e-03
-8.050850426402451562e-03
-1.972488842918742463e-02
-2.496552629376416754e-02
-1.273445635663210743e-02
-1.344630727786071470e-02
-1.021969039064505799e-02
-6.309572807148349297e-03
-7.037844534664125171e-03
-6.029309684461481474e-03
-3.571635047337904951e-03
-2.921938076557322773e-03
2.291344743632276262e-03
6.076875874195961091e-03
8.560124808214657210e-03
1.399759269337945596e-02
2.138787732315335435e-02
2.524506185881379011e-02
3.301391657440211347e-02
3.822108040920440403e-02
4.375840998536242865e-02
5.370937285790051974e-02
5.654111090948257812e-02
6.663180789064987453e-02
7.057290376331123993e-02
6.962142559668871300e-02
7.637017115033822856e-02
7.399502950524906864e-02
7.535913119027959350e-02
7.853412617768183723e-02
7.333259318334071908e-02
7.686298243783906692e-02
7.297104285063249485e-02
6.509934691114335759e-02
6.259331176175367273e-02
4.897563385025711230e-02
4.325457901135180971e-02
3.437806299690404632e-02
2.180211931439197948e-02
1.456197079216401194e-02
6.544580498765526638e-04
-7.672509222923761148e-03
-2.089774816279375835e-02
-2.897942292596375133e-02
-2.056810508429365858e-02
-2.478693529426263809e-02
-1.272682038024379458e-02
-6.463041900537459805e-03
-9.695086032202482329e-03
-5.586275680707351518e-03
-7.287510364581370817e-03
-5.854666027179308840e-03
-2.935783463063346751e-03
-3.444535824474458195e-03
3.956033134797859799e-04
6.233876343541505747e-04
-1.955707955294330291e-03
-1.108041699048575683e-03
-2.321086964036618312e-03
3.156469492109414352e-05
1.519746208730492730e-03
1.236491153900661898e-03
7.477425390294395978e-03
7.010707586015373950e-03
1.329953919991992998e-03
3.556922421892835893e-03
4.653501022026548112e-03
4.994819588872775364e-03
1.188422048164111677e-02
1.385929115072718175e-02
1.542485777096500033e-02
1.560512088830820487e-02
1.879236797287484745e-02
1.868083544706292121e-02
1.134790076224968976e-02
8.908669121855006257e-03
7.399195513483973127e-03
3.562873944173862613e-03
6.273937423460843044e-03
-1.103921417952324338e-03
-1.419847280963017298e-03
-1.428183012702946737e-03
-8.699810349625584222e-03
-4.683148117655402606e-03
-9.561471409284909989e-03
-1.488397926121336201e-02
-1.161334855202694923e-02
-1.869195051167952398e-02
-1.358371396230185352e-02
-3.646068023721396514e-03
-1.794443798640741597e-03
2.236832517748314070e-02
2.682640907060868107e-02
1.753811766754977478e-02
2.377493500019176378e-02
1.967505576190353711e-02
1.469745406202134334e-02
1.999315718759105825e-02
1.066041968823967789e-02
1.062504326322419486e-02
1.065029083586596301e-02
-4.865641343762835448e-03
1.017446762959213144e-03
-7.509070298268420880e-03
-1.673359795507529252e-02
-9.842212576692606352e-03
-6.512429725354039987e-03
-2.334518295584011097e-04
1.978089984517971550e-02
2.100794072757778894e-02
1.883927332576147001e-02
1.876606596527591320e-02
5.217925129373592562e-03
8.500064703476535588e-04
-1.370873125179337439e-02
-2.086324754402585357e-02
-1.625573600487234538e-02
-2.155437341863443435e-02
-2.362984052725487782e-02
-2.430373921390368772e-02
-3.118485999276234683e-02
-3.202528422665315566e-02
-3.689080799781948444e-02
-4.350741973547190417e-02
-4.593413270300275575e-02
-5.317442584453564713e-02
-5.507464369268028764e-02
-5.439191405053238337e-02
-5.572521424504087162e-02
-5.266214195549138999e-02
-4.134675820010667857e-02
-4.129606055959504640e-02
-4.322651164095473592e-02
-3.860622163047426614e-02
-4.096054030967476167e-02
-3.475936961548883181e-02
-3.003480714786321837e-02
-3.115432931684390672e-03
2.332243269892383952e-04
8.854256843524662898e-03
1.466843970846742548e-02
1.354427451533624614e-02
1.723138384287897784e-02
1.702504503443062062e-02
1.606545983797262947e-02
1.530360964785491482e-02
1.632784923876206412e-02
1.611895583124572581e-02
1.851861018126389063e-02
1.712389332349963794e-02
1.841374057731434699e-02
1.737702741629799930e-02
1.267839695906012101e-02
1.055656820323606915e-02
1.877683131419556010e-03
3.141766877325781297e-03
-8.222523667532196864e-03
-1.358120884192012129e-02
-1.042211848438829268e-02
-5.304538820391588999e-03
-2.413542830184325222e-03
-8.276723269678364428e-03
-1.443588523185857300e-02
-2.834812081981804774e-02
-3.515190937963884321e-02
-3.507275590755237760e-02
-3.504777123255180954e-02
-3.408759056953411526e-02
-1.522417102692780536e-02
-8.979411384870877866e-03
-6.490114246383718935e-03
8.294720293409304016e-03
9.388524503831964518e-03
1.959941295659461263e-02
2.596641034122287167e-02
3.420916307163349157e-02
2.622607749941632121e-02
2.029312068640706443e-02
1.026648004527701274e-02
1.069500220809273261e-02
1.476503374350978184e-02
2.274324838162816720e-02
3.246939315870851078e-02
4.515909141329542409e-02
5.497043947688157184e-02
5.523099366785000353e-02
6.390604778441372202e-02
6.811807885531595552e-02
6.911770358515419155e-02
7.901169850439310194e-02
8.099272369171041375e-02
8.495472428042336044e-02
9.790644491127033222e-02
9.392065730637329246e-02
1.031880443649283441e-01
1.016385218535973689e-01
9.367708301751020983e-02
9.868698271524500854e-02
8.440782220829146087e-02
8.000219424373694599e-02
7.422518987353853015e-02
5.133943938300462861e-02
4.657421961481458816e-02
3.500333129819643146e-02
2.214710943632267059e-02
2.196304616330934517e-02
9.700960812854221224e-03
7.570832040283382094e-03
7.149819867025875540e-03
-6.388613278860672635e-04
9.045878854967871058e-03
9.028356935130838617e-03
1.267002274285695604e-02
1.343453633556714391e-02
9.879064452981128203e-03
1.155668267226265568e-02
7.800992390907495258e-03
6.078954377535798759e-03
4.971748081032598826e-03
-2.371265002845265532e-04
-7.957928809346444862e-04
-5.484485937701060777e-03
-8.793261279795726651e-03
-1.042235235484726026e-02
-1.582200328335698833e-02
-1.797926584485888199e-02
-2.114768493783351216e-02
-2.723894976795895526e-02
-2.873465039556657302e-02
-3.527889734844191771e-02
-4.129460176042194786e-02
-4.387922402728212240e-02
-5.522361810860969278e-02
-5.880911667503999768e-02
-6.173005318070782371e-02
-6.633152653746453298e-02
-6.099142113282976507e-02
-5.937483132691126486e-02
-3.277181256472577048e-02
-2.793400724707712987e-02
-6.635402517777957108e-03
-1.904158826784593242e-03
-1.682404813338330037e-03
1.230602035154647659e-04
-2.960360264153122974e-03
-5.979360538271206874e-04
1.438987364826508925e-03
-5.029949269275887751e-03
-6.869062464432755706e-03
-1.491274607911650257e-02
-1.828507638281853115e-02
-2.638439778673399086e-02
-2.950612939335532300e-02
-3.605171394085648212e-02
-3.636781651523809250e-02
-3.330867704260236789e-02
-3.485273123344299201e-02
-3.216457500883863202e-02
-3.185860666294965809e-02
-2.927809193609619970e-02
-2.595403853584258083e-02
-2.568070576342444677e-02
-1.474137736762005588e-02
-1.425539757259059771e-02
-1.255755020015495924e-02
-9.507423138941616114e-03
-8.933722658628670543e-03
-7.511552619688448458e-03
-5.940639596395743717e-03
-3.939233062917391233e-03
-3.415103574357994821e-03
8.769621607136317580e-04
8.100569674447563292e-04
1.067833953599880070e-03
2.088624356609771957e-03
1.880247236025487387e-03
2.257391878386348118e-03
2.297216264490470686e-03
2.346781993236474878e-03
2.432776529556548127e-03
1.940152919660017520e-03
1.898861725993944384e-03
1.929121733341317363e-03
1.793271089384616823e-03
1.815486417971795899e-03
1.789783560720599595e-03
1.762677688359929858e-03
1.768083724174437151e-03
1.754134251232119602e-03
1.750570854027069453e-03
1.749603759016089095e-03
1.745198958134613855e-03
1.744802277328204613e-03
1.743573457862936582e-03
1.742474233316094242e-03
1.742145539723926424e-03
1.741464561452588924e-03
1.741074632475135423e-03
1.740338419431018907e-03
1.739950252564212473e-03
1.739028603913581788e-03
1.737226837393656938e-03
1.737186148890382817e-03
1.732760322236925367e-03
1.729886603394291920e-03
1.729180874290079870e-03
1.711507421714182804e-03
1.714858793000305706e-03
1.697410339616719187e-03
1.648691701279387080e-03
1.688674664499649567e-03
1.558177046581807204e-03
1.511243463232167690e-03
1.600986858837161533e-03
9.599275881093378808e-04
8.971102646966070890e-04
