-9.698104506456889373e-02
-1.036421648469171425e-01
-1.331027667470157383e-01
-1.481841379872461395e-01
-1.103924111681174741e-01
-9.433050403923394500e-02
-8.454324309925678738e-02
-8.291935371733437365e-02
-8.233929880441780147e-02
-8.218616628797589807e-02
-8.221507522132562307e-02
-8.221507522132746881e-02
-8.221507522132348589e-02
-8.221507522132674717e-02
-8.221507522132870394e-02
-8.221507522132491530e-02
-8.221507522132572021e-02
-8.221507522132576185e-02
-8.221507522132830148e-02
-8.221507522132640022e-02
-8.221507522132659451e-02
-8.221507522132873169e-02
-8.221507522132609491e-02
-8.221507522132713575e-02
-8.221507522132415202e-02
-8.221507522132598389e-02
-8.221507522132637247e-02
-8.221507522132535939e-02
-8.221507522132727452e-02
-8.220852828302452342e-02
-8.225448965515956556e-02
-8.238878601003189750e-02
-8.199053644812932806e-02
-8.337241398856384822e-02
-8.441393599708950368e-02
-6.918975731248624972e-02
-6.862038860905743387e-02
-6.650371329857798774e-02
-6.522272534053197290e-02
-6.749801617897281669e-02
-6.821200336412715226e-02
-3.787047164063955113e-02
-3.721220930484869099e-02
-3.381193953212553727e-02
-4.022029267290804649e-02
-4.495853661104508292e-02
1.664083263605379420e-02
2.031217175056934318e-02
3.070194835644166759e-02
2.996437104063740670e-02
3.475759470628388831e-02
2.435736261130756752e-02
2.633540097070905320e-02
1.542261027992828867e-02
4.024407455087774393e-02
4.206237541748279046e-02
-2.938763736796030056e-03
-2.340641019445286256e-02
-7.651733537047997191e-02
-8.954414202382765531e-02
-1.950399225169105119e-02
-1.259890361212718732e-02
-2.319246513123703751e-03
5.413884027039213287e-02
8.830015127451584789e-02
7.908789389212815546e-02
1.273581981731639612e-01
1.049829563667192267e-01
8.893366345223781277e-02
9.625379368679154446e-02
6.186382165374573056e-02
3.619959397913229127e-02
2.098158531221257228e-02
2.648790984327548462e-02
1.931124719801332809e-02
6.609269490826186200e-02
4.479697782418159968e-02
3.821496260743749429e-02
4.590247032380220804e-02
6.742469663688683071e-03
1.333151045500226631e-02
-7.580128003697082784e-03
-9.743304620165890370e-03
8.740109194803476547e-03
1.478683062415572097e-02
3.407664917432003809e-02
4.492819664151173620e-02
2.360101233271623064e-02
3.352523528536058284e-02
-1.769302840237185412e-02
-7.344777563465143544e-02
-1.086847908807506702e-01
-6.891959543810011191e-02
-1.001368444087865212e-01
-8.464722093013393733e-02
-5.403974160495453316e-02
-4.703746486664019122e-02
-5.203564703130725277e-02
-4.331590752273443284e-02
-4.077949749828044951e-02
-5.629984531527976177e-02
-6.027458450676968088e-02
-6.648672161238240730e-02
-7.480558249129788673e-02
-7.925065823979500490e-02
-8.777293378158974868e-02
-7.475089741773896512e-02
-2.056316216195587868e-02
-2.669928059325459707e-02
-6.272697032427328179e-02
-6.708458425580293705e-02
-4.933241297561356126e-02
-4.283588435040688175e-02
-3.072920582831555059e-02
7.386785562863418080e-03
-3.815590755769536491e-02
-6.955725816176260012e-02
-7.858624144104854603e-02
-8.542287749302596503e-03
8.543136196813519434e-02
1.022883108347487635e-01
9.993792106848517487e-02
4.420568331834943965e-02
-4.199584969609525265e-02
-1.096275892057535922e-01
-9.984742880702157652e-02
-6.773250135217817602e-02
-5.159337125063861301e-02
-5.184754158457054174e-02
-4.957306155275895132e-02
-6.247819732544927090e-02
-6.598165425247810856e-02
-6.796972654871512309e-02
-6.509328049247500858e-02
-7.539871212794936606e-02
-6.942497098163170899e-02
-4.217087242599302371e-02
-3.316499301212533918e-02
-2.357197025203701043e-02
-2.342827031328343843e-02
-2.215981165459966762e-02
-2.115507143784629146e-02
-4.868610775348050645e-02
-1.672302771150648362e-02
2.305040537764616732e-02
2.074954098246854436e-02
-1.506433045019785200e-02
-5.188264891219338676e-02
-9.750026789754753787e-02
-7.430043605252008299e-02
-4.134031151837562479e-02
-7.029362104637526532e-02
4.180693748207363336e-03
7.550253795980091560e-03
-6.397146928815510003e-02
-7.881820267185335460e-02
-4.842293153470410283e-02
-4.720025753656635625e-02
-4.726671080746869952e-02
-4.111503672053445912e-02
-5.187549832350722701e-02
-5.071331785700701478e-02
-6.026303988779173337e-02
-5.893274155530958680e-02
-5.419168953082493384e-02
-3.246953804124926013e-02
-3.536067658970095534e-02
-5.997438618346956352e-02
-6.425807109621033131e-02
-4.794961173085778017e-02
-5.363209224490975147e-02
-5.078254477555203816e-02
-7.787653502055609522e-02
-7.478565703058977221e-02
-1.132466181085750173e-01
-1.053914634701416664e-01
-2.566222108676320668e-02
-3.185960627950501500e-02
-1.132526993674703442e-01
-1.239893734432004069e-01
-7.612892692639541825e-02
-7.624537353962088093e-02
-1.044834633801969975e-01
-1.045325476050629060e-01
-1.258572018436991680e-01
-1.081181059876420714e-01
-3.890604868318225940e-02
-3.505909557585357161e-02
-1.822931616314091979e-02
-4.110729388258447387e-02
-3.362264644555330168e-02
-2.967228535512691362e-02
-1.153570142363187674e-02
-2.768802538255238366e-02
-6.213015200934092486e-02
-6.646758332788103851e-02
-7.422971320685203822e-02
-7.950140380988540700e-02
-8.800070350881206149e-02
-7.465162649704801257e-02
-2.301556855754350456e-02
-2.781104936922918630e-02
-5.137605802845783554e-02
-4.862825887362880878e-02
-1.865859192427843372e-02
-2.484724515805212565e-03
6.143456026646149960e-03
-3.395018190989387841e-02
-1.335798526625554539e-01
-2.448408729437950293e-01
-2.179714060329648317e-01
-1.974939843310667686e-01
-7.189285977723670895e-02
-3.608888107664724038e-02
6.203421931961478064e-02
2.933443988156752419e-02
1.190085247129896683e-02
-4.313683820635371563e-02
-9.530813341260681304e-02
-1.193860348117758707e-01
-1.398871691300266062e-01
-9.640382436199698701e-02
-1.095625065184379909e-01
-9.862939366074754965e-02
-8.903775539272924811e-02
-8.365187116269011403e-02
-7.195579919677201619e-02
-4.115730228649115696e-02
-1.921549633969972526e-02
-4.133225951539027526e-02
-7.838630165878161804e-02
-7.760578491495358222e-02
-8.283519932197729030e-02
-9.259942432601875328e-02
-7.627423445039308025e-02
-7.836217722031940669e-02
-9.186522285292303414e-02
-1.046568860651304056e-01
-6.466745030820149343e-02
3.661886549630982701e-02
1.054672221142591293e-01
1.368862168607624663e-01
9.672190066398145269e-02
5.934375442674613144e-01
9.306111796472615882e-01
5.315739573898300430e-01
4.001845839641008928e-01
4.860893209950896687e-01
4.122998151839426528e-01
5.197378731935549112e-01
8.454136779993206563e-01
5.903776971753390557e-01
5.609885515546075840e-02
8.230527172458312890e-02
3.918303127843271727e-01
4.330719777719638230e-01
7.164471283638132459e-02
-1.143354380096276712e-01
4.173397151599882171e-02
9.302556142494410041e-02
6.168590844909908888e-02
3.043378791786503085e-02
2.699401215111123242e-02
-2.180523250871550106e-02
-8.096312208616286699e-02
-7.242497492988289598e-02
-4.070914689982643025e-02
-3.183081771035602830e-02
-5.858220692828339238e-02
-1.097491190917984916e-01
-1.329682976912950620e-01
-1.367643941183628309e-01
-1.268157343159404260e-01
-7.939540639087905305e-02
-6.639477022169874842e-02
-3.701340449332290311e-02
-4.687872535730475826e-02
-6.129975515549380277e-02
-4.622344222632342875e-02
-4.160564544721262470e-02
-3.057693699426242140e-02
7.793921223347302120e-03
-3.832526431729452870e-02
-7.383817752864310635e-02
-8.463103210856398606e-02
-5.834449801055474616e-02
5.336131815473309573e-03
7.793128247610647819e-02
1.294817671186215546e-01
1.133525690717623602e-01
1.155854545125444000e-01
9.191194586074948047e-02
8.089776414073167332e-02
6.458335149478444670e-02
6.029616918673794818e-02
5.853860839096949181e-02
6.999348917411624127e-02
1.070998305386930693e-01
9.263241526818455363e-02
6.911540128483256717e-02
5.815398738594665384e-02
1.288531516189102277e-02
-1.374154557636420027e-02
-9.384924515069899276e-02
-1.106438389856362892e-01
-1.014435381594155638e-01
-1.145200240867167568e-01
-1.029286988177672141e-01
-6.044466735317562123e-02
-3.927959987694830402e-02
-5.686078550989598357e-02
-7.136020507575287219e-02
-7.601544143760825822e-02
-7.156617173150070510e-02
-7.244485500989221449e-02
-7.069519748939294412e-02
-8.013144883324649359e-02
-7.867773137780484372e-02
-1.611715567922684597e-02
-3.599970144202559869e-02
-5.834935905019664887e-02
-5.030825530572358151e-02
-9.250886032876269247e-03
-4.435182701685053824e-02
-4.257300323761404465e-02
-4.251699460338230485e-02
-4.359604217449790375e-02
-4.343308302165601459e-02
-4.476735901409377438e-02
-5.053083421865183639e-02
-5.360130621444288840e-02
-1.053202900638496586e-01
-1.007207516772766903e-01
-7.978856269162652726e-02
-8.281050448172015688e-02
-2.820259938177473516e-02
-2.218526939047009428e-02
-2.183624361591027414e-03
1.096322531100123523e-02
4.444882310786471558e-02
6.683617450068911336e-02
5.020661473512193218e-02
-3.930181156055986315e-03
-5.191042438705985307e-02
-2.183475737882097645e-01
-2.568435052203240088e-01
-3.151917493434370776e-01
-3.488024267448861515e-01
-1.837236249790821785e-01
-2.205580027747568173e-01
-8.642052936970083532e-02
7.596627858727922344e-02
1.225562195389540282e-01
1.198867076122706460e-01
1.497801549468947002e-01
6.863232919029177426e-02
2.596791084281611234e-02
7.145419153936596879e-02
4.071948069703291984e-02
8.518637295443357016e-02
5.267144092738130362e-02
1.352191043997915537e-02
-2.281644552924938507e-02
-2.160351971597460063e-03
-2.551410524165496907e-02
-6.965288230950640591e-02
-6.198785097983047082e-02
-4.290902531545742055e-02
-6.969080914762421086e-02
-3.958033003668012806e-02
-5.304660028786738896e-02
6.694504615866250785e-05
4.297120667730442573e-02
3.465233859125087246e-02
4.292704841524871973e-03
-2.471437161587903761e-02
-9.667181141109301712e-03
-3.770550380338406893e-02
-9.450332488376650408e-02
-1.233888383348227258e-01
-7.784867539978297668e-02
-5.058987900131230175e-02
-5.402567759987587231e-02
-5.373992016201974142e-02
-5.795804268369004336e-02
-4.774227718593605091e-02
-3.449865705868223470e-02
-5.807903907342672201e-02
4.585678088519037215e-02
4.460976126069340214e-02
-8.541524287041243890e-02
-8.556516968411102819e-02
-8.095938609339792258e-02
-8.496858809349978892e-02
-8.178840799291267616e-02
-4.308065375076926967e-02
-4.305868919839281328e-02
-4.966742559161124726e-02
-5.108223800650449342e-02
-4.788070076229214433e-02
-4.663667668187815307e-02
-4.178576741582246123e-02
-4.171572727121808377e-02
-4.157769276526025737e-02
-4.147868229957027419e-02
-4.149374381122988842e-02
-4.149374381123122069e-02
-4.149418504148645603e-02
-4.151251641342976195e-02
-4.144048137618965705e-02
-4.073610533487331126e-02
-4.009074370395633580e-02
-3.375897870599426503e-02
-8.934540134747927589e-03
-8.931177234644250423e-03
-2.182504489917785895e-02
-2.097268254938346871e-02
-2.273050624554356566e-02
-1.872301746341959935e-02
-2.324160794371800051e-02
-8.552386965436963029e-02
-8.790117805854515132e-02
-7.939057448114182625e-02
-8.137954966989051353e-02
-8.011987942256501571e-02
-8.878482197977095869e-02
-9.318541788550570304e-02
-5.190530710499558636e-02
-4.761632441508500957e-02
-3.795048808726489420e-02
-3.709844445156679910e-02
-3.683008080683276148e-02
-3.644245419366383409e-02
-3.626472999544414627e-02
-2.893797842229425474e-02
-2.437545005862845615e-02
-1.719231102355633228e-02
-2.049100118902642820e-02
-3.008548215172682574e-02
-2.994261769122790948e-02
-3.027435985980224745e-02
-3.040886054869387095e-02
-3.068742761086190943e-02
-3.008522431157469729e-02
-2.994264245436146360e-02
-4.343232681504641951e-02
-4.365836115591194277e-02
-4.479630214988930548e-02
-4.640685103545802437e-02
-4.663235208061204673e-02
-7.469220414988285428e-02
-7.418512082374204009e-02
-7.380180896010449243e-02
-7.454050794954261705e-02
-7.440159408003241270e-02
-7.437246925659846131e-02
-7.437655424004410709e-02
-7.437655424004427362e-02
-7.437655424004471771e-02
-7.437655424004370464e-02
-7.437655424004305238e-02
-7.437655424004434301e-02
-7.437655424004480098e-02
-7.437655424004376015e-02
-7.437655424004403770e-02
-7.437655424004388505e-02
-7.437655424004487037e-02
-7.437742026179280930e-02
-7.436989371397791093e-02
-7.442763684201246510e-02
-7.403090801760385531e-02
-7.371745130353085651e-02
-7.396189136253718266e-02
-5.779835307975304121e-02
-5.765877710262001105e-02
