-1.494210991424630153e-01
-1.615881577293151738e-01
-1.529599259557723190e-01
-1.585505294718558833e-01
-8.209468656333900050e-02
-6.744326278572654321e-02
-6.929783870525083045e-02
-6.929783870525925427e-02
-6.929783870525080269e-02
-6.929783870525314804e-02
-6.929783870525640932e-02
-6.929783870525181577e-02
-6.929783870525499379e-02
-6.929783870525532685e-02
-6.929783870525071943e-02
-6.929783870525528522e-02
-6.929783870525176026e-02
-6.929783870525497991e-02
-7.002541882156974873e-02
-7.078518694192112437e-02
-7.353532282834598921e-02
-7.317153277017249269e-02
-7.165199652946951936e-02
-7.165199652946843689e-02
-7.165199652947080999e-02
-7.165199652946768749e-02
-7.165199652947208675e-02
-7.165199652947638886e-02
-6.473788783880257691e-02
-6.114786806245965656e-02
-7.982372953114011405e-02
-8.461379701966870170e-02
-7.226164274166041457e-02
-7.987326118285903442e-02
-7.502813150260921604e-02
-7.911029831201210616e-02
-7.793324716639390970e-02
-8.229145395415315978e-02
-9.618679066341290218e-02
-1.020282912414666038e-01
-1.446173434426451798e-01
-1.376696750880096465e-01
-1.259866739319015216e-01
-1.259866739319069895e-01
-1.259866739319114304e-01
-1.339478118366003168e-01
-1.306829796365747143e-01
-7.798639176228852610e-02
-7.400582280994805195e-02
-6.648347790184153117e-02
-8.003109727341119195e-02
-1.169761441804927915e-01
-1.218835087782591392e-01
-1.442188336504340862e-01
-1.366051234543442794e-01
-1.526602685725523545e-01
-1.417671051682058703e-01
-7.824695268142514704e-02
-2.196960447559008836e-02
-2.953991535204872690e-02
-4.220228825607227202e-02
-6.611546684570966670e-02
-1.334849947879914733e-01
-9.264435144214309970e-02
-1.301245989136008974e-01
-2.235941069428748484e-01
-3.417656224997499548e-01
-2.581359494723754477e-01
-1.795890726995353071e-01
1.857852210494893158e-02
5.170068415010913541e-03
-1.041493144786528047e-01
-1.781339474716399085e-01
-1.402402065587910474e-01
-2.289935253090899514e-01
-4.956692793438073341e-01
-5.287142863742424481e-01
-3.512076488736317614e-01
-5.655253599043700286e-01
-5.625974617004291245e-01
-3.200069950682890019e-01
-2.164239320622703411e-01
-1.762794633781138987e-01
-6.354029223543362914e-02
-3.693117377595953738e-02
-1.143890794830794561e-01
-2.583725380591552975e-02
-3.824786490830629770e-02
-6.733311386236290330e-02
-3.747278062842582941e-02
-1.717370813946189276e-02
4.928061846355523065e-03
-1.000210477059861568e-02
-5.060024974853383206e-02
-4.348311609451303156e-02
-4.253511146937812015e-02
-7.826257331191820155e-02
-9.480904947275455019e-02
-6.754823636806087106e-02
-5.157041572904440263e-02
-1.170776282399115702e-03
2.230710013573163758e-03
-3.528554080131955650e-02
-5.032375906646910368e-02
-5.507150643063768447e-02
-8.807037624244598573e-02
-1.080135101521336599e-01
-1.242717085252644793e-01
-1.077722736193788555e-01
-1.012797974820534158e-01
-2.603176299326449145e-02
1.352162887005040892e-01
1.737197732513133808e-01
-5.561623155763361498e-02
-1.251535067668043677e-01
-2.728848462629233085e-01
-6.192704342464381423e-02
7.442740116618612456e-02
3.404436404209733591e-01
2.996330686395859422e-01
2.480939282715468597e-01
4.628024452215913354e-02
-2.744204409971003900e-01
-2.590618655903679790e-01
-9.829725225322701043e-02
-1.361070852181287261e-01
-8.659402460616635877e-02
-6.347353203443258096e-02
-7.951343353394495564e-03
-1.258084397096426166e-01
-2.010911834261735476e-01
-2.528649188530077141e-01
-2.086059590024662846e-01
-2.228638576204092225e-01
-2.075095216912244966e-01
-1.918936618233650360e-01
-1.918936618233624825e-01
-1.918936618233632596e-01
-1.918936618233627878e-01
-1.918936618233658686e-01
-1.918936618233676727e-01
-2.009467946353433732e-01
-1.964621617365982509e-01
-7.609278781847217399e-02
-7.156622141248344948e-02
-8.053548720997705246e-02
-4.718654879219391640e-02
-4.650866609058364187e-02
-5.157466496703859427e-02
-7.823648475765360155e-02
-8.089612182830156761e-02
-9.309721371437654214e-02
-8.810353842352031117e-02
-1.212573721022554701e-01
-1.294468930194087875e-01
-5.620384764902573022e-02
-4.639385969410203536e-02
-9.803147904153481154e-03
-2.963626252696201571e-02
-1.319460669820724519e-01
-4.917826679591485312e-02
-2.010231349089457772e-03
4.110165617599332178e-04
-2.137395283748321981e-02
-1.697831053566661863e-01
-3.423310565403611117e-01
-3.548050768416835532e-01
-3.418111082536045009e-01
-2.825357666730740624e-01
-2.895372158478291130e-02
7.531470895049223457e-02
-2.732364424330751412e-02
-2.063266725326295958e-01
-1.466910913922002402e-01
1.777578820466228504e-01
4.587836398793468939e-01
2.781555287115305974e-01
1.209275527220638469e-01
7.510415408396875665e-03
-5.620066207545605652e-03
-7.780757098801216465e-02
-7.204220916303541444e-02
5.994503078528291840e-02
5.994503078529238999e-02
-3.183723593659812390e-02
2.063663839584259710e-02
1.878071410494098203e-01
2.646693208488672400e-01
3.537070570857767660e-01
2.954982138143954495e-01
-2.160557758128114070e-01
-3.186062099142097925e-01
-2.548892342492453666e-01
-2.011947107903644394e-01
-1.615633816865326700e-01
-1.430997735951413663e-01
-1.210775869088469847e-01
-2.013782019420565228e-01
-1.850165198344150830e-01
-8.787881990132631257e-03
2.927390866809078118e-01
3.700644723581540396e-01
1.353104097808978945e-01
8.438378913313270349e-03
-5.580966914140284701e-02
2.207158961945717389e-03
5.350399596434791960e-02
1.313759741805886894e-01
2.160864003107380305e-01
1.488126709646875878e-01
1.082976246304181989e-01
1.001276701392392887e-01
7.700686690836412718e-02
-2.344538607415554421e-01
-2.749206704268313262e-01
-1.356278321300216638e-01
-8.604821168555923383e-02
-1.158370998955422365e-01
-1.060628500765464499e-01
-8.641707777082359432e-02
-8.215338611163432170e-02
-1.174242506320534035e-01
-1.111029941119548586e-01
-1.071146946366124675e-01
-9.574443528641546353e-02
-1.070203540709117607e-01
-8.291415342890133544e-02
-8.859928310399937945e-02
-9.840154589854226141e-02
-2.171349116948597183e-02
1.386161748402963967e-01
3.133687096623664625e-01
1.631639381991561721e-01
-2.549117409700543940e-03
-5.289645764152176716e-02
-1.708512748236321876e-01
-2.686758668420541341e-01
-4.396253500440037709e-01
-1.579791034528573168e-01
1.440581087145583195e-01
2.101927743463862797e-01
-2.461889213661580533e-01
-4.870270940962725392e-01
-4.934679017883751850e-01
-3.089437623813579559e-01
-3.089437623813653389e-01
-3.089437623813643952e-01
-3.089437623813586775e-01
-4.630911117965787471e-01
-4.643994373798487341e-01
-3.019700543443215035e-01
-1.788961145446362477e-01
-3.871907003064048447e-02
-2.238854929893138029e-02
-2.583725380590899331e-02
-3.824786490830654750e-02
-6.733311386235692197e-02
-5.044177930742059501e-02
-3.057803783990863111e-02
-2.913058382459237858e-02
-3.757625110205834590e-02
-7.730373403708552804e-02
-7.730373403708488966e-02
-6.246553570048007931e-02
-6.445779144270795402e-02
-9.840081859308109913e-02
-1.058199177613827202e-01
-1.018354062769374208e-01
-1.018354062769373375e-01
-1.018354062769386836e-01
-1.018354062769429164e-01
-9.833686012660468323e-02
-7.801108686113363000e-02
-7.800940551627182085e-02
-1.069051869888042738e-01
-1.103699663946128423e-01
-9.776294061810815450e-02
-2.691160048486011466e-02
-1.384019481025464821e-02
-7.550949432876763456e-02
-6.349569248263062238e-02
-7.129763659308722967e-02
-1.992400682213909396e-02
-1.489545025617236285e-01
-3.348100375627396930e-01
-3.244771552621485422e-01
-2.152875653712984505e-01
-2.061536506732105922e-01
-2.240385171605903114e-01
-3.136741373282212475e-01
-1.341947623144490731e-01
7.008151139217651260e-02
1.058114927984770415e-01
-4.275339685569364695e-02
-1.534299289759357421e-01
-1.405768751896750435e-01
-1.403849560845084055e-01
-1.654995366551128555e-01
-1.487513046555461182e-01
-1.772424736926262248e-02
2.170913967255405294e-02
2.774292570393304888e-02
1.877622508507376803e-02
-1.451990047979843934e-01
-2.729303343015234695e-01
-2.635671805091023279e-01
-2.258577809452165797e-01
-2.188524764796427324e-01
-1.467335225078253980e-01
-1.608118342698774683e-01
-1.937644600113197779e-01
-2.125341193733542577e-01
-1.843774958492818417e-01
-1.843774958492815919e-01
-1.843774958492768734e-01
-1.843774958492634952e-01
-1.843774958492730431e-01
-1.843774958492763461e-01
-1.843774958492711280e-01
-1.843774958492628013e-01
-1.843774958492800098e-01
-3.489167636469023837e-01
-2.803410061741367643e-01
-2.369237830094971659e-02
5.857725559785667557e-02
-7.857425934766773534e-02
-7.857425934766665288e-02
-7.857425934767141296e-02
-1.903669133709759431e-01
-1.781860058474626918e-01
-5.995817783598762774e-02
1.529456148629450007e-01
1.171997413009239902e-01
1.026959345802232887e-01
1.892910214822213916e-02
-2.186982486281285054e-01
-2.398279720053202724e-01
-2.607191775817080392e-01
-2.564544254351555641e-01
-9.169656993131988787e-02
-3.850428702533720965e-02
-4.776865482765361298e-02
-4.742955096401339082e-02
-9.203392205399577031e-02
-1.712593943881755842e-01
-1.643276166498890412e-01
-1.383506071834932627e-01
-1.366891411130742029e-01
-6.622878188399616839e-02
-7.062404519536852332e-02
-5.845936433868309523e-02
7.031745759221136316e-02
7.895212729393692730e-02
1.105692159425067933e-01
1.046894158103937461e-01
-2.411640887730224017e-02
-3.098768281322216225e-02
-5.798642887296931794e-03
5.966492506187055789e-02
3.032228306913756222e-01
1.941470222700433790e-01
-4.976068010205874637e-01
-6.502128810887021215e-01
-3.971052262617666972e-01
-3.856028639623995669e-01
-2.539067365241744478e-01
-5.462817314563377796e-02
-1.451596530780614042e-02
-1.863020374269973300e-01
-1.959008461327088613e-01
-2.014664370543844119e-01
-1.978080593082009175e-01
-1.786104418967789376e-01
-1.786104418967915386e-01
-1.786104418967885965e-01
-6.129955137398552384e-02
-7.901140953252960841e-02
-2.622367637931929396e-01
-3.208922090545893169e-01
-2.854684927374828707e-01
-2.854684927375057413e-01
-2.854684927375207848e-01
-2.854684927375149561e-01
-2.854684927374901982e-01
-2.854684927374815384e-01
-2.854684927375293890e-01
-2.854684927375194525e-01
-2.854684927375195080e-01
-2.854684927375084058e-01
-2.854684927374910863e-01
-2.854684927375104042e-01
-2.854684927375226167e-01
-2.854684927375146231e-01
-2.854684927375052417e-01
-2.854684927374995240e-01
-2.854684927374978587e-01
-4.035408134384657619e-01
-4.111011554310236016e-01
-1.686398481336873478e-01
-1.096036877831912670e-01
-9.448300379813111272e-02
-9.448300379813093230e-02
-6.830185307449179732e-02
-5.105378530237957707e-02
1.534574672743455222e-02
2.255171365615339478e-03
-3.224096417860414926e-02
-3.224096417860566888e-02
-3.224096417860479458e-02
-3.224096417860482927e-02
-1.860911913334746190e-02
-6.689803084967097836e-03
-4.664917941769422538e-02
-5.346510194032443736e-02
-7.730373403708830360e-02
-7.730373403708917790e-02
-7.730373403708548641e-02
-7.730373403708573621e-02
-7.730373403708962199e-02
-7.730373403708794278e-02
-7.730373403708623581e-02
-7.730373403708699909e-02
-7.730373403708622193e-02
-7.730373403708584723e-02
-7.730373403708594438e-02
-6.246553570048751780e-02
-6.445779144270791239e-02
-9.840081859308044687e-02
-1.058199177613823594e-01
-1.018354062769389889e-01
-1.018354062769393220e-01
-1.018354062769382812e-01
-1.018354062769363383e-01
-1.018354062769369073e-01
-1.018354062769388640e-01
-1.018354062769389751e-01
-9.833686012660458609e-02
-9.013216680003667547e-02
-8.865613559503963959e-02
-1.483819364736605750e-01
-1.829729430351506314e-01
-1.354935396494002242e-01
-1.354935396493995303e-01
-1.354935396493997246e-01
-1.354935396493996413e-01
-1.354935396493990862e-01
-1.354935396493976152e-01
-1.354935396493967548e-01
-1.354935396493994471e-01
-1.354935396493997801e-01
-1.354935396494004463e-01
-1.354935396494006128e-01
-1.332249058086914795e-01
-1.316711280797511208e-01
-1.190104205120635777e-01
-1.201447374324135231e-01
-1.232522928902969744e-01
-1.232522928902985426e-01
-1.232522928903009019e-01
-1.232522928902993198e-01
-1.197068939424283246e-01
-1.161667503419974296e-01
-2.074323955523809174e-02
-2.251593902917303075e-02
-2.959622623003405409e-02
-2.959622623003254488e-02
-2.959622623003336714e-02
-2.959622623003537942e-02
-2.959622623003651393e-02
-2.959622623003220487e-02
-2.959622623003226385e-02
-2.959622623003465083e-02
-3.258874816683161868e-02
-3.472366024393823414e-02
-5.092450247721857365e-02
-4.985156175983936760e-02
-4.632896292854336157e-02
-7.561641056037574082e-02
-7.540475043486367934e-02
-7.391029978901887676e-02
-7.391029978902001474e-02
-7.391029978902324826e-02
-7.391029978902009800e-02
-7.391029978901959840e-02
-7.391029978902441400e-02
-7.391029978902391440e-02
-7.391029978902040332e-02
-7.391029978901778041e-02
-7.391029978902165232e-02
-7.391029978902464992e-02
-7.391029978902319275e-02
-7.391029978901815511e-02
-7.391029978902026454e-02
-7.391029978902205477e-02
-7.391029978902020903e-02
-7.391029978902072251e-02
-7.391029978902270703e-02
-7.391029978902094455e-02
-7.391029978902030617e-02
-7.391029978902217967e-02
-7.391029978902378950e-02
-7.391029978902374786e-02
-7.391029978901889064e-02
-7.497013986562542365e-02
-7.434989149336322656e-02
-6.139894083871208497e-02
-6.154848986834519919e-02
