-7.672006585506707665e-03
-8.094281275586468621e-03
3.499252032103450372e-02
4.821019479807587410e-02
4.085567073790465770e-02
3.082114481679993495e-02
2.170411382265172856e-02
2.170251021834292832e-02
2.170058129280124856e-02
2.169978170964227682e-02
2.169989196624964867e-02
2.169989174019919601e-02
2.169989170215213398e-02
2.169989171971448486e-02
2.169989171858695276e-02
2.169989171858612009e-02
2.169989171858624846e-02
2.169989171858703256e-02
2.169989171858606458e-02
2.169989171858554070e-02
2.169989171858568294e-02
2.169989171858638377e-02
2.169989171858630397e-02
2.169989171858687990e-02
2.169989171858763624e-02
2.169989171867474018e-02
2.169989171705467498e-02
2.169989172491271559e-02
2.169989171752899348e-02
2.169988311011566279e-02
2.169996999438243354e-02
2.169984491896146186e-02
2.170034541574045184e-02
2.241263774286838401e-02
2.118603991860704486e-02
2.774675561451455177e-02
2.739075209441575731e-02
2.984502162797033481e-02
2.984298280075996235e-02
3.212698018095584002e-02
3.159880508569994084e-02
1.036914823328396323e-02
9.226693102650701528e-03
1.028966229587486778e-02
-1.238992970633931044e-03
1.673221480007421741e-02
6.004358889415762485e-02
5.533375598433224601e-02
4.294952555713612424e-02
4.205378381936388660e-02
5.945845465835144367e-02
6.135220464086556247e-02
2.107294346899264703e-02
2.240494377237921275e-02
1.740816558555863605e-02
-9.246998937024823381e-03
-9.551783603968940287e-03
-7.779655261571438891e-03
-7.785291016009667289e-03
4.817101188900983766e-02
4.106375353525183042e-02
-3.759551651977807718e-02
-1.395590238641511438e-01
-1.406699582732333920e-01
-1.140979167085976326e-01
-7.712549292854326000e-02
-4.652455706736292190e-02
-4.648917510794760982e-02
-4.647615633135221413e-02
-1.352250541814800991e-02
4.578612179992089075e-03
-3.065024184271168337e-02
-4.710983357272906236e-02
-8.335471931196196393e-02
-8.337801160354781083e-02
-8.341898412788466277e-02
-8.341422299279051267e-02
-1.115887316059918227e-01
-1.296812582657324853e-01
-7.198372173367562077e-02
-8.082923313034780233e-02
-2.554103359032165385e-02
3.014040131196268207e-02
4.893351877906527980e-02
1.056674144838819045e-02
2.838733034418703532e-02
5.415270977989616180e-02
5.563722835378379777e-02
5.722774465748143441e-02
4.251700241348038006e-02
4.077196683276514133e-02
4.205155499462783636e-02
5.945734584902061942e-02
6.135339889506393612e-02
2.107444715769829502e-02
2.692122085226803657e-02
2.323064351910174297e-02
-6.679806163465882261e-03
-2.493580809919986041e-02
-1.152841130900290369e-02
-4.952978579528981469e-03
-2.393206504019244896e-02
-4.075386728996953367e-02
1.306296794864820338e-02
3.333952370126927467e-02
-5.036102153645122953e-02
-6.583076557032339904e-02
-5.379956388118753430e-02
-6.616114753431236173e-02
-3.260284288006203013e-02
3.597232145360642480e-02
4.216317365862913558e-02
-4.187104837338295749e-02
-5.936481364414224887e-02
-9.185107056708146506e-03
2.544493210597132283e-03
-4.683518566456983806e-02
-1.009300623601842029e-01
-1.199219300874302951e-01
-6.333801791491298905e-02
-4.703039732067289258e-02
-1.830275698583160721e-02
-7.660829530613742777e-02
-1.043933410801599765e-01
-1.910834660047248598e-02
4.718206318262220533e-02
-1.177060764085342305e-02
1.133835610211787748e-02
1.519246283180237210e-02
2.666150920869004778e-02
2.951981391801960022e-02
2.372810455726800938e-02
1.705523999576760708e-02
5.438208702690182361e-02
4.862861613579070458e-02
-1.549359980395227654e-02
-3.377185746325003096e-02
-1.429556871900551120e-02
-3.525516469625266519e-02
-2.673525236865173862e-02
1.972702192769718033e-02
2.608998721083205866e-02
3.503768627767277211e-02
3.244307260744876131e-02
9.750456598199820635e-03
7.771941599108283041e-03
1.882077203074991253e-02
-3.120482289054344119e-02
-3.563179892824235029e-02
-7.837894383022293854e-02
-8.654489270664243727e-02
-6.076619786442441495e-02
-4.524341182774799935e-02
-3.372817642226483281e-02
1.065628878884295958e-02
3.152862382976923811e-02
1.460682967282093611e-02
-1.474184159057416801e-02
3.468375354967511218e-04
-7.107795905216009007e-03
5.658665044905303657e-03
4.643333268696873267e-03
-9.458020222779452146e-03
-4.533280587981196319e-02
-6.937852317956862136e-02
-1.319007275420880920e-01
-1.260436861424489019e-01
-9.490943975769998431e-02
-9.639673379075140713e-02
-1.177104402694171409e-01
-1.092201174083790166e-01
-1.033787179458899308e-01
-9.205796602151193608e-02
-7.327025601520015252e-02
-7.471922016648428755e-02
-7.899529854129275219e-02
-1.015809501820287286e-01
-9.434973819293646091e-02
-1.035411001147385213e-01
-9.227495526675871806e-02
-8.289617864041037842e-02
-8.689504025484998118e-02
-6.991548987089230005e-02
-1.099587312382932364e-01
-1.203402785145012976e-01
-4.670664171376957829e-02
-3.606862865989653860e-02
-1.319635373693441548e-02
-1.158007815450837717e-02
1.265390304906870156e-02
1.163044181080153706e-02
8.446468466009732917e-03
8.452770826658812658e-03
3.818514824411425174e-02
3.974651888878136946e-02
3.207177117037891823e-02
1.721210863007241118e-02
1.405474604320316144e-02
1.403471459229073577e-02
1.402376997859460135e-02
-1.651429531305824427e-02
-2.540061235645389368e-02
-3.718169189239368261e-02
-2.192880240950345963e-02
-4.132496301751162511e-03
-4.128838216302850757e-03
-4.117650238199639309e-03
-4.110783620495088268e-03
-4.096221995048815630e-03
-4.064020281947026275e-03
2.394927990322086656e-02
5.789370349693483131e-02
9.995630541293373805e-02
8.598458421671338614e-02
1.801488167767815313e-02
2.187210254284493310e-02
-9.916976888360221412e-03
-8.163397115909977464e-02
-8.355175730526474831e-02
-5.810843511501431052e-02
-4.057440330997319489e-02
5.569559875468611809e-02
7.475095129412420714e-02
6.901372950323503286e-02
7.270144923303994977e-02
6.896984205451238414e-02
5.518139937883055623e-02
4.275166002711128926e-02
3.835239380167142914e-02
4.188481159702023976e-02
5.150157638409270933e-02
1.108091862386480914e-02
6.208780286305779980e-03
-4.759154471381262831e-03
3.259283507867709231e-03
2.768654916815894290e-02
3.503428909863621349e-02
-1.657076804176824472e-02
-2.663846510803788425e-02
-1.483776738199159111e-02
-6.961983798902257430e-03
-5.539751390102854584e-02
-6.649459008786308412e-02
-7.000670157397881344e-02
-7.154116881808925132e-02
-1.911386188321227350e-02
-4.255930049835833506e-02
-8.211592706711821898e-02
-8.032027033886485201e-02
-6.437671889769927547e-02
1.407583371694560645e-02
1.275727742160276401e-01
1.072063877328124776e-01
4.161887145785388153e-02
-6.193772349889180295e-02
-4.191282924300531593e-02
-5.370450427161234906e-03
2.719321672836913506e-02
2.211336490622293691e-02
2.213346140595498848e-02
4.435394577772688862e-02
5.407740590247542972e-02
7.269235903041246227e-02
8.607232142579916701e-02
6.631894757156088505e-02
4.426370939493174013e-03
-9.845212450017565634e-03
3.728936409427075632e-02
4.905526953061696560e-02
3.108448980295579547e-02
8.328541883643843236e-02
6.734602551753095245e-02
2.292325907174546425e-03
-2.380706037247954862e-02
8.036929241844240762e-03
-2.486362160647719380e-02
-2.059433273697396441e-02
-5.749871895107135089e-02
-4.106520133035242853e-02
-7.050688079279766873e-02
-6.667412928557500673e-02
-6.703541485502584329e-02
-5.658511273982529816e-02
-4.911886764759944984e-02
-6.083071409507099375e-02
-6.958913535858814170e-02
-7.714782143700482653e-02
-5.415096781090125710e-02
-4.809980000901770136e-02
-2.095458002519169638e-02
-2.071518631045882880e-02
-4.066358908501380848e-02
-3.214298959838886305e-02
5.758392250093721972e-03
9.678503058686938748e-03
-7.336562244839922239e-03
-7.322436136562212802e-03
-7.341791184731054527e-03
-7.334661947817256236e-03
-7.327490425544520500e-03
-7.325694959338260523e-03
2.403167271913069641e-02
7.181241568275290206e-03
3.480544450833324838e-02
1.912702749627570933e-02
-3.988326783489559192e-03
-7.746450663432409263e-04
-7.946447357633343658e-03
3.227570347469718021e-02
4.654616297799926694e-02
4.514123262065670994e-02
1.481557400295444894e-02
8.969705880273261961e-03
6.788243260747725723e-03
2.013032423133873094e-02
2.012987662256836285e-02
3.758500282935740844e-02
4.131309176624260032e-02
4.069218495099331118e-02
3.196840479611651187e-02
2.451157410375748302e-02
2.451010279898344427e-02
2.450756956759890526e-02
2.451321722700831873e-02
1.919304960901172322e-02
2.442445693624419392e-02
7.236873648145983329e-02
6.852448727326802824e-02
4.959177291104653607e-02
-8.627111674718333095e-03
-5.384136148814689174e-03
1.158623972639757568e-02
2.091231794128472696e-02
2.790310851789668325e-02
2.411244028913889573e-02
1.944762266045693341e-02
5.468988915174766846e-03
5.468173307304395256e-03
5.465866873414488084e-03
5.462314423801657194e-03
-2.308133023479432781e-03
-1.005079720712576639e-02
-3.862584233262087580e-02
-3.474267652586506688e-02
-1.925595585122583109e-02
-1.925850393555730844e-02
-1.925648948473970487e-02
-1.925110198451963212e-02
-1.903476085737916199e-02
-1.453910173782192207e-02
2.871218902742983525e-02
2.860513835950409187e-02
1.961455540359543712e-02
1.961926813146336671e-02
1.961767577549105440e-02
1.961670743995070146e-02
1.961727899588466481e-02
1.961772487743937768e-02
1.961702564226268375e-02
2.394030709128447398e-02
2.302044029944579420e-02
1.873216080170791650e-02
1.657033826607190799e-02
1.624382955568375378e-02
1.635487431599075975e-02
1.253072869162776687e-02
1.361332242100043478e-02
1.339002751374864832e-02
1.338976965351973414e-02
1.338990276403587663e-02
1.338986647689515731e-02
1.338986930130890360e-02
1.338986931190064462e-02
1.338986930766434581e-02
1.338986930829070068e-02
1.338986930826088079e-02
1.338986930826124161e-02
1.338986930826141682e-02
1.338986930826107508e-02
1.338986930826083742e-02
1.338986930826133702e-02
1.338986930826144631e-02
1.338986930826179846e-02
1.338986930826121906e-02
1.338986930818341498e-02
1.338986930951623772e-02
1.338986930502258574e-02
1.338986928748438394e-02
1.338987657676358502e-02
1.338980943785977699e-02
1.338975857611479289e-02
1.339038619598385653e-02
1.282000582730639243e-02
1.358042293362144229e-02
1.867087871490890824e-02
1.828142581748512865e-02
