2.509648102350812149e-01
3.586288137835771384e-01
1.237476898348403465e+00
1.366033455615997427e+00
1.392475471318370683e+00
1.202654009173222072e+00
1.223551206563529226e+00
1.223494463077934080e+00
1.223453382196199035e+00
1.223469379828101555e+00
1.223468169696542818e+00
1.223468169696554586e+00
1.223468169696576346e+00
1.223468169696531938e+00
1.223468169696559471e+00
1.223468169696555474e+00
1.223468169696509511e+00
1.223468169696553920e+00
1.223468169696553476e+00
1.223468169696550589e+00
1.223468169696562580e+00
1.223468169696552144e+00
1.223468169696543928e+00
1.223468169696546815e+00
1.223468169696532604e+00
1.223468169696550367e+00
1.223468169696554586e+00
1.223468169696572128e+00
1.223468169696513730e+00
1.223466943541850371e+00
1.223471257445809313e+00
1.223519546875670549e+00
1.223359946938276543e+00
1.244433959152603242e+00
1.257617521239662306e+00
5.806536766655184811e-01
5.700680938002530285e-01
5.436582853945794991e-01
5.435611330869665192e-01
5.385664191883193785e-01
5.448232137480506498e-01
4.577642695646059190e-01
4.602724338400393522e-01
4.477343351349350464e-01
3.947919148132044143e-01
3.945837089884318138e-01
2.202351465117895479e-01
2.466906647806412223e-01
2.638151391072582896e-01
2.805500410636836972e-01
2.490959786720818303e-01
4.341669088237362639e-01
3.145592200855600318e-01
-1.788042050160181806e-01
-5.473380951393111982e-01
-3.944199586076913566e-01
-4.964901959138819099e-02
8.622614867935923799e-02
1.250282192615130850e-01
6.500466877296832979e-02
1.997303324490782017e-01
1.419842186198656542e+00
1.449834182678811922e+00
1.865271955129039316e+00
1.826947475675821275e+00
6.103264409266764279e-01
-7.285364534382614277e-02
2.277634217919473434e-03
4.981357675124305218e-02
2.202308101042619592e-01
2.223815884416307787e-01
2.223247217984762603e-01
2.223574815365502444e-01
2.395961341664765501e-02
4.951870014382668550e-02
1.023962651326003337e-01
3.944472950868829764e-01
2.017358012642009590e-01
-2.524534626854968988e-01
-3.210922853702241064e-01
3.267439797211362483e-03
1.157758241661264176e-01
1.561433034315181378e-01
1.988218633321191531e-01
1.314901450681866535e-01
1.866707432312736392e-01
2.518150437444544032e-01
8.504413354663874491e-01
8.228953604314090953e-01
6.925898128326966052e-01
7.870855087099613012e-01
8.257943518636168267e-01
3.301173799928329156e-01
2.158895571313589334e-01
-3.054368208599310131e-01
-3.635776767997597747e-01
-8.987686588635317164e-02
3.904563636386573777e-02
1.013755014953515166e-01
1.261537945835985164e-01
9.293026095071833803e-02
2.997651159370693513e-02
-8.735343881312401804e-02
2.537721296928109327e-01
5.494389930860718030e-01
8.020813797495470743e-01
2.627093108220772133e-01
-2.957955444527611832e-01
-6.298833083944660460e-01
-4.944837737764989360e-01
-8.013491711830955655e-01
-6.430735352897194446e-01
-3.137699112031905324e-01
2.295757040297639884e-01
-2.771373796100746328e-02
-1.445559627487073839e-01
-1.353801382994293812e-01
-1.003741581392298965e-01
1.733172044858423758e-02
1.472878366517159365e-01
1.311931331910778653e-01
-1.168354850298201353e-01
-1.147993583974698251e-01
-1.156054099619742842e-01
-1.006608281640178210e-01
-3.985475282189445551e-02
3.187654056867155750e-01
5.701942152602799130e-01
9.760241168915326226e-02
-3.614200676075475793e-01
-5.508265501472447978e-01
-1.121055760582757799e+00
-1.169400895605483992e+00
-1.239712040598505149e+00
-1.375859920275486870e+00
-1.340138913811907972e+00
-1.151717169940773333e+00
-1.152744628816614547e+00
-1.152174940464241848e+00
-1.306705935941854468e+00
-1.471404543064636306e+00
-1.268715883581630122e+00
-1.190584369061427061e+00
-1.033497447525180579e+00
-8.609247484719833032e-01
-8.010247220182524497e-02
7.501626087069950162e-03
-4.017921193535511915e-01
-3.244496449394786430e-01
1.081403037067934780e-01
1.403242672941372449e-01
-1.404502195530006776e-02
8.169278901670481985e-02
1.413150488518058190e-01
2.501705909260124039e-01
2.023155458331580003e-01
8.305007534733509222e-02
8.305309890937069561e-02
1.256281777175347614e-01
1.477754604337130351e-01
2.029134733098446886e-01
1.816337601196734430e-01
1.373447078546318756e-01
1.373394631405877309e-01
1.373052845803264255e-01
1.372937453646775885e-01
4.388696128502713595e-02
-5.210078553281077135e-03
-1.819382617725092462e-03
5.796645025705188248e-02
9.712038776453882361e-02
5.854241574862701497e-02
-5.319158621335515202e-02
-2.297625648404383672e-02
2.647390280721601541e-01
3.769765708000108462e-01
3.371436293221318214e-01
1.883620518044209213e-01
2.231142292043440389e-01
1.100133170396278975e-01
-2.375925989931048643e-01
-2.341153778695373999e-01
2.239281716752284379e-01
3.106788994246720836e-01
3.783414699164766581e-01
4.004185160215907868e-01
5.956417184500535644e-02
-1.248523055998708269e-02
-5.658753535654882649e-02
-5.657783875417514430e-02
-5.660054231358740279e-02
2.047158653580851140e-01
2.467700225601629493e-01
-2.640761254547289716e-01
-3.948850858762232852e-01
-4.298757986640281969e-01
-5.178082613887964314e-01
-1.493597000289178300e+00
-1.518375134518309855e+00
-1.344944418064243141e+00
-1.346487033324167637e+00
-1.345082034195771437e+00
-1.344631557421751111e+00
-1.344671985383258050e+00
-1.344666157922754790e+00
-1.346831032467317169e+00
-1.491097054479523232e+00
-1.834387930551525381e+00
-2.662648729105885348e+00
-2.594924771324140789e+00
-1.913789832563985716e+00
-1.912243565228658460e+00
-2.549236815850304261e+00
-2.542208971850491217e+00
-1.185295955805037549e+00
-8.628176045607723887e-01
-8.675558918247703311e-01
-8.631882109251682866e-01
-5.188073873810251646e-01
-3.248007853174292858e-01
3.036857053359176550e-01
1.320970686703277497e-01
-2.878539869145648744e-01
-1.588878099086302176e-01
3.341484836761933197e-01
3.487126873469009181e-01
1.508369688065008818e-01
2.182935148512737955e-01
3.884616849700268104e-01
4.911781051273267362e-01
2.919145852777510486e-01
-1.416499591149213422e-01
-1.702393407372920775e-01
2.277096024185476797e-01
2.898839374991633577e-01
2.143802059005082139e-01
2.129244473660435732e-01
2.374935486898882286e-01
1.428731315505635258e-01
1.436058822101970722e-01
3.643717492508231071e-01
3.569631360872113079e-01
8.324320316854923185e-02
-9.196235581225770117e-02
-2.062889918817874813e-01
-3.429964872875411186e-01
-2.989953048441062466e-01
-7.098067988919256610e-01
-8.765591435678850019e-01
-5.197714123607379832e-01
4.160898566176971514e-01
7.952755261520763064e-01
7.747106358258316894e-02
-1.988235425456900130e-01
-3.559394679033202058e-01
7.361130590809121521e-02
1.546725091118859585e-01
2.312942326789949876e-01
4.314420041685115281e-01
4.843579379844958899e-01
2.305103348350084902e-01
-7.990665821635786759e-02
-5.736177137924503011e-02
9.286862166613588099e-02
8.827854860521176794e-02
-5.100554278826272686e-02
2.697586897127642880e-01
9.114697312303293719e-01
5.747045021371374185e-01
-2.448498628947670952e-01
-6.298066078199159312e-01
-4.943603560940543207e-01
-8.013359663505786878e-01
-6.431890784848712794e-01
-2.975508796484801488e-01
6.786755596499008392e-02
-4.526767610134060371e-01
-5.766412814110437601e-01
-5.411738250786496396e-01
-1.582510925173324923e-01
6.688130815110537863e-01
8.343736250750692918e-01
6.766161693230285379e-02
6.809290148847349511e-02
5.047739082421440759e-01
5.025172889812457022e-01
2.004584240116864813e-01
-1.807325491574885562e-02
-1.602433568530136146e-02
3.988451619685717264e-01
3.464175340679525039e-01
-8.985351179964190527e-02
-4.082683442996711820e-01
-3.562239720851381741e-01
-3.326193452815385809e-01
-3.732684034424125219e-01
-1.469994752326867216e-01
-5.139883195303162067e-01
-1.075406017715031304e+00
-1.351282111289273002e+00
-1.069707233303539118e+00
-1.030407104259666751e+00
-1.029487298511884585e+00
-1.029135903439091670e+00
-1.029421105724791952e+00
-1.110569996518489866e+00
-1.177743927218594333e+00
-9.759561393374719396e-01
-8.316864996422841383e-01
-7.366183542504187165e-02
7.643038369515139929e-02
1.256418019638832761e-01
1.543406677436227614e-01
8.056788510408098222e-03
1.015777931679888307e-01
1.568720135078673916e-01
2.404113049871030028e-01
1.936594145506493891e-01
8.305005912136864676e-02
8.305255032676461813e-02
1.256280663758809757e-01
1.477755234735550482e-01
2.029134733098592047e-01
1.816337601196629237e-01
1.373447078546347622e-01
1.373394631405968347e-01
1.373052845803382493e-01
1.372937453646607131e-01
4.388696128502950905e-02
-5.210078553280374572e-03
-1.819382617700144537e-03
5.796645025703926063e-02
9.712038776451953348e-02
5.854539954710862026e-02
-5.319394049758619653e-02
-2.298725784238104738e-02
2.647379924688078034e-01
3.075138263852761344e-01
2.638097228323026400e-01
2.805661266533371334e-01
2.490966760420759707e-01
4.435966804353842496e-01
3.224437787925644727e-01
-2.211128462815472318e-01
-5.442776429553602968e-01
-3.300626373526854285e-01
-1.495652899399046998e-01
-3.869961418084898186e-02
-6.150826205746843384e-02
-3.408545782421298215e-02
-1.376546589960370992e-01
8.710552415985672869e-02
1.113571608460106055e-01
-9.760072460593868793e-02
-1.383025457314404072e-01
-5.154819766329385988e-01
-1.434988237678324952e+00
-1.610266423628062826e+00
-1.209317880153528924e+00
-1.168630515535929559e+00
-1.100907517067954755e+00
-1.109995119422014120e+00
-1.178337532744580640e+00
-8.236054258238550974e-01
-9.361524175952944393e-01
-6.827609756208131708e-01
-4.396725871985758816e-01
-2.767796819320959001e-01
-1.414613996163964493e-01
1.239990271434347896e-01
-1.171672892097036234e-01
-1.799350424054676489e-01
-2.383996047876204283e-01
5.479729787763810978e-02
7.847277481245430730e-02
2.010563060876693342e-01
8.182455455355110152e-02
1.455773310951378463e-01
2.386907975847852581e-01
2.099249314507403985e-01
1.788070229748401074e-01
1.438373701304068442e-01
2.251632624815936845e-01
4.307494883901828997e-01
5.368473909679661871e-01
4.484250418305934516e-01
7.320531308207860466e-01
6.822199772877401980e-01
7.030329369423312658e-01
7.030721331555004339e-01
7.030866513804984175e-01
7.030145130980546275e-01
6.747014280413856646e-01
6.959403229143973357e-01
1.420978937988793267e-01
-5.163682690429680783e-02
9.644284830490104099e-01
1.091122748991736779e+00
1.141103546877334285e+00
1.156363109925212518e+00
3.166376043538620677e-01
2.916769044581939418e-01
1.753598614422856306e-01
-2.275033787979006961e-01
-2.366035124942382495e-01
1.203971614929467970e-01
2.614649669344025207e-01
2.643544134661076628e-01
5.525296388771443468e-01
3.476337132841521016e-01
-1.400183271638441029e-01
-9.415905401407168029e-02
-2.424716784697478755e-01
-8.141719229547436099e-01
-1.196481639506556727e+00
-7.376779729097926452e-01
-5.768938353210961711e-01
-4.137735797125786652e-01
-6.543871840561595876e-01
-2.925306281666694153e-01
3.919149001885768868e-01
8.805209059540185512e-01
1.797477344485123307e-01
-4.153883876436224171e-02
-1.720788648275308752e-01
6.501376010326152810e-02
6.501974906772783891e-02
1.354370023346084806e-01
7.176543387542254349e-02
1.149295636493890133e-01
7.984156979241571750e-02
2.080611110764535310e-01
2.321991086057179077e-01
2.798588307270988840e-01
3.771400394762872699e-01
3.322924288080326694e-01
3.151868568829053752e-01
7.153407417374061383e-01
8.333351453222561656e-01
3.575250327890027724e-01
1.139574511910164123e+00
1.079061290763166037e+00
1.025157618832601480e+00
1.025135807720285230e+00
1.069687534012207619e+00
1.020762509240167537e+00
-5.227793795769299090e-02
-7.459088790850720851e-02
-7.828878884687633100e-02
-5.196433488673933565e-02
1.002248405789045310e-01
2.913659083829944763e-01
2.179934904856283273e-01
-1.048889310267493158e-01
-1.750450921365588608e-01
-1.337146438978663587e-01
-1.338328426875900756e-01
-1.338080506042817197e-01
-3.397248854232747250e-01
-4.087226407236294046e-01
-2.928172260378886782e-01
-1.899078566632915466e-01
-5.179226140979217158e-02
-5.174653435404660828e-02
-5.172212699166545136e-02
-5.163451205011083261e-02
-6.247300539324622537e-02
-3.678931156419497361e-02
2.592396997260806857e-01
2.646850538587500190e-01
2.133526398818416103e-01
2.134190248951334801e-01
2.133809227349168502e-01
2.133694037903416385e-01
2.133673419485990763e-01
2.133810283989338863e-01
2.133982942075289546e-01
2.134307614545245257e-01
2.893172727664395372e-01
3.204519944126335007e-01
4.458185189446977614e-01
4.245970353902621675e-01
3.681880474644555479e-01
1.234030643616956358e+00
1.225677317002962230e+00
1.213855993457776394e+00
1.214070934421259018e+00
1.214012340542475865e+00
1.214009903806099189e+00
1.214010637536080184e+00
1.214010637536080406e+00
1.214010637536073522e+00
1.214010637536073078e+00
1.214010637536071080e+00
1.214010637536077963e+00
1.214010637536069748e+00
1.214010637536075077e+00
1.214010637536067305e+00
1.214010637536073078e+00
1.214010637536082848e+00
1.214010637536071080e+00
1.214010637536064641e+00
1.214010637536080184e+00
1.214010637536099280e+00
1.214010637536076853e+00
1.214010102595590945e+00
1.214012288009441054e+00
1.214047372772120159e+00
1.213915444062721116e+00
1.222585012299144847e+00
1.221932258603507515e+00
6.884454084041101707e-01
6.857016126793566979e-01
