-2.310485790754290315e-03
-2.670832686598415863e-03
-6.290226853494216598e-03
-5.995344251496540280e-03
-8.536315881104390019e-03
-9.643107691401604092e-03
-1.026513698809885383e-02
-1.140063409863705315e-02
-1.177247215862048738e-02
-1.225990983165809942e-02
-1.268396753451507715e-02
-1.288145084992680864e-02
-1.314242395807796449e-02
-1.330223485975501677e-02
-1.341774552286731197e-02
-1.353396483132893353e-02
-1.359972795454491602e-02
-1.365795756207758421e-02
-1.370277345742161416e-02
-1.372580085450388412e-02
-1.374617175598157742e-02
-1.375323521081374054e-02
-1.374494597087981898e-02
-1.374091921378463310e-02
-1.370958524689205697e-02
-1.367057737326930408e-02
-1.364237710031396267e-02
-1.353419842306055783e-02
-1.348008145851503116e-02
-1.337513811652420691e-02
-1.311891720966160135e-02
-1.311574781918083306e-02
-1.268547354890553480e-02
-1.231439948610250738e-02
-1.238982038281132708e-02
-1.094261151250678493e-02
-1.129652238264404820e-02
-1.082676341226175565e-02
-1.101827474039513213e-02
-1.143836524405569474e-02
-1.123205451177261907e-02
-1.318866933130891789e-02
-1.265330509969061004e-02
-1.369561351713779324e-02
-1.243616128107706033e-02
-1.294039371624847862e-02
-1.361427334337442230e-02
-1.123051774276856950e-02
-1.210034681526197392e-02
-9.186132813621745996e-03
-5.275949507076738501e-03
-4.208433508556011678e-03
6.728110136917025280e-03
1.086734378272244742e-02
1.412779729235722967e-02
2.643886298777654853e-02
2.941596260092587886e-02
4.320406048090001672e-02
4.901747142689991815e-02
5.870528753798645583e-02
6.756846725643295137e-02
7.158380689747874392e-02
8.353512897434881013e-02
8.686763032241158478e-02
9.744898235093341077e-02
1.025298522178278993e-01
1.058119309839946343e-01
1.127793340399562416e-01
1.142333809394162070e-01
1.180659044369169325e-01
1.209430049906104199e-01
1.208072121661210724e-01
1.227220774869568209e-01
1.211168672008766101e-01
1.197043287266137124e-01
1.194552788892002393e-01
1.155787543434786541e-01
1.131998413592871233e-01
1.106388324436490961e-01
1.022965001503584048e-01
9.652999301978301694e-02
8.673647076482352003e-02
6.848322217979765925e-02
5.988181267301899424e-02
4.392682546882804850e-02
3.021455319186141728e-02
1.918332386423124772e-02
8.448841685545004782e-03
1.349404356184412922e-03
-1.423289943629951846e-03
-5.275104868934475666e-03
-6.838746768194362870e-03
-6.911868241251152567e-03
-7.271571333554565156e-03
-3.413968113227489314e-03
-1.623128062908664980e-03
-2.211336056531050184e-03
-3.163685195022836703e-04
-1.214003628573750732e-03
-1.590346756355259100e-03
-1.228755689631161850e-03
-2.021134365891050048e-04
-7.412966204450735855e-04
-4.649018297755723277e-03
-5.311397692427326234e-03
-8.441685246452629993e-03
-9.644684659701469390e-03
-1.109173101008880877e-02
-1.316091741799781112e-02
-1.358301199371043239e-02
-1.525954604938653189e-02
-1.550050446793943548e-02
-1.443754880777007449e-02
-1.474299156716747834e-02
-1.267799947322740400e-02
-1.120519602735470938e-02
-1.068769036372696664e-02
-8.769082140674625686e-03
-7.713813842412139965e-03
-6.990122752303705965e-03
-4.666757097441747056e-03
-3.438380707266128905e-03
-2.581345741565939812e-03
8.228745195541175249e-04
-8.153887429202357536e-04
2.609345304093292975e-04
2.384962681722625853e-03
1.265370073433245849e-03
1.478562557221614875e-03
2.559603042902805579e-03
7.978502868615315038e-04
1.680851597121027670e-03
-3.403811253124310651e-04
-1.357578186216812279e-03
-1.768193844845600314e-03
-7.360831056863111413e-03
-7.955186494756081098e-03
-9.714654090842229223e-03
-1.313418374921468401e-02
-1.212233554181668671e-02
-1.551999976476775914e-02
-1.489318082948832937e-02
-1.374038220708433816e-02
-1.527276055247413743e-02
-9.860850038893189881e-03
-9.886487687417301259e-03
-7.218912985216503070e-03
-3.725636982457308701e-03
-3.691070434661522775e-03
-3.969823790306714964e-03
-2.970366899959666577e-03
-4.346108515799520719e-03
-2.868164915770178309e-03
-3.709520425711698970e-03
-3.411713115647127103e-03
-4.817360402732001091e-05
-5.166098671926506666e-03
-5.057142224219081383e-04
-5.007496901104168882e-03
-4.900326396734907934e-03
-3.214141356810548775e-03
-8.189509337601548478e-03
-3.951511669943200307e-03
-4.556647301894574051e-03
-3.546527879337694512e-03
3.067799714897807145e-03
2.968100608026232219e-03
7.246906304433163581e-03
9.155815044010679957e-03
8.953669152214308036e-03
1.065950759615647003e-02
8.633112275168877345e-03
9.224140718700250818e-03
8.555724823161810211e-03
7.094887398318798326e-03
8.307102970303573836e-03
6.719331185262061162e-03
6.527418530629135358e-03
7.501882515279013550e-03
7.068935937993618690e-03
8.995122273225455642e-03
1.190554615769763222e-02
1.394111773397388107e-02
1.852600288394103817e-02
1.907172427988770846e-02
2.224541168544920053e-02
2.189601272149103994e-02
1.683612747768765266e-02
1.741090383503648975e-02
1.073332671232561479e-02
9.823555035069606381e-03
9.230915593858924836e-03
6.741299854247834872e-03
7.833893823642700677e-03
6.772731057641801639e-03
8.313812983462669226e-03
8.996906579127900844e-03
9.064993319421454920e-03
1.027143359239300266e-02
1.014232228264140556e-02
1.052273281389699312e-02
1.090113099761542276e-02
1.041552342232953191e-02
1.068903250795617821e-02
1.065713133793921852e-02
1.059353416905624463e-02
1.068746859443660269e-02
1.068307344725088689e-02
1.073391473691651110e-02
1.063206973860436610e-02
1.087716523883191892e-02
1.052880335450608398e-02
1.030728033232049951e-02
9.581447555281402337e-03
8.462585138218289144e-03
7.569623159990793333e-03
6.133880861500544054e-03
4.997009592195102157e-03
3.464928591717920253e-03
9.092602911092284709e-04
-1.794433922322241810e-04
-4.305576630455591573e-03
-6.667572853650923469e-03
-8.635410977974999208e-03
-1.173790512905760822e-02
-1.387154174830867309e-02
-1.602426161944529859e-02
-1.716731826985739076e-02
-1.393587937365205025e-02
-1.419290410432560989e-02
-1.273730157052018613e-02
-8.536465735399930213e-03
-8.614826847149186645e-03
-7.628591095353054984e-03
-5.169518722827486784e-03
-1.072119860896297155e-02
-9.726712631071993478e-03
-4.090511650446931359e-03
-3.302237126273760946e-03
-7.923133029783654881e-04
2.501121138647021194e-03
3.991229256556627289e-03
7.927165864131890949e-03
1.274547400760553048e-02
1.612308680626704446e-02
2.029238465874707437e-02
2.351915853564134906e-02
2.959043011010284788e-02
3.304486823144087149e-02
3.397734606820069364e-02
3.720006181693239627e-02
3.660165127663490836e-02
3.513669784051155764e-02
3.464822351024515745e-02
3.085078557553722067e-02
3.186901589079244035e-02
2.965470794030088814e-02
2.901960599566311139e-02
2.880925653791820487e-02
2.685311773468737270e-02
2.642957378367669086e-02
2.480139297442939678e-02
2.312269127572777472e-02
2.127684970925093622e-02
1.868917785241083068e-02
1.712151317701541761e-02
1.551074942919016333e-02
1.914476913577774567e-02
1.854840914856902695e-02
1.830762247145544669e-02
1.881465098372564482e-02
1.713365599787129365e-02
1.438843186944479408e-02
1.312781491739225918e-02
1.019385507100642116e-02
7.675200144956380310e-03
5.955892668735517440e-03
2.406447117035444196e-03
1.155926047153296938e-03
-9.164106113028616185e-04
-2.316302685727172211e-03
-3.364025058761133200e-03
-3.463600812624989707e-03
-2.896166990842821785e-03
-2.220207917046116645e-03
-5.914678320202793136e-04
6.313481109545843878e-04
1.404213488522648191e-03
2.190503093038934090e-03
3.118565915621658580e-03
2.784622590871280775e-03
4.412321844854678703e-03
4.718745205493126739e-03
4.517822906101249050e-03
5.581985131804789550e-03
3.906104698285197980e-03
3.829046374512343025e-03
3.931865569039914680e-03
2.210332738577296726e-03
2.604857878747893381e-03
2.177834048081345349e-03
3.547809313640488873e-04
1.940152095122496360e-03
3.888811490592677424e-04
7.104380974922281343e-04
3.248216927419987545e-03
9.079065920561020520e-04
4.270799029222512033e-03
4.072134293092076474e-03
-2.489405356418295575e-03
-3.629023566333604463e-04
-3.573338469432143019e-03
-5.076341527319042438e-03
-4.642255689768441662e-03
-1.002063860979611823e-02
-9.444099864205289865e-03
-1.328938053490552954e-02
-1.474989561032734320e-02
-1.463826333519138885e-02
-1.534099048352949475e-02
-1.378982141473646984e-02
-1.370106601505472095e-02
-1.357064909643050134e-02
-1.222144108356738521e-02
-1.205585401975717286e-02
-1.172327945104715760e-02
-8.551988590885619898e-03
-8.630630112608389873e-03
-6.895960249778782317e-03
-7.239073896520674921e-03
-7.117348586747540215e-03
-1.010609047641788417e-02
-1.080846445377857401e-02
-1.168738064624431222e-02
-1.497288577014399026e-02
-1.492625548796032257e-02
-1.499317700226016070e-02
-1.524246254083356893e-02
-1.483193482344269398e-02
-1.385629936738684564e-02
-1.243986977574833806e-02
-1.220373833761676657e-02
-8.113084772914008411e-03
-7.981151147330937945e-03
-7.628202088998000535e-03
-6.661689984664087398e-03
-6.727681626840921296e-03
-7.117051453862993302e-03
-7.275174401764472956e-03
-7.422590521133228328e-03
-1.019404332929311693e-02
-1.031725212977974843e-02
-1.082711621642594435e-02
-1.162876261664335352e-02
-1.166815623578161890e-02
-1.197812054075322007e-02
-1.207051359507677578e-02
-1.225542640775046516e-02
-1.193204797277228404e-02
-1.207756364083971586e-02
-1.204683948910912662e-02
-1.058055612989673364e-02
-1.057359042259358589e-02
-1.009014659504329191e-02
-9.647784338031125187e-03
-9.914476585417605209e-03
-9.685736101018815186e-03
-9.726429054415054037e-03
-9.755052217480058435e-03
-9.682129260788336494e-03
-9.718408482105995311e-03
-9.700810299171138198e-03
-9.688756780486681985e-03
-9.698953235232839892e-03
-9.687429964522958903e-03
-9.687773826016651130e-03
-9.689218894459150286e-03
-9.683766412087461278e-03
-9.685515960684891457e-03
-9.686871907099308537e-03
-9.679515776673152522e-03
-9.688585035715567215e-03
-9.684545130681117969e-03
-9.673236485421518940e-03
-9.706005492987758443e-03
-9.663232387577668642e-03
-9.683741982633921330e-03
-9.737910791295944363e-03
-9.582951012475171212e-03
-9.797661846210886996e-03
-9.693412116253137534e-03
-9.451737205747419088e-03
-1.020618486429160192e-02
-9.153222819284073664e-03
-9.666403034461533081e-03
-1.025372601120846938e-02
