-8.472678190577045444e-04
-9.768494063469757190e-04
-3.862842515415919158e-03
-3.823807777449266670e-03
-4.281916133607119486e-03
-4.942857991056418508e-03
-4.570582740010769793e-03
-4.922497527475468322e-03
-4.965208923204065747e-03
-4.919368807115282079e-03
-5.041464749149495751e-03
-5.011363820593435665e-03
-5.003046991246770138e-03
-5.017667204247570206e-03
-4.972116494749266244e-03
-4.899548528300360153e-03
-4.898415238616457903e-03
-4.729800573855715701e-03
-4.592377809993795044e-03
-4.593453966379423478e-03
-3.987505203213335611e-03
-4.007889207786309582e-03
-3.892699741901661965e-03
-3.717189596375972994e-03
-3.806364085761354196e-03
-3.683489651899627456e-03
-3.693993604540483661e-03
-3.897695453812615157e-03
-3.588387051263841002e-03
-4.071296194412145526e-03
-4.083852018979951953e-03
-2.793285900989370303e-03
-5.025433531328496982e-03
-2.490837243526567053e-03
-9.248787469482493096e-04
-1.256536252312061156e-03
5.777900841898390288e-03
6.021849659112338618e-03
8.940974347302229480e-03
1.260139317418499522e-02
1.291545257919834815e-02
1.631195526125607531e-02
1.705566522157729581e-02
1.757025125103137825e-02
1.838329761756707370e-02
1.885117265137363496e-02
1.778775550080340800e-02
1.792647886666221685e-02
1.769861319207376160e-02
1.315737261965904334e-02
1.243259935215485293e-02
9.464647335196399794e-03
5.285659927634894957e-03
5.490591148629553504e-03
4.700617937041445880e-04
-2.663897233253623587e-03
-1.764613906830878997e-03
-1.124839132785445533e-02
-9.528145031005859356e-03
-3.109172571725719175e-03
-4.716870042479911042e-04
4.615042895641083623e-03
9.101813735438203656e-03
7.940837025516490899e-03
8.607090518265997359e-03
8.646902101039346741e-03
8.524475830610648078e-03
1.146202060373758928e-02
1.532948766306081560e-02
1.870396325998908288e-02
2.540094059951139571e-02
2.948541445818584142e-02
3.379448842141977161e-02
3.854101757279241453e-02
4.269293894942598200e-02
4.754113225699242717e-02
5.113284599879244774e-02
5.768736744076095879e-02
6.223386850205298720e-02
6.012377497029049861e-02
6.342209301047438408e-02
6.048137475526663837e-02
5.357761875181887845e-02
4.902386136812626749e-02
4.326953107465036918e-02
3.430542274224730737e-02
2.919435675316186043e-02
2.076866210297773768e-02
9.357702434071489550e-03
3.550125705646531987e-03
-9.919510947743251372e-03
-1.600802015430108360e-02
-2.221076716362934550e-02
-2.937415342668273435e-02
-2.397790760974966018e-02
-2.726546653295311429e-02
-2.621184152752664004e-02
-1.876932941622538181e-02
-2.060521087133861465e-02
-1.708806623311739936e-02
-1.592868817864920294e-02
-1.720962863822420724e-02
-1.356615482754775642e-02
-1.206547399249068009e-02
-7.021251704469442904e-03
-6.457571695686560934e-03
-4.552614802356499783e-03
-4.001351334736113851e-05
2.796696597770303950e-04
5.349844095527500273e-03
1.443434708083071553e-02
1.046171535087268498e-02
1.447780320891650652e-02
1.010893980981037756e-02
1.635037568848230231e-03
-3.769952324871486942e-03
-1.589759297320183368e-02
-1.667376308164361665e-02
-1.797289312339906200e-02
-1.945922111535675070e-02
-1.419057464215803081e-02
-1.388520423960329722e-02
-1.393863239591100651e-02
-9.345564363894347595e-03
-8.697799250768797202e-03
-7.069970049386574765e-03
-7.551858278846845405e-04
-6.497647396942749561e-04
2.415346048018240932e-03
3.727296189081622923e-03
3.674949333268301681e-03
3.991070837226754278e-03
2.931980417986201903e-03
2.229708027991788091e-03
1.416889174239283327e-03
-9.623170584215458897e-04
-2.193007170565184662e-03
-4.965508624174631673e-03
-1.013587073316099887e-02
-1.453008864149659546e-02
-2.305056593219641931e-02
-2.723220647011350554e-02
-3.843278962186123804e-02
-4.254599334511632858e-02
-4.640805672045205527e-02
-5.077396987656739025e-02
-5.197234862145981571e-02
-5.488240263641638861e-02
-6.238675349497709022e-02
-6.684628152339111562e-02
-7.377783071279687965e-02
-7.727372105014362891e-02
-8.063584203045959242e-02
-8.468900315987618055e-02
-8.582273167392243107e-02
-9.203068539077317867e-02
-9.461063804120978249e-02
-9.815721446027644848e-02
-1.015166530468140510e-01
-1.053953245520480447e-01
-1.087655075247334902e-01
-1.081803310863757306e-01
-1.105807339532210581e-01
-1.099494388966257702e-01
-1.083081066102479229e-01
-1.130152051124578422e-01
-1.111953388991092084e-01
-1.127297302624025721e-01
-1.094914642049202441e-01
-1.024692599230455081e-01
-1.004505198887143402e-01
-9.361216074561684586e-02
-8.744397255613750586e-02
-8.209495259508267639e-02
-7.658127394514227526e-02
-7.238272101280307513e-02
-6.993397665182937706e-02
-6.709612462035670355e-02
-6.199796729710639609e-02
-5.721522598147773392e-02
-4.834967297964846283e-02
-3.932001788213026344e-02
-3.613279377021196004e-02
-2.307473950530609941e-02
-2.194306517530307532e-02
-1.884180234080409105e-02
-1.565403379774485404e-02
-1.479211214759329138e-02
-1.227314179271293826e-02
-9.214644006750252400e-03
-9.275397963146109204e-03
-9.350503416895170755e-03
-1.047820024664842566e-02
-1.652153029118275801e-02
-1.744978628533599974e-02
-2.132912235434509043e-02
-2.259744271656635370e-02
-2.489812691303430053e-02
-2.710455826881983180e-02
-3.217955686623780176e-02
-3.906993901114134971e-02
-4.748957483027192727e-02
-5.576798948776454795e-02
-6.261496379491675313e-02
-6.691888978369406327e-02
-7.041917468485267562e-02
-7.279489726867691135e-02
-7.866532761385694461e-02
-7.920114897360293338e-02
-8.484694857932571777e-02
-8.745693845149835055e-02
-8.516683684939310717e-02
-9.031321523751803526e-02
-8.188859768635964320e-02
-8.904224647174324714e-02
-8.996146896248008451e-02
-8.429041728811739742e-02
-8.736355401938916687e-02
-7.460430237300499923e-02
-6.400066361074738253e-02
-5.832297964320606876e-02
-4.796253508076522842e-02
-4.278305925149060440e-02
-3.597447116791319816e-02
-3.058276539709528855e-02
-2.850785550061037121e-02
-2.273700200645451669e-02
-1.985121695466449121e-02
-1.672834714223435382e-02
-1.194009053717813920e-02
-1.052157614348219958e-02
-6.954615631235304407e-03
-6.899944477095954626e-03
-6.077237146637898095e-03
-6.437700507403903809e-03
-5.995586358549903974e-03
-6.534170856421564477e-03
-6.882693646808039044e-03
-6.548400100660994524e-03
-6.792359110514718454e-03
-6.121122556059469845e-03
-4.874488766498424365e-03
-5.607758122914014050e-03
-4.059634651554653445e-03
-1.255408577412726531e-03
-1.194662970883642343e-03
5.201384359118013841e-03
5.591196766174014524e-03
1.057514580213959020e-02
1.965925307004618219e-02
1.568027923864417916e-02
1.956005845776465080e-02
1.586257413898252769e-02
6.924918003398200517e-03
2.223126843853314230e-03
-9.543734550445609130e-03
-1.145638070304186296e-02
-1.316910501963772587e-02
-1.749853722999721722e-02
-1.586054496218577969e-02
-1.388261158962275296e-02
-1.260330721654199029e-02
-7.592384836999398375e-03
-5.482626695784197611e-03
-2.326165851589061685e-03
-3.755277680538121306e-04
4.645395611580935280e-03
7.218171540999180139e-03
6.253885463873918270e-03
7.663425303470236538e-03
4.953424834612506385e-03
1.108987915768753357e-02
1.315272030595437090e-02
1.549404573405669013e-02
1.839178021839455585e-02
1.819041353648926870e-02
1.898145152726655668e-02
1.838814084983639990e-02
2.189285661008387451e-02
2.309274367291985069e-02
2.956040442669865057e-02
3.749541633208305219e-02
4.335594419693803575e-02
4.735814837207658751e-02
4.933715327171272341e-02
5.219606502863522596e-02
5.591578497115096830e-02
5.825040131416699130e-02
6.215100589729474073e-02
6.497627038091212393e-02
6.806891815159056558e-02
7.104351655442980862e-02
7.072564234492628721e-02
7.249229374856390462e-02
7.369884918096772375e-02
7.307747426719223005e-02
7.427533637280803180e-02
7.485761728591473763e-02
7.280645668055442388e-02
7.499059625956032427e-02
7.252524982906261020e-02
6.831469912040698256e-02
6.537168667359305463e-02
5.229430142912025459e-02
4.536182688143139408e-02
3.766815912613578204e-02
2.462584675484647337e-02
2.015864249630366228e-02
2.039259440367916995e-02
1.659970113615960238e-02
2.365303711893185223e-02
2.015306030650426336e-02
2.818901971654056912e-02
2.790524882704114792e-02
2.562211879645074492e-02
2.931964286830393909e-02
2.539771913978176865e-02
2.577296954468897075e-02
2.535557261769381954e-02
1.906613323590903783e-02
1.897066869790589583e-02
1.496712878285017846e-02
1.317220050180880134e-02
1.176719343214880850e-02
9.857264268524771125e-03
9.066618226323444607e-03
8.611173674184003507e-03
6.329461611065075044e-03
4.944470599749351165e-03
6.318957409108340133e-03
-7.075384268516298489e-04
2.620985511760591958e-03
4.602626878530358991e-03
6.418808238552168276e-03
1.650728388182131495e-02
2.073056582432448308e-02
3.248364243903841680e-02
3.769408553694092445e-02
5.154826710971700116e-02
5.849828972494943574e-02
6.231514387207084948e-02
7.232491437134835888e-02
7.246539556300228557e-02
7.805975563647306326e-02
8.231204290307715665e-02
7.721941837418026811e-02
8.396650288637329262e-02
8.173669834794199118e-02
8.258137299931044006e-02
9.086394042552604911e-02
8.949947103672617477e-02
9.343890922644455810e-02
9.566839873324263499e-02
9.311337759373934653e-02
9.601621935223424165e-02
9.234454147757656384e-02
9.005753895948045984e-02
8.883756167816644900e-02
8.045773047949991708e-02
7.724917336217596020e-02
7.191981294247602741e-02
6.515139583503665177e-02
6.186639425523842578e-02
5.666827460574788700e-02
5.011397228241819962e-02
4.762219644112394845e-02
4.011358712436915303e-02
3.205181891430046448e-02
2.597288846939397808e-02
1.110175170041288219e-02
7.095493103152756761e-03
1.211086715315240741e-03
-6.212258910156320119e-03
-6.357209961738780578e-03
-1.035442098899902463e-02
-1.137431343374362830e-02
-1.192632828351647932e-02
-1.357345769431160705e-02
-1.074336822316368165e-02
-1.102568616386258825e-02
-1.077351806818598566e-02
-9.925706206588155722e-03
-9.999241033174302573e-03
-9.596821844224402362e-03
-9.188929347196268457e-03
-9.005839936416629860e-03
-8.542081825233811820e-03
-7.839057992530070254e-03
-7.595489393994771243e-03
-6.294188851484151456e-03
-5.038305140137518644e-03
-4.558561900989002193e-03
-9.974085580295775997e-05
5.837417635342447616e-04
3.738900855974542411e-03
5.492930248857161475e-03
5.553880964651252729e-03
6.440034007030992838e-03
4.755524917720250176e-03
5.243056865914535666e-03
4.974127257942402743e-03
4.515048119897563036e-03
5.142438775916964404e-03
4.597993071521943621e-03
5.108199661104397687e-03
5.738308920684787214e-03
4.841573395721869393e-03
7.300012794830338519e-03
6.547129455450578783e-03
6.611757972774873898e-03
1.277892380206570137e-02
9.239656886094405053e-03
1.029957546317576689e-02
6.182084833468902635e-04
2.498888850021791018e-04
2.699722691680953609e-04
-2.804460877772823116e-03
-2.109293385198737422e-03
-2.986921132856220837e-03
-3.433050809811880304e-03
-2.870061180141136089e-03
-3.388178688898095189e-03
-2.399016005815564085e-03
-2.520995061982769445e-03
-2.625320215611057217e-03
-2.361166412205868877e-03
-2.467668072738758277e-03
-2.500425743495458038e-03
-2.428629964128107936e-03
-2.503548560899687778e-03
-2.776275771474577721e-03
-2.824621506589532725e-03
-2.825161107069448438e-03
-2.915929506417730497e-03
-2.913283784299948356e-03
-2.937522015389891755e-03
-2.961221155130291417e-03
-2.961985469196948099e-03
-2.975217333438385462e-03
-2.979989755888902848e-03
-2.981985652721935894e-03
-2.985319973222959854e-03
-2.985954138105700352e-03
-2.984354180575324918e-03
-2.982248911450468328e-03
-2.981166727835582106e-03
-2.969891074726890585e-03
-2.967508449245735876e-03
-2.957530225306223646e-03
-2.926637665783352223e-03
-2.937206850199725657e-03
-2.878507771699502244e-03
-2.835897009378426838e-03
-2.868504297265060243e-03
-2.634518084882339628e-03
-2.711400215603107944e-03
-2.604297245634731080e-03
-1.940438096861885542e-03
-2.028265976047421721e-03
