-5.294035273992235904e-05
-2.620085484991846255e-05
1.098650354707093619e-03
1.263327836441679661e-03
9.919853710903712377e-04
1.051977042837582820e-03
9.813862337576450211e-05
1.088044459481418821e-04
-1.467324374031740957e-04
-4.136046186261578745e-04
-4.103734555744932328e-04
-5.595806272923428042e-04
-5.779400996828533204e-04
-5.746368079442725797e-04
-5.936760170795305110e-04
-4.722338523949399678e-04
-4.603568888960649173e-04
-2.901668445183784736e-04
-2.008328978932590500e-05
-4.547997969705803306e-05
6.364268053533189131e-04
5.723043626115564917e-04
8.892274045950756796e-04
9.590275179644725196e-04
1.031910960779001095e-03
1.246901439554962653e-03
9.258072268464094491e-04
1.469225163497854579e-03
1.158400246350387540e-03
7.138277774468213249e-04
2.619075147491986295e-03
1.116836393153692502e-03
1.652102102573766232e-03
-1.036086945234550001e-03
-6.492343167514079243e-03
-6.374741091461818762e-03
-1.617294531943850103e-02
-1.795709333139683395e-02
-1.974954699640110375e-02
-2.440248387912217695e-02
-2.507698058395925467e-02
-2.557067605615930342e-02
-2.729164269410941021e-02
-2.763819590964851358e-02
-2.974149606076496519e-02
-2.993619739622863096e-02
-3.213232774188784502e-02
-3.450938070887416692e-02
-3.348474595236758389e-02
-4.067010089664898492e-02
-4.030278563119633894e-02
-3.546613471781744770e-02
-3.606010764385098044e-02
-3.049908071841499202e-02
-1.973148556798276498e-02
-1.338864635689254387e-02
-6.621493372408440888e-03
-9.682194280300857481e-04
4.101129936725692038e-03
8.719410262625359315e-03
1.559496022557686767e-02
1.877257286717431972e-02
2.143027131200414548e-02
2.826143441478157214e-02
2.810231306359392209e-02
3.386311002388487507e-02
4.203435845900130308e-02
4.408727288418990559e-02
5.400735371994308531e-02
5.646722270116445730e-02
5.774114967626227390e-02
5.996941304877129175e-02
5.817234270899796639e-02
5.899088746720155402e-02
5.967306200062529042e-02
5.875849875077701623e-02
5.985987534459046716e-02
6.155762719708542108e-02
6.215877889152970903e-02
6.595094397510022077e-02
6.725122153745333176e-02
6.876291639702789005e-02
7.112898116565996576e-02
7.071110757562235061e-02
6.934965036323552379e-02
6.759699905925992125e-02
6.536510974431027077e-02
6.117938907689093875e-02
5.594844873554828679e-02
4.979282844597587854e-02
4.111397618697595902e-02
3.649478160229521762e-02
2.423075276464750974e-02
1.856805727304834328e-02
1.609524051968547545e-02
8.744975858531910812e-03
7.917169502791053526e-03
7.608843661740070409e-03
6.754134985948233826e-03
6.616646830160850985e-03
6.645223310893993290e-03
6.568021971857694423e-03
4.040955225849738805e-03
3.040000543932315589e-03
2.697159952656773968e-03
2.874630551737485974e-03
9.588921489211446559e-04
-5.508774223525086163e-04
-9.942790167264640034e-04
-2.792257781712950693e-03
2.746658109646921662e-03
3.781529958402159337e-03
7.637479454700927921e-03
7.913831868091509777e-03
4.788902333682510705e-03
2.504711421612563181e-03
-3.879693671641515438e-03
-4.991292039407378006e-03
-5.090472482525283150e-03
-2.865166823059570739e-03
1.634729620212807023e-03
3.271636350107866818e-03
4.872562019945156191e-03
7.238301215395769733e-03
6.858466995344154882e-03
5.672675469425218601e-03
-1.552430051666328810e-03
-3.241097476376096631e-03
-6.468881294021673438e-03
-9.003488691334682673e-03
-9.543372646246300883e-03
-1.054475456795907901e-02
-9.293806538541378101e-03
-9.132219457377497435e-03
-8.657990107558983378e-03
-6.201424939416154761e-03
-5.932809307748037816e-03
-3.139122556111725512e-03
1.699350174792911561e-03
3.915014415746290340e-03
1.155336241472070848e-02
1.407206293601286767e-02
1.642783828796205714e-02
1.901140841246725874e-02
1.956549923284833098e-02
2.021151235600958385e-02
2.298776318157397941e-02
2.359919475104278741e-02
2.781346501885616912e-02
3.456931246297382382e-02
3.806607603247899596e-02
4.438945050305896645e-02
5.014014902227934001e-02
5.456986339481306736e-02
6.428923614117065810e-02
6.890014631172289294e-02
7.694252433725751184e-02
8.867509683436720913e-02
8.972126389227905174e-02
1.050301839347535238e-01
1.053383262641536533e-01
1.072546780552665890e-01
1.149223531109366259e-01
1.079047763425696055e-01
1.121808297412976163e-01
1.057728390932766993e-01
9.645486902679215047e-02
9.156164498217171654e-02
8.175844658480221905e-02
7.844912536449341611e-02
7.720924981498128448e-02
7.119935626350092084e-02
7.478911129201734620e-02
6.862707998616389415e-02
6.364283591816032037e-02
6.069931378762763452e-02
4.831542639289797270e-02
4.364335696304135620e-02
3.556100817609443576e-02
2.685368327441145508e-02
2.515209772360590956e-02
1.757992957261200057e-02
1.543933900855989569e-02
1.210205908054077205e-02
1.079390468650682361e-02
8.888635567273817095e-03
7.361065619221460535e-03
6.697858140029977307e-03
2.898292211420590465e-03
1.302886639392672116e-03
1.270480606754953185e-03
-2.016049210231448795e-03
-8.784638764224980603e-04
-2.202110298914615027e-03
-3.282067149044712393e-03
-3.804987410566950680e-04
-2.100275404335924523e-03
2.878685792249991164e-04
3.178791622881711743e-03
3.066363018051597011e-03
9.785927175845301682e-03
1.190527674731591337e-02
1.015896396257351397e-02
1.466336914786820454e-02
1.314793772801145164e-02
1.169653104002338004e-02
1.394837583467281594e-02
8.852679379787937661e-03
8.912141501736492791e-03
7.828214799760752421e-03
4.774869594391123288e-03
8.035004338330781898e-03
6.386907956093939090e-03
1.933064290432426064e-04
-1.978997827746891564e-03
-9.522848124264670158e-03
-2.374838972095265691e-02
-3.069574741771100013e-02
-4.601105854024986619e-02
-5.234907972531972070e-02
-6.159353720729342230e-02
-7.143442389148305094e-02
-7.512139006812013076e-02
-9.024109279016472029e-02
-9.307874656787826217e-02
-9.838199062282382279e-02
-1.014967723883207218e-01
-1.017116255096421895e-01
-1.009574953045826312e-01
-9.575482495813594785e-02
-9.490420868110230335e-02
-8.219057540027094322e-02
-7.699073927737476453e-02
-6.707819842511006381e-02
-4.771283289625236068e-02
-4.174843441606486405e-02
-2.919104026951954006e-02
-2.180699652737294603e-02
-1.387016942075830310e-02
-9.930122984082015089e-03
-8.108451429808580246e-03
-5.746033381710142877e-03
-4.623688031704142713e-03
-3.560044887725065388e-03
-6.114251384372508882e-03
-6.122814672131712994e-03
-6.446628646448982272e-03
-5.586625063730734676e-03
-3.731805838172868282e-03
2.376284603890945325e-04
3.471667622761702345e-03
7.509487393429523788e-03
7.854457760561154439e-03
6.324648026998167145e-03
3.489322740747485482e-03
-1.382455630034364622e-03
-2.541584131570282391e-03
-2.939744670730568953e-03
-1.509878620810180478e-03
-2.492405310550884542e-03
2.514779495029169105e-03
3.408448452238272124e-03
-1.400864632436588867e-04
2.779492063764916684e-03
1.440430900360100200e-03
2.931823393905867194e-04
5.857451725656081729e-03
2.219341660921049769e-03
8.673706352200988637e-03
1.691989412901552525e-02
1.037517660573479723e-02
2.031309611416100627e-02
2.117891639965180373e-02
2.162317938643185111e-02
2.550978129545036430e-02
2.616843602421289189e-02
2.822487986203740806e-02
3.138834478466903666e-02
3.586215950879412945e-02
4.123362177221949476e-02
4.322963043721078646e-02
4.583090803635465893e-02
4.394024929679504060e-02
4.207346779488341931e-02
3.810419471938707170e-02
3.651883683342178888e-02
3.612326089472589485e-02
3.422442545868014524e-02
3.412850106310749698e-02
3.352207851810468792e-02
3.300711416609036081e-02
3.295590798893069384e-02
3.146031154576482691e-02
3.038047473921112046e-02
2.995828292912741317e-02
2.816687806463742325e-02
2.666520926335843797e-02
2.661311579987681725e-02
2.285659330438491108e-02
2.245546837660138476e-02
2.058187144741295896e-02
1.343585183807295517e-02
1.226892705347618941e-02
2.659881020662453743e-03
-1.851169162311877212e-03
-5.897866098840696784e-03
-1.870826826202093979e-02
-2.268332335882726133e-02
-2.884981186846268322e-02
-3.196562023402086533e-02
-3.150009252063980941e-02
-3.623926626854268029e-02
-3.315250946397036574e-02
-3.473877676489060123e-02
-3.624894573620517091e-02
-3.383993110092978207e-02
-3.730256814843124769e-02
-3.723500966140273066e-02
-3.478736971079147977e-02
-4.326833411198429541e-02
-3.700722622633834114e-02
-3.452615496626779135e-02
-3.441966686713038293e-02
-1.851383595473955410e-02
-1.773886192501003545e-02
-1.043677368003821139e-02
-5.099888889654499713e-03
-3.142899616735264634e-03
4.619876289346926818e-03
3.548898685105172229e-03
1.169201353658507088e-02
1.230839619209969302e-02
4.254422223589593779e-03
7.617428241064955197e-03
2.250280912402405267e-03
2.616744537213948080e-03
5.172959711643738273e-03
3.092010085572158805e-03
1.057565724702004203e-02
1.345554659072476823e-02
2.122245641062982940e-02
2.758137662763155556e-02
3.260304166957760791e-02
3.644944707487023788e-02
4.470034439563677631e-02
4.493653311481910634e-02
5.053825554599933323e-02
5.726837557193448919e-02
5.770618544820429324e-02
6.537950442348509916e-02
6.484615600909623967e-02
6.631462308188822152e-02
6.915683544636944124e-02
6.684397451760390463e-02
6.874926406763932907e-02
6.744149944273188091e-02
6.537033963722299612e-02
6.570364082265420236e-02
6.130319981322982642e-02
5.990438572863231170e-02
5.724360620608053007e-02
5.360106666952452886e-02
5.193648035725751538e-02
4.925836900657617340e-02
4.546828276223713328e-02
4.421277531487722429e-02
4.000718237871668526e-02
3.504976016179860848e-02
3.195853474915474196e-02
2.633192129555855451e-02
2.543809752503628854e-02
2.207736664748001509e-02
2.036441515031530217e-02
1.907122896579683397e-02
1.449347829683484204e-02
1.348853982702499267e-02
9.419231451009904901e-03
8.015459595558264982e-03
5.232659782036372040e-03
4.475001708477608330e-03
4.249398538958407134e-03
3.261807560272737740e-03
3.231617809034666080e-03
3.018611340091834939e-03
2.832284911569758062e-03
3.120924064180932885e-03
3.141766432375064401e-03
3.511218748814994364e-03
4.324325460394848504e-03
4.388378772283089979e-03
5.991262360614167670e-03
6.153961413205965431e-03
6.509556176042534392e-03
7.497698533777311103e-03
9.855705306256226303e-03
1.030533194738309996e-02
1.216815599558787944e-02
1.306929867022449399e-02
1.004557929063194452e-02
1.113666021537487900e-02
9.762239544301297423e-03
8.682846483924087574e-03
8.499894381471818569e-03
7.112729099970990614e-03
6.400061972154073679e-03
5.361821846524056703e-03
4.358833586766588768e-03
3.081687178036682673e-03
1.924307367018946802e-03
8.842283914730209157e-04
-1.330390085386083492e-03
-1.976348461317459660e-03
-1.599894332475409109e-03
-1.289035377178550336e-03
-1.081105150835572071e-03
-1.184767799704831417e-03
-1.059838990430324139e-03
-1.117717694881968865e-03
-1.124968066614501954e-03
-1.221030034572306508e-03
-1.341129551292908392e-03
-1.371246979533257467e-03
-1.842824918174009981e-03
-1.930174443643053062e-03
-2.069031966834768751e-03
-2.390473394505925053e-03
-2.461419395942872519e-03
-2.763297031718893199e-03
-3.208187615051871344e-03
-3.216166953452193836e-03
-4.119750530592333239e-03
-4.105718036902735596e-03
-4.276650835848357438e-03
-4.538904670875267520e-03
-4.531926754305306941e-03
-4.664507489009850003e-03
-4.727204256105723909e-03
-4.750154431901590368e-03
-4.808296197196391258e-03
-4.825700730893317698e-03
-4.845906740849705019e-03
-4.866851821331467411e-03
-4.875586305770507334e-03
-4.884048817154902113e-03
-4.894955142788906012e-03
-4.897562716156743552e-03
-4.897415967538864580e-03
-4.914645275753770984e-03
-4.896695174624447235e-03
-4.908178247630489051e-03
-4.933049729559883106e-03
-4.860118644927853386e-03
-4.962490203412269624e-03
-4.908521658702774508e-03
-4.791849639301071218e-03
-5.156325474564770958e-03
-4.629850571600504366e-03
-4.886927359301169657e-03
-5.176710693251716615e-03
