8.056989165607317000e-04
9.149592656758195799e-04
3.569534947561011501e-03
3.634577285613054855e-03
4.119685305028786618e-03
4.594348557765555799e-03
4.096400169524526402e-03
4.367602860476270041e-03
4.330723088371596363e-03
4.261623573024942574e-03
4.339726933782712091e-03
4.300135423599960732e-03
4.305917967341224735e-03
4.317330821494169864e-03
4.305801195177140668e-03
4.312049256703250760e-03
4.311490293394317809e-03
4.309951833798261571e-03
4.311885422398843010e-03
4.311171714089881771e-03
4.311647604101635951e-03
4.312024186671026098e-03
4.312490928682364069e-03
4.313394868370170818e-03
4.313558867376016820e-03
4.316550020708779037e-03
4.316995514762382580e-03
4.319260114982985919e-03
4.328744701137127344e-03
4.323924479870067117e-03
4.342480374987854261e-03
4.358777885874325596e-03
4.339873474990991152e-03
4.433860052837561988e-03
4.401502617109934179e-03
4.398434407632046718e-03
4.514330676011153731e-03
4.498833723372883987e-03
4.816198156410600451e-03
4.994664423693164976e-03
4.924977306414238254e-03
6.444501250384555152e-03
6.708261614686399088e-03
5.901752599362965201e-03
6.550632205330890988e-03
6.396124521769764974e-03
2.984390913550363789e-03
3.474807498896165595e-03
3.169207588678054060e-03
2.766916336091680001e-03
4.772675442530596897e-03
4.273173392829554378e-03
3.670835841828370798e-03
-5.636269544425055126e-04
-1.313558327534942354e-03
-3.010841582609150371e-03
-4.229970327547259712e-03
-4.832348094294101372e-03
-6.821094328859142811e-03
-6.237359949826935465e-03
-8.547901384642994649e-03
-6.508842336484344654e-03
2.131129373876511184e-04
8.115557790874756983e-03
1.084320235032653484e-02
1.534349581918474301e-02
1.568923219113881051e-02
1.586418760562066654e-02
1.755936572379251243e-02
1.687794947650388816e-02
1.796420428483527787e-02
1.851421723423028048e-02
1.845596488025902371e-02
1.991140486801517076e-02
1.990146025011860914e-02
2.092963509465772809e-02
2.231412705417375186e-02
2.225511124637081020e-02
2.465234665385489243e-02
2.483669129027511399e-02
2.416869423117604110e-02
2.528862130587165857e-02
2.373452964535780613e-02
2.324415778345399752e-02
2.296396844066084936e-02
1.941673897798909879e-02
1.853991124170906168e-02
1.771747365255023354e-02
1.634988267125611627e-02
1.643840342516847061e-02
1.769403480284209573e-02
1.669824765151856419e-02
1.321584748809816363e-02
1.084417060038894709e-02
9.199756947893296746e-03
6.245041136932617809e-03
6.656456402135107163e-03
7.073905729495735643e-03
6.306556674891558925e-03
6.900955552507638882e-03
3.436188494390772855e-03
2.901007697491991832e-03
3.393321840529128428e-03
2.933391954435837258e-03
3.187698736437080248e-03
3.168128217055770149e-03
3.376655471856430338e-03
2.139676181539446314e-03
1.582282439826020615e-03
-2.803262138860981357e-04
-2.832120513071309000e-03
-4.838898802194633968e-03
-5.540168599449198442e-03
-5.492766988457834301e-03
-1.165860448375537336e-03
2.782249596735656208e-03
8.116663893759881732e-03
1.517348040458521216e-02
1.449641919582578611e-02
1.521859815129308555e-02
1.482682964271524184e-02
1.031458718600631111e-02
9.357054266304719661e-03
1.050795375876431570e-02
9.184911447455600814e-03
9.033890919177618717e-03
9.211249503756003404e-03
8.850386446968613180e-03
9.068311928667265390e-03
8.398039084837613868e-03
8.488542600066806970e-03
7.606729156647238158e-03
7.612834734820121164e-03
6.863456440295023081e-03
3.490197508279913822e-03
1.099264261710440616e-03
1.646418940227229160e-03
1.695720780209717966e-03
3.956159466519843480e-03
6.542375148900462720e-03
7.045395801811283470e-03
1.271582177088983676e-02
1.035611861191085455e-02
9.595939885247390527e-03
8.638207547027912728e-03
2.604393608931067194e-06
-1.231134839832503935e-04
-5.121534766134154884e-03
-6.849067159068548613e-03
-5.420941159676017501e-03
-6.059950043922492091e-03
-5.020799177482488176e-03
-4.366478053596937678e-03
-4.510351519500452322e-03
-3.693373621863506231e-03
-3.677919414993365173e-03
-3.696272974517396046e-03
-3.258148410007789646e-03
-3.586908067278600856e-03
-3.647981570247903378e-03
-3.452508464159550171e-03
-4.315297047538982356e-03
-4.217901421491813269e-03
-4.764269467526208515e-03
-6.565853580674914369e-03
-7.107892067811248139e-03
-7.062749691612343894e-03
-7.647879339087357807e-03
-7.311628237203660931e-03
-6.806835335665180342e-03
-6.633518502867873784e-03
-5.517444849482523207e-03
-4.308931553575690715e-03
-3.612589771879103420e-03
-1.199056607493958560e-03
-3.771897067988325657e-04
-8.680819269092148946e-04
1.010056220747435150e-03
7.247438675085830046e-04
1.718939122293743982e-03
2.899862877189121266e-03
1.200420767688564847e-03
2.136358835071983878e-03
6.235791304279040409e-03
6.029781355882250435e-03
5.773929473041086897e-03
6.060266566147221035e-03
4.548149115121311384e-03
3.887993620218094942e-03
2.727184334310587144e-03
3.892913404673387263e-04
-1.686069153201957143e-04
-2.261975754774624581e-03
-5.602529008880503727e-04
-3.522151704941611761e-04
5.527282374360549186e-04
1.140052376705203395e-03
2.131220353916911045e-03
4.783764287871075313e-03
3.662100684747454215e-03
9.403051938900080023e-03
9.621158718036097041e-03
2.058135196695129801e-03
3.137692261622251726e-03
6.033823172398198806e-03
5.096126742843692242e-03
5.656724874188345971e-03
6.107371349985642357e-03
5.803071023387047431e-03
6.135750868989879765e-03
6.113815124552727381e-03
5.919425007952174370e-03
6.013488560807640770e-03
6.037300959663751895e-03
6.077655361357008068e-03
6.167029305318772955e-03
6.205571951064857081e-03
6.475792155835242460e-03
6.503001567041618095e-03
6.851614730222612207e-03
7.508167567858520242e-03
7.327738258582384978e-03
9.125096142247919248e-03
9.711435607068342676e-03
8.612978298045042072e-03
9.223316243888822832e-03
9.025718204863739103e-03
7.268326357498423526e-03
9.101017326641243008e-03
6.866275513972003655e-03
6.453671597352378733e-03
8.884332126378532632e-03
1.153703993731575693e-02
1.100659140181370864e-02
1.106336191121330172e-02
1.001704512274957659e-02
9.256335383959646279e-03
1.066137809547134871e-02
9.294845485652031974e-03
1.067735012225430255e-02
1.066191131287772161e-02
7.649194904234928039e-03
8.950952452024568684e-03
6.605241481219869051e-03
6.417043545606314348e-03
7.310929673160732750e-03
5.479564250056719391e-03
6.334433697770665457e-03
5.841494859478556061e-03
1.409699362026708893e-03
1.827562580166164699e-03
2.344539095098757079e-03
1.984103521893525873e-03
4.869566357993309128e-03
5.901933998672799671e-03
7.121377169146606359e-03
8.917802094798994023e-03
1.014815014487668171e-02
1.111533420882588122e-02
1.334451483379874188e-02
1.361157498779045141e-02
1.486255048739507957e-02
1.588324281914156935e-02
1.632241089928656783e-02
1.820950824000379387e-02
1.837406849227430847e-02
1.978156918612231779e-02
2.013446123239651109e-02
1.949921165519671873e-02
2.026895071282136182e-02
1.968592511802478087e-02
1.935645972987544428e-02
1.976384068134991526e-02
1.845118059082197920e-02
1.851592903187092992e-02
1.795554508665385407e-02
1.532793330065533761e-02
1.471028178602198228e-02
1.311427847608153882e-02
1.172710352370103480e-02
1.137545622875535054e-02
1.045687831399184746e-02
1.038464552616950171e-02
9.466759244065727635e-03
9.212537290393046224e-03
9.051776481227961219e-03
8.689552283141615749e-03
8.911958901513920145e-03
8.798258749242655538e-03
8.137889773071078220e-03
7.933313763245991579e-03
9.106712605076557748e-03
8.444333568818421232e-03
9.182875097802047776e-03
8.212733148994351418e-03
4.500000116637828396e-03
4.188577536604029192e-03
4.011246072404726741e-03
3.839594848888811234e-03
7.249291811320430698e-03
7.018899014987001542e-03
8.407103799770032290e-03
1.046588008579838781e-02
1.156709644300991935e-02
9.604249141642803855e-03
5.916341834630158697e-03
4.122974628971489211e-03
-1.435387349051924725e-03
-1.618833025644955854e-03
-3.266795587165285432e-03
-5.080944236328334071e-03
1.422459688353054294e-04
6.122760133690872270e-04
5.685633232391426248e-03
7.141491944574336961e-03
9.052638795700077012e-03
1.158047754141458725e-02
1.179991040936635704e-02
1.448007128191625831e-02
1.382953061308998810e-02
1.472081268974346005e-02
1.392578707440846747e-02
1.284297011422683849e-02
1.237606920148490684e-02
1.102853163411311559e-02
1.059853785392160172e-02
8.390346977891583596e-03
7.707251196043861732e-03
9.862442174681792378e-03
1.015217285570912953e-02
9.832411361685019710e-03
1.029213038014317738e-02
1.102410186356071915e-02
1.129752585171767826e-02
9.473164929841671605e-03
8.079790629149468523e-03
7.497278218817397810e-03
6.607740809971843904e-03
6.098865316341703022e-03
5.945236979715010084e-03
5.898986075763648987e-03
5.399648622111999016e-03
6.496585213338854428e-03
6.479635720198646462e-03
4.028207910213991647e-03
3.811363193864268292e-03
3.727022493492649930e-03
2.912159768871401110e-03
2.614528207464825345e-03
1.450176054933241618e-03
5.024982764618507285e-03
6.793959635392509896e-03
7.991562231628165230e-03
8.429038484954567631e-03
9.316085953920038437e-03
7.777614827857663032e-03
8.470673710371138393e-03
6.699357229080251698e-03
5.873986689090516730e-03
6.443411367965171804e-03
5.368006087249744575e-03
6.096918989229242573e-03
5.601608110352342823e-03
4.926422866714550569e-03
5.620637650147716421e-03
4.729468459109766390e-03
3.688647621058471337e-03
2.802935388654686881e-03
-2.810614490638886523e-04
-1.116566034756454918e-03
-1.071222921245431107e-04
-4.094310228836220032e-04
8.598745372943825431e-04
1.271660924275006769e-03
1.311719368948526063e-03
1.043021934771781777e-03
1.017968352448187777e-03
3.718177513727228644e-04
8.694981607589961914e-04
3.243028085303133927e-04
4.466706280092881589e-04
-2.940575946036077994e-04
-3.438253664957149729e-03
-2.771586825206199308e-03
-3.229840039610657951e-03
-3.505585966854645689e-03
-1.104233421848197253e-03
-2.791754525565900719e-04
4.924548282068627082e-04
5.430501081159443653e-04
5.071793940085051475e-04
5.632889000244603464e-04
-2.498886665517076854e-04
6.931457617188033129e-04
1.376426717640376741e-04
-2.632798950569265224e-03
-3.764898955874653765e-03
-6.108560069629541574e-03
-5.798350916266838302e-03
-1.732814673017235530e-03
3.376612603184251868e-03
7.996933611829980248e-03
1.411279036138083677e-02
1.441291467602144084e-02
1.387455859870395311e-02
1.182258809371315375e-02
8.480340442970597109e-03
1.024434545138762712e-02
8.449897473851365748e-03
6.885461076373367538e-03
7.294962375214418884e-03
5.256686814783339753e-03
6.450921921827096513e-03
5.885754998906081968e-03
3.730702174293719451e-03
2.091341916644176395e-03
1.754126643856154539e-03
3.793721286653698940e-03
4.683277408624198293e-03
8.412653858460798079e-03
1.515401050269467656e-02
2.066512054423295941e-02
2.212377223429336584e-02
2.777914457289902203e-02
2.933086769577180480e-02
3.114130290623341041e-02
3.523117757183676785e-02
3.498891648427599615e-02
3.487365860813792379e-02
3.511857331332791932e-02
3.377175799163716075e-02
3.341216874051231023e-02
3.109222120909097345e-02
3.024103026403661756e-02
2.710918229494095263e-02
2.352991094747376027e-02
2.200072295012044099e-02
1.389819022555036782e-02
1.250738500284549228e-02
1.101663512248866536e-02
7.539328885222162588e-03
8.431608736419569580e-03
6.914791834988878380e-03
6.339695660941814526e-03
7.956852264714920492e-03
7.278840459731119455e-03
8.027690020004883686e-03
8.818809814160850219e-03
8.880545253362761432e-03
9.720210631920706695e-03
1.102454342566602276e-02
1.158591446690715628e-02
1.392267513565334860e-02
1.736676032901486588e-02
1.855613124068695302e-02
2.469227313843332453e-02
2.459595482208271067e-02
2.542431276034640142e-02
2.723061678561289334e-02
2.508625908989569123e-02
2.625655260462216034e-02
2.427209649255080565e-02
2.197075978193701110e-02
2.192241635787599979e-02
1.577718010507198065e-02
1.514014168120773537e-02
1.347649435212133068e-02
1.077300993578453499e-02
1.131482221441160868e-02
9.426663792038190298e-03
9.010387128177137217e-03
9.110497962599974076e-03
7.557359581137566493e-03
8.173151441424447369e-03
7.101937710356829789e-03
5.909431011395188324e-03
6.003758141468649827e-03
2.208380526483822923e-03
2.079032647510250034e-03
2.722263339831563437e-03
2.324407312942575621e-03
3.352084762716768616e-03
3.696530087384364022e-03
5.890935248511261838e-03
6.080876457518850746e-03
5.342423198798975335e-03
5.393032270161127704e-03
4.032449808358970489e-03
2.864429231334467141e-03
7.497451952645908585e-04
-2.994654534170243434e-03
-3.276067710228430015e-03
-1.998192996265365107e-03
-1.527436401042720805e-03
-1.558147252256228508e-04
4.469841519992001611e-04
6.441120536634830154e-03
6.938080895972189785e-03
7.001598693711808853e-03
8.490208784094973801e-03
8.193916027410100972e-03
8.827395967726634970e-03
8.295640964922310415e-03
8.654193217719527431e-03
8.721087217657913157e-03
5.512421207845835149e-03
5.292392526225444226e-03
4.493321495308289816e-03
3.709869899637405991e-03
3.519762739351914825e-03
3.006713682443521666e-03
2.919100508252924983e-03
2.242148745776366241e-03
2.155533294315980716e-03
2.234204577149867012e-03
2.345376924781572645e-03
2.568026347557691123e-03
2.586657716638349810e-03
2.652554582957647976e-03
2.737007588041818866e-03
2.654904757614358866e-03
2.747452934042663147e-03
2.749641849671230227e-03
2.381500692595116611e-03
2.353813519004762517e-03
2.252925142523807666e-03
2.163314745330206356e-03
2.149848883580537939e-03
2.105401566273052121e-03
2.086468408501592972e-03
2.076557080030715704e-03
2.062245897163985774e-03
2.057602636167376545e-03
2.052657670086380746e-03
2.048702462794796744e-03
2.047109468820601779e-03
2.045260953047133099e-03
2.044194173211720620e-03
2.043653630165768835e-03
2.043170790881828746e-03
2.042832203745151027e-03
2.043129256448161183e-03
2.043016750855989726e-03
2.043145815403624947e-03
2.044973290110716976e-03
2.043806321776420187e-03
2.046858439541266155e-03
2.050671545854755064e-03
2.045515643134068057e-03
2.063783292385576278e-03
2.059614299000890863e-03
2.056426407224389279e-03
2.124003174619262801e-03
2.051282946070139522e-03
2.145029346103922551e-03
2.270380774116277818e-03
1.969055449465064063e-03
2.707908930465608398e-03
2.897242382525836921e-03
