4.370223782660729861e-01
4.634707186263878897e-01
7.334930200026094083e-01
7.624380545394592312e-01
7.617281326156570831e-01
8.018183750663833154e-01
7.774413759252467582e-01
7.890728852599746546e-01
7.930975129197157525e-01
7.859311978598927384e-01
7.929612030577669612e-01
7.907552452202113447e-01
7.899003769677981346e-01
7.925814655452547708e-01
7.901809552968541706e-01
7.901193822491705543e-01
7.921999022787065137e-01
7.867727045549630649e-01
7.897169026485687526e-01
7.886657453364138703e-01
7.731470099701241994e-01
7.727073929898987670e-01
7.471965552332524574e-01
7.452042439100223792e-01
7.342865921574472932e-01
7.140085446983246431e-01
7.222428374206246726e-01
6.849803086204185876e-01
6.757921573289707995e-01
6.662692977359017110e-01
5.589713626877467201e-01
5.412693100300293159e-01
4.513231952279864734e-01
4.496320513026823007e-01
4.833614371220705253e-01
4.812759961003740816e-01
6.092030414664686422e-01
6.633121209676513530e-01
6.683386118792489228e-01
7.765264509733480480e-01
7.658267016678625971e-01
7.944002460294078416e-01
8.006096376153263305e-01
7.841127327461864249e-01
7.903858698772806557e-01
7.799577527690079171e-01
7.669081634782848322e-01
7.536451965865039737e-01
7.405770608351069928e-01
7.023449198564998275e-01
6.806145456552076256e-01
6.420348522320209472e-01
6.023666927050232989e-01
5.451668638727954486e-01
4.916674542790123725e-01
3.871647858456935820e-01
3.523710675934161318e-01
3.921734903429931474e-01
3.330822643247682291e-01
2.552279217160169367e-01
6.630196778932440083e-02
-7.353273967862308802e-02
-1.424450425993311065e-01
-3.061428329412610450e-01
-4.345593105079122997e-01
-6.252573999499320134e-01
-7.985141849416002024e-01
-9.133318768172554725e-01
-1.053130271435783527e+00
-1.091941636329324394e+00
-1.143200943502466815e+00
-1.147335077092130895e+00
-1.187962623499196457e+00
-1.212451694547215686e+00
-1.216293406790460718e+00
-1.266226980801299140e+00
-1.259870129185092225e+00
-1.273183392284540805e+00
-1.287139153864989449e+00
-1.235687490492373142e+00
-1.246301225297087978e+00
-1.201965392934813304e+00
-1.140325708399050786e+00
-1.112993561169814516e+00
-1.019643685212043849e+00
-9.682466263913129811e-01
-9.030343969412853999e-01
-8.090685125188854521e-01
-7.515837106622145214e-01
-6.472083504422008193e-01
-5.052922243419303294e-01
-4.203029610597303067e-01
-1.923150640060870276e-01
-4.927900228888398154e-02
2.372035990015918805e-01
3.978677445730767759e-01
5.706564808895610019e-01
8.757340847270062012e-01
8.747698614270378314e-01
8.199095040815979063e-01
7.433662821412424515e-01
3.926639760940918156e-01
4.005360511519941991e-01
4.659028771509447497e-01
2.801791338832554934e-01
3.968626340357480631e-01
2.171621652893526710e-01
2.359360998327184045e-01
2.908149335434693228e-01
7.724000769371783259e-02
-2.927845301794505528e-01
-3.041164816324444242e-01
-3.934084984164469834e-01
-4.433003318375872692e-01
-3.329015265747519159e-01
-3.441799324617011990e-01
-1.487686228920712950e-01
5.670437934200987795e-02
2.244380023904578303e-01
4.335500422192196668e-01
5.616500457021814663e-01
6.904102739872649552e-01
5.511858821948804055e-01
3.568153066502255943e-01
2.544856025653910447e-02
-7.082716208824420268e-02
-1.890928693770037028e-01
-2.011524496104589999e-01
-1.784572030286337430e-01
-2.107714104524273380e-01
-1.892306249556086617e-01
-2.054245083731032484e-01
-2.444113765778330172e-01
-2.258496030271016641e-01
-2.838459450007908558e-01
-2.812941177724855857e-01
-2.940710005304490449e-01
-3.873080188330551565e-01
-3.182281030766277996e-01
-4.411136135595738472e-01
-9.000589612940480544e-01
-1.011662357835381387e+00
-1.273060736731586928e+00
-1.304577178651510128e+00
-1.368635178109077088e+00
-1.394048128201576198e+00
-1.364477397058496910e+00
-1.379950720730938496e+00
-1.336271795383973782e+00
-1.293278389321640631e+00
-1.252668502359944203e+00
-1.181644730676467248e+00
-1.129902189081012143e+00
-1.053029271509331899e+00
-9.709448140387897386e-01
-9.092694244475338916e-01
-8.203036501433242922e-01
-7.461720620671747906e-01
-6.798808562256165589e-01
-5.875251440202562403e-01
-5.324108597714392044e-01
-4.827139651920690500e-01
-4.198908086511179416e-01
-3.978740009498331620e-01
-3.563016428551510351e-01
-3.402461647916572018e-01
-3.398298042192873791e-01
-3.208625633343103467e-01
-3.248458240215504333e-01
-3.664291568837330648e-01
-3.858636505688288754e-01
-3.967255535738250516e-01
-4.340413268431852489e-01
-4.231965477454529556e-01
-4.044475694363497964e-01
-3.926282445652337083e-01
-3.205353393669168605e-01
-2.226543795743851362e-01
-6.116366751406796670e-02
1.366130649635559913e-01
3.120996986297591147e-01
4.272625822781199179e-01
5.591713318230170371e-01
6.625653667664158641e-01
7.227197743689816045e-01
5.637309423135905551e-01
5.437357251424536075e-01
3.950352246340714246e-01
-7.903929068852290352e-02
-3.962639760095507113e-01
-3.717506513587958139e-01
-4.815467823510643508e-01
-4.394242525042041936e-01
-4.034222896770353617e-01
-4.952393939779797805e-01
-4.228563177604177659e-01
-4.815626469589675551e-01
-4.772971226182075588e-01
-3.413627335184261646e-01
-4.133732952069011368e-01
-8.173061040102101993e-01
-1.011016406218592234e+00
-1.084841027768459476e+00
-1.180275223564574150e+00
-1.172134718519798335e+00
-1.178679686105055247e+00
-1.173665261018155048e+00
-1.133148942076413812e+00
-1.104614347197359292e+00
-1.042861973210872151e+00
-1.000658795567329173e+00
-9.385186215046908975e-01
-8.873916473483174361e-01
-8.171449840342441817e-01
-7.308543504384914513e-01
-6.112086109340136852e-01
-2.692724440241797690e-01
-1.071687600329780249e-01
1.551494472033775052e-01
4.639378824822056324e-01
5.483220077947063009e-01
7.993860138154765815e-01
8.365234077951793079e-01
8.240684518196935704e-01
8.184652915129539963e-01
8.101332528640894370e-01
7.829419387308768075e-01
7.780298824457790863e-01
7.566345267677807573e-01
7.200824938772669714e-01
7.224428429178757494e-01
6.647116862502457924e-01
6.498133924673551443e-01
6.336811540191183978e-01
5.514304737784393451e-01
5.527482351738848276e-01
5.545002377105220370e-01
5.277333288113890131e-01
5.606507090911171387e-01
5.129790138926563214e-01
4.944518171568519915e-01
4.658920896799308986e-01
3.945810988042602885e-01
4.035101341133319197e-01
2.775198170550509102e-01
2.849241550085142571e-01
3.606586030750175143e-01
3.423641542116598879e-01
6.253291125759921631e-02
-2.343332719375984252e-01
-2.853481785409409666e-01
-3.572535783161422396e-01
-3.816858985634585255e-01
-2.965739521535586398e-01
-2.625890526830756966e-01
-6.863486320371973981e-02
1.606823332859093900e-01
3.462969968766440032e-01
5.579316371735150160e-01
5.787412604875056266e-01
7.437204102094775449e-01
6.655846468495286716e-01
-6.728344326469828940e-02
-1.125976873419719526e-01
-3.294338123193344403e-01
-3.938952072720903197e-01
-2.201174900339968044e-01
-3.078937921067378264e-02
8.629679821600894085e-02
2.650888554841610706e-02
1.638782038757717260e-02
-1.264474510115441153e-01
-1.658741175558413328e-01
-2.801943568663802786e-01
-2.964532346092381143e-01
-4.413472849035934287e-01
-5.694714235570564886e-01
-7.392498123465846005e-01
-8.748107725351025321e-01
-1.059466933159474822e+00
-1.104125100813233340e+00
-1.171874639458966749e+00
-1.219742976943940294e+00
-1.225428763580349134e+00
-1.245356558078387632e+00
-1.234820518285601576e+00
-1.244980170955889864e+00
-1.243412671087103849e+00
-1.235506751601210151e+00
-1.241745982131050363e+00
-1.223897279813521699e+00
-1.218850881226412053e+00
-1.204468618575084804e+00
-1.183219060460748207e+00
-1.177313536141482597e+00
-1.154799526513004437e+00
-1.138277439393198698e+00
-1.129183654576502382e+00
-1.098364073544584762e+00
-1.086786054227167675e+00
-1.062067556532941826e+00
-1.021544433028895860e+00
-1.002303673051481159e+00
-7.534923688899242133e-01
-6.776865779474281481e-01
-4.657140278925205323e-01
-1.263594579107422677e-01
8.931623813526015643e-02
3.821206297607790958e-01
6.142238188968773827e-01
8.883593850940743053e-01
8.714349859502503737e-01
9.091608221132515544e-01
8.817744925190907912e-01
8.573403228466259796e-01
8.639991304423800811e-01
8.212162772677031874e-01
8.100925405200160023e-01
7.990371324751469606e-01
7.485919434693090180e-01
7.717342495624496257e-01
7.426332904794198386e-01
7.697405545159093920e-01
8.039865923010706128e-01
7.994211706925377081e-01
1.059053037993822333e+00
1.111291663098519011e+00
1.063137328997472153e+00
1.185983643384018293e+00
1.089060145454784800e+00
9.101641178287380729e-01
8.846699619122134761e-01
3.260137834926707390e-01
2.855556307328340759e-01
4.499073613550307327e-01
3.547077170321843442e-01
3.958730795483112463e-01
3.947502998343508929e-01
1.890341024653536817e-01
1.366485005214590209e-01
-4.320408977817380425e-03
-6.838576414148922478e-02
-2.075385541964927527e-01
-1.980433917420534873e-01
-3.534525081754837372e-01
-5.662439899600442139e-01
-6.146467960970857236e-01
-8.971212032544786386e-01
-9.195217388639614908e-01
-9.496957697970587198e-01
-9.608819615180946849e-01
-9.669254519543269977e-01
-9.793028132285743759e-01
-9.775702465051380186e-01
-9.844401890464825611e-01
-9.852934341931234297e-01
-9.835183421955447924e-01
-9.846444635014577340e-01
-9.735403357653994449e-01
-9.632924039894154022e-01
-9.519409046715657796e-01
-9.327269359950193239e-01
-9.195479027327018162e-01
-9.028202812403551825e-01
-8.773354272247813057e-01
-8.627093398965078874e-01
-8.307829678621594383e-01
-7.968020995301801079e-01
-7.660074792258806387e-01
-6.563772175242461593e-01
-5.921500351381944194e-01
-4.939905178694882215e-01
-3.494263914743580557e-01
-2.543378268069942938e-01
8.289971867871205602e-02
1.716262886427884216e-01
5.036048869131970473e-01
6.228422393142224456e-01
8.264160222934650024e-01
8.553935112503043836e-01
8.154597003632116925e-01
8.650656522106924262e-01
8.397698249358273026e-01
8.464533346641071043e-01
8.449819056641072468e-01
8.308737655589761850e-01
8.432723717779901929e-01
7.925472850444426065e-01
8.082404013551884869e-01
7.584027080622609551e-01
5.774539079590819135e-01
4.765542882631367827e-01
3.992491011809538165e-02
-9.972576396752428143e-03
-1.697824388846925769e-01
-2.442810378737978183e-01
-2.293404147701024742e-01
-2.372372951562793930e-01
-2.292821215847880290e-01
-2.129467215473764552e-01
-2.110413978085851350e-01
-1.972740097705126538e-01
-1.877797845462753357e-01
-1.772524877988851943e-01
-1.674542986924848764e-01
-1.518467289745829008e-01
-1.397775682144016818e-01
-1.284798951295917646e-01
-9.945209356136207324e-02
-9.329355966881887341e-02
-5.633854088667807763e-02
-4.952019216344964725e-03
5.505900608696831511e-02
1.722128230362372225e-01
2.155947159119153134e-01
2.498954974349628932e-01
3.055196243898812836e-01
3.332449287227213230e-01
3.662300844356371488e-01
4.073256611884628065e-01
4.476773385209253941e-01
4.714199077677513339e-01
5.387127898944062965e-01
5.561920945918836789e-01
5.751385801310234802e-01
6.113905751457816562e-01
6.205040249500483052e-01
6.441897563817766681e-01
6.813221987333178964e-01
6.856765445219509258e-01
7.260008390474487205e-01
7.264793413014232204e-01
7.304552544045201934e-01
7.422406344135843437e-01
7.399564862978337265e-01
7.449033560993554293e-01
7.471419297666805903e-01
7.470041095973434242e-01
7.492090807351842185e-01
7.493870721800136581e-01
7.497290784493485516e-01
7.500793882203765639e-01
7.503305522703551667e-01
7.496792664655081984e-01
7.496662978031468638e-01
7.498085908031332236e-01
7.468637882168268627e-01
7.487198037990562272e-01
7.453785019377161536e-01
7.405331163131183558e-01
7.466739850520190958e-01
7.290947293979320731e-01
7.326903841580483245e-01
7.341067487261218050e-01
6.862812009682505154e-01
7.312743806279264902e-01
6.636362144746128511e-01
5.961538283217509004e-01
6.441718337621232804e-01
