2.140860207405561599e-01
3.057207284285701765e-01
1.050995116498468773e+00
1.159480504385627331e+00
1.182219542117372457e+00
1.022371130219642321e+00
1.039961261617203148e+00
1.039661046757422547e+00
1.039442910120794927e+00
1.039527423552280005e+00
1.039520163833586697e+00
1.039520086172028179e+00
1.039520204757671706e+00
1.039520864944030842e+00
1.039513756670888522e+00
1.039534169442384748e+00
1.039791898205523424e+00
1.038940633874590125e+00
1.056232854984368030e+00
1.067725534286388722e+00
4.946009928758311469e-01
4.857010771310273367e-01
4.624604089660494521e-01
4.619938966665979030e-01
4.621374110950371983e-01
4.621434093516315067e-01
4.623280904861929441e-01
4.619894342953693722e-01
4.921128264211480086e-01
4.970888529647775056e-01
5.605218945993542534e-02
4.592744730799752477e-03
6.308627820995910129e-02
5.762094350015405791e-02
2.219910869739787768e-02
4.520881069630490467e-02
1.592814784488299495e-01
2.132041011949116494e-01
1.676928933656669229e-01
2.681750920316616216e-01
2.765476734110824952e-01
6.641015640622267568e-01
6.142357929481321310e-01
5.975498993233169243e-01
5.978973662580976400e-01
5.977385212014111326e-01
5.973766478038989858e-01
5.732137888471237064e-01
5.717007296189012822e-01
2.556458718182728629e-01
2.676658053346676613e-01
2.703895898875629533e-01
2.893573143698668360e-01
2.689240469322102256e-01
4.910473709471189357e-02
-9.725316728931361621e-02
-2.806504135077148021e-02
1.963281274574295854e-01
3.051553247278555592e-01
3.038150772479359385e-01
-5.074944561300255910e-03
-1.650144707803859467e-01
2.031071062835954621e-01
4.377250130924656424e-01
3.127352024369958738e-01
-1.164176963440740203e-01
-8.319088409850552424e-01
-1.012947176490920809e+00
-6.592867566255317113e-01
-4.778144149814441688e-01
-1.237070737569291978e+00
-1.149573147702649401e+00
-1.530902849549311551e+00
-1.548924459739916104e+00
-1.558395510057619893e+00
-1.904086153689908301e+00
-2.216420086094430530e+00
-2.456652815971471782e+00
-2.325824345540312699e+00
-1.652059628541532321e+00
-2.153246984311426804e+00
-2.128227768134389297e+00
-1.015740348004063653e+00
-7.612631952949354686e-01
-7.420591455054079688e-01
-7.204891606516934388e-01
-4.371141093973037184e-01
-2.792197851944672182e-01
2.494390782344983737e-01
1.108127301964963174e-01
-2.828900261544828321e-01
-2.066454012581458444e-01
1.748060758856841979e-01
2.071610374779927211e-01
5.585707139310202435e-02
1.302173781975272393e-01
2.291891034312747433e-01
3.795933350404355755e-01
3.425259932941407404e-01
2.421530418625378600e-01
1.615904548636242777e-01
-5.164993715764262805e-02
-3.120862015540543100e-02
8.797210387332278503e-02
8.343470930894041071e-02
6.167565261972077911e-02
-7.496071357491403131e-02
2.113941586406802298e-01
7.735292109754393630e-01
4.873630060948452858e-01
-2.082333855738781325e-01
-5.344993348736927219e-01
-4.206502004089986424e-01
-6.797234288549683923e-01
-5.449914514023087575e-01
-3.069804120888436905e-01
1.852775605171251005e-01
1.943820265156016580e-01
1.496379680167021775e-01
1.492675289108312819e-01
2.632435881802374089e-01
3.748760659429460906e-01
2.496003574935921343e-01
4.584735492644276267e-02
-7.207178199511309058e-02
-6.962065706001034637e-02
-1.255341622614223052e-01
-9.880639355983390770e-02
-4.216440723061223861e-02
-1.937160685899367088e-02
-3.441631342056262338e-02
-3.945177262782519761e-02
-8.506078683707340993e-02
-8.515682396020402001e-02
-8.535090519995193470e-02
-8.502051167136873144e-02
-1.894592516211336675e-01
-1.188745338883899910e-01
3.304219882063672009e-01
3.745465931310304475e-01
8.639600210140582770e-03
-3.137838966921244754e-01
-6.280869537413561465e-01
-7.601078470419539990e-01
-1.641388498091150172e+00
-1.755546709989984855e+00
-1.884605904975429347e+00
-1.994931130812667375e+00
-2.013892375772487586e+00
-1.649569729629668524e+00
-1.488232241878242990e+00
-1.394541376813918765e+00
-1.381639100790902575e+00
-7.703669877288774614e-01
-6.142825049258768821e-01
-6.035905218601596012e-01
-5.761479124993323930e-01
-3.422043415958402890e-01
-6.382536597376226029e-02
5.025133130556775907e-01
3.977255105932386292e-01
8.400030072073674803e-02
1.697011955754560431e-01
1.869897410519490433e-01
2.198143808800062382e-01
-2.151652331391475798e-02
-9.267210416635598969e-02
9.793753385643422238e-02
2.783878619045710989e-01
2.645286282073206624e-02
-2.102110916201488933e-01
-3.887661115719631688e-01
-4.055950303282589431e-01
-4.125520353772818005e-01
-2.464009473599951261e-01
-1.376133144719061951e-01
-1.115616138165305832e-01
-1.718878701221228655e-01
6.792891563026165480e-02
2.515711933473279149e-01
1.496173208553900624e-01
8.612894054041630998e-02
1.353853731768096536e-01
2.927413367413660983e-01
2.749201707319544608e-01
1.763154356912209064e-01
2.803018903189073430e-01
2.327412297577441114e-01
-7.466227969268052211e-02
-1.967890528864579547e-01
-1.009112541709596411e-01
-8.400143833840856278e-02
-4.895300625072403211e-02
-3.821971000962159568e-03
-3.372843015316624032e-02
-1.251815341056976838e-01
-2.958945718367574362e-01
-1.173944164092165648e-01
4.059231082895356502e-01
4.713182033805072280e-01
7.158585771851405134e-03
-4.453461186298696695e-01
-8.308414216579802503e-01
-7.264203475966852785e-01
-5.537203548819513710e-01
-1.000926814388268804e+00
-1.172605862848472347e+00
-9.652918244775009482e-01
-8.735640860610651703e-01
-4.564000300160277468e-01
-3.924322153327683416e-01
-6.182171121241024636e-01
-9.153514807044534907e-01
-7.233205663616172343e-01
-3.665638655915174487e-02
1.618830838755106263e-02
1.079091725649757860e-01
1.586417599530263178e-01
7.518869021847611467e-02
1.765530741984034369e-01
1.762407807432233853e-01
2.703905035904288767e-01
2.808363638391014883e-01
6.101579206454111892e-01
5.127429688889002524e-01
4.922367122039866261e-01
4.924310241287136458e-01
4.920650611972469668e-01
4.917994312542944835e-01
4.335555324872011895e-01
4.222417448843925336e-01
2.182726491896499199e-01
2.612795981752615848e-01
2.652368258025664671e-01
-3.468137035528520706e-03
-1.037420491083020438e-02
5.929212511876338215e-02
8.869759653660105880e-02
3.200736680588872618e-01
3.043503092630678308e-01
2.453776580232851778e-01
2.452755961709812138e-01
1.968556277123165166e-01
1.648176921226429670e-01
-1.220721238640210954e-01
-1.636933059024414661e-02
4.452273793578483407e-01
8.595673055835072462e-01
3.244116153475364861e-01
-2.080180745268023768e-01
-5.347324241108292187e-01
-4.208984603523047707e-01
-6.795303838637940519e-01
-5.447633279675502260e-01
-2.693128405810705228e-01
2.505813693298280520e-01
3.125349578211841783e-01
2.149093238611729795e-01
1.569404896333452815e-01
1.992757463194030076e-01
3.531456025911948737e-01
2.790904065565108505e-01
-7.878234688156152132e-02
-1.256593944485284164e-01
-1.684922918803874459e-01
-1.711894389582475917e-01
-1.023389267413200576e-01
7.080289174201524760e-02
1.728640085249450731e-01
1.556104252488914874e-01
2.314855294833348398e-01
-7.527490666322965429e-02
-1.425187604728357926e-01
-1.361612973832673767e-01
4.086548342682385093e-01
2.788500848193013470e-01
3.127584163420135122e-01
-1.170649200347564090e-01
-8.338047016223204544e-01
-1.272088902413902600e+00
-6.843165105379603874e-01
-6.304284371452512081e-01
-8.246701675738636883e-01
-9.559993886905502336e-01
-1.517835700883685135e+00
-1.362634287178231762e+00
-1.389130691933667006e+00
-1.400241176648954200e+00
-1.465733526649187768e+00
-1.624516902010216590e+00
-1.806137407589828658e+00
-1.778578811170605789e+00
-1.460115005030895308e+00
-1.460825889843386571e+00
-1.449688090762648818e+00
-1.445015049270012009e+00
-1.448390296095420915e+00
-1.462611851544167729e+00
-1.438614091120033134e+00
-1.395048785348243170e+00
-1.324458649747566774e+00
-9.058411931371099235e-02
-9.584292701520838453e-02
-2.428389359201887920e-01
-4.298865849123162941e-01
-3.344496787759939638e-01
9.456923103104153405e-02
1.895943295601175416e-01
7.661833950398005966e-02
2.355143974154287057e-01
4.228327958551723054e-01
2.755263579901633952e-01
5.764239951026175479e-01
4.827929746493366259e-01
4.570195772623925068e-01
4.573692607774136887e-01
4.567239588136238759e-01
4.061929902863717912e-01
3.923002397960713705e-01
2.174377154834093440e-01
2.421849987165710927e-01
2.838749620707858856e-01
2.651911762013458018e-01
-1.304438900643035137e-01
-9.546658266917035229e-02
8.600692747797391569e-01
9.240822966962718432e-01
8.400905060673005131e-01
9.698966247713647348e-01
9.823151648924250967e-01
3.131406785009412386e-01
1.753901976524427642e-01
-2.331748445595154540e-01
-2.227272616250328130e-01
1.903921079539706018e-01
2.638945860290144996e-01
3.213781569513649572e-01
3.402959886341101470e-01
5.075536963215142305e-02
-1.044174065775365333e-02
-4.800107289777331282e-02
-4.804088736436453594e-02
-4.807727751275666511e-02
9.930065283643732532e-02
9.479701641875830365e-02
-2.467097119558948545e-02
-9.900358704568136547e-02
-6.872199329537119483e-02
-1.898974059175160822e-01
-1.328080275637166796e+00
-1.340604601235998672e+00
-1.118830234699109694e+00
-1.130206188536362344e+00
-1.116895532536291258e+00
-1.117398387409770155e+00
-1.121634352730352280e+00
-1.223831906176719775e+00
-1.335058466345111494e+00
-1.356931674049126402e+00
-1.311317481681020025e+00
-1.083723501543007117e+00
-1.081628267401132604e+00
-1.075306346615621633e+00
-1.076463706549179999e+00
-1.074317354477863473e+00
-1.087712559757044284e+00
-1.058301469150144003e+00
-7.231081692703205110e-01
-6.269826671787357419e-01
-1.678638056654370991e-01
-1.494470052651943395e-02
-1.260581627511797864e-01
1.534342931849502489e-01
1.322694832949075361e-01
6.843351674325931153e-03
7.063706403623086667e-03
6.073631038927462117e-02
1.348102827127330150e-01
7.634801022355053313e-01
7.367203522947973759e-01
5.887318690543256183e-01
5.889991913451942951e-01
5.888289086966262964e-01
5.887693039945623985e-01
5.887780941074395313e-01
5.888078530832401292e-01
5.889209926283754948e-01
5.887500399325632516e-01
6.687909613417856169e-01
7.016677238468416178e-01
2.597398995825644374e-01
1.612307749416615754e-01
-1.307457976991725224e-01
-1.521964644708573844e-01
-1.455977605214512638e-01
-1.703636486511696246e-01
-1.382795357390630420e-01
-8.328386247883837190e-02
-3.380821264229442319e-02
-3.370642002243041252e-02
-3.359671979706264910e-02
-3.356841282532652126e-02
-3.358865886515480237e-02
-3.358845330576071958e-02
-3.359855297872221813e-02
-3.356286748287679728e-02
-3.353275554854613649e-02
-3.358687854082558627e-02
-9.357180745692129237e-03
-3.547450815743784236e-02
-9.464641376451121690e-02
-2.137999600318198357e-01
-1.505829786756620603e-01
1.500558275553580956e-01
2.036109673449999491e-01
1.811191886363365255e-01
1.815632708433688458e-01
1.815098802954528967e-01
1.815436715370221110e-01
1.817371191314738343e-01
2.460915928449701473e-01
2.723754765541064327e-01
3.786373589579602461e-01
3.465977277926923783e-01
2.937701175746681992e-01
2.938380020803166848e-01
2.935309853935202939e-01
2.940810849891162260e-01
3.093334422406565087e-01
3.143356935320927303e-01
1.047427070370577695e+00
1.039915745774262046e+00
1.030624177643843398e+00
1.031750073132171597e+00
1.031437311950922586e+00
1.031427839132980084e+00
1.031432556517180243e+00
1.031431668384517053e+00
1.031431769680906552e+00
1.031431780093831296e+00
1.031431778673205235e+00
1.031431778673189026e+00
1.031431778673178590e+00
1.031431778673167488e+00
1.031431778673190358e+00
1.031431778673189692e+00
1.031431778673182142e+00
1.031431779708933627e+00
1.031431771325556968e+00
1.031431715428240192e+00
1.031432264875768112e+00
1.031428810861909184e+00
1.031438694175740522e+00
1.031626045894298516e+00
1.030921635598001096e+00
1.038010292244055499e+00
1.037527473742423823e+00
5.856864451978635033e-01
5.834649797743359789e-01
