1.512345119718812563e-03
1.761882969010617611e-03
4.428513747200682645e-03
4.303938092162188679e-03
5.917373065252850943e-03
6.581431230783689468e-03
6.646105224947714343e-03
7.326382601349473028e-03
7.433204932482401738e-03
7.606636037811811794e-03
7.816459448676151348e-03
7.849875797676800562e-03
7.913803247993927981e-03
7.966848455157654954e-03
7.938774152182708280e-03
7.873914414161853337e-03
7.913495290997942314e-03
7.665367972148311691e-03
7.568577141556922377e-03
7.569597231878067919e-03
6.675217372825289520e-03
6.685648375180658007e-03
6.626856659760828848e-03
6.388439540928017753e-03
6.580462451419334668e-03
6.651467985818954563e-03
6.641695341911274010e-03
7.284189657298677234e-03
7.339955902760006076e-03
7.839349590860999681e-03
9.587974461443830171e-03
9.433547314833010816e-03
1.240507026720529850e-02
1.202314959953380662e-02
1.047945448546296933e-02
1.138672660795310952e-02
7.956224201622728517e-03
7.294116647866649879e-03
7.352460212329810750e-03
4.414796941067256585e-03
4.704524370765628127e-03
1.547793224644285377e-03
9.336849840670895890e-04
1.394830783800033889e-03
5.838088413889929882e-04
6.498103361013576971e-04
1.801317209268331158e-03
1.996961221220074599e-03
2.360633377756045630e-03
6.271050797324853078e-03
6.585641675548798042e-03
7.154615325687464431e-03
8.413088044006228339e-03
7.764357530169725338e-03
6.875357889793534336e-03
5.158927484115245071e-03
6.199841090178722335e-03
3.747210675691182210e-03
3.623529095162131980e-03
1.780078396964597954e-03
-2.040715446063404333e-03
-3.105736676981440524e-03
-1.067919521020898113e-02
-6.108695643740031690e-03
-9.649484797860038293e-03
-9.997259337124891898e-03
1.095571536722622554e-03
-4.978806968765008868e-03
-5.033974528481094043e-03
-7.281789525564414355e-03
-2.086360660756728103e-02
-2.456923591703794735e-02
-3.335016238173747760e-02
-4.209625051888006564e-02
-4.698419637220457856e-02
-5.820778035237096637e-02
-6.256175574094630099e-02
-7.192063448237903667e-02
-7.833799395252066811e-02
-7.967695784781214652e-02
-8.687455105559382940e-02
-8.690868184065810020e-02
-8.736555046571391203e-02
-8.825677020879779677e-02
-8.309030488189961261e-02
-8.196695886678516396e-02
-7.746037955148207810e-02
-7.152933105540609793e-02
-6.797642662142130976e-02
-5.993734381968846003e-02
-5.416030801341148448e-02
-4.884913242898061836e-02
-3.780434646648925950e-02
-3.412973448671231119e-02
-2.541088994532857831e-02
-1.924739125726617969e-02
-1.685843623098740376e-02
-6.832972181683234954e-03
-6.946925607397369876e-03
-5.630823977310434048e-03
-3.749451958454487650e-03
-9.968377835406086809e-03
-1.141027667309298110e-02
-9.568393234784379128e-03
-1.255386727906581193e-02
-1.434904806760972130e-02
-1.541923017225339462e-02
-2.164817941224655637e-02
-2.138176867733371928e-02
-1.969944707784927751e-02
-2.576506218245186441e-02
-3.061250462210406836e-02
-3.409914824805880540e-02
-3.677915771964879177e-02
-3.409424264704317975e-02
-2.984735122000286081e-02
-2.649470607507920308e-02
-2.195376673215176239e-02
-1.558321771738065999e-02
-9.019415454676264765e-03
-7.726636121692214950e-04
2.226910762898513807e-03
4.600699944343918796e-03
3.215015475246245022e-03
1.612806970877168639e-03
2.113182590244047407e-05
-9.011874427288743897e-03
-1.025160428493057489e-02
-1.312150083747620939e-02
-1.646658326336937136e-02
-1.588417088084495207e-02
-1.681386110444225285e-02
-1.600477824980144417e-02
-1.494404987703335137e-02
-1.500639734743280072e-02
-1.381106870023163756e-02
-1.113434770286536764e-02
-1.253822075343312761e-02
-7.363829978929326177e-03
-5.029075427629503027e-03
-1.090104169694728828e-02
-4.926708857511338108e-03
-5.899729812132851678e-03
-3.602153027055204730e-03
9.528010419009240450e-03
1.198726479312914317e-02
1.641246855871739824e-02
2.313758312979740869e-02
2.492611419100990502e-02
3.180817498406265237e-02
3.850632309056267050e-02
5.099683834911161034e-02
6.145722458375104530e-02
7.573678868849814672e-02
9.174032075498396444e-02
1.033995951053878343e-01
1.179473961836890183e-01
1.334321959854864181e-01
1.397847201353193958e-01
1.541317208652573933e-01
1.570551204922261412e-01
1.597603004185990938e-01
1.648947665237621152e-01
1.599748575044927512e-01
1.594405318210396216e-01
1.543531040571907709e-01
1.461130052535167811e-01
1.355882479829630949e-01
1.267460143314834697e-01
1.133702537416476780e-01
1.093791511996127230e-01
1.009079078337574154e-01
9.008091050293434709e-02
8.481227248292159959e-02
7.343886439597120674e-02
6.976210932090140537e-02
6.260298023925864319e-02
5.414267440750009791e-02
4.897325210438799314e-02
4.057257172721923794e-02
3.495403719081340704e-02
2.979858723952999791e-02
2.667461499835939789e-02
2.048045543224036313e-02
1.983543036735363821e-02
1.454320564501504140e-02
1.310940239628091697e-02
1.156472835472280823e-02
5.297137463366557303e-03
2.277275926759851198e-03
1.850821665485981153e-04
-6.083003029903965610e-03
-6.335663605387380042e-03
-6.611116138060956111e-03
-8.920182134573052812e-03
-5.791008551544556821e-03
-5.116918225322613679e-03
-6.788372127316392654e-03
-3.759963916232727556e-03
-4.084989151292735092e-03
-7.142742578980928840e-03
-5.255008238636834500e-03
-6.208434217737245422e-03
-8.166934656262850962e-04
3.955048649688159244e-03
7.405076217669386007e-03
1.522907081661188482e-02
1.543805046573024781e-02
1.927895521996361716e-02
2.225830972333128072e-02
2.292878566640010538e-02
2.816920458306403779e-02
3.054890358905152162e-02
2.726725779530872126e-02
3.073005084821433391e-02
2.560351713515233996e-02
2.407772571076806714e-02
2.409336319527949355e-02
2.459181301552169907e-02
3.235404475996492279e-02
3.337540771385488075e-02
3.263289954446686042e-02
3.551280772407067882e-02
3.193865568262691662e-02
3.174435726834955174e-02
3.259981228926425029e-02
3.003638618318743223e-02
3.019294027053346513e-02
2.867225920086808807e-02
2.680739958256761479e-02
2.575796612639603966e-02
2.285572359289679903e-02
1.968037144824151541e-02
1.579545543656558915e-02
1.073247526504492698e-02
8.159440965333691897e-03
5.419032469544843821e-03
3.381259533483347950e-03
-4.324644184284926043e-05
-1.891572311949623253e-03
-3.723382351137800167e-03
-7.215732315158817321e-03
-8.106084649852874149e-03
-9.869429777444050852e-03
-1.675842565803966136e-02
-1.575277114175345841e-02
-2.032868954459126493e-02
-2.028723229531902844e-02
-1.756192991537820422e-02
-2.467902393565235900e-02
-2.870443810412731667e-02
-3.270606551152834690e-02
-3.538847779595637871e-02
-3.209306684154791811e-02
-2.906328831717303746e-02
-2.437727857833387954e-02
-2.096599907171473737e-02
-1.556437901160350606e-02
-8.005950503681004415e-03
-7.896583227592403678e-03
4.480821078782077499e-03
5.174827638381424011e-03
-8.917903973399571044e-04
2.087205739976604260e-03
-3.402524048506161414e-03
-4.386851789622112259e-03
-4.229400482809229575e-03
-7.689422640416104272e-03
-2.616082669674551532e-03
-2.803636147956522010e-03
-4.764816408678932552e-03
-4.974357521107627099e-03
-6.434859811916644398e-03
-1.012676087765237987e-02
-8.429542121023165385e-03
-9.439749148566711767e-03
-8.923158965333712750e-03
-5.940416270469515286e-03
-8.843335774280963908e-04
3.017571754252442329e-03
-2.862841340941659537e-03
-5.385222234004005681e-03
-1.132426281929028132e-02
-1.530390931373440920e-02
-1.455850915303597351e-02
-2.087473292297292379e-02
-2.181551221696644699e-02
-2.638652915334240359e-02
-3.255900183404909776e-02
-3.452959087353733858e-02
-4.418759592865172114e-02
-4.746165051103048982e-02
-5.068443871484304419e-02
-5.610630359389793403e-02
-5.761717444611579031e-02
-6.087671075657986874e-02
-6.365278952459151041e-02
-6.511438310730743861e-02
-6.727245318101207627e-02
-6.932092699720458773e-02
-6.988489005949410915e-02
-7.088550140821341106e-02
-7.036364990937989117e-02
-6.473728525654644239e-02
-6.061018213089035961e-02
-5.591378199161806117e-02
-4.530912131386827940e-02
-4.008478301970187785e-02
-3.285376054695610115e-02
-2.020723253010948961e-02
-1.783521925255690879e-02
-1.305303177713002666e-02
-1.711907402811677428e-02
-1.629249057022162661e-02
-1.447523144672476988e-02
-1.659533217986316339e-02
-1.384605126913741185e-02
-1.382542120459905738e-02
-1.411645215066746097e-02
-9.312618236631322113e-03
-9.856817142551701702e-03
-9.640459538619656349e-03
-8.196623946390167725e-03
-1.027209614032514005e-02
-9.619605031205222256e-03
-9.765340761111454201e-03
-1.238951361697550151e-02
-8.435686401320755673e-03
-7.392481487981180863e-03
-1.109955918209045399e-02
1.554826328609800433e-03
-5.065088305716689736e-04
-8.800270412495998090e-03
-7.644831591727505905e-03
-1.564970509186544220e-02
-1.832406824606743617e-02
-2.116799576558430276e-02
-2.552924834269231988e-02
-3.027386316585738146e-02
-3.306080707809602726e-02
-3.791569127182544546e-02
-4.177175706343445177e-02
-4.203676174173037738e-02
-4.511512509727141212e-02
-4.665514145444025346e-02
-4.154759020496544275e-02
-4.432415139930295095e-02
-4.206372546216181896e-02
-4.162824924099995522e-02
-4.491829931444112078e-02
-4.403108823236871056e-02
-4.514434148431405863e-02
-4.604605322567584258e-02
-4.514868391883949950e-02
-4.591525268236627128e-02
-4.518518897373396265e-02
-4.448758310978855740e-02
-4.400095660655026220e-02
-4.261223881936470476e-02
-4.139324033396379887e-02
-4.019732371688116562e-02
-3.880522414563296330e-02
-3.692652784974743280e-02
-3.600764774968304160e-02
-3.358457806101915188e-02
-3.153015096578271753e-02
-3.021547620835147649e-02
-2.562882605102595121e-02
-2.397801174278630515e-02
-2.300119021707137251e-02
-1.985306207262559075e-02
-1.666634446798532371e-02
-1.231114346577131743e-02
-7.821209700335216009e-03
-3.759910081522155334e-03
-4.884350641956070093e-04
2.720081058441048937e-03
4.994932650904665775e-03
7.157906346136731594e-03
8.290703150464795099e-03
8.370335842602978291e-03
9.201428748913775824e-03
9.360326668099678421e-03
9.689194336963056348e-03
9.586411193495880320e-03
9.855286168359598392e-03
9.915261514061109518e-03
8.879096062247541707e-03
1.038811495471908715e-02
8.306066203907348441e-03
6.929393200115089267e-03
5.937686961404609748e-03
-1.987384911697431551e-03
-3.372921545623054195e-03
-6.536842530035595449e-03
-9.786024474445494115e-03
-9.984834905948449663e-03
-1.105133512808405966e-02
-1.012333844375920208e-02
-1.000199301931917542e-02
-9.626196810339151741e-03
-9.008165878717956307e-03
-7.994413074824258461e-03
-7.322893982947059274e-03
-6.069176011533106846e-03
-3.614627376540073891e-03
-3.224825113043833149e-03
1.102399347631514287e-03
4.182212777144918986e-03
5.412312422242813482e-03
1.668959586159178554e-02
1.532050177316219772e-02
1.612940421902761545e-02
1.049810929688122646e-02
9.459604235643855052e-03
9.815410034232146738e-03
7.729622562826475758e-03
7.747108566404142284e-03
7.120871721080305680e-03
6.546475043527622863e-03
5.960994167629959234e-03
5.644963381097651937e-03
5.313685913691571470e-03
5.351317699796530152e-03
5.554792845802177664e-03
5.441058003814085685e-03
5.559328691002062527e-03
5.507331379711317802e-03
5.507532408949095820e-03
5.555398896666357937e-03
5.275561684088637959e-03
5.273357190159549783e-03
5.132858977846998377e-03
5.057530351104676768e-03
5.032101530130202519e-03
4.970275129963367886e-03
4.950584468979708427e-03
4.929413294319724519e-03
4.908188262184067820e-03
4.901059878364426477e-03
4.889739031713184747e-03
4.885044667446021040e-03
4.882197490498226683e-03
4.877704803246092104e-03
4.883605043454106696e-03
4.879394479036111565e-03
4.885171665758651117e-03
4.902760635650928525e-03
4.884855637434074721e-03
4.931913058706255577e-03
4.939560714838022934e-03
4.908311729487436874e-03
5.083078115960156830e-03
4.946661455062814454e-03
5.063843991179411280e-03
5.422719132100660595e-03
4.787195528581206748e-03
5.923276704000361367e-03
6.223146344690352362e-03
