1.247830618091114348e-02
1.264324219066106404e-02
2.213136678395531687e-02
2.830729771796787128e-02
2.634315193457383020e-02
2.136565245586223571e-02
1.575205520219000524e-02
1.575181726812457245e-02
1.575136120004611007e-02
1.575115064093139672e-02
1.575117897317366081e-02
1.575117897317401122e-02
1.575117897317358448e-02
1.575117897317387938e-02
1.575116972400331453e-02
1.575124829355788528e-02
1.575131939167280851e-02
1.575126907047515873e-02
1.758378477960615208e-02
1.726119717843533838e-02
1.711009394139985373e-02
1.619390230392224461e-02
1.683894495798667762e-02
1.683886753951589071e-02
1.683886037911646455e-02
1.683888911869680163e-02
1.683898500332100395e-02
1.683840427667276582e-02
1.662430098663124703e-02
1.702057099624582071e-02
6.963298793935619214e-03
1.265502987883633523e-02
3.012460516698878613e-02
3.039930037322636017e-02
1.996042478667896941e-02
1.549141048494252423e-02
-5.774612172702347362e-03
-6.140957508989549132e-03
2.799101430760200966e-03
2.228411130618321735e-03
3.124523565642030321e-04
-1.125288182503386691e-02
-1.096803251782627227e-02
-7.135407035055305741e-03
-7.135891262062086550e-03
-7.135860859419739313e-03
-7.135233935037814910e-03
-1.097237851312555211e-02
-9.579421865091855212e-03
5.261084646136963451e-03
7.179864883441762664e-03
4.393871573020351369e-03
9.585063764484079776e-03
7.017691830777657118e-03
1.923238904831892212e-03
-4.043117445546222030e-03
4.703205990097734067e-03
7.673883909246613164e-03
1.214761556481216455e-02
2.631140681484122126e-02
1.176710200577040476e-02
-1.290721429737377857e-02
-4.072440387510763149e-02
-4.325775873860259607e-02
-9.036314208175304230e-02
-5.008493506273181683e-02
8.098629724941006081e-02
1.023855925344677870e-01
1.341064843658507921e-01
1.404182412439018701e-01
4.049811223717717651e-02
-1.196451715695504361e-02
-2.459800025865584855e-02
-2.463086909585417497e-02
-2.463933530777703135e-02
-7.148311687450548124e-02
-9.375544644835431818e-02
-1.057734643994739238e-01
-8.236457886912515458e-02
-3.779248129684657093e-02
-6.220288146884461744e-02
-7.021606192341676989e-02
-4.219838325760954384e-02
-2.999548564531905395e-02
-1.394138803260381101e-02
-1.393609563870526306e-02
-3.083199465180404188e-03
3.378055994568100653e-03
1.456569029203759122e-02
9.143038418879430307e-03
2.940873440414315792e-03
6.479457660098760473e-03
1.348684833472391445e-02
1.012609421894413927e-02
3.049281017431965200e-03
-3.528111276311710499e-03
5.035677576459742909e-04
1.909482923399626400e-02
2.238099534458874024e-02
3.245616103419064757e-02
1.973374383999859996e-02
-2.622221596895624174e-02
-2.990868390835106638e-02
-1.146316888100965036e-03
2.373792030967694124e-03
-5.022234875452533803e-03
-2.792938648389005699e-02
-5.085719980914268912e-02
-1.664106583230232084e-02
3.904831771977892996e-02
3.836165366185707859e-02
-2.314268585046745305e-02
-7.628823112031740683e-02
-1.009628458067522300e-01
-5.723982946865940891e-02
-6.820148711926503696e-03
5.456542016144882512e-04
-1.978916250212367153e-02
-1.625276432290101783e-02
3.101617522672827417e-04
3.467582540467019359e-02
4.653066862444756036e-02
4.458137415414854809e-02
5.490211807558526003e-02
4.974920026186261529e-02
1.747831872617353413e-02
-3.669055498398733628e-02
-3.699128912993982637e-02
-2.566068411486117223e-02
-2.994525669661259396e-02
-3.695115860623689880e-02
-3.296287207982564332e-02
-2.439649870534384493e-02
-2.439672376162718356e-02
-2.439628029069221271e-02
-2.439465329730612989e-02
-2.458561918704277316e-02
-2.148790528170959474e-02
1.409626484939723728e-02
1.794705278121386249e-02
-2.147488418541543959e-02
-4.313341715025680728e-02
-1.093057903551537396e-01
-9.903009299682814792e-02
2.312914351497009219e-02
5.405175889046658078e-02
2.602202621590714651e-02
1.235977873734107370e-02
-2.267232843222188529e-02
-5.190003701679343773e-02
-5.229775947665073199e-02
-2.153963336804935041e-02
-1.800305479629154409e-02
-7.214363294707975584e-03
-6.498892141320918546e-03
-1.358010243853874019e-02
-1.357505807755439789e-02
-3.743284755020099414e-02
-3.570813831240979286e-02
2.941779499296329203e-02
4.134014059700866217e-02
5.005340798070595509e-02
5.105518860219634969e-02
1.342806751310501347e-02
1.849720645151574361e-02
2.385364085776552415e-02
3.076214645293750063e-02
1.314835728784559399e-02
-8.551802653635776422e-03
5.865660185648678693e-03
4.359940509730473451e-02
4.895998160329106258e-02
-1.644840860849676109e-02
-5.230394826716499440e-02
-3.901877921410221162e-02
-6.706031645335629870e-03
2.496187466738527139e-03
-8.077642958772066409e-03
-1.867075195814386912e-02
-1.229394605308606336e-02
-7.482943249696212204e-03
4.242815983613255882e-04
1.280165534200465062e-02
6.086766289601701352e-02
6.001515407154811577e-02
3.525961175362136296e-02
5.490676806951951677e-02
5.385089281281046220e-02
8.116987582421361994e-03
-1.269381970650112351e-02
-1.800112641511118772e-02
-3.285018267006820092e-02
-2.735603036381325029e-02
-1.914442069178337244e-02
-1.770815660307990466e-02
-8.021143047820211008e-03
-4.139613219712562700e-03
-7.131938514150524232e-03
8.044846307095444155e-03
1.151412123600832615e-02
-2.146913746915070711e-02
-5.135421294060746322e-02
-7.469281122263735084e-02
-7.818736685960188393e-02
-4.042720546476174376e-02
5.520129804863192942e-03
5.493924360669354828e-02
3.274662605468368903e-02
1.720738499166417704e-02
-2.056891902634220767e-02
-1.617036307009895105e-02
2.673536307063633516e-02
7.454355846955740272e-02
3.530896737506795252e-02
2.173058874320013892e-02
-5.346487383983341245e-03
-3.292280397868742325e-02
-4.905733850116045236e-02
-2.191763805650136926e-02
3.041632836239526599e-02
3.910430154043478823e-02
2.810425241995126444e-02
2.484369923670289373e-02
2.489982362676037599e-03
-2.840256899416989658e-04
6.240532377021918917e-03
6.239729751554242733e-03
6.240120278447572333e-03
6.240437687297304727e-03
7.376169067327837878e-03
1.027520145007191667e-02
1.076023241937330843e-02
9.446952698759166628e-03
1.228921583708780102e-03
-7.983549799829847693e-03
-7.611278866202491646e-03
-8.511501625587433294e-04
2.103752053262645562e-03
-3.727711182838377123e-03
-4.687538925046063829e-03
-1.059788621248408495e-02
-1.059889433995656917e-02
-2.109209885174528204e-03
-3.352822621821906560e-03
-2.503688222785613315e-02
-3.342930466988635468e-02
-4.240892090892704747e-02
-4.145043201115242680e-03
4.735091070133159996e-02
3.836260853019192452e-02
-2.314164981028830198e-02
-7.628809136539228819e-02
-1.009630353124942453e-01
-5.724012012270043859e-02
-7.710345140645395896e-03
-4.562076477219105899e-04
-2.524764422697375194e-02
-2.054846049289166254e-02
-1.728992112063993530e-02
-6.228984142024840583e-03
8.051671719217788625e-02
8.620658331995161017e-02
1.889290258657656124e-02
4.885133023218155533e-03
-1.839471403785978773e-02
-2.728623483835582175e-02
-2.997894389570702686e-02
-2.921414760758739987e-02
9.434883661997990958e-03
2.150937178973652900e-02
1.276988631617564929e-02
3.758127675149054280e-03
-4.582472487155880500e-03
-3.340574076217565219e-02
-2.407241358536603773e-02
-3.929976962071035640e-02
-9.035533202643974970e-02
-5.007312913579975433e-02
8.096910964449056947e-02
1.683959917399169282e-01
8.638087938765474927e-02
-1.209905564012858301e-02
-5.557722776186115043e-02
-3.304927769469249293e-02
3.764681621045319615e-02
4.288305012082472417e-02
3.298230830613264192e-02
3.296856016079206114e-02
4.498884377300253062e-02
3.452855523337484273e-02
-1.149925048834110064e-01
-1.210167627076920299e-01
-1.001157886870696762e-01
-1.001381037137217683e-01
-1.001258662562427293e-01
-1.001208885033958301e-01
-1.001254712546283121e-01
-1.001368892132911970e-01
-1.001263931887123593e-01
-1.272715305529538155e-01
-1.356991413346949338e-01
-5.149943803553493765e-02
-3.792336995996080373e-02
-2.105287537888102245e-02
-2.240885769355138724e-02
-2.001871007640921435e-02
-3.384285016533015604e-05
-6.394965188302933481e-05
2.464678727740369363e-03
3.682155813873540240e-02
4.840508185378001454e-02
3.119253345471817082e-02
-1.112570399871046743e-02
-1.674031368549500423e-02
-1.155540072590989335e-02
-1.155706869174442930e-02
-1.155608081974534955e-02
-1.610129026847835834e-02
-1.387151469262886370e-02
6.580284622811823428e-03
8.852960795439842462e-03
3.648216351494487728e-03
1.228545978225772895e-03
-3.813627846666057565e-03
-6.314512242966944730e-03
-1.983698635783417985e-02
-2.192376916509406262e-02
-1.617370069046433420e-02
-3.340090641923634807e-02
-2.798446183169855939e-02
6.643944202666973720e-02
7.829211402921792962e-02
3.521370247592456315e-03
-2.183222126227034321e-02
-3.190943390447053413e-02
-2.190240301029303810e-02
-1.433157077031979587e-02
-1.213310841978839164e-02
-1.885502287417209011e-03
-3.034788753345786755e-04
-4.700126959482298084e-03
-4.700065208443419441e-03
-4.700034294184050020e-03
-1.090601764395024605e-02
-1.235781524619754441e-02
-4.797416554241067631e-03
-1.695587810230394631e-03
1.378685071426226719e-02
1.427490733870427631e-02
-3.285047757972375977e-03
-9.572391835044305811e-03
-1.055117069855706323e-02
-1.055378822171136599e-02
-1.055361509326355196e-02
-1.055124608170919520e-02
-1.055809133497179197e-02
-1.366704639639144264e-02
-1.948605395095929713e-02
-7.644659581263214820e-02
-7.489743151925970510e-02
-6.326972907592991191e-02
-6.327948229185188789e-02
-6.327152469614689967e-02
-6.327953015606752052e-02
-6.325616962036571811e-02
-6.635188428601192234e-02
-5.309230064069081489e-02
4.813110276342798949e-02
3.281691301833677271e-02
-4.740159507829787289e-02
-5.712808996069187323e-02
-1.676571371712483327e-02
1.557646325635539571e-02
1.979405411954739819e-02
6.553989786123434226e-03
6.555797271299994115e-03
5.465120041868217621e-03
8.192740024102982202e-03
2.548018592567685703e-02
2.602543296434482734e-02
2.056940463894541687e-02
2.057021438094556315e-02
2.056992488616514111e-02
2.056970197419869320e-02
2.056970269078779723e-02
2.056987301021016498e-02
2.057032029051280436e-02
2.057257967735135265e-02
2.586554307289751914e-02
3.607544866701300340e-02
8.222841508252427822e-02
7.210991088667265125e-02
-1.780512113532439072e-02
-2.722190366972640496e-02
-3.177243261129682195e-02
-3.782770920544364229e-02
-3.965322493750404048e-02
-2.990602213229515138e-02
-1.780336148818483649e-02
-1.780309501023644506e-02
-1.780212488921644604e-02
-1.780174427610262469e-02
-1.780186442535074826e-02
-1.780186442535131724e-02
-1.780184094036555212e-02
-1.780204524484046286e-02
-1.780258782372587736e-02
-1.779865647153115737e-02
-2.015984281314436855e-02
-8.980725114201008191e-03
7.892082344725480370e-02
8.849588931789564850e-02
5.981526288157630600e-02
2.792520520627499170e-03
-1.405920533917031420e-03
1.123967114567224826e-02
1.123715225093641773e-02
1.123764760115471273e-02
1.123790970111549284e-02
1.123782246663456753e-02
6.620117939752217032e-03
4.982896257892488294e-03
4.451038231280756742e-03
6.759609257426680423e-03
1.003458147078855126e-02
1.003464724065624911e-02
1.003495598662297941e-02
1.003502727782553706e-02
1.081495006537078717e-02
1.113483439495138727e-02
9.808184097213300950e-03
9.418257418261502881e-03
8.778375608229822130e-03
8.778311967421145376e-03
8.778272953199913256e-03
8.778248012366162562e-03
8.778251311241503860e-03
8.778251311241427532e-03
8.778251311241517738e-03
8.778251311241691210e-03
8.778251311241713761e-03
8.778251311241545493e-03
8.778251311241233243e-03
8.778251311241606208e-03
8.778251311241366817e-03
8.778251311241823049e-03
8.778251311241869886e-03
8.778251311241611413e-03
8.778251311241564575e-03
8.778251311241576718e-03
8.778251311241748456e-03
8.778256175974512646e-03
8.778212689801376256e-03
8.778168698530867953e-03
8.778475349889205276e-03
7.835022332772946865e-03
8.560448546111215293e-03
1.460565526669198484e-02
1.437107083775882727e-02
