-4.323795360222865841e-02
-4.473550883929010291e-02
-8.079097721615327576e-02
-8.424469716908772332e-02
-8.561258055730741612e-02
-9.181256070580312567e-02
-8.693226479806170914e-02
-8.903090087443715772e-02
-8.918399241918614773e-02
-8.827332452160931153e-02
-8.905515097208369091e-02
-8.874660280807054880e-02
-8.872858703608707542e-02
-8.887797728581006695e-02
-8.876069444338018088e-02
-8.881086221512839163e-02
-8.881579904355656196e-02
-8.879305080755711677e-02
-8.881140365562135985e-02
-8.880246131483715555e-02
-8.880009379472236786e-02
-8.880089615327080299e-02
-8.879221672829498702e-02
-8.878914497185798338e-02
-8.877783357987255319e-02
-8.876207843253000607e-02
-8.875130155934596310e-02
-8.870794102242855750e-02
-8.867978978941414014e-02
-8.863208928571195133e-02
-8.849427424871030012e-02
-8.847077488292615088e-02
-8.822128909183145351e-02
-8.790499500124455967e-02
-8.789361106828477710e-02
-8.668398200224997074e-02
-8.569935533757234991e-02
-8.587147973558222069e-02
-8.306810045502679984e-02
-8.212180996638482333e-02
-8.188930483309712904e-02
-7.156718090883008865e-02
-7.137939212977406633e-02
-6.645055674909874921e-02
-6.213545686953973746e-02
-6.233200825080831980e-02
-5.297366099333798012e-02
-5.029834177653622063e-02
-5.122822286498398409e-02
-4.319469127857154117e-02
-4.341538405808485768e-02
-5.139103381280445138e-02
-4.713164410688785305e-02
-6.813847232761113815e-02
-6.457757111650011539e-02
-6.865745083312002617e-02
-1.013592231689318529e-01
-1.016973250485363189e-01
-1.169751808816275607e-01
-1.245560893384272394e-01
-1.192940868112338793e-01
-1.338123284307592697e-01
-1.321270514420087028e-01
-1.282018674762785693e-01
-1.237429784219741397e-01
-1.226630180042680152e-01
-1.170692829032526916e-01
-1.159229578201882299e-01
-1.203710790749297627e-01
-1.173472265500276890e-01
-1.360149871237797403e-01
-1.472665064055906636e-01
-1.641753523559518757e-01
-1.908547271240790821e-01
-2.027891971211845945e-01
-2.166150795993789235e-01
-2.264652356324174387e-01
-2.334347526477988932e-01
-2.412065673992642711e-01
-2.460149681659939969e-01
-2.486920737984877894e-01
-2.499241022114008504e-01
-2.460030025697730049e-01
-2.487882710170254419e-01
-2.441093260556524147e-01
-2.409333234272455215e-01
-2.411645376658110573e-01
-2.288757206101649511e-01
-2.255234139693285678e-01
-2.000555720542752380e-01
-1.759675632127309652e-01
-1.561864990736939462e-01
-1.385984732987338153e-01
-1.169164066836623772e-01
-1.067669512117744857e-01
-8.481653110599508827e-02
-7.503973468268729241e-02
-7.308350914231696860e-02
-5.881035645300341369e-02
-5.817076801416157239e-02
-5.924567230840795812e-02
-5.861093990804697174e-02
-6.155091058760863570e-02
-6.089422277001410588e-02
-6.048363887381402737e-02
-6.405251362667348236e-02
-6.395656964482009099e-02
-6.173225549465932022e-02
-6.443517930943044869e-02
-6.808058281333026485e-02
-7.055169352661146143e-02
-7.268549579289762530e-02
-6.958139677386709909e-02
-7.525736972239904787e-02
-6.202355199955587872e-02
-7.118505316507460490e-02
-1.249786989314171093e-01
-1.596094976900237494e-01
-2.015286961336657245e-01
-2.343468275663022071e-01
-2.490265691976112361e-01
-2.454582948162381262e-01
-2.445615429114595396e-01
-2.468893717852672087e-01
-2.364276670441853023e-01
-2.295250330439833342e-01
-2.301129121219454843e-01
-2.233051457475162815e-01
-2.325023380836159226e-01
-2.315827748298107114e-01
-2.330800523381267308e-01
-2.366258247609966114e-01
-2.264420508415779243e-01
-2.277357500066694851e-01
-2.201633797498042666e-01
-2.164993125363910698e-01
-2.131893880742964376e-01
-2.095895141709676057e-01
-2.159580691317929402e-01
-2.137435140825813540e-01
-2.142904138621396781e-01
-2.016886109209868327e-01
-2.175941670523543758e-01
-2.065918786730483181e-01
-1.954104693154148364e-01
-1.929296009528805866e-01
-1.680284161689722111e-01
-1.666102511009194265e-01
-1.632089044193916205e-01
-1.688406807251727204e-01
-1.782024906776501494e-01
-1.716720473001201175e-01
-1.781447372810302243e-01
-1.760124224383246838e-01
-1.825709461224178376e-01
-1.799201783026202761e-01
-1.792292227267891225e-01
-1.643698287254353185e-01
-1.570270360617983529e-01
-1.521924055968139067e-01
-1.058109710193753383e-01
-1.041769632895515330e-01
-8.599920796191611039e-02
-6.675550474164165804e-02
-6.826987627145525428e-02
-2.337232701400454235e-02
-2.165226281514293083e-02
-3.980355601914194186e-02
-3.187336673635880052e-02
-5.459110342112633019e-02
-5.518855145430747594e-02
-4.983757663381203906e-02
-6.448144179766236717e-02
-5.640425216525320196e-02
-5.310202320082908073e-02
-4.658266446116442888e-02
-1.312017753706060108e-02
-7.588673579475490802e-03
1.896547748836587347e-02
1.725344556160421719e-02
3.460850950665337461e-02
2.606078485210138601e-02
-3.309960061389230490e-02
-4.620148973746454613e-02
-1.033176791430039376e-01
-1.169986557189251625e-01
-1.332677483220252868e-01
-1.456574289664541999e-01
-1.514675175695344433e-01
-1.577856565314209591e-01
-1.558262054754390724e-01
-1.505920665276999360e-01
-1.194603912587893918e-01
-8.246105142037297997e-02
-6.350721968006103890e-02
-6.003773629338419321e-02
-6.650061879540565546e-02
-6.137436291204034777e-02
-6.874302395991527259e-02
-6.806908389115703950e-02
-6.933252252076592403e-02
-7.768958299995122607e-02
-7.792111621626950091e-02
-1.032733900384188025e-01
-1.111828582341586324e-01
-1.167855413532679493e-01
-1.769837228949318608e-01
-1.768938438232472710e-01
-1.541875690696999923e-01
-1.652376680350853833e-01
-1.594801789345096643e-01
-1.801765952761236189e-01
-1.891129629709051296e-01
-1.752166768909368677e-01
-1.837600454902061087e-01
-1.656802606949790702e-01
-1.515780722750115772e-01
-1.432476602316204994e-01
-1.356913223000316138e-01
-1.163885641090730561e-01
-1.004178906004958155e-01
-9.265131009369279025e-02
-6.911858534520171071e-02
-6.102292716304055786e-02
-5.482400877004854622e-02
-3.958462928177558515e-02
-3.914721141983151798e-02
-3.077557588722751314e-02
-2.014961617006889166e-02
-2.544773173278136458e-02
-2.144612736214900409e-02
-2.918477976700763199e-02
-3.690521139766568537e-02
-3.679771639443395886e-02
-5.751889929052149408e-02
-7.715634188900127866e-02
-1.016460568150038962e-01
-1.253198049006991333e-01
-1.332342056533290242e-01
-1.758380533092376852e-01
-1.779098414021625385e-01
-1.786247516113279588e-01
-1.782559902178141309e-01
-1.697861588278269940e-01
-1.685471304394059733e-01
-1.635161330461036844e-01
-1.593044952154510085e-01
-1.570027951959374890e-01
-1.532713725812968053e-01
-1.507866922297683709e-01
-1.476392733648693167e-01
-1.464499888925196447e-01
-1.426389924213111726e-01
-1.424156763486700561e-01
-1.436720000484238424e-01
-1.446569540376236307e-01
-1.544835858111514026e-01
-1.565679938210798317e-01
-1.641291958240469195e-01
-1.701715799435800924e-01
-1.745957674468137100e-01
-1.844315250250271043e-01
-1.912343352880017666e-01
-1.937111872130038437e-01
-1.969440812892561954e-01
-1.962761670784115287e-01
-1.889950655399321722e-01
-1.815375085153347334e-01
-1.670906792460453705e-01
-1.447016248049157738e-01
-1.305452308669507178e-01
-1.011228511095891985e-01
-9.078209404215442646e-02
-8.674576374221207309e-02
-7.713347738307316237e-02
-7.216469794317292852e-02
-7.144177997926898227e-02
-7.065683745170894814e-02
-7.006314118611756125e-02
-6.477995709769299171e-02
-7.268760555688007219e-02
-5.281928677052866172e-02
-6.381645115008527380e-02
-1.150086513947609773e-01
-1.335264010116578026e-01
-1.854410638851766713e-01
-1.912075024934961065e-01
-1.885636393791754739e-01
-1.743894242563366892e-01
-1.657662426151962631e-01
-1.489956373116208543e-01
-1.406120065964194532e-01
-1.417804357949795091e-01
-1.343678067130956444e-01
-1.372639957646678011e-01
-1.367084500856411700e-01
-1.380807111993435643e-01
-1.410947011906612258e-01
-1.437902101122877085e-01
-1.500028278047815244e-01
-1.521074353362952269e-01
-1.633424237401631951e-01
-1.679457306389433024e-01
-1.473767585241906874e-01
-1.496356768425547157e-01
-1.210217335240279385e-01
-9.804279245684238697e-02
-9.028187587016382742e-02
-5.480923064270475098e-02
-4.147992162257164994e-02
-3.664659708755678424e-02
-2.782659664178259440e-02
-3.035770063856576412e-02
-2.680346108966906449e-02
-2.996137355563650850e-02
-2.338182617493067203e-02
-1.875210148319759323e-02
-3.228272367246963481e-02
6.719805831587194640e-03
-2.156505862195481210e-02
-6.254231938877818919e-02
-7.249486702778590308e-02
-8.136467052525106491e-02
-8.299397397586256997e-02
-8.669971806558285365e-02
-8.839975537585127718e-02
-8.974361005518211032e-02
-9.250953772915394835e-02
-9.081455982995037535e-02
-9.611228322850670636e-02
-9.573624542442506213e-02
-8.896736282439400567e-02
-8.598852248755209371e-02
-6.100702623311949485e-02
-6.174150060335990148e-02
-5.219849625665839987e-02
-5.303621828199230059e-02
-7.405156441019898617e-02
-6.896239555086175477e-02
-1.187316723789143824e-01
-1.341827154724059001e-01
-1.411540215176279311e-01
-1.931489664548845520e-01
-1.876585008412582634e-01
-1.692830967276676424e-01
-1.777883966797644821e-01
-1.662645110903261947e-01
-1.842147672717606988e-01
-2.001434590104561040e-01
-2.192661062678039063e-01
-2.165001741398711321e-01
-2.135953682556534505e-01
-2.002525375046995404e-01
-1.837233075289462780e-01
-1.656695284546307601e-01
-1.412733475707148023e-01
-1.171342594595932707e-01
-1.097335244230604467e-01
-9.223641247075456406e-02
-7.742633262583573095e-02
-7.713529843135091824e-02
-6.502917145449513270e-02
-6.858905494164208028e-02
-7.477139471701582663e-02
-7.330224206086843886e-02
-9.439160386397810187e-02
-1.063645864539223829e-01
-1.248155908839480438e-01
-1.571334070836772623e-01
-1.698978997760840215e-01
-2.055840955118525271e-01
-2.261401186966226773e-01
-2.178465121486101719e-01
-2.192610745007938511e-01
-1.933426928626913732e-01
-1.834318930962067218e-01
-1.748003691187616782e-01
-1.644560774162869277e-01
-1.658846909501036082e-01
-1.594537562563729249e-01
-1.553035317835497475e-01
-1.548916069828156217e-01
-1.477700128538366742e-01
-1.437119335955922561e-01
-1.410561354886984420e-01
-1.309096938718646852e-01
-1.271540445956998999e-01
-1.216128076961489751e-01
-1.018198267501229659e-01
-9.969118224167167197e-02
-6.741929564785673068e-02
-6.263033931450816272e-02
-5.837665137732269555e-02
-4.506440072916834128e-02
-4.772700535918161097e-02
-4.537859743825634756e-02
-4.667918565850030788e-02
-4.615162610004042154e-02
-4.523365359331224522e-02
-5.104313325573582583e-02
-5.026326818379617256e-02
-5.260879923333915825e-02
-5.378427939765274141e-02
-5.351366401447610333e-02
-5.432396796354019980e-02
-5.376801648926343713e-02
-5.316820511632713159e-02
-5.255712018647164252e-02
-5.040559846078303263e-02
-4.898464329271166873e-02
-4.591091124587580452e-02
-4.088407384859640142e-02
-3.833077448364768935e-02
-2.915096582125618549e-02
-2.877483579218121854e-02
-4.813289757881356046e-02
-4.700653111357249586e-02
-5.931427206906300653e-02
-7.554488322949488854e-02
-7.986127311488604164e-02
-1.098516671836910347e-01
-1.125830895999111181e-01
-1.031006263445195803e-01
-1.123591978518690138e-01
-1.113432470408440012e-01
-1.112221282641992215e-01
-1.130876164644003951e-01
-1.234759059690361677e-01
-1.249485953257344767e-01
-1.325416312771329208e-01
-1.354546509478836147e-01
-1.378644786798251809e-01
-1.411610497235528394e-01
-1.422555340423147519e-01
-1.454208508897428809e-01
-1.463888547765543890e-01
-1.480062594405049670e-01
-1.471464419718489514e-01
-1.442859163901052122e-01
-1.436646222403043793e-01
-1.394309974067416968e-01
-1.389883589471997694e-01
-1.322747517241755211e-01
-1.256634299757440898e-01
-1.255066234025293825e-01
-9.886728271058776996e-02
-9.829849579726714082e-02
-9.444822560785989807e-02
-8.743933371763058793e-02
-8.781494681221931053e-02
-8.876215761518457814e-02
-8.780086114350009463e-02
-8.855256487917337327e-02
-8.848464129165115044e-02
-8.839984820698787438e-02
-8.860955340858005236e-02
-8.852541641585298660e-02
-8.855874050996659363e-02
-8.859228183061915174e-02
-8.854429163553305393e-02
-8.856898080128285111e-02
-8.854846592314233322e-02
-8.846270173087336652e-02
-8.853260169981783112e-02
-8.834376968857489409e-02
-8.823258924334433095e-02
-8.842186462868149854e-02
-8.751242908051683200e-02
-8.796814524784080103e-02
-8.764175714816381524e-02
-8.493442655120693463e-02
-8.850901008184433594e-02
-8.243372516791069859e-02
-7.911249642822625050e-02
-8.296704253834018272e-02
