2.329605008268201011e-03
2.713458591325907266e-03
8.103653839090292632e-03
7.707813095576261306e-03
9.826297338298376621e-03
1.126402262208388121e-02
1.189448336919674172e-02
1.290476381571431172e-02
1.335758342007317863e-02
1.372778649142230266e-02
1.407553584996576283e-02
1.423314998819055419e-02
1.432557524203578389e-02
1.439945337809193752e-02
1.437604263204471725e-02
1.417522355906550638e-02
1.418874943913862353e-02
1.375250965604195644e-02
1.328190527512157840e-02
1.332466461867490119e-02
1.161221289576991507e-02
1.166837550456238486e-02
1.160509212074509709e-02
1.120382069856733220e-02
1.150671054333852507e-02
1.181188503916051104e-02
1.175216601917214443e-02
1.287427397967760324e-02
1.354239653806211044e-02
1.380557085616528068e-02
1.755816571766432438e-02
1.676730362589760881e-02
1.856293090689866560e-02
1.791069294094011638e-02
1.488198339119867382e-02
1.547222308996400349e-02
1.081516608698251600e-02
9.680602914241163634e-03
1.054116041014414862e-02
6.462246065188085448e-03
7.040968430779872590e-03
4.748579705176161556e-03
4.093672284925760525e-03
4.078901435259583812e-03
3.224357398694668603e-03
2.801097970976604897e-03
3.190999285584818733e-03
2.817118418266905018e-03
2.340814854391154703e-03
4.648553950178035792e-03
4.290217409738219731e-03
5.063338412753436157e-03
7.185228553031049875e-03
5.157653166234210315e-03
7.247477375298930387e-03
9.456621312487107495e-03
5.326679611311634956e-03
1.134219661107366099e-02
5.999969383078367600e-03
-1.245928309002615648e-02
-1.978411521909729381e-02
-3.023463014926492179e-02
-4.000802849441249809e-02
-4.202876856361509317e-02
-4.568062657902065976e-02
-4.917776596298360781e-02
-5.489173235446977162e-02
-5.926838077946024186e-02
-6.545612416761349694e-02
-7.007861761191402916e-02
-7.473109277779735327e-02
-7.842976861054906657e-02
-8.237079301499097839e-02
-8.554562692765255161e-02
-8.986792266008392094e-02
-9.375930592468989522e-02
-9.683801796591323674e-02
-1.035091277250925340e-01
-1.066544663164377543e-01
-1.073658521008016425e-01
-1.105766921692206695e-01
-1.094729551955453684e-01
-1.079252296055417670e-01
-1.058552969608146932e-01
-1.033107265778257372e-01
-9.859065726655288908e-02
-9.483140676083418041e-02
-8.895078830384677004e-02
-8.033422566200174031e-02
-7.324003604523308952e-02
-6.222272806205961931e-02
-5.498048165068382398e-02
-4.436338305842509044e-02
-3.783019207676352469e-02
-2.666257676253102130e-02
-1.941317324410312892e-02
-1.342908147696442352e-02
1.461025571490159576e-03
4.452424200792264725e-03
7.636601806854317540e-03
1.251253106563014750e-02
1.007943837588897405e-02
9.998496205343106180e-03
9.369069854913545173e-03
6.186874235683587422e-03
7.421702140979180226e-03
4.879606483081460992e-03
1.512252127416686531e-03
6.455515229721384271e-04
-1.460195661862740205e-02
-3.344989150110071197e-02
-3.408551113083119893e-02
-4.389688693851248602e-02
-4.319541489067471596e-02
-3.670861734211464805e-02
-3.675944950092677188e-02
-2.613607809816926794e-02
-1.997446744864068285e-02
-1.313042938022594697e-02
3.897800164970388354e-03
7.023304306456394294e-03
1.524026860474850253e-02
1.732596264577975290e-02
1.533945621337796245e-02
1.876689090172159111e-02
1.744616532266147352e-02
1.822993513133791196e-02
1.712686841977427085e-02
1.360367716125933206e-02
7.979957001971300923e-03
2.345378204186097243e-03
-7.620186111872984114e-03
-1.364246563819464415e-02
-2.866230870830201519e-02
-4.301558148307925433e-02
-5.150260115266382110e-02
-6.829852171590490573e-02
-7.383444501336938748e-02
-7.911664981185884127e-02
-8.664317127624895920e-02
-8.668120624531107377e-02
-9.059499463937695229e-02
-9.253066210400304192e-02
-9.420762337999774583e-02
-9.689092069962258746e-02
-9.814849918520775207e-02
-9.860936073580800487e-02
-1.007786912604917984e-01
-1.006243838936203838e-01
-1.010845317623325634e-01
-9.827127864896795240e-02
-9.473117101228656356e-02
-9.115452075528371334e-02
-8.328951563055383978e-02
-7.600738952665944681e-02
-7.014600867567358233e-02
-5.644228937831392845e-02
-4.903041357542924777e-02
-3.395140612519053497e-02
-1.863681118682852800e-02
-1.226018568424956656e-02
1.470690316663641898e-03
4.139436112905032356e-03
3.889267249675659125e-03
9.268871780987756812e-03
8.780161088128518240e-03
1.014389808347742131e-02
1.407478496134919460e-02
1.392383794907028557e-02
1.836335129065386554e-02
1.983078505852074042e-02
2.048432708222988965e-02
2.299982611016426759e-02
2.362949582383564590e-02
2.312951807620624092e-02
2.641390900980686643e-02
2.538593427523207213e-02
2.302947759662056851e-02
2.360110381504233051e-02
2.166920487556134658e-02
2.179011107645248066e-02
2.055454972070204847e-02
2.023068029196177856e-02
1.922519827955440630e-02
1.822213104955926546e-02
1.702698510422980677e-02
1.726579569069802006e-02
1.341793727757597220e-02
1.200670007447174684e-02
8.750886617913910398e-03
2.406351409785187703e-03
-1.924305766405103946e-03
-4.431325911558123970e-03
-1.216632742139911981e-02
-2.020425862970796904e-02
-2.950546573713062545e-02
-5.149910999710621828e-02
-6.624546190130600753e-02
-6.682749210911999305e-02
-7.173143783981543453e-02
-6.973297324084637427e-02
-6.935189966310767451e-02
-6.907204110777448447e-02
-6.431297453731449343e-02
-6.432798936807869461e-02
-5.996229441720914155e-02
-5.587970700439787164e-02
-5.403880848223718836e-02
-4.661121852380819414e-02
-4.464841278605276298e-02
-4.140416890621257534e-02
-3.782773886389498297e-02
-3.670874609006805067e-02
-3.411087375153051826e-02
-3.319040686457927491e-02
-3.168942251974708746e-02
-3.155054345321837289e-02
-3.093880234502589463e-02
-3.066516219022705908e-02
-3.300093470301849324e-02
-3.228484059898213687e-02
-3.361998663703555379e-02
-3.266057985798733604e-02
-3.126409667624567568e-02
-3.126725109486700599e-02
-2.521399511392221834e-02
-2.284281904443268355e-02
-9.480669525106129314e-03
-2.765516526641548494e-03
2.267082348975857017e-03
1.081572990934910432e-02
1.260262616529297074e-02
1.289431389993875125e-02
1.683341896293153936e-02
1.696206015758811719e-02
1.696347714853631283e-02
1.650248878409800793e-02
1.671227508810375559e-02
1.474683913803024118e-02
1.524943833551806530e-02
1.425478056517854100e-02
1.265527077232354511e-02
1.245285046236712691e-02
1.289570380457577894e-02
2.007624626033234841e-02
1.909805122588897550e-02
2.443246231016616907e-02
2.650369746375284483e-02
1.915891660238787375e-02
2.097661432814682675e-02
1.936851444471955619e-02
1.713549132128937627e-02
1.774698673124463361e-02
1.605896528609983276e-02
1.532392741024839883e-02
1.519741233395922528e-02
1.375474605906493002e-02
1.359988127805119608e-02
1.265546599996215937e-02
1.163528571568489545e-02
1.138808932409581323e-02
1.007307745793695024e-02
8.818598143740752349e-03
8.737592365566431915e-03
5.265795973482042570e-03
4.766407115233981494e-03
3.143921276704395550e-03
-5.789297987870018099e-03
-7.088529168783071384e-03
-1.357398821313618269e-02
-1.321448292643510880e-02
-1.591258704793177547e-02
-1.433165040901265841e-02
-1.244747832675779410e-02
-1.356155649759419046e-02
-7.096061354309036832e-03
-7.927305464891737027e-03
-4.174803473577856769e-04
-2.193320352159484638e-03
-2.223474789790462220e-03
-1.840108185546055104e-03
-4.025500953326073030e-03
1.951831716633504229e-04
-7.792107590938122377e-04
1.499222702160625791e-03
4.692059985791198831e-03
1.050753587108965367e-03
1.865518800108458258e-03
-2.645751691401478610e-03
-1.125958592335795684e-02
-1.801361007203776746e-02
-2.223827462541498948e-02
-3.449798753583468991e-02
-4.430204501385143906e-02
-5.740205268456291532e-02
-7.450852399822988081e-02
-9.118761031624983415e-02
-1.005299494448622238e-01
-1.147298575077139449e-01
-1.223395791929315218e-01
-1.283337483935433621e-01
-1.368598948571164153e-01
-1.421639257553882485e-01
-1.458369828281543823e-01
-1.514710398543063774e-01
-1.504270421933918689e-01
-1.508270600884459578e-01
-1.488303991843580310e-01
-1.441004981320813116e-01
-1.401346118851589106e-01
-1.315157460116485599e-01
-1.231114962906435240e-01
-1.141085453950527184e-01
-1.032413441310890828e-01
-9.026518397138691419e-02
-7.695056540532735356e-02
-6.124088600732047194e-02
-4.416013003590851804e-02
-2.689473266549527453e-02
-1.243875882980377545e-02
1.166626434999592805e-03
5.246803547803677824e-03
6.860420320985300725e-03
1.279824514116752188e-02
1.174391063037482155e-02
1.257373744601464859e-02
1.593451410914263622e-02
1.236676570966718618e-02
1.817704148129559855e-02
1.856685329445807026e-02
1.989013865691466668e-02
2.395214866257434558e-02
1.886690348328444108e-02
2.174935667155816765e-02
2.624253746749472330e-02
2.870204458915944987e-02
3.378130806467058433e-02
4.166503573364123414e-02
4.705991275289414522e-02
5.423851010535684497e-02
6.174401500957931582e-02
6.251786493977989911e-02
6.925201853758018722e-02
6.791852220009050867e-02
7.212407994940683853e-02
7.401211853262844309e-02
7.137738308220925587e-02
7.558594414075707479e-02
7.209139335503275681e-02
7.278988757777062057e-02
7.087063399420338861e-02
6.195270327350396039e-02
5.982338986077867515e-02
4.970759454349747003e-02
4.215054718106623494e-02
4.372836741892571766e-02
3.418860998457897565e-02
2.749404284896771883e-02
2.052935803616784058e-02
6.217896620684033350e-03
-4.802328199120308263e-04
-8.732641361436298613e-03
-1.927935981342905961e-02
-2.259363057812436432e-02
-1.960530136263759562e-02
-1.758204025705417672e-02
-1.222466421053300910e-02
-6.553661512366265422e-03
-1.418154436216209667e-03
6.809311631176536567e-03
1.098419793486174988e-02
1.669203290860177963e-02
2.143390010415731003e-02
2.004851355332412308e-02
2.331857502059760112e-02
2.026776918934263330e-02
2.153553678089233439e-02
1.993913080096666041e-02
1.745113110256853520e-02
1.557759788946802733e-02
1.236978654593286816e-03
-2.557009168933650767e-03
-1.364938715345398110e-02
-3.236891568646994150e-02
-3.452730606421094972e-02
-4.507777562675644584e-02
-4.918353383246261423e-02
-4.508398378247884669e-02
-4.775119502234867475e-02
-4.621427187630094274e-02
-4.414605548169998200e-02
-4.614980378869730504e-02
-4.258934231602498621e-02
-4.326822267731747496e-02
-4.310860722217458446e-02
-3.961643946935070743e-02
-4.268267598653743139e-02
-3.956794364361983229e-02
-4.049034189040433968e-02
-4.465734233192619751e-02
-4.176542246855906304e-02
-4.737318019226501031e-02
-4.682049702960824900e-02
-4.124939514983306382e-02
-4.449040272559116882e-02
-4.248565763532315132e-02
-4.219620688970914663e-02
-4.091964434850544480e-02
-2.877502973967555749e-02
-1.882217827254697301e-02
-1.654916998243825127e-02
-1.819291351625738906e-02
-1.547886421453494032e-02
-2.240738189130781974e-02
-2.364847197750449478e-02
-2.351820428290713264e-02
-2.727888715716444631e-02
-2.842354784444669005e-02
-3.009798402341874388e-02
-3.284235999101350889e-02
-3.607061306088273772e-02
-3.670943815230667123e-02
-4.258086460701367842e-02
-4.567257907338499734e-02
-4.594661325789868578e-02
-5.945878540269577267e-02
-5.387740427771917084e-02
-5.671801440991667415e-02
-5.133089734390058195e-02
-4.413620465290796907e-02
-4.389426658008732662e-02
-1.807107095892291140e-02
-1.659383109464104486e-02
-1.115784892474424098e-02
-3.972816168644445305e-03
-1.044303827490503751e-03
3.641403979137830798e-03
7.132154814783359630e-03
9.433322143395110951e-03
1.337078198143665415e-02
1.469187922963016875e-02
1.444787412728002624e-02
1.587751981911160112e-02
1.614957332697652265e-02
1.665076962698389812e-02
1.710319446068347959e-02
1.823045710113842949e-02
1.833589306996667723e-02
1.943490267750438635e-02
2.206940225440606404e-02
2.047259855481995197e-02
2.586226185029175118e-02
2.418397541604843867e-02
1.968272067231319200e-02
2.054459664265198202e-02
1.615622129247774874e-02
1.537428312528994409e-02
1.302389440635692841e-02
1.212735995217050118e-02
1.347629202522978090e-02
1.232933823171619182e-02
1.278547444364527830e-02
1.294958279201295810e-02
1.279922394064708126e-02
1.323013997719663624e-02
1.332437859641669338e-02
1.381498348383432793e-02
1.405516927207745015e-02
1.470623244607009890e-02
1.556739179836530082e-02
1.567856475195373092e-02
1.768805367267210077e-02
1.730888711169263974e-02
1.705383934608136962e-02
1.694801473460084626e-02
1.593966153697612409e-02
1.602517529618173453e-02
1.345827176855093898e-02
1.337544373585005178e-02
1.290927905271029540e-02
1.227621530384232808e-02
1.233614560564364609e-02
1.203816213888667802e-02
1.238208511640915763e-02
1.233317028747020483e-02
1.231614609095510807e-02
1.240945394731700867e-02
1.231182747373067883e-02
1.227414406388158824e-02
1.224384671780146851e-02
1.220280565870841653e-02
1.218950226117038009e-02
1.217089932318646261e-02
1.215716117310895392e-02
1.215020718140959362e-02
1.214117897814852125e-02
1.213601772845112649e-02
1.213168192514479937e-02
1.212655563650395611e-02
1.212404612352473328e-02
1.211939650334605163e-02
1.211451983706126299e-02
1.211287912513956018e-02
1.210164650932181625e-02
1.209813346830162020e-02
1.209164592997340540e-02
1.206242376584238177e-02
1.207307024612610385e-02
1.202860982055205252e-02
1.198235917853185048e-02
1.202768042619013072e-02
1.182816249408032844e-02
1.187607867352667192e-02
1.186087290664708006e-02
1.128964620082000686e-02
1.189281899458509255e-02
1.100480623976989383e-02
1.016154578713017800e-02
1.069876936668975528e-02
