5.716163683773121040e-04
6.931351181357152912e-04
3.395190817868723454e-03
3.403291465606858753e-03
3.417529812165969773e-03
3.831614059875248970e-03
3.508557662574617389e-03
3.634693359056604366e-03
3.648225750093187815e-03
3.580789028224097125e-03
3.626037961856873586e-03
3.601803001718446341e-03
3.582259838875411374e-03
3.585877130342881355e-03
3.552732319598169396e-03
3.510121645329855253e-03
3.508104331362704807e-03
3.384833722344429783e-03
3.317713649539196646e-03
3.281798041740337148e-03
2.808035918138324441e-03
2.807099630182404923e-03
2.840122497354540410e-03
2.740343701806240845e-03
2.833352396015194081e-03
2.836108694446436932e-03
2.923803188096555251e-03
3.107185975578833151e-03
3.144720862066989128e-03
3.612527553598944390e-03
3.773680161735135444e-03
3.153874340148241692e-03
4.266878924229696238e-03
2.483108381749834365e-03
2.282527008961080143e-05
8.751910124657155156e-05
-5.972653756212384021e-03
-6.417858126080735505e-03
-6.428488105863110376e-03
-9.279556634606011406e-03
-8.905945531704123619e-03
-1.045033897295009201e-02
-1.058932472987052925e-02
-1.052898975035015602e-02
-1.091748620208307652e-02
-1.101353095994231542e-02
-1.069931468659344326e-02
-1.093187286869018796e-02
-1.100793009082810803e-02
-9.375494895078318597e-03
-9.336129792966645774e-03
-8.316022541577410693e-03
-7.023954786179903952e-03
-7.466617315548033929e-03
-5.230319950134396274e-03
-2.979388948717427016e-03
-3.324218695010893766e-03
3.624882791898164508e-03
1.708327475140701242e-03
-8.912302277002025902e-03
-1.303876704038212792e-02
-1.829806975528807528e-02
-2.305976123273650175e-02
-2.269098676498957842e-02
-2.133865650897246585e-02
-2.154966846181744985e-02
-2.363202177318760033e-02
-2.465768916765529936e-02
-2.737158065471890708e-02
-2.872561350217921194e-02
-3.095197524062341318e-02
-3.210453504638273448e-02
-3.374028665170799440e-02
-3.505806042148579271e-02
-3.653859537941432645e-02
-3.845577720590614978e-02
-3.955284580947293627e-02
-4.254806243151002670e-02
-4.416959359596846213e-02
-4.206632942387475427e-02
-4.339530664231362744e-02
-4.194957909903888893e-02
-3.849512319764165913e-02
-3.733568547638455026e-02
-3.565138534740875526e-02
-3.278948537771028682e-02
-3.172638404460019490e-02
-2.923833360970580497e-02
-2.513832250616119049e-02
-2.322807885915173856e-02
-1.878335195147200209e-02
-1.704018057707349862e-02
-1.405531818981985148e-02
-1.322977243026591393e-02
-9.577676375151666921e-03
-8.386315604450602507e-03
-6.751288830485248534e-03
1.428281478558339002e-03
2.175934451229213744e-03
2.540437317575161905e-03
4.867755860324921198e-03
2.025606084267506275e-03
4.678641042886160645e-04
-2.470694314398302413e-05
-1.373352968567488142e-03
-3.025051417579716854e-04
-1.147364808443245834e-03
-2.291255185539688068e-03
-2.088944487091128413e-03
-1.260243085187036371e-02
-2.627880498876036808e-02
-2.708330191446529228e-02
-3.328425485922002769e-02
-3.286242757263747871e-02
-2.813796189368474379e-02
-2.712617795165066931e-02
-2.050128714962839993e-02
-1.670314077987579415e-02
-1.212726328561233857e-02
-1.361654201402660944e-03
5.281645018164957128e-04
8.049608944903719268e-03
8.832041920197545443e-03
7.029025254727214525e-03
9.307815979572166970e-03
8.627351474682741148e-03
7.926906136225051261e-03
7.534138577104136300e-03
5.835573948854552370e-03
1.844226841735688554e-03
-1.765268403418315856e-04
-2.983245929494227934e-03
-4.769301919613209463e-03
-1.099007878082685491e-02
-1.462418071937860928e-02
-1.825109805732387860e-02
-2.384978278438001920e-02
-2.548559367313926044e-02
-2.848843280850652318e-02
-2.983043712399176262e-02
-2.998157214237352070e-02
-2.889036766198639292e-02
-2.884232833104906010e-02
-3.023154464616338577e-02
-2.948892893664860348e-02
-3.158231690067704600e-02
-3.180530170201430196e-02
-3.273642149656619260e-02
-3.609765523564827799e-02
-3.605115081767082397e-02
-3.526652546310110603e-02
-3.526412273134209296e-02
-3.175063362543764645e-02
-2.932004594656250490e-02
-2.688095179875052421e-02
-2.468495819090213428e-02
-1.996699344984347729e-02
-1.777407143762147618e-02
-1.231010576541012938e-02
-6.535284500748373901e-03
-4.420878157172233175e-03
1.783651599414684801e-03
1.755901984571657309e-03
4.977464039517723695e-05
1.304833162300148182e-03
-1.667677966345213272e-04
-2.769937494718431028e-04
-1.547694099228999649e-03
-2.077459853378916393e-03
-1.187710540541020172e-03
-1.673881026774799285e-03
-1.627342124543896184e-03
-1.370815275696008612e-03
-1.497801833343063386e-03
-1.775261330431399456e-03
-8.198472699836506289e-04
-6.025560457103141913e-04
-2.107961531411426791e-03
-9.300159678720805153e-04
4.000257579231440925e-04
5.610117550882468516e-04
4.989727982240302340e-03
5.141696888629863557e-03
5.195690457608854659e-03
6.296319397584196342e-03
5.912416629770284732e-03
7.217658171512025995e-03
6.154840346390647900e-03
5.833931547529713074e-03
4.371994623261757015e-03
-1.340915113250322347e-03
-3.059394841892882667e-03
-4.672503538011387771e-03
-8.852885033401824283e-03
-1.134827251223252328e-02
-1.735198167275089215e-02
-3.177142155300093779e-02
-4.176634731033615489e-02
-4.084786032615784351e-02
-4.222541895326727135e-02
-4.055075217544704125e-02
-3.938338852270219237e-02
-3.876706938688528892e-02
-3.549192881773763353e-02
-3.528967796362725284e-02
-3.245541867021558419e-02
-2.972245787497959299e-02
-2.866120189751758529e-02
-2.340134344428423940e-02
-2.236376296849965778e-02
-2.057531426471865404e-02
-1.848522499506726618e-02
-1.817491437256302245e-02
-1.694043219942606426e-02
-1.670547411908149954e-02
-1.610417284140856081e-02
-1.660067162292721415e-02
-1.643858551092277839e-02
-1.688736381233778977e-02
-1.932111493634326022e-02
-1.949746847861537694e-02
-2.134776837526097468e-02
-2.139513514188046833e-02
-2.131880865758755544e-02
-2.235386287872502542e-02
-1.859815502001923443e-02
-1.789589319994356817e-02
-9.975750316468402074e-03
-5.820978159280804781e-03
-3.741138516946955483e-03
3.308410767330334165e-03
3.794622443602856370e-03
2.887214796706440330e-03
5.615324150652842294e-03
4.833969612141552318e-03
3.005063621898269085e-03
2.040487757006532229e-03
-2.846978524917784920e-04
-2.918000480336006234e-03
-4.016235980016157579e-03
-5.063121129123920178e-03
-9.446384671939598091e-03
-1.009026580709187527e-02
-1.005788701730385253e-02
-5.185391024730439183e-03
-4.923998033808216386e-03
1.312097417763149870e-05
1.209416825468954092e-03
-2.081471390118331839e-03
-1.175667572286435286e-03
-1.445199357817633472e-03
-1.993964759870740094e-03
-1.602072507218795568e-03
-1.642363844874007977e-03
-1.375574378676341003e-03
-1.245591714033186196e-03
-2.492681129294482085e-04
-2.379656861364681743e-04
-3.686979573508563290e-04
-3.635195443069725685e-04
-3.924351158084109898e-04
-7.932702736932538239e-04
-1.332759885868662697e-03
-1.071766050241174106e-03
-3.226199075134753794e-03
-3.307839446565775596e-03
-3.978178512126472922e-03
-1.160230772482975965e-02
-1.231587805746617650e-02
-1.733748116683559576e-02
-1.725963134429462503e-02
-1.886358054460722869e-02
-1.812327859367273211e-02
-1.622364089082119556e-02
-1.736241667332275029e-02
-1.268111710696062308e-02
-1.297135184042134959e-02
-7.824224489534341298e-03
-9.580432040364879678e-03
-1.002981662960961660e-02
-1.072015547715058671e-02
-1.179990295761743774e-02
-8.768903153160131914e-03
-9.176846573958438724e-03
-6.095945369814257525e-03
-3.323503647093019146e-03
-4.049788157411516459e-03
-1.134025054663404322e-03
-2.406512279152589473e-03
-4.012274036835384271e-03
-5.887154524703814597e-03
-5.191101084912341963e-03
-8.898268957101515206e-03
-1.144260455030799567e-02
-1.413804314746048077e-02
-2.302571921182455100e-02
-2.913359908760479108e-02
-3.176211001445674448e-02
-3.844092538274514192e-02
-3.848584936794313682e-02
-4.065372268699408986e-02
-4.189498566903344934e-02
-4.173843493666528487e-02
-4.281800418612558001e-02
-4.053986566409246289e-02
-3.982135646720169619e-02
-3.773297606329714671e-02
-3.505042455104800947e-02
-3.388103596276703655e-02
-3.056458883180580496e-02
-2.744492887619231700e-02
-2.427455622918633926e-02
-2.146721054033047527e-02
-1.895020270737153567e-02
-1.440733449415690023e-02
-1.182920971806170583e-02
-9.065652569953494555e-03
-6.252500759381843243e-03
-2.500165071840184348e-03
1.575047629808350863e-03
5.944284312268191539e-03
5.869919422637088872e-03
5.983968568143995491e-03
6.427822153225969809e-03
5.292342975430961924e-03
4.954210855035945382e-03
5.204719640610472450e-04
-1.739186963518770616e-03
-8.027805846698749144e-04
-4.290401828645900272e-03
-3.866935582239242226e-03
-5.748397952672641871e-03
-1.105947079241604951e-02
-1.192030435958017429e-02
-1.224821013386438902e-02
-1.186786503582603486e-02
-1.290779908665081778e-02
-9.272961902256057765e-03
-7.357752000540055369e-03
-7.230899226207658341e-03
-4.176577318544339237e-03
-6.533592734868017525e-03
-6.146113824465932948e-03
-7.286143261567998297e-03
-6.633183740327863211e-03
-6.064221666237074038e-03
-7.078035565124909424e-03
-5.428882524136022236e-03
-4.935206127455689373e-03
-3.193782352317226653e-03
-2.010197489498663850e-03
-2.361651368442095177e-03
-2.106043945419186231e-03
-3.034556249339346364e-03
-3.643131401493705009e-03
-5.057267902080428423e-04
-2.174369277845196284e-03
-4.358663005824015349e-03
-5.867957574686750478e-03
-1.271531533154524399e-02
-1.619462172532277339e-02
-1.999984514937477170e-02
-2.745390274109142659e-02
-2.937394062870957862e-02
-2.581796628279921929e-02
-2.328321801183402817e-02
-1.874100153183146100e-02
-1.446166679649797671e-02
-1.052367333869924475e-02
-5.061983440566691569e-03
-2.226555176331036431e-03
3.526001938008366688e-03
6.157213951279952302e-03
5.511302446974619684e-03
5.860443137177850578e-03
4.017881822856713379e-03
5.045584011167816331e-03
3.628197546637728678e-03
4.165275425659720546e-03
3.427186918297041741e-03
-4.238993076254122735e-03
-4.162428805803072840e-03
-1.063893231457965771e-02
-2.164285065146629924e-02
-2.270580835846240306e-02
-2.768510850994172073e-02
-2.921103785700910824e-02
-2.547263315187752591e-02
-2.538558024047022840e-02
-2.439452350404770070e-02
-2.220467247481744399e-02
-2.277163658864424581e-02
-2.092957363889448585e-02
-2.046713072009919213e-02
-2.061174101880982462e-02
-1.862653259056683275e-02
-1.984834210007472080e-02
-1.907611320706174840e-02
-1.937153512952030643e-02
-2.233919640181986771e-02
-2.153243599974840466e-02
-2.406989655288759022e-02
-2.435914195425845433e-02
-2.003363208056242045e-02
-2.144180451253282702e-02
-2.206798998291176900e-02
-2.093313872585624014e-02
-2.090449858444179410e-02
-1.299466630407697734e-02
-6.619786533959053088e-03
-6.063158146018964197e-03
-8.318096530687785900e-03
-7.245076552876225304e-03
-1.243310689401884613e-02
-1.337881834559425699e-02
-1.288804112166926086e-02
-1.476504108322298017e-02
-1.485728486522093841e-02
-1.533421102114879142e-02
-1.622991056304967997e-02
-1.721181812066060329e-02
-1.746511041275299048e-02
-1.978848518828456998e-02
-2.152933710793181882e-02
-2.196931357680147884e-02
-2.981928994638553820e-02
-2.832241028077401093e-02
-2.923279677311882430e-02
-2.716520862890147575e-02
-2.516549966838086544e-02
-2.485701764835937175e-02
-1.035769710576537640e-02
-1.036407497224864534e-02
-9.169368770429248833e-03
-6.273545873656940358e-03
-4.186863481321619583e-03
-2.455791437543629937e-03
-4.995468387909262741e-04
5.900368794120463851e-04
4.078749731496996225e-03
4.626273669625136781e-03
4.075531828184791872e-03
5.038843956702115413e-03
4.868673838816328474e-03
5.063690386819597218e-03
5.183145863146402556e-03
5.524463402243217323e-03
5.587728015246492576e-03
5.693113713816484733e-03
7.126039531650652133e-03
5.940316848589304033e-03
7.722229312673912528e-03
6.755666857186634622e-03
1.425768663127881600e-03
1.322447086608119580e-03
-1.604826111292463478e-03
-2.999415601672520901e-03
-4.118570994652576665e-03
-4.582858107014694399e-03
-3.532946286512166773e-03
-3.967162315540420821e-03
-3.696325263334157302e-03
-3.496633360834364417e-03
-3.518241677980733697e-03
-3.294452978188979701e-03
-3.187858287632001561e-03
-2.906081499874269176e-03
-2.729751433458781767e-03
-2.300494059297873185e-03
-1.635193545641850993e-03
-1.441334230836004452e-03
1.438227209111771286e-04
2.418509295231321813e-04
-5.161801592840492287e-06
4.235939850175367695e-04
4.596725073163765159e-04
4.662435474660224142e-04
5.287057371417153715e-04
4.980662592240857984e-04
6.070557934645549186e-04
7.751567448610093957e-04
9.024042386651578290e-04
9.771473278911541570e-04
1.732603094520865838e-03
1.748837353077625778e-03
1.931856450042414384e-03
2.101802128022102738e-03
2.103942469921041454e-03
2.132980739192377479e-03
2.139911068099865574e-03
2.141754339502309132e-03
2.150333556609217850e-03
2.150960334815892397e-03
2.153190754741442659e-03
2.155204326892309636e-03
2.155429855525583041e-03
2.156342030744711792e-03
2.156696065521158424e-03
2.156655994659356559e-03
2.156793907489827373e-03
2.156589563287939718e-03
2.155855639318087109e-03
2.155729351821530568e-03
2.154217845952602177e-03
2.152240465464214624e-03
2.152050944646588786e-03
2.145123517019669780e-03
2.143163092009875426e-03
2.139238781604482862e-03
2.115378350479716219e-03
2.124828768818137238e-03
2.086241827263458654e-03
2.035734905313931441e-03
2.085486805982275822e-03
1.867296136875156451e-03
1.890884191246899187e-03
1.896538723302318126e-03
1.009196732823298970e-03
1.019564960609672466e-03
