1.015509971296416937e-03
1.137527566774911014e-03
3.113639193974106385e-03
3.153051340169562254e-03
3.610384335900432805e-03
3.925755500687779821e-03
3.609213278361649273e-03
3.821386817894198082e-03
3.793695639025373122e-03
3.759323821800933038e-03
3.817182426061904634e-03
3.791422943835377063e-03
3.799653676435462389e-03
3.808159694831101706e-03
3.801415192568009110e-03
3.806777655885632168e-03
3.806539594784994103e-03
3.805953195114778007e-03
3.807381169252606161e-03
3.806726276910701694e-03
3.807152333003543422e-03
3.806742646533549466e-03
3.806572328793374725e-03
3.806919241333281672e-03
3.804250151258671726e-03
3.806380509886143990e-03
3.803599919285152731e-03
3.797470333103793519e-03
3.808430683253699513e-03
3.785018349783354427e-03
3.789032946613853613e-03
3.810281955522087233e-03
3.709587510522748943e-03
3.820329431604432661e-03
3.734664153930136819e-03
3.456733974147116733e-03
3.549949742685691752e-03
3.405257641899491535e-03
3.843391438447332949e-03
3.786618008779375939e-03
3.743926593460753481e-03
5.887086302071774420e-03
5.926993161127009496e-03
6.660730825025551471e-03
6.549512855146677817e-03
6.771639725851163333e-03
6.579716636807573897e-03
6.580561399302512458e-03
6.800200852596517860e-03
7.162597635966551704e-03
5.893954258693628878e-03
6.492819005966180175e-03
4.669135635399397632e-03
9.084643208319028145e-04
-2.550221816517290498e-03
-1.670262080876628794e-03
-3.445111305948959576e-03
-3.155205988296772880e-03
-1.870862011668501064e-03
-4.509897868096643739e-03
-2.541107503959416213e-03
2.009194923618613619e-03
3.920437113897913377e-03
1.426298294195548627e-02
1.492954393087678536e-02
2.245588493125189045e-02
2.279872980763993084e-02
2.244663816760174291e-02
2.762916804711326030e-02
2.728606325883961223e-02
2.942144834455516847e-02
3.249936481067908917e-02
3.145898921860437736e-02
3.512251999459917173e-02
3.549741132334278959e-02
3.365859444971672915e-02
3.501279792913752215e-02
2.781227711053801260e-02
2.350513369369346822e-02
1.981877197109351701e-02
8.692629548387703631e-03
6.272545980920370134e-03
4.603771921184210067e-03
1.589682276478712568e-03
4.382823893583841571e-03
3.221554466671969902e-03
3.631904858778419072e-03
6.221826979388542234e-03
6.152574411179502836e-03
5.468240510005739977e-03
7.202118619836828974e-03
5.999944530200679478e-03
6.162264515978900861e-03
6.047370645459009854e-03
-1.096136123923976925e-03
-1.658705233184253275e-03
-1.140344997040632080e-03
-2.403660763899055728e-03
-1.367332058707758510e-04
-2.102038749140808065e-03
-3.146928488669143136e-03
-2.880450438281265558e-03
-4.799899526892840822e-03
-3.293709677828898612e-03
-7.721601134756742035e-04
6.109370884901370747e-04
-4.955246596397010509e-04
-2.464906080309059097e-03
-4.150532405422053747e-03
-6.760442192711702686e-03
-7.172751505887190425e-03
-8.625903746357032470e-03
-7.279706490567935603e-03
-6.909420432312697244e-03
-1.096304413231362351e-02
-1.113501599487531565e-02
-1.216046966781671700e-02
-1.486677549196066192e-02
-1.435789566197444127e-02
-1.461593204041744531e-02
-1.454945100246067373e-02
-1.216775680585354888e-02
-8.672948272628452568e-03
-6.754027967483568207e-03
-4.572473641940794434e-03
-3.951174669513296371e-03
-2.533730738772861559e-03
-4.076501368385390504e-03
-4.667587036080239442e-03
-4.059761521455551754e-03
-2.390565679525900704e-03
-2.583612913115203454e-04
2.774745667020264879e-03
2.405650859802854410e-03
3.065283493658555684e-03
2.643070142227285039e-03
1.088510760213030112e-03
9.666386850278780880e-04
-5.097791728131425117e-04
-2.351718431790392975e-03
-2.656409395393399646e-03
-5.418016670820085569e-03
-5.817811221629587935e-03
-5.190792143154029925e-03
-6.528383482513493152e-03
-5.666220581168564252e-03
-5.640654991560450221e-03
-6.065961686672179977e-03
-5.307896351540305861e-03
-4.051002432459426504e-03
-2.439483137621672407e-03
-9.168638796670836076e-04
2.338291564427094626e-03
3.251139792586863007e-03
3.647763966479576105e-03
3.209251666906066600e-03
1.440037672608590266e-03
1.138581099684933757e-03
-1.101535846771820634e-04
-4.311283207464306866e-04
-2.432510753687844047e-03
-2.553280323376525864e-03
-3.018704573307384731e-03
-3.572353496710183301e-03
-3.545044435741032899e-03
-4.148979604976116634e-03
-4.030194153887601410e-03
-4.389868841813663811e-03
-5.447407601349282466e-03
-5.269123400336372248e-03
-4.982613195180339224e-03
-3.547140706821998342e-03
-1.430113419597485881e-03
-1.041689905862377616e-04
5.142876038229875213e-03
6.425149749958484861e-03
7.690699431699887269e-03
7.871972693085673572e-03
7.603085108480563820e-03
5.705119040263388792e-03
-1.450781829963245428e-03
-3.213059953098421247e-03
-2.869169771057431418e-03
-3.651911985231954920e-03
-1.003881417220884014e-03
-9.459439439165751983e-04
1.716876378550238240e-03
2.733565513149461158e-03
2.222010956173598156e-03
3.757057502263318888e-03
3.047741738791211012e-03
4.963858693963050031e-03
4.578076922616669195e-03
3.465931094561282635e-03
2.953077609369042338e-03
1.011549381770965577e-03
6.418030448628789632e-04
-4.793497147526127353e-04
-7.289478259853979973e-04
-1.152570177450070810e-03
-1.607724050535871757e-03
-1.699134358987053122e-03
-2.083464125785922626e-03
-2.117512379883765717e-03
-2.362447416888447532e-03
-2.450614130721284756e-03
-2.387613226661829732e-03
-2.702406907111672748e-03
-2.155838932811272000e-03
-1.973819670436095883e-03
-5.048927513781195035e-04
7.179670094142163875e-04
1.378021210022401920e-03
2.976435364530518983e-03
5.506206917061396908e-03
7.013524878511339343e-03
7.783785851277575871e-03
8.964290653458531835e-03
9.789271186188101825e-03
1.016899221265813585e-02
1.031956148491362107e-02
9.854823993063140802e-03
9.882040642810417663e-03
9.223840161443550012e-03
8.689503101337968730e-03
8.375935087674458990e-03
7.347689212170052490e-03
8.591759707108610408e-03
6.966071121393708349e-03
8.346112652466744844e-03
7.274287759817941144e-03
6.129729616683547429e-05
-7.614429208439159628e-04
-1.281707208381461377e-03
-2.511113939006217981e-03
-1.711086959205239822e-04
-7.771666178475840001e-04
1.222393605608667331e-04
3.033180222172159480e-03
3.126025867634899414e-03
4.939992627642195849e-03
4.430635105635858176e-03
6.213201277789183810e-03
7.224276409522900795e-03
3.672526130562256928e-03
3.423073800459073592e-03
5.055041590556250304e-03
4.206131366576447254e-03
7.528128809281288067e-03
1.186446877470026529e-02
2.149054896301783035e-02
2.940885693206200802e-02
3.005090151026680242e-02
3.387226771600049952e-02
3.286176557056472158e-02
3.141316156471941901e-02
3.067280983806910943e-02
2.540344009856077695e-02
1.640062481538911640e-02
6.164310833924365428e-03
8.444724409851218742e-04
-3.682030053451583419e-04
-2.499111338492080326e-03
-2.613311120729343729e-03
-4.174741226810235240e-04
-2.695889126274630867e-03
-2.339010621871833416e-03
1.150163135657013237e-03
7.917194458256036210e-04
-3.168706344738061423e-04
-2.015137841812876963e-03
-3.116422050832577499e-03
-4.109684322070813328e-03
-3.415864401377960175e-03
-7.870884331115370015e-04
-1.012717085187648576e-04
2.081130381977569846e-03
2.126922939735015339e-03
2.567090341103312433e-04
1.072692358797140146e-04
-3.915797602027503745e-03
-5.232042020635211538e-03
-5.045581034249982562e-03
-5.871155093242115715e-03
-6.463567971329493324e-03
-5.876538368607271169e-03
-3.325919485547283033e-03
-1.614026706682730088e-03
3.381048060343547646e-03
6.536054453029242067e-03
1.007649450518236130e-02
1.675433366606234042e-02
2.050193295670831028e-02
2.116268104714284781e-02
2.326259809979941418e-02
2.424811542085554203e-02
2.183769809222691274e-02
2.413840770954844145e-02
2.508547383545949722e-02
2.537710533959829096e-02
2.689861702486488759e-02
2.564292226633211810e-02
2.556107068980103397e-02
2.572093960989678407e-02
2.334246108719801802e-02
2.321787261962333926e-02
2.139016934868963674e-02
1.671865768146401504e-02
1.512349159163192333e-02
1.178396555882693479e-02
9.654329797668302626e-03
4.341442866773985096e-03
3.067403155177019468e-03
3.855329908266320015e-03
2.103894616758360345e-03
2.613831763353334156e-03
2.199740849339798087e-03
1.682456659225280192e-03
1.026854967464889672e-03
4.449404794182130335e-04
-5.088131239089107964e-04
-6.216732885120557130e-04
-2.755242620704844055e-03
-2.678519031930038773e-03
-3.154696155190290542e-03
-3.704373225623870669e-03
-3.628708944190195233e-03
-4.282940771934999266e-03
-4.139595723280316102e-03
-4.556770905921277148e-03
-5.693527901888128726e-03
-5.484977712763035480e-03
-5.491951360651604191e-03
-4.048746188856517866e-03
-2.079895217953336810e-03
-1.554897523238211402e-03
4.277364247197569351e-03
4.416324931536796602e-03
4.776449912773611355e-03
6.630753703916093464e-03
5.177224687991255347e-03
6.535105350850410610e-03
4.708761310419464982e-03
1.081841263773994236e-03
-2.572994096858096519e-03
-2.973289718102030584e-03
-9.774437787228519754e-04
-3.223771317568361206e-05
4.074669911890139301e-03
4.554470399200912477e-03
5.627021769191222281e-03
5.869721136204068476e-03
5.173933495184864818e-03
1.019925940034829143e-02
1.350453100368391619e-02
1.651779298409960031e-02
2.068033684077888804e-02
2.432366788825244402e-02
2.358257618544766163e-02
2.632396037659211901e-02
2.516142352552843547e-02
2.272396795996471999e-02
2.363966169907379122e-02
1.830376190502337741e-02
1.527033793478854533e-02
1.686973805585571459e-02
1.087329909681793161e-02
1.219716692448637868e-02
1.801636127338491350e-02
2.008519429637941126e-02
2.939888361535283531e-02
3.535886912538282328e-02
3.766698752256955607e-02
4.151029517224583132e-02
4.204048212661155859e-02
4.068502257605161043e-02
3.988917210641376720e-02
2.787341592238818874e-02
1.875333282528599682e-02
1.230820938182576596e-02
5.190104833737930329e-03
8.266911962050933543e-04
-1.708543768354439673e-04
-1.419423016018689799e-03
-4.725649533022417497e-04
-2.560701833694050073e-04
-1.509013299558856474e-03
-1.389605808002773116e-03
-1.432001235963552754e-03
-1.714104259530484274e-03
-1.699776677633184222e-03
-1.773780428284810369e-03
-1.807655536412779455e-03
-2.149511105827487615e-03
-2.110009459450100291e-03
-4.334583622010473002e-03
-4.341727949192100873e-03
-7.972719886982463245e-04
-2.236637665700017766e-03
4.462256760194922476e-04
4.476963900508472080e-03
7.049512555968527258e-03
7.185998218330029268e-03
8.383459811143629268e-04
-5.365100292465346896e-04
-1.615495861023878764e-04
-3.555795413589589275e-04
2.195980103247164444e-03
6.094721354453505602e-03
4.099039871919669779e-03
2.433839162571719249e-03
-3.666806114035624144e-03
-4.405371616523139772e-03
-4.337052621677674712e-03
-4.707593599835760423e-03
-2.581213838695336875e-03
-1.820720757574568246e-03
-2.510662020297519618e-04
2.520810152372013942e-03
4.095246796721354124e-03
9.195876672805570334e-03
1.170581180058037282e-02
1.265615248922289521e-02
1.512100056522000004e-02
1.557770846959464009e-02
1.566223896549736108e-02
1.629004246057289690e-02
1.650650104877979252e-02
1.621389586893380239e-02
1.566565142553771883e-02
1.444802141962005237e-02
1.381934321572963337e-02
1.262077844622510291e-02
1.126917684146347756e-02
1.010589176323496881e-02
8.490372283655076360e-03
7.682381503966203250e-03
1.007496613694403020e-02
7.293314329401417995e-03
6.199883045502265801e-03
4.377295150991226264e-03
4.843669640451813210e-03
4.772752200588254237e-03
3.880841031182311399e-03
4.783422228792323476e-03
4.494613716539838481e-03
2.132417259550570439e-03
1.834418541469800623e-03
5.753654421781795878e-04
-2.283210269193210185e-04
-3.059080080113802682e-04
5.790213680542144502e-05
3.891680127385741938e-03
9.735836030341555106e-03
1.095015427044256431e-02
9.818269362873341746e-03
1.210692208111536529e-02
1.002155150119287373e-02
1.032525230866867053e-02
1.028693386278950461e-02
4.005263132393791468e-03
3.610603744954086255e-03
2.950182198620606919e-03
1.163119637654745631e-03
1.004432289765703817e-03
7.654323705421899483e-04
-3.644087435778441391e-04
-3.160026009429921061e-04
6.548368679836649806e-04
8.368199063090536695e-04
1.228573651042774544e-03
1.484650681553435119e-03
1.581042069272587834e-03
1.727831462199411324e-03
1.803272088778087390e-03
1.856907222740741522e-03
1.908514078398579773e-03
1.975682173471060305e-03
1.989204461364198640e-03
2.067042029623419007e-03
2.225442065594460637e-03
2.402203582644945202e-03
2.391567859439800835e-03
2.208776004805223462e-03
2.150116184427228357e-03
2.097910274682298747e-03
2.042898446079563501e-03
2.025612664121788364e-03
2.002582749385451843e-03
1.988191756898044071e-03
1.981157212798045995e-03
1.973050272047052918e-03
1.969118718787742171e-03
1.966167902398884785e-03
1.963570696733237930e-03
1.962377016188285046e-03
1.961133463041136570e-03
1.960168688052192458e-03
1.959989807810738963e-03
1.958762167760016559e-03
1.958577124878788708e-03
1.958762701161762508e-03
1.955269728456576241e-03
1.958317605540719781e-03
1.954665795508785976e-03
1.947289569824364394e-03
1.962211040990265165e-03
1.931736977381211208e-03
1.939784609216958951e-03
1.967470012601200708e-03
1.841144617861627600e-03
2.015820146502433647e-03
2.087936358013822019e-03
