8.056989543917393408e-04
9.149593351714183087e-04
3.569535124957232478e-03
3.634577505152525659e-03
4.119685680017120405e-03
4.594349117604107184e-03
4.096401096904709466e-03
4.367604179947466407e-03
4.330725020784082467e-03
4.261626386950414548e-03
4.339730875405817256e-03
4.300141212497543379e-03
4.305926159624391680e-03
4.317342383660209559e-03
4.305818308241511627e-03
4.312072816067970271e-03
4.311524541256009369e-03
4.310001855664500996e-03
4.311953111818191305e-03
4.311274394321708454e-03
4.311790906391652946e-03
4.312221804844633410e-03
4.312798757292626677e-03
4.313796585903101159e-03
4.314154785769078876e-03
4.317451678407521060e-03
4.318117371153605034e-03
4.321113216920630454e-03
4.331261255378314294e-03
4.327182794337388998e-03
4.348243349984588085e-03
4.365399428316566952e-03
4.350151770150252617e-03
4.450865218673914075e-03
4.418475729337994345e-03
4.432773337523640209e-03
4.554520846490890673e-03
4.545755591212050951e-03
4.925679034268764557e-03
5.080785691695544580e-03
5.104831142837369315e-03
6.760125858940698590e-03
6.914681811146574167e-03
6.759637248644714824e-03
7.201417174407909010e-03
7.169464426913345345e-03
6.081326161578443079e-03
5.824181137843003828e-03
7.173682293900588564e-03
6.804834455924695623e-03
7.216964914242236795e-03
1.117404071876381896e-02
1.190803982024986676e-02
1.330313592398955913e-02
1.411017038031065277e-02
1.595063866230530050e-02
1.468368540037027006e-02
1.552077975156750805e-02
2.089085313823538931e-02
1.795026568436525888e-02
2.099356206181637874e-02
2.143378919355234252e-02
2.053028698279921183e-02
2.290744711607537246e-02
2.322680989023523032e-02
2.190459262839761223e-02
2.320379616453439875e-02
2.186987704905422186e-02
1.917611660413789595e-02
1.838352559119444535e-02
1.736566774798503979e-02
1.663836328912053283e-02
1.683867022334719146e-02
1.664043190667659211e-02
1.679485615370726603e-02
1.844308865329060548e-02
1.799942386175745757e-02
1.783587471128362384e-02
1.802512422661557007e-02
1.718844791785753556e-02
1.716143212941381030e-02
1.609193466374698664e-02
1.495799150640154430e-02
1.457340055932453485e-02
1.276380222375604265e-02
1.171501972467068296e-02
1.068553866632734189e-02
7.306116344944142346e-03
5.998589294563195368e-03
2.979679115636019691e-03
9.642318694690352535e-04
-5.136604042785102844e-04
4.600695435169127536e-04
8.214401433741173701e-04
1.529797981391272993e-03
3.459283498115749665e-03
3.807355100404091405e-03
4.236952598502661919e-03
5.204143839739357527e-03
5.195428088972380877e-03
5.543561939075542823e-03
5.485748205397615943e-03
5.441248179321169984e-03
6.034545656056464896e-03
5.408718353196538715e-03
6.248432991513498853e-03
6.045162599872191608e-03
3.238956726379396602e-03
3.017337425566936869e-03
3.432242671149496500e-03
3.040010345898729472e-03
2.159323711464432392e-03
1.580051773454028106e-03
-4.407766527690851329e-04
-2.787993234028225947e-03
-4.902953083738489926e-03
-5.760104617951187014e-03
-5.355320377310504240e-03
-1.549159414077599072e-03
2.578836187487438484e-03
8.227320570947972700e-03
1.395720339185124378e-02
1.466742500130593582e-02
1.405023472651301293e-02
1.233413712535188882e-02
8.981386354370421085e-03
9.651561129907625797e-03
7.161524133054381590e-03
4.874633293977953703e-03
4.703767435596977950e-03
1.797145176974275938e-03
2.023689826752109872e-03
1.655632645269427064e-03
1.334569019517504226e-03
1.469188503189235032e-03
1.378895610620151872e-03
3.062528290790108697e-03
3.731519657973884560e-03
7.088656598003760696e-03
7.861535272550127657e-03
9.848296326328217359e-03
1.179258326392664674e-02
1.145029912075938398e-02
1.384955026166936366e-02
1.636205058775086138e-02
1.877674142574304803e-02
2.186033607924688094e-02
2.308758009838340203e-02
2.710028138123457553e-02
2.634733293684560912e-02
2.620344909953699689e-02
2.795852024263332375e-02
2.329480150662808363e-02
2.351859407379925868e-02
1.912595510046539299e-02
1.762576785520540007e-02
1.784390331266504440e-02
1.373587234822276279e-02
1.249622109234587580e-02
1.136072947003524333e-02
8.238714527165482554e-03
8.641305139142702735e-03
7.950075747305510032e-03
7.182159359858198387e-03
7.668411988132659007e-03
3.900821016052665770e-03
3.579592281577060209e-03
4.247575268644301211e-03
3.523645309113972862e-03
5.076341389937262874e-03
4.515684250043399024e-03
5.438858538418278252e-03
7.830719705833282321e-03
6.543926025348383371e-03
1.070153010512300135e-02
1.002569708494251664e-02
3.783186119686194997e-03
3.693901603718773193e-03
-3.161886894402081080e-03
-4.053336262250019709e-03
-6.604516868604120433e-03
-7.865488146522658930e-03
-2.717895968310824438e-03
-2.082085637061961789e-03
1.485063012456618427e-04
1.192721279827910728e-03
4.042225097494554949e-03
4.729101247391493019e-03
3.601300848276462081e-03
4.055580586192479575e-03
4.096129661454086385e-03
4.535461848535291690e-03
4.829385334862181661e-03
3.581985559101863968e-03
4.343657256393524367e-03
4.490795821124043442e-03
5.301482925921840658e-03
5.074238867641996456e-03
5.946234236645401086e-03
5.637889026868744304e-03
3.293201686487735522e-03
2.341011157247406115e-03
2.726175250247908285e-03
1.889617870018278460e-03
2.151179824345908400e-03
2.111610540046977066e-03
1.664170280196635180e-03
2.072743313927158295e-03
2.728359745641389857e-03
2.853236359031587760e-03
6.252404851055397630e-03
9.620963990666874660e-03
1.032483104369951755e-02
1.243058135414154032e-02
1.384750734837995705e-02
1.271751968439089123e-02
1.505487145160735139e-02
1.125192967561399263e-02
8.932905085967520961e-03
2.833146287354638276e-03
5.899832582258385857e-04
3.023028612161935379e-03
-1.579141197528290312e-05
-2.847607467434951686e-04
-7.858291506650134928e-04
-1.807581366444625890e-03
-2.115575244991765771e-03
-2.265510218895963081e-03
-1.811317974048783476e-03
-1.984600841196826598e-03
-2.621936021312066753e-03
-2.544649310303309479e-03
-2.794692711817525592e-03
-2.879090104760446359e-03
-2.473990439363084673e-03
-2.528849217584729428e-03
1.970968917816379781e-03
3.511481862843569054e-03
7.628560520136027506e-03
1.715666464886803425e-02
1.866847690922040365e-02
3.170089712609071991e-02
3.212746782456082917e-02
3.378111859122893273e-02
3.792578113914525650e-02
3.659301322961081709e-02
3.845223802652926459e-02
3.889451250834429635e-02
3.832501536663431713e-02
3.875692604819092058e-02
3.821689550552514331e-02
3.728659636341676714e-02
3.634769445907315433e-02
3.527976223057522481e-02
3.248146472458558059e-02
3.154559418632083001e-02
2.959661252556792035e-02
2.839377902376777341e-02
2.636944088949582515e-02
2.455749319668893565e-02
2.302613341977119421e-02
1.828344439266201688e-02
1.596610223448283183e-02
1.277356598546486484e-02
9.545412501219064164e-03
7.809660332691564788e-03
4.798297779138510633e-03
3.037523024968858017e-03
1.932786773151650697e-03
1.831848555612018703e-03
2.050825497396226681e-03
1.180242827214464212e-03
1.363534529960687761e-03
2.018213969603340797e-03
2.138477714171263099e-03
2.518634002218017500e-03
3.193473240557089497e-03
3.474790359691913577e-03
1.748947067488496390e-03
1.108184144985742501e-03
-3.466753562378069504e-04
-3.398308743732134096e-03
-5.019394701478314610e-03
-5.856906184176054013e-03
-6.662819272339040588e-03
-1.431210750320739602e-03
3.504086982606156387e-04
4.492660746813169348e-03
8.961343782641684186e-03
9.222669617905677325e-03
1.332432474118508403e-02
1.362236559896878516e-02
1.405969898645479700e-02
1.566277027323222798e-02
1.517479633583474277e-02
1.575087608518808274e-02
1.623730078486930115e-02
1.578055519991428818e-02
1.611037879826774516e-02
1.627172394993668322e-02
1.531379723022282396e-02
1.570334721573498141e-02
1.465214010355845795e-02
8.129029044936203485e-03
6.989345299739747885e-03
4.935431354753497084e-03
1.970003352750793971e-03
5.667611585328200538e-04
-2.286949792298831503e-03
-3.765191241074073228e-03
-3.672207075719859885e-03
-4.528418289936193310e-03
-4.278937002702595110e-03
-4.402738443279817157e-03
-4.088857513088847880e-03
-4.225408986284847138e-03
-3.914816882889314391e-03
-2.738376324351721527e-03
-4.471630116543599300e-03
-3.520219836053306659e-03
-2.166364154041200418e-04
-1.585230966976036542e-03
-1.001849784866252037e-03
-3.852207109876539253e-04
-8.037473784375196578e-04
-1.559914172649006555e-04
5.124018790618007843e-04
-5.511886757390703262e-05
2.075442467796339684e-03
2.462745176299530221e-03
1.651031843119394899e-03
9.983100489195272792e-03
8.453336715135283119e-03
6.936213407770761702e-03
7.683728973326141819e-03
3.343414193724223576e-04
2.510117633466250452e-04
8.008861000416856585e-05
-1.640072096409606658e-03
1.494076205103955085e-04
-8.734202281931676727e-04
-1.806926900683123718e-04
-4.165881436429034156e-04
1.579551245324992310e-03
7.047970970522208362e-03
8.180774882043138213e-03
1.423702966100832273e-02
1.527327534412004084e-02
1.544058744145502225e-02
1.663348074321193207e-02
1.672471593446522506e-02
1.776103036951193898e-02
1.695766260531403682e-02
1.633628990662864405e-02
1.529085728078440759e-02
1.210981708298351084e-02
1.049017078578291275e-02
1.034819166851801489e-02
9.423017469645704816e-03
8.628813030580276960e-03
9.029449760770962008e-03
9.991732727676956582e-03
1.063962747576067264e-02
1.119839771680199159e-02
1.177099845650349252e-02
1.187884626764050544e-02
1.270862401600078226e-02
1.229765880486110088e-02
1.307272726213482873e-02
1.283912384292303088e-02
9.899888122848934935e-03
7.007017965364187827e-03
4.514907672941030452e-03
-6.873289345808764365e-05
-2.756298337589998398e-03
-4.753781641031395826e-03
-7.818477949330403243e-03
-7.512811905704568083e-03
-7.980699712272188232e-03
-8.452669143304940291e-03
-6.888465559363468604e-03
-7.674873063610643253e-03
-5.801425002070897952e-03
-4.442680931661546588e-03
-4.255931593058802712e-03
7.156203362519360537e-04
1.359745612059818287e-03
2.751830457791901857e-03
5.665644378397199921e-03
5.715717009542249302e-03
7.320625930022267407e-03
6.975210428727241126e-03
5.106190976269602520e-03
4.607193914565477916e-03
3.726364028524753978e-03
-8.762169755988175263e-04
-1.077250619505219992e-03
-2.810329493652444308e-03
-3.761753948072047143e-03
-4.628567274411026118e-03
-4.569326801302256609e-03
-4.647396445153310733e-03
-4.810564148371923067e-03
-4.787657167559117473e-03
-4.868374519493403121e-03
-4.902005176728534662e-03
-4.986571591209327560e-03
-5.000158191333941085e-03
-5.114093212277097920e-03
-5.320871695173136524e-03
-5.213024295604975523e-03
-5.827073379457979249e-03
-5.893730743120557947e-03
-5.521913722730621699e-03
-5.345108797077358434e-03
-3.147124667755601089e-03
-2.816446963518281447e-03
-1.578632635559290695e-03
6.338278773000224518e-04
9.249703376807677903e-04
4.213293960514298206e-03
4.296644498126643737e-03
3.863381816738181360e-03
4.817422783502486004e-03
4.649501504351605079e-03
4.805600309287533234e-03
5.098433213645395951e-03
5.493934819028888777e-03
5.649859542859000071e-03
5.444183177583343872e-03
5.538181319515101536e-03
5.370286607862054251e-03
5.331118640284833107e-03
5.064096573778631948e-03
4.804106024806820488e-03
4.671760447735904404e-03
3.593316242966017576e-03
3.503627105843465546e-03
3.606238002767849643e-03
3.302949684131660513e-03
3.311370170540449062e-03
3.217369909316790573e-03
3.144650953002518616e-03
2.924657127904058650e-03
2.919425576925501961e-03
2.784816014560093003e-03
2.888072890201180774e-03
2.747368010512998924e-03
2.799996572410391998e-03
2.801985540399464219e-03
2.408939732548485112e-03
2.374758555742910709e-03
2.269368536104854860e-03
2.172429477874559828e-03
2.157667583131971795e-03
2.110782048813090572e-03
2.090014655478981704e-03
2.080037719177610551e-03
2.064818485413995840e-03
2.059963731339104018e-03
2.056618605314558101e-03
2.051236640033712345e-03
2.052584364599427131e-03
2.054391091293571690e-03
2.048093929635375586e-03
2.065671948037260067e-03
2.060840207425127402e-03
2.057314585572534230e-03
2.124626495829725487e-03
2.051705416307300286e-03
2.145338027749150306e-03
2.270615069338037181e-03
1.969217812464377996e-03
2.708041240189566594e-03
2.897324691566194235e-03
