-4.678789821931285224e-03
-5.284511975624812258e-03
-2.941452180704370867e-02
-3.862450019855209055e-02
-3.053642128239584044e-02
-2.256963939107165668e-02
-1.649723505289935055e-02
-1.649723505289978423e-02
-1.649723505289960035e-02
-1.649723505289936096e-02
-1.649723505289944422e-02
-1.649723505290011730e-02
-1.649723505289943729e-02
-1.649723505289983280e-02
-1.649723505289978076e-02
-1.649723505289939565e-02
-1.649723505289951361e-02
-1.649723505289904871e-02
-1.697699006174177919e-02
-1.710559369075839720e-02
-1.920923550527894180e-02
-1.896935800085779167e-02
-1.871215074282384094e-02
-1.871215074282355992e-02
-1.871215074282363625e-02
-1.871215074282320603e-02
-1.871215074282375768e-02
-1.871215074282405952e-02
-2.382392770440917157e-02
-2.734638675667900101e-02
-8.285998796263649782e-03
-9.284536958407245411e-03
-3.415950257866819106e-02
-3.639614547709047604e-02
-3.510866194718375438e-02
-2.903734355629095445e-02
1.980677277951540735e-02
2.271745765749767776e-02
1.057482087571155228e-02
1.699371295115047892e-02
1.911663889651125589e-02
3.134144881648229936e-02
2.813200277876228006e-02
2.388615088803996284e-02
2.388615088804048672e-02
2.388615088804071224e-02
2.388615088803994896e-02
2.866333952571128649e-02
2.304000155836982006e-02
-9.828533014672237791e-03
-1.221712733350779206e-02
-9.704513988250348423e-04
-1.515979193920732535e-02
-1.498701119654181815e-03
4.939944910722464388e-02
6.818724564309139313e-02
3.366157025201400865e-02
-4.387194506031985054e-03
-1.296472677143574968e-02
-7.205685781388825907e-03
-1.017271874486266187e-02
1.941021326617132017e-02
7.193689416596567299e-02
5.360852034823980483e-02
-6.949029676632549613e-02
-7.232450129347492429e-02
-2.205244631993791629e-02
-5.299794252884372329e-03
-2.184184515012669442e-02
-2.469842039096285455e-02
-1.616894115367070034e-02
-2.015984873690516294e-02
-1.444669825523252002e-02
-1.444669825523303176e-02
-1.444669825523366320e-02
-6.625497340993369115e-03
-1.237306159842610845e-02
-4.097088265119995520e-02
-4.488148310832023452e-02
-3.338635459345383472e-02
-4.563536723775801773e-02
-4.973916985428971510e-02
-4.464900183859461108e-02
-3.852449551644232528e-02
-3.031689028337895137e-02
-3.031689028337893749e-02
-3.277313998329716566e-02
-2.703557913579242647e-02
9.486694064724637485e-03
1.071481891468524690e-02
1.294817128445949379e-02
1.594632069536172994e-02
-2.702898453721112350e-04
-7.124526877765548563e-03
-1.312082569956946228e-02
-1.687025013882347338e-02
-2.711884385844970727e-02
-4.578768929665158471e-02
-4.391297707702516984e-02
-3.942095982947992072e-02
-3.214716190795049305e-02
2.277657024766215413e-02
2.967304407710973438e-02
3.891589442076699452e-03
-2.631513742096303933e-03
5.838221072445926203e-03
3.465784966004104711e-02
6.371752153110674111e-02
5.893375046684005275e-02
3.449142183825543162e-02
2.408243999862627951e-02
7.701584685932233139e-04
-5.495209347465714045e-02
-6.655970558377848068e-02
-3.200158931796617118e-02
3.515423015514395700e-04
2.691610061712272975e-03
-1.604693131018506899e-02
-1.545661798614218589e-02
-6.229789935422590415e-03
-8.913989768986167045e-03
-3.543954898594466052e-02
-3.810972805218059561e-02
-3.274132838505344756e-02
-5.339568668292860032e-02
-4.894220183569859828e-02
-3.173333613801115807e-03
3.673622433206763516e-02
2.995363181508177083e-02
5.437660276129025437e-03
-9.353529122336409415e-03
-2.938398447877941730e-02
-3.514668344195586575e-02
-3.258758643660584348e-02
-2.398498715331332659e-02
-1.991464857615554002e-02
-3.730680738352677023e-02
-2.956157400653959197e-02
-1.171977862996425451e-02
-1.436020813382717608e-02
-3.214087721598610226e-02
-1.053698018939549542e-02
-9.318275363491649102e-03
-6.161368272210830666e-03
-6.161368272210531426e-03
-6.161368272210736990e-03
-1.498343076128747300e-02
-1.322067834798889077e-02
-7.988172160116142548e-03
-3.577140915577598033e-03
8.399635450028484010e-03
1.255991198443194568e-02
9.545604828620107493e-03
1.794464232518391432e-03
1.329109000142444192e-04
3.110299774173469218e-03
9.726887509604698751e-03
6.397387641452887373e-03
4.426098931348083020e-04
-1.035234421709297324e-02
-2.004269456818558170e-02
-4.113614990670583227e-02
-3.573867285159143536e-02
-1.635797214940683947e-02
-1.635797214940766867e-02
-1.165113110908878175e-02
-6.819226879580993390e-03
1.550564968713128745e-02
1.315222916697218747e-02
3.488420707956732623e-03
3.488420707957426078e-03
3.488420707956740863e-03
3.488420707955821893e-03
-2.578016777870623631e-04
2.128307276702780335e-03
1.502166238905279158e-02
1.716404944614961445e-02
2.076857673548373681e-02
2.016813035107221236e-02
3.229302581788600496e-02
2.955853980352447438e-02
-2.812137278587210909e-02
-3.445309638350409903e-02
-2.898412435478267199e-02
-2.898412435478260607e-02
-3.635044046773880377e-02
-5.513131459053302597e-02
-8.560843975111726012e-02
-1.200189235049635289e-01
-6.804909088029888198e-02
4.835740676712869252e-02
7.756297643400789088e-02
5.217204335600420656e-02
3.487699074288703321e-02
1.957931533493186688e-02
2.533636280269608090e-02
1.365617496961348681e-02
5.580913387148523155e-03
-2.100548762719485832e-02
-8.145930559680433780e-02
-9.080081086522884259e-02
-8.818802852252477509e-02
-6.425648141701509330e-02
-5.940638579742043429e-02
-3.477704477857061771e-02
-3.477704477857044424e-02
-5.909019741201429476e-02
-5.945623147574576745e-02
-7.875831713243158783e-02
-6.660174081571001992e-02
-6.586967268824810151e-02
-6.586967268824790722e-02
-6.586967268824862887e-02
-6.586967268824847621e-02
-6.586967268824896193e-02
-6.586967268824903132e-02
-6.586967268824785171e-02
-4.943121811830361589e-02
-4.293809926348139683e-02
1.619667209897816340e-03
-6.599560075074182089e-03
-1.958579778472037056e-02
-1.958579778472058566e-02
-1.771833725574702145e-02
-1.725057474474999894e-02
-2.136143794815185959e-02
-2.229516821263811607e-02
-2.323069323463133884e-02
-1.982090902921787232e-02
-2.028097747109230617e-02
-1.850637806053898049e-02
-2.021127016324537201e-02
-1.929113327949678533e-02
-3.541509842405425601e-02
-3.776671708146491641e-02
-3.388967903430496319e-03
1.501564784465430485e-02
2.882610606653631530e-02
1.815514952256521569e-02
-1.114637056941532328e-04
2.074230701366424831e-03
-1.556100932022571638e-02
-1.380108280027244477e-02
-1.471387381943574033e-02
-3.380067146273948997e-02
-2.388764524089349167e-02
2.833437580627113511e-02
3.075970693213733731e-02
-9.684871840715125399e-03
-1.706741900383069652e-02
-8.530536300960442353e-03
-8.530536300960588070e-03
-8.530536300960777155e-03
-8.530536300960260207e-03
-9.978511834938722999e-03
-1.119628206556207324e-02
-7.598757442827838021e-03
-6.874769675838133913e-03
-4.439229214591802926e-03
-4.439229214591822875e-03
-4.439229214591655474e-03
-4.439229214591597361e-03
-4.439229214591622515e-03
-4.439229214591783844e-03
-4.439229214591881856e-03
-4.431210574513260413e-03
1.116726553434086062e-03
1.891163753266254452e-02
1.016511311424290326e-02
-3.214279179837008227e-02
-3.481858825711090649e-02
-2.992197894654870932e-02
-2.671062898803351279e-02
-4.533269008343270012e-02
-2.107311877827526200e-02
3.227048678259925724e-02
3.567157775894689437e-02
2.332934669776082215e-02
2.412198264528722658e-02
2.445689678039287412e-02
-2.341884979723717324e-03
-8.214820152837212786e-03
-9.450439387112513200e-04
2.586144155292284530e-03
1.744856112795867276e-02
3.840697188147026292e-02
2.765544182157450917e-02
-9.537898696477658048e-03
-3.336116031506247692e-02
-2.519877460098883179e-02
-4.755378077456233477e-03
3.004834517902324129e-02
3.525614772324952434e-02
3.827677087347957502e-02
2.789266396241664447e-02
3.289956547976346374e-02
3.640089000825018350e-02
-1.938162761707905085e-03
-7.911542880618881168e-02
-8.141704898666722590e-02
-3.248380142457300834e-02
-3.248380142457347325e-02
-4.245786163266711960e-02
-2.637967567077013561e-02
4.475735660403561827e-02
4.974438670808251084e-02
1.758801478428845266e-02
1.758801478428811960e-02
1.785737669039753547e-02
1.643196778431736671e-02
1.579376286276854696e-02
1.565908190971330646e-02
2.517785977702640537e-02
3.768746825796371464e-02
6.450442041539811155e-02
6.600828178102678689e-02
2.866369761848815145e-02
-4.456460432133742267e-02
-5.613174058275540584e-02
-3.184654909738297152e-02
-3.603813209585919608e-02
-3.146402431345109857e-02
-3.334735357588640425e-02
-4.608428679865073790e-02
-8.787625706309630524e-02
-7.453999723436893765e-02
3.240186201411375533e-02
7.402063138243654417e-02
5.158463327912968244e-02
3.181345212265992983e-02
1.518683438169083667e-02
1.225200027194714783e-02
1.171299156091424286e-02
1.135112771634107925e-02
8.164457049028810490e-03
-7.653688987226673311e-03
-1.869146416195353183e-02
1.080694621277895548e-02
3.718610225062429081e-02
3.098497755193851608e-02
2.538964580792745646e-02
2.607375295686448560e-02
2.063901775633834174e-02
1.582648197291049164e-02
2.138424402236178273e-02
2.138424402236186600e-02
1.774174705472404343e-02
1.753528019288584650e-02
1.103365060595980045e-02
2.605374823294275347e-02
3.136041407674522441e-02
3.259876906948206560e-02
1.437576153311658292e-02
1.630373924495186417e-03
-9.682561971327335523e-05
2.345718397901558339e-02
3.405594327227055851e-02
-2.355625867596088802e-03
1.784734983508371592e-02
2.564950718799578755e-02
-4.350869753180703833e-03
-2.458461908522277181e-02
-5.336848108905178911e-02
-8.326882459817235016e-02
-5.053452547600724432e-02
1.599180872041747192e-02
2.219051580984609737e-02
5.097642367801226426e-03
-2.132177517589082996e-03
-1.340359380619723408e-02
-2.424257670987677374e-02
-4.881405921929363179e-02
-7.303629168853495446e-02
-4.721523483943518285e-02
9.301296995837529322e-03
4.154307311315270923e-02
3.742127139108943762e-02
3.572725870553591920e-02
2.867098277175634743e-02
2.276900228373414381e-02
3.066210602354715875e-02
1.923568293112896607e-02
2.385565172788791169e-02
5.082332732182583829e-02
5.601679435202826240e-02
5.321845233541761672e-02
3.850508646512294797e-02
-5.768947106432164434e-02
-6.576382932239564771e-02
-3.633709758180560245e-02
-3.633709758180565796e-02
-3.633709758180549837e-02
-3.633709758180573429e-02
-3.633709758180583838e-02
-3.633709758180506122e-02
-4.801455488327227572e-02
-5.029059485853461936e-02
-6.590346458222275106e-02
-6.006473593148859563e-02
-4.330854656792142154e-02
-3.926973482703415008e-02
4.833587580825638211e-04
-1.034511875403855072e-02
-3.267729435942524213e-02
-1.942047101978866541e-02
-6.160487236848948521e-03
4.120210688923200623e-03
-1.322099944106493868e-02
-2.365716347131253602e-02
4.654037050734015704e-03
1.125776724602671822e-02
2.598987721260612518e-02
3.130925417758066709e-02
3.586755875646455843e-02
3.132339145994252755e-02
2.068463752999330843e-02
2.068463752999331537e-02
2.068463752999326680e-02
2.068463752999332925e-02
2.068463752999358946e-02
2.068463752999356170e-02
2.068463752999336047e-02
2.068463752999304475e-02
3.503678580805359710e-02
3.923254900813947371e-02
1.592151235011121440e-03
-5.583922904018896044e-03
-1.397544930419079498e-02
-1.397544930419058855e-02
-3.337187221085995137e-02
-4.353881464221576875e-02
3.092414922825748036e-02
5.823372014747908720e-02
3.680008709036407949e-02
1.783674938374285590e-02
-1.738596954803156916e-02
-1.738596954803179120e-02
-4.591329874754493390e-02
-6.032138417971881494e-02
-6.237096874360131826e-02
-4.810730414384462722e-02
-1.929113327949741330e-02
-1.929113327949699697e-02
-1.929113327949648696e-02
-1.929113327949614348e-02
-1.929113327949677839e-02
-1.929113327949731269e-02
-1.929113327949703166e-02
-1.929113327949643839e-02
-4.002497424372641194e-02
-3.734283190211497294e-02
1.327581956985255524e-02
2.895161222875153317e-02
2.106352197832811121e-02
1.104773221429413387e-02
8.614087524444589842e-04
-6.262512599025572661e-03
-3.054056268658015758e-02
-3.075627313243876199e-02
-1.650843042949840661e-02
-1.650843042949850722e-02
-1.650843042949872580e-02
-1.650843042949875702e-02
-1.650843042949867029e-02
-1.650843042949881254e-02
-1.650843042949849335e-02
-1.650843042949863906e-02
-1.650843042949855580e-02
-1.650843042949875009e-02
-1.528418298925157508e-02
-1.433921678896125061e-02
-4.329259003981802967e-04
-1.045049620521756742e-03
-2.934982021102903755e-03
-2.934982021102951026e-03
-4.190251505230066856e-03
-3.008626853585600561e-03
4.079392444189000946e-03
4.707027186252708481e-03
2.343777882963678748e-03
2.343777882963774591e-03
4.330591787875102028e-04
-4.447101590950526323e-04
-1.019995030813523537e-02
-9.244590956047306005e-03
-6.493512593991311761e-03
-6.463307800874889576e-03
-7.550279538275494508e-03
-8.048049381421054291e-03
-8.108458967653437224e-03
-8.108458967653357427e-03
-8.108458967653713045e-03
-8.108458967653480592e-03
-8.108458967653296712e-03
-8.108458967653454572e-03
-8.108458967653678351e-03
-8.108458967653499674e-03
-8.108458967653404265e-03
-8.108458967653402530e-03
-8.108458967653282834e-03
-8.108458967653581206e-03
-8.108458967653497940e-03
-8.108458967653400795e-03
-8.108458967653369570e-03
-8.108458967653563859e-03
-8.108458967653421612e-03
-8.108458967653607227e-03
-8.108458967653501409e-03
-8.108458967653418142e-03
-8.108458967653445898e-03
-8.108458967653515287e-03
-8.108458967653437224e-03
-8.108458967653567329e-03
-8.108458967653804986e-03
-8.108458967653449367e-03
-7.435710404796487885e-03
-6.512300365110382412e-03
-3.097459988111275417e-03
-4.317313027986721154e-03
