-6.291115061529899133e-02
-6.475857579416165188e-02
-4.312005713233961479e-02
-4.397501433827422090e-02
-2.432754800845078613e-02
-2.181352609150298549e-02
-2.423537484800785194e-02
-2.423457284797787131e-02
-2.423467452482782475e-02
-2.423476914506951865e-02
-2.423475732210826974e-02
-2.423475732210906772e-02
-2.423475732210941466e-02
-2.423475732210949099e-02
-2.423475732209992572e-02
-2.423475732211272105e-02
-2.423475732210774239e-02
-2.423475732210886649e-02
-2.423475732211178776e-02
-2.423475732210982406e-02
-2.423475732211101408e-02
-2.423475732210674319e-02
-2.423475732210646563e-02
-2.423475732211074693e-02
-2.423475732210211495e-02
-2.423475732210495642e-02
-2.423475732211358494e-02
-2.423475732211335942e-02
-2.423475732210851261e-02
-2.423476081292972456e-02
-2.423474015862749076e-02
-2.423472969192870530e-02
-2.423441773203462504e-02
-2.351884649981067846e-02
-2.276874700612420421e-02
-1.416831412909205778e-02
-1.452590600023396898e-02
-1.602605495064430077e-02
-1.602605402590142128e-02
-1.348829113303940883e-02
-1.459928777337958852e-02
-2.116909272317455890e-02
-2.243750475989105334e-02
-2.021716198684263277e-02
-5.590292937402162148e-03
-7.955962899951520007e-03
-4.812942156533632498e-02
-5.544009456724988821e-02
-8.693160545639548598e-02
-9.288509278228294919e-02
6.562753712178264441e-03
2.971611964571723927e-02
5.183896862519091209e-02
8.761266256607659619e-02
8.509142031804942108e-02
6.466395858107990002e-02
6.466768672389849870e-02
6.466027189847174672e-02
1.323816623880949006e-01
1.190584738542079801e-01
-9.198930868745096301e-02
-1.384030410248205945e-01
1.153851030515078147e-01
3.173811203653812973e-01
4.229533156099253288e-01
3.013947700379984718e-01
2.288156834977911891e-01
6.791120478118441162e-02
6.784444885204378439e-02
6.778504441696379945e-02
6.775542702996686928e-02
6.778070686253878652e-02
6.779684058028621896e-02
6.778647691952791043e-02
6.774660164906128046e-02
6.766696026218434190e-02
-3.518022071441556653e-02
-1.357052046403478263e-01
-2.887697950453714801e-01
-2.374766167753320223e-01
-3.647182824032187826e-02
-3.657745097571966919e-02
-3.624822830055549755e-02
-1.349759448400253414e-01
-4.242957627354604355e-02
1.500704418716404809e-01
3.031060575039101201e-01
1.259827253829581273e-01
1.893282510444469630e-02
-8.723745755456502327e-02
-4.896850171887569964e-02
-8.114962412480671017e-03
1.701852972626682545e-02
3.474701709843364822e-02
2.955600485132033745e-02
2.224614563180042290e-02
1.338152799351356205e-02
2.376881401260591206e-02
-1.711649885281696717e-02
-1.040690583664084790e-02
6.988002708315979583e-02
9.342330273921892192e-02
6.930720187648227448e-02
5.394581894236365194e-02
-1.109339379051177800e-03
-2.310308215302703944e-02
-2.488021072115000412e-02
-2.224767062416177846e-02
-5.630384178085910164e-03
2.864275045652965590e-02
1.320800290695786083e-01
1.008137812454732024e-01
-1.030488104964232682e-01
-3.820735715743719951e-01
-3.712425120961651559e-01
7.857145058322202594e-04
1.716360681890148343e-01
1.822543964127197602e-01
1.116908175210513110e-01
1.349368685186081995e-01
1.115484272281577621e-01
-2.504437895279383944e-02
-9.865139957394031267e-02
2.030563795135281388e-03
5.175382390037896324e-02
4.481047009393862579e-02
2.444808033528116792e-02
-2.147106030576007019e-02
-2.041981606143429551e-02
2.031495909238320921e-02
2.031209030820227759e-02
2.031579530654969643e-02
-2.498401470143145689e-02
-1.154785854590670291e-02
6.467110329316770601e-02
1.210528395798688012e-01
9.237945518033399694e-02
7.342809412898156085e-02
5.656050388011393815e-02
9.805537128577986039e-02
7.440929039259941424e-02
2.376843674063061976e-02
4.833012279922542856e-03
-1.350502289829420000e-01
-1.292956569465295025e-01
1.485910035670360563e-01
2.421627222081949304e-01
3.784785588914351129e-01
4.018054768936488719e-01
4.847180198805676743e-01
4.109328244551745390e-01
3.643467745186584894e-01
3.643322124709695853e-01
3.642320517604223928e-01
3.642303558329688662e-01
3.642448622935029467e-01
3.642448622935087199e-01
3.642448622935067215e-01
3.642714314787652286e-01
3.642282197159221746e-01
3.642004124463180115e-01
3.641232530709839765e-01
2.785835959181840460e-01
2.726032838770732214e-01
1.425537421999127641e-01
1.852643347227611870e-01
1.972911422361542377e-01
1.972690594873890424e-01
1.973050227450023064e-01
1.973055564004497775e-01
1.973200814647104173e-01
1.974059776567386182e-01
2.541183073218682975e-01
3.179606179577614822e-01
4.714503311545104047e-01
4.433090225833292153e-01
3.153998896705487165e-01
3.891868579609716883e-01
3.395580737691334949e-01
-4.862333660246314498e-02
-1.153265545058981822e-01
-1.948221806306286163e-01
-2.248920438412403411e-01
-1.823747664850869366e-01
-1.277283266731026323e-01
1.685706529159629666e-02
5.447637742721547771e-02
2.140948914531048963e-02
1.188691743901850867e-01
1.302606470447807141e-01
1.057657125315523833e-01
1.072456230954090678e-02
1.051769920917135920e-02
1.938029490394245144e-02
1.690341188627837027e-02
1.690416123678425628e-02
1.690413473296129357e-02
1.690333601976114555e-02
9.464505807424358069e-03
5.273743904207335749e-03
-1.777753433206369360e-02
-1.056345520981644137e-02
6.417018806722734432e-04
-3.538015627882387833e-03
-1.048718068990743373e-02
-1.066298413281078529e-02
-5.081670579451578670e-03
-5.081811262365079629e-03
-5.082522607630311426e-03
-8.974442220085875749e-03
-9.162819789393074343e-03
-4.364434344470139587e-02
-4.169859441716734089e-02
-4.132211998807283626e-02
-4.132310532050188778e-02
-4.132280950064281394e-02
-4.132293745018825876e-02
-4.132224574267427675e-02
-4.132070090391199574e-02
-4.132770697562771628e-02
-2.173753751007985111e-02
-3.670099377534107726e-02
-2.388572965151186389e-01
-2.263409421309394431e-01
-4.275803254566636069e-02
-6.004424143539319712e-03
-1.014586434078335736e-01
-1.071243616390119002e-01
-6.719565433699960233e-02
1.004369636197541132e-01
3.748121325529522596e-01
2.144036454762656141e-01
-1.769032812476614147e-01
-3.291350122101798781e-01
-1.881876542501867144e-01
-2.659383270917385911e-01
-2.277935612261572373e-01
-2.056434131611321325e-01
-1.954277143771621927e-01
-7.432059058663904871e-02
-7.691611788345331657e-02
-8.845922768033477601e-02
-7.875067432154218838e-02
-5.453104235745158401e-02
-6.809634549207169152e-02
-7.236231126686690218e-02
-5.458089048396345261e-02
5.064960518954120944e-02
6.667416823684232940e-02
4.474096416875578824e-02
5.561528043997943571e-04
-1.289603487612558108e-01
-7.571854326788582390e-02
8.642540060367205623e-02
1.311482538154585542e-01
3.584645553443960384e-03
3.568149212283868062e-03
2.061179221442575593e-01
1.626943162306795365e-01
-1.979793633170946199e-01
-2.992296548922802613e-01
-2.126750163503238478e-01
-2.128469581031355029e-01
-2.127954823287851460e-01
-2.445252425373591332e-01
-2.637952989439834028e-01
-3.746448787850022999e-01
-3.588104461669124334e-01
-3.203373267246102385e-01
-3.203805746653629605e-01
-3.202718915686080803e-01
-3.202824020577306752e-01
-3.204568726248656074e-01
-3.204593118914969563e-01
-4.195750206279514338e-01
-4.991919907414541502e-01
-3.725216266922596331e-01
-3.231539482179277556e-01
-1.633353717004553396e-01
-2.619024932972355835e-01
-1.410703778641540784e-01
1.644208929029018773e-01
2.138420397644697768e-01
7.552698377094427262e-02
5.532880204071603802e-02
-2.460191198187148751e-02
-7.625968749261562152e-02
-8.973372367848194905e-03
-1.402612806118937530e-02
-2.744197378114729066e-02
-7.673549478989036277e-02
-6.432465699137991655e-02
-2.935491754723073415e-02
-3.970110246094636641e-03
-3.355141554225222859e-03
3.068879412266350276e-02
2.956005973633466649e-02
1.210165249097588935e-02
-4.326837852674837032e-03
-2.838064497085483404e-02
-5.496154350581516218e-02
-3.695581548439329234e-02
9.300330477640901539e-03
1.418505287945870733e-02
2.092001570692928608e-02
4.343925126037542078e-02
4.912517699923645009e-02
7.599181331167971509e-02
7.484105345189642766e-02
1.399147086130221596e-01
1.532568848524739902e-01
3.700804751811447024e-02
2.784552034688201998e-03
-2.390633086846629535e-02
-2.391112657560518287e-02
-9.047075740399630750e-02
-1.086831211933367153e-01
-1.490618472024513308e-01
-4.857432071739044462e-03
6.356640889533259758e-03
-1.595722115332215973e-01
-2.150307961897104381e-01
-1.647047963119605274e-01
-1.647871084694180754e-01
-2.649140095234833736e-01
-2.806610108919422308e-01
-2.727253726023518010e-01
-1.414340075233719018e-01
1.201344963158876150e-01
1.382021582838352802e-01
-5.289314974511649670e-02
-9.929293084786343371e-02
-3.529377222074663728e-02
-2.184700709138283348e-02
1.011131303172327633e-01
1.342171957122554327e-01
5.193015831583105979e-02
2.522561761094935587e-02
-8.768881843642613305e-03
-8.804760842676867538e-03
9.638909789175214085e-03
-4.822194665165242464e-03
-3.946333982326172968e-02
-7.732597528052136127e-02
-1.511439336732027239e-01
-1.784551027597993389e-01
-6.189894640751346377e-02
3.935538307042453499e-02
5.205009805759035039e-03
-1.943069388992500202e-01
-2.096266165061820841e-01
1.135409413887486334e-02
7.490970658314766162e-02
8.484140000165703299e-02
5.758794159413198332e-02
3.167470792340583430e-02
9.994798711663001323e-02
2.233221349890501528e-01
3.352873214923345752e-02
-2.391508611201799139e-01
-6.863088178597227806e-02
1.476337744629563908e-01
1.414082885175442506e-01
1.603804939118667616e-01
1.621277707387085709e-01
2.314648446408331672e-01
3.411914214722028826e-01
2.724787216701956005e-01
-8.031910071267774412e-03
-8.110581083113935219e-02
2.759221128716354138e-02
2.580689132449462408e-02
3.440177748841489330e-02
5.789746502078760987e-02
5.122391731489849692e-02
4.767634933702066119e-02
2.543935413506629318e-03
-2.054039987708137019e-02
-1.034727340797624295e-01
-7.550741319371213900e-02
1.880591756001900525e-02
1.521855774651791234e-02
1.502369744626015809e-02
1.693730995812567017e-02
4.653230776014407460e-02
6.174420302330285021e-02
5.505749605123173157e-02
3.305334985975464518e-02
-1.128852362104627513e-02
-6.703430131718645345e-03
-6.808440735067203525e-04
2.714843600597660264e-02
2.715194315763843833e-02
2.416315782914823032e-02
5.263610697537426941e-02
1.334201381216062743e-01
1.119193602631634449e-01
-5.438398483954590829e-02
-2.885104986107963065e-01
-3.735931233424277798e-01
-9.652322634415999580e-02
1.716552349170800962e-01
1.822306110662549605e-01
1.729864161991364058e-01
1.365024642460272997e-01
5.484314710478477989e-02
-5.330042993043105498e-02
-1.122121066820975371e-02
1.691194519206254757e-02
-3.939661098566307751e-02
-6.567904138480085141e-02
-8.625386445971092164e-02
-1.061905913437238697e-01
-3.644368043267165458e-02
7.304847447623832868e-02
1.576391248536238576e-01
1.225629113764591521e-01
5.445510863629944576e-02
-1.742160090826729360e-02
-3.138368594261997657e-02
3.098122250605195451e-05
7.830819067499016073e-02
1.781533305607005679e-01
2.393509995471694296e-01
1.141844440533905658e-01
-1.183453382567424966e-01
-1.777078038087427647e-01
-1.297177888607697060e-01
5.939678594297023023e-02
5.941596857232365331e-02
5.947554337456002760e-02
5.949688334945445883e-02
5.948794191035382956e-02
5.951123682214595756e-02
5.948462447891586513e-02
1.097985154984638251e-01
9.162835496846025163e-02
-4.821595476197064467e-02
-7.332836824621578875e-02
-3.723127741832100990e-02
-3.748434801092968144e-02
-3.720583243113879252e-02
-1.484625671389155632e-01
-5.875274864042705908e-02
1.985726393332950257e-01
2.543868745530330489e-01
7.500279542690699297e-02
7.516853076665672151e-02
7.511088434355495114e-02
7.504083198765112983e-02
2.092763381226997177e-01
2.032266933425996291e-01
1.133763000171261331e-01
-8.460443777467920035e-02
-1.402574673621997947e-01
1.139604000363758501e-01
1.792443747234319651e-01
3.144199886568606606e-01
3.146483005173281722e-01
3.147223430140898559e-01
3.148595948602461170e-01
3.148840934451607732e-01
3.636494497608564469e-01
4.211744578973158348e-01
4.526539082365831357e-01
4.283818515774538427e-01
3.131460466368205520e-01
3.131322321249566665e-01
3.130138578866750176e-01
3.129488150429797222e-01
3.130022285004497307e-01
3.130835731912136044e-01
3.130367837686954813e-01
3.452285644033387113e-01
3.618219895451409429e-01
2.353119559517169168e-01
2.060159226408270206e-01
4.190716921302915787e-02
1.231124761371913106e-03
1.937496445151721397e-02
1.378916661560108253e-02
-3.328418583885919824e-02
-5.183641315684679035e-02
-1.397012869469133889e-01
-1.259481699100086782e-01
1.508201455710073968e-01
2.032529170537317187e-01
1.258876716674995067e-01
1.482554052325370797e-01
1.084439742143023105e-01
3.120969496400603088e-02
1.212839799208448657e-02
3.390449856533961359e-02
3.390230572282067895e-02
2.142781280513696152e-02
2.524109734605971267e-02
3.098879314471089663e-02
3.722639584056912365e-02
2.960169716033208762e-02
2.960208177035062241e-02
2.960214670719584634e-02
2.960234157047889059e-02
2.960106352243635497e-02
3.561863859406768501e-02
3.533396650106408743e-02
-1.054561238494657570e-02
-1.355446041541463059e-02
-1.298590708406586504e-02
-1.298733641161761883e-02
-1.298747507995525255e-02
-1.298792557238082415e-02
-1.298772363189788261e-02
-2.372466008189904468e-02
-2.654478320793639268e-02
-2.002968042715859778e-02
-1.466163468081256235e-02
-9.020481988999982936e-03
-9.020164493322779115e-03
-9.019747919406718994e-03
-9.019389739890507421e-03
-9.020111098864129484e-03
-5.996286929090765237e-03
-6.572159121281173633e-03
-2.755082512796035166e-02
-2.906276530057963839e-02
-2.791139968707407812e-02
-2.791218049650938740e-02
-2.791208276106063244e-02
-2.791203614827176410e-02
-2.791204194643604961e-02
-2.791204194643805842e-02
-2.791204194643499489e-02
-2.791204194643643471e-02
-2.791204194643485959e-02
-2.791204194643679554e-02
-2.791204194643506775e-02
-2.791204194643525857e-02
-2.791204194643582756e-02
-2.791204194643601144e-02
-2.791204194643451611e-02
-2.791204194643619185e-02
-2.791204194643591430e-02
-2.791204194643714595e-02
-2.791204194643694472e-02
-2.791204194643485612e-02
-2.791204194643517877e-02
-2.791204194643650410e-02
-2.791204194643608083e-02
-2.791204194643752065e-02
-2.791204194643787800e-02
-2.791204194643697942e-02
-2.791204417755333012e-02
-2.791203229993480250e-02
-2.791202772151817058e-02
-2.791178438390181163e-02
-2.746847315855219240e-02
-2.684648261260473914e-02
-2.025797693751798384e-02
-2.091131980120380235e-02
