-3.514888118456175291e-03
-3.394095129460071320e-03
2.442142827246000878e-03
1.952999532529291682e-03
7.293397667869510638e-04
1.836769834808480622e-03
1.787435203483050700e-03
1.760223630415217420e-03
2.097551567580839983e-03
2.002665203767351344e-03
2.082907515947209597e-03
2.139399188663483435e-03
2.082160061881741919e-03
2.111123262020426095e-03
2.074624891827284504e-03
1.964016236343560026e-03
1.984513875494611085e-03
1.766553382005331364e-03
1.574471603120897005e-03
1.622554901489759371e-03
7.425246007403689570e-04
7.071738727312620008e-04
1.842614903266713718e-04
-1.883814437406724324e-04
-4.011227161952735099e-04
-7.740060774132297323e-04
-1.307285351967717819e-03
-1.550618286239568858e-03
-2.353556016905267688e-03
-3.357594798829529204e-03
-3.242633618564198968e-03
-3.404019661498358142e-03
-2.827077348640387282e-03
-4.522745470373921994e-03
-9.042578374506619193e-03
-8.943907892702739060e-03
-1.153258613701190621e-02
-1.266996279995008870e-02
-1.467555582503451278e-02
-1.537452490475273680e-02
-1.746615920477265216e-02
-1.734594486113377049e-02
-1.549930969436304380e-02
-1.702152371371782463e-02
-1.399488249362899027e-02
-1.402192812752063415e-02
-1.419762149465800954e-02
-6.681497926408098455e-03
-7.167963098009583374e-03
-4.333874310809756984e-03
-8.512126849729900659e-04
-4.254197761752127015e-03
3.045987443922667398e-04
-2.046528280789589645e-03
-1.662957789864166107e-04
6.045736902117730682e-03
4.243200588197700539e-03
1.116462835507967336e-02
1.074277354032006880e-02
1.162904131848686851e-02
2.580583655271238841e-02
2.634753068849547339e-02
3.000080803166476143e-02
3.645091321611069329e-02
4.322814817713022117e-02
5.732967992166888849e-02
6.517110223996348817e-02
8.874637111319215454e-02
1.201688260111513917e-01
1.536013097736024235e-01
1.705833046764231586e-01
1.824821253431630763e-01
1.884928762192009111e-01
1.956709903779290660e-01
1.999955956397846124e-01
2.015680895643029991e-01
2.051850021212069108e-01
1.996994380405170133e-01
1.977032706004989149e-01
1.952746051957798268e-01
1.863006593508125808e-01
1.843235546344981768e-01
1.727224966080150859e-01
1.573326359124481710e-01
1.420716346742251224e-01
1.216228484867772630e-01
9.936830425680120982e-02
8.267154711732008221e-02
7.045827566237392037e-02
4.226993433333164907e-02
3.897446311874722125e-02
1.575064725128788937e-02
1.533110373935028803e-02
1.279932399057339375e-02
5.902583044110161145e-03
1.015608507708170780e-02
5.605327220907990043e-03
1.833465707492701411e-03
1.913665782054618097e-02
1.632181177008521639e-02
7.787911830281569851e-03
1.000229077632662326e-02
5.131034008832403154e-03
2.932877914251021643e-03
-5.469192648610527591e-03
-9.764882798393324445e-03
-1.591553090223446487e-02
-2.940616846954574246e-02
-3.153819437928737784e-02
-3.069827330512248792e-02
-3.193786573149706015e-02
-2.787969943751044191e-02
-2.153060705684332887e-02
-1.733336492182053004e-02
-1.498367231105957303e-03
1.387655752405859109e-02
1.864482522730275676e-02
3.341774643643247167e-02
4.092596434155054003e-02
4.510031486862312727e-02
6.194734379985294276e-02
5.987034304296910692e-02
4.066567590893490486e-02
3.399604367224066948e-02
1.670088697510897779e-02
-6.401566114981096720e-03
-2.081600257688347166e-02
-3.339636854156448342e-02
-4.575477565305623162e-02
-4.265847895333203105e-02
-4.390774634158789436e-02
-4.059975188173217675e-02
-4.730329988017718812e-02
-5.357881018894174174e-02
-5.661001096674744132e-02
-5.800053085221425209e-02
-6.019748656271124015e-02
-6.002730292046053878e-02
-5.765577325454085411e-02
-5.892507314790128986e-02
-5.261659405922318455e-02
-4.860327004833951692e-02
-4.851634788481867105e-02
-2.830134434828310980e-02
-2.665502910756932867e-02
-2.079968474426875658e-02
-1.086771197301724355e-02
-1.275081740876018131e-02
-1.046533103077950180e-02
-1.067833774237141910e-02
-1.022675122684098617e-02
1.826905783548618979e-03
1.503849092369773316e-03
1.407945234401141409e-02
2.073941993903405043e-02
1.828478269333846593e-02
2.491674839651545834e-02
2.091812301774981925e-02
2.082120106946225291e-02
2.607369955210919049e-02
2.207783283024166224e-02
3.025036038826676640e-02
3.651116478988795239e-02
4.522074993393854908e-02
5.055468401689520996e-02
5.662224384422455403e-02
6.190091275388193148e-02
6.342024171176721681e-02
6.668826337003670723e-02
6.901687237832417054e-02
6.674652480187531767e-02
5.764065331512727153e-02
4.889848927779329169e-02
4.439697029549903584e-02
4.558609969222635061e-02
4.264293610447350558e-02
2.658308343691018205e-02
1.555154266543334537e-02
-5.264093924800886982e-03
-1.776924639853173955e-03
-6.907856161843911082e-03
-3.583050434879627918e-03
-2.037948631353116852e-03
-3.245383571315792973e-03
3.272849748998736281e-03
2.297635094325433877e-03
7.006185367632291640e-03
1.271972776685461638e-02
1.290398684617297294e-02
2.596282243332794989e-02
3.358883091012280359e-02
3.682603534114064353e-02
6.084203377316916433e-02
6.417585150610577438e-02
7.070033840284800641e-02
8.145411832458861190e-02
7.502754151655216530e-02
8.963495819821098998e-02
7.856663780497627481e-02
7.158727355047191099e-02
7.485838732264943340e-02
1.097087453069805207e-01
1.179034499989413676e-01
1.416529124160113007e-01
1.440839229771993246e-01
1.428068686747491212e-01
1.457201969397168007e-01
1.266433431282170674e-01
1.160506885608691002e-01
7.947154291465884091e-02
5.262644339897806778e-02
1.823069033760520499e-02
9.761687753452593513e-03
1.984596573306552768e-03
-6.108603643828919641e-03
-1.201626759266016982e-02
-2.053804177034682446e-02
-3.334704770521340622e-02
-4.691188732475868456e-02
-5.129532260955030343e-02
-5.823162496823003353e-02
-8.516920638304481539e-02
-9.348877792987539403e-02
-9.242990131806140541e-02
-1.073179455788280112e-01
-1.026921065531061217e-01
-8.693396675550076058e-02
-8.759848782724415084e-02
-7.582817673778863288e-02
-7.176233759244284027e-02
-7.384218796493902115e-02
-6.714875552415197624e-02
-6.632273023891896435e-02
-6.066436181340176953e-02
-5.530247966978190516e-02
-4.286216740146198134e-02
-2.505962300244252844e-02
-5.121168798606469744e-03
-2.965747617087924944e-03
6.359486570791389980e-03
5.858785146278594307e-03
8.551137884512088894e-03
1.213081572869652812e-02
1.375023842880323567e-02
1.788707444560186724e-02
2.435287023807477733e-02
2.616202583456335093e-02
3.392526156593576869e-02
4.159281644229506636e-02
4.278716649598104937e-02
5.715801908251819802e-02
5.900101766320355046e-02
4.974718335831558591e-02
5.399675689472056839e-02
3.866155470837902286e-02
3.531025875951870202e-02
3.969951666936966800e-02
2.081125165760252041e-02
2.671995171464538674e-02
1.850468520851262372e-02
1.881224607800191864e-02
1.956359417347937335e-02
1.353824835867984723e-02
1.674042003950435009e-02
1.437621549855994628e-02
2.332178020129666886e-03
-8.255194826218943075e-04
-6.086661820965464167e-03
-1.277995759431215829e-02
-1.395077535322320449e-02
-1.707947713152055055e-02
-2.429536125326857768e-02
-1.900610210597464267e-02
-2.696780500175062836e-02
-2.395946106166971235e-02
-2.327239857316287450e-03
-2.492475862900655516e-03
6.993783013951837026e-03
1.048754001978741308e-02
2.004008027307905421e-02
2.309154335887788831e-02
2.769136143755277293e-02
4.574249396522898914e-02
3.860317114545308570e-02
4.420615390038269005e-02
3.187175754612332768e-02
2.412927760865226853e-02
5.895730068937201501e-02
4.927594845858256772e-02
5.433526307034515501e-02
4.904031201810519353e-02
1.506346748690529438e-02
2.659698199723054012e-04
-2.601824764642732268e-02
-5.658273349758980580e-02
-7.735591263867236389e-02
-8.215776187695779387e-02
-9.919430587696068113e-02
-1.024482779703054097e-01
-7.266681314796272217e-02
-7.341390084962043372e-02
-5.650795135889925130e-02
-5.551277743690671840e-02
-8.558893752580087888e-02
-1.200739211960801522e-01
-1.245612736375737578e-01
-1.212261920961411193e-01
-1.111571812927904246e-01
-9.896854937405283326e-02
-8.858297259078659613e-02
-6.406277996503551009e-02
-5.068111059749817043e-02
-4.613604895135430678e-02
-2.719801995757620966e-02
-2.463390658532599309e-02
-1.490708243175400786e-02
-2.447912278797580079e-03
-2.309952973853680088e-03
1.158209489101496431e-02
1.613600985273768232e-02
1.880192129566987322e-02
3.250681142432817333e-02
2.818895419441306074e-02
3.479691574737649867e-02
3.604466210152928313e-02
3.493084505280671936e-02
4.461944345125149619e-02
3.842156953403402103e-02
4.143120807017616758e-02
4.745679187894539380e-02
3.267814706145756587e-02
4.508416221725271983e-02
1.820935304080460379e-02
-2.482840628345422615e-03
-1.217655984674139401e-02
-5.723618039886436970e-02
-5.591697929134369777e-02
-6.759418257886523618e-02
-8.491238063113673573e-02
-5.991441617953929127e-02
-7.162386931764141984e-02
-4.910548427535517402e-02
-3.604551651192839518e-02
-3.275947735549740447e-02
-2.895648574369898490e-02
-2.833224744694246705e-02
-2.311647701996332599e-02
-2.724817163740616416e-02
-2.285249622604896766e-02
-2.653383455627286377e-02
-3.496259939121086624e-02
-2.845354241747657595e-02
-5.339581279443665618e-02
-6.514204586894591087e-02
-7.320379597646334280e-02
-1.414311878040649673e-01
-1.375239627570730150e-01
-1.586062356675283225e-01
-1.649466448965823673e-01
-1.477081196245148276e-01
-1.603737794395405647e-01
-1.399366712299902060e-01
-1.423787649954910417e-01
-1.583819527494744750e-01
-1.597438924786734327e-01
-1.683351462083955974e-01
-1.743914277765544474e-01
-1.727944773566900682e-01
-1.874250471369105775e-01
-1.894419751121641238e-01
-1.925340965248401315e-01
-1.995806137710424422e-01
-1.962841071389006264e-01
-2.003022409790041480e-01
-2.051540203022170772e-01
-2.036799179818512551e-01
-2.120259682748506791e-01
-2.201189349594163680e-01
-2.271094562649897675e-01
-2.373609580329821556e-01
-2.436503585806653605e-01
-2.515758052242573761e-01
-2.584139032698966609e-01
-2.635168499922488361e-01
-2.699725292351576322e-01
-2.735692441248717133e-01
-2.784113188363145364e-01
-2.817414900363029995e-01
-2.840311192586787992e-01
-2.877741541811029147e-01
-2.878272550017141329e-01
-2.904483650521373361e-01
-2.909969113371316807e-01
-2.895446910636932936e-01
-2.919445932739075933e-01
-2.875584809237798911e-01
-2.868038075335561099e-01
-2.845727750777221621e-01
-2.743366603757201316e-01
-2.706224784533842187e-01
-2.508986888410688065e-01
-2.390218444554348121e-01
-2.288414876399302300e-01
-2.080417692332518775e-01
-1.937796956658006664e-01
-1.722435129851136448e-01
-1.318725040780432956e-01
-1.149648779190111519e-01
-8.907755789752644371e-02
-6.581872816957484718e-02
-4.507400055892232110e-02
-3.048463769681837229e-02
-7.954412372145903617e-03
-2.903736701458464308e-03
7.022433266420812946e-04
7.475762688361624157e-03
7.562955857025053900e-03
1.031816727470950996e-02
1.191291861956800084e-02
1.155945923247406193e-02
1.340931686216736106e-02
1.271353688816045935e-02
1.241356156669369201e-02
1.414548218887926381e-02
1.000078565790368107e-02
1.215013297934564723e-02
1.010131025630812800e-02
-2.888756159129511353e-03
-7.131600927969826073e-03
-1.455399886320188525e-02
-2.154558721747633007e-02
-2.695159077357692223e-02
-3.309435227155239911e-02
-4.079731311513535436e-02
-4.830173611394194405e-02
-5.579522481057341832e-02
-7.082579599222262046e-02
-7.939525502674904534e-02
-9.627149365333785569e-02
-1.172918443358647173e-01
-1.191261000686003879e-01
-1.314036178165924051e-01
-1.371505682493222855e-01
-1.397306578107315178e-01
-1.450661562767762980e-01
-1.464807023997326818e-01
-1.472739624847625717e-01
-1.492550564164869809e-01
-1.479607158566910163e-01
-1.463553855358357692e-01
-1.475739176489791749e-01
-1.400015590771722385e-01
-1.392893100851960164e-01
-1.366816375264665318e-01
-1.141055508420404374e-01
-1.081857085626161258e-01
-9.224086346008344983e-02
-7.540989294828497058e-02
-6.779452301296361172e-02
-4.990646394298555583e-02
-3.053551085392073455e-02
-2.478331658825568690e-02
7.701003265448695678e-03
1.021718957115177670e-02
1.316257308064804239e-02
2.336031766931559450e-02
2.194238499775176196e-02
2.568349111542143903e-02
2.747841917017421198e-02
2.615122080245703418e-02
2.790802121542199088e-02
2.551964006031731333e-02
2.354283054638763376e-02
2.340147313687153743e-02
1.437261098536596511e-02
1.345530347216718388e-02
1.256935615807625028e-02
9.720718202230195851e-03
1.013905147184669675e-02
9.359693069401795601e-03
8.770537300171236950e-03
8.816935909725020712e-03
8.423377477815935377e-03
8.328266264378268377e-03
8.261734054652131523e-03
8.129999955720317723e-03
8.108389397841484283e-03
8.059031435001553362e-03
8.021886738428105762e-03
8.008711083430875011e-03
7.986816398758030816e-03
7.973217919704973095e-03
7.964912365548724310e-03
7.955632992181898080e-03
7.940955539348530656e-03
7.942295220826036534e-03
7.924069463851629580e-03
7.901490253608213152e-03
7.923719446739380806e-03
7.839353550887681252e-03
7.852241349507110141e-03
7.867178126423060233e-03
7.588985043731568195e-03
7.868214348671071293e-03
7.507551002028100239e-03
6.946702352964805732e-03
7.052955786178025967e-03
