1.477331233369868265e-04
1.981973679624297858e-04
1.383717125222593382e-03
1.525379309458643490e-03
1.339633749952763749e-03
1.421357615486903894e-03
7.405657944894435216e-04
7.556723873988497459e-04
5.879638012001893585e-04
3.983262402083869889e-04
3.931136814237167713e-04
2.877772473372695004e-04
2.437141443750939838e-04
2.219341582420952016e-04
1.798167786934735132e-04
1.677550734792788772e-04
1.519995498293352115e-04
1.389184301130263859e-04
1.341035423649897793e-04
1.278027971723471430e-04
1.260721637327956001e-04
1.247499969482000813e-04
1.272713610229286559e-04
1.310765050994553067e-04
1.340579210242055319e-04
1.501048884018305063e-04
1.548166882115613915e-04
1.733914517580831521e-04
2.128600356325516967e-04
2.073060533511201630e-04
2.924678135439868739e-04
3.406076719381358154e-04
3.330101678966464673e-04
6.251559734902152653e-04
5.204852243301800845e-04
6.817564804343013334e-04
7.670276302991273307e-04
7.167881376595414220e-04
1.310096333550345507e-03
1.184953348797744468e-03
1.352025066731213842e-03
3.309081203659141376e-03
3.480562854298290074e-03
4.616821049824024366e-03
3.954469506366350279e-03
5.197796624717350086e-03
4.642178583236938189e-03
3.832776742358571728e-03
5.368734075472554428e-03
3.019961456541277699e-03
2.756646025768850778e-03
2.212694145358978619e-03
-7.862873929769432710e-03
-9.654649400706500489e-03
-6.650813578081047651e-03
-1.011690657946931644e-02
-3.599888295516227681e-03
-3.965549049990885200e-03
1.247619612257592006e-03
8.489997923132566043e-03
1.317799992042177279e-02
2.537373579381270103e-02
3.206502027115951114e-02
3.820383850459770081e-02
4.620209653999993171e-02
5.032769827081591540e-02
6.012956137546458107e-02
6.594655955667640124e-02
7.360078343937195844e-02
8.353292471346879244e-02
8.821419920924093716e-02
9.917114750966522785e-02
1.033393342313549124e-01
1.056995383967979513e-01
1.089280108981992290e-01
1.092460161644767946e-01
1.077375210807020312e-01
1.056229928336211987e-01
1.035339437126448769e-01
9.448252676649801507e-02
9.080879431031683990e-02
8.124616473839432751e-02
6.871612124834450275e-02
5.901129438723631826e-02
4.431449100425007004e-02
3.023576364845307132e-02
2.065557141615363343e-02
1.651808183053606743e-02
1.261323874853047776e-02
1.029596658210363107e-02
9.280726591555956556e-03
6.686637855494306087e-03
5.137194384604895983e-03
3.322277734338132185e-03
-5.074265344804818924e-03
-8.602557170237491030e-03
-5.993035611599381238e-03
-4.286757631613543132e-03
-2.508424532124270412e-04
4.851814981265480629e-03
5.377635299547138363e-03
2.853909065546370374e-03
2.426996990470650650e-03
5.416848993863346805e-03
2.347503746392312456e-03
6.128782115357814600e-03
7.305107380410387138e-03
2.856911364880227767e-03
7.198763112401496481e-03
2.512844972087882166e-03
6.422805601577620364e-04
-1.699955733855608615e-04
-4.174112595087160760e-03
-3.584176440022931402e-03
-5.210754887906756533e-03
-3.971183236476338169e-03
-2.206650191061345669e-03
6.302792243463341271e-04
5.134895324472816235e-03
9.886128660964483769e-03
1.507579249514974518e-02
1.373082098223385103e-02
1.603011359578927070e-02
1.683414326974843472e-02
1.497752155832277401e-02
1.432997634856572784e-02
1.638705499595724535e-02
1.540398179109492109e-02
1.797891238092247032e-02
1.565390179855324915e-02
1.490506179938132052e-02
1.571403473983632934e-02
1.241498625423639174e-02
1.110959354751640815e-02
8.674907543984523156e-03
4.854975286793204725e-04
-2.145162142377006823e-03
-3.467097132644298470e-03
-8.434901199031182017e-03
-7.729089284136063387e-03
-4.277316103229292059e-03
-5.206244290999655425e-03
-3.615401349542616931e-03
-1.748424150750158609e-03
-4.836361674211151276e-03
-6.990276660257378413e-03
-8.975313087394718586e-03
-1.983965869947237198e-02
-2.078939872454949392e-02
-2.449576045195687307e-02
-2.691530310168279566e-02
-2.604650640899586200e-02
-2.595708091877791182e-02
-2.340524098509200179e-02
-2.433659634999289778e-02
-1.994876081309228041e-02
-2.149412554081469445e-02
-2.170371308547765568e-02
-2.312428881917258372e-02
-2.293218577135099773e-02
-2.311076766013365688e-02
-2.092837238132367467e-02
-2.050567803756879123e-02
-2.091113365195142529e-02
-2.012613891426960622e-02
-1.971595054401673389e-02
-1.997644230128570175e-02
-1.767202329637763969e-02
-1.577185820498423763e-02
-1.560590486611070776e-02
-8.425792113511977252e-03
-2.532235394419993929e-03
3.276255325671482456e-03
1.949592736523630618e-02
2.453269264794893934e-02
2.952312775199587500e-02
3.535928602130888193e-02
3.046447307461016413e-02
2.949691403687658420e-02
2.734674619667123996e-02
2.201233810541656372e-02
1.875182031537107538e-02
1.384005344563821183e-02
9.625043474008034006e-03
5.751327348383071178e-03
1.306025174959306746e-03
-1.910183964060427385e-03
-7.453101726915330183e-03
-9.977545482397834342e-03
-1.539277507929577050e-02
-1.689929979293890855e-02
-1.915247546757397820e-02
-2.167188474286431410e-02
-2.145887626685763494e-02
-2.417043724366008117e-02
-2.356789674281330182e-02
-2.456858860033157496e-02
-2.792857062838551008e-02
-2.817308190802021717e-02
-3.190245829628770430e-02
-3.553901443085398515e-02
-3.703550405220418229e-02
-4.353265314000247244e-02
-4.530422365783255689e-02
-4.686130498902889990e-02
-5.066693650476759847e-02
-5.070469332949548158e-02
-5.273539979728011223e-02
-5.435904778318056269e-02
-5.382565955021640508e-02
-5.550008181179050260e-02
-5.503120470575456613e-02
-5.343158072603253206e-02
-5.263602503586473080e-02
-5.027067440578195101e-02
-4.707436844318294011e-02
-4.587185591153318531e-02
-4.206831117617576554e-02
-3.999511992379194136e-02
-3.866858461034007599e-02
-3.423400897620799965e-02
-3.173352524954534126e-02
-2.683657238946788454e-02
-1.900284193650016162e-02
-1.679290583841714507e-02
-6.264242463679105255e-03
-3.127954509080052917e-03
-1.532502750177102118e-03
-2.079402164482531921e-04
-8.728638284491363128e-04
2.488696306306815509e-04
-2.168825780887214793e-03
-1.353568613795869471e-03
-1.334503930202519950e-04
8.964573877605544862e-04
5.800200420569338183e-03
1.213214199648286751e-02
1.639417759706981656e-02
2.924265007977265574e-02
3.370112650396001053e-02
3.760951803683346834e-02
6.034384605643945687e-02
6.066246727326492921e-02
7.052934163901794506e-02
7.812063441710227762e-02
6.553541180954898515e-02
6.745088026972523298e-02
6.750447270419400458e-02
5.817774485073670676e-02
6.682634696191142032e-02
6.688225001821758442e-02
7.009932872183444186e-02
8.179612860248564044e-02
9.578140159540911303e-02
1.133822358174460532e-01
1.189866967770144418e-01
1.244678611156374431e-01
1.246362645751498133e-01
1.245393767679216640e-01
1.244363306346120412e-01
1.211970281761332174e-01
1.205498033214205122e-01
1.146339121011979989e-01
1.095445779126412861e-01
9.963325587412426299e-02
8.323669232861735656e-02
7.240294266088839747e-02
6.920209805084251431e-02
5.984338667948200380e-02
5.722681339818930235e-02
4.999029875118621291e-02
4.666356337069190591e-02
4.016717703159212310e-02
3.811191191221900698e-02
3.590556394207607138e-02
3.215761900692136466e-02
3.462233834906285751e-02
3.286238874658384268e-02
3.818247992323976769e-02
4.485099871114035797e-02
4.826568493311420016e-02
6.230456845639251867e-02
6.789355143758940558e-02
7.309032685092954618e-02
7.947261415788786643e-02
8.013340115344574910e-02
7.723654996092363390e-02
7.425290853002822211e-02
6.571050281462655074e-02
5.424350395951422349e-02
4.410281516078109337e-02
3.076469799941306676e-02
2.209663592510912461e-02
1.110247550086561515e-02
3.875542120747994552e-03
-8.189741068039895714e-04
-8.839179306761084376e-03
-1.233478006447262521e-02
-1.769942370348179944e-02
-2.316154725992143962e-02
-2.517300160564681089e-02
-3.111423067554298927e-02
-3.291320215762597035e-02
-3.401502989425861379e-02
-3.593092004557987135e-02
-3.420319362154126963e-02
-3.467708719831177899e-02
-3.457677090349276644e-02
-3.287661748441295800e-02
-3.264602834731289427e-02
-3.078475387485508571e-02
-2.947002316165452454e-02
-2.954598414798927097e-02
-2.632987874249283905e-02
-2.217315010969152927e-02
-1.941905140713616126e-02
-1.182491015732733616e-02
-1.029057044109713340e-02
-1.527565562155816297e-03
-7.537707528922042710e-04
-1.172615391010413399e-03
1.217251947612645177e-03
1.080838502573490184e-03
9.331616180737992323e-04
1.511281154985569470e-03
1.509163105198985805e-03
-1.070202277271921918e-03
-2.436861546412041717e-03
-2.896154504294944088e-03
-6.747374050964960977e-03
-6.680129256765473394e-03
-2.504188330892754243e-03
-1.979291017474496019e-03
4.695053848040070706e-05
8.349262844835766972e-03
9.274203922704496103e-03
7.953701205420406900e-03
1.033375298707063690e-02
9.685659585368258315e-03
7.511229423892202064e-03
7.717713179337877191e-03
6.266965293731486392e-03
-7.697541430766843872e-04
-1.769968343876991354e-03
-3.065055750125959735e-03
-5.450127517758294494e-03
-6.012922754322392281e-03
-6.316359507168679138e-03
-7.599047424214248198e-03
-7.687156047878172457e-03
-5.682781664798953331e-03
-5.608546600584727627e-03
-4.876361815118445894e-03
-4.280931016801155925e-03
-4.162890009541091695e-03
-3.750641395918721289e-03
-3.543116766853336708e-03
-3.447275484888308403e-03
-3.132017728638518406e-03
-3.050090274261502057e-03
-2.951520375762648873e-03
-2.360128478615413326e-03
-2.433303783295002586e-03
-2.178487240392350775e-03
-2.054171271884757365e-03
-2.389757411352046342e-03
-2.377735938010364439e-03
-2.453474818678091224e-03
-2.548072768318996283e-03
-2.546398392444294140e-03
-2.596536426866222907e-03
-2.617349377382555044e-03
-2.626064153575620973e-03
-2.646344384534849402e-03
-2.651602585422913570e-03
-2.658719630211393847e-03
-2.665755466931628900e-03
-2.667813481943209081e-03
-2.671720009275338134e-03
-2.674824912126715862e-03
-2.674592324683611102e-03
-2.678783512081507525e-03
-2.679588994229739011e-03
-2.677022731262476175e-03
-2.688577100171182267e-03
-2.678222959409574423e-03
-2.683729083945605824e-03
-2.707183132666397991e-03
-2.658746180897412527e-03
-2.728036760621381507e-03
-2.714554138362761018e-03
-2.617301393694297477e-03
-2.900053792355560597e-03
-2.565830268714949011e-03
-2.659862422118708727e-03
-2.862136987407305159e-03
