-1.868375096113072953e-02
-1.988404049674218077e-02
-5.219875178729786042e-02
-6.085981366741983339e-02
-4.401954523981999046e-02
-3.865675312771262723e-02
-3.028331891186339733e-02
-2.768426223287279511e-02
-2.664647620950299362e-02
-2.620609852320281152e-02
-2.616130975343300760e-02
-2.613601815203528758e-02
-2.613398268452348655e-02
-2.612929944928701897e-02
-2.614769948177894654e-02
-2.621417378369643447e-02
-2.609104892120784822e-02
-2.714770311569069186e-02
-2.849116799983298504e-02
-2.796475151003305348e-02
-4.154571101442594561e-02
-4.095944420520236662e-02
-4.243635118992278993e-02
-4.363714160067594383e-02
-4.348630870331792603e-02
-4.335746161583774183e-02
-4.252057386367379815e-02
-4.215619147550871831e-02
-3.956258010012657367e-02
-3.597091465007002525e-02
-4.183653304310165633e-02
-5.202522679035194442e-02
-8.505766553267415930e-02
-9.371988806270170613e-02
-7.582336537331484105e-02
-4.206421189483447454e-02
-3.591914018401564518e-02
-3.299654501491754849e-02
-2.970404347946525511e-02
-2.877540571250706419e-02
-2.086688107156936534e-02
-2.148607733451103619e-02
-2.316941436405596522e-02
-2.202288040759061219e-02
-2.294828544196865494e-02
-1.451720353930733252e-02
-1.398675647853878795e-02
-2.551933731349533691e-02
-2.870397295092514539e-02
-4.221971155779476875e-02
-4.608713902860325784e-02
-3.350629031674205727e-02
-2.778726938530299076e-02
-4.932681707751349759e-02
-5.458149265094470320e-02
-6.745804348900130698e-02
-6.648928829208128333e-02
-9.167833086134083431e-02
-7.496431649535673092e-02
-7.463467715325694529e-02
-7.774246744126894759e-02
-8.587918585480007472e-02
-5.226515467580578056e-02
-3.009306155379361594e-02
2.641923527326178398e-03
3.019235168739364469e-02
5.170461374836318735e-02
8.470014098347074943e-03
-7.322221742761121643e-02
-7.930991202163982512e-02
-1.080584831136864044e-01
-1.632883698688126772e-01
-1.699992188179303143e-01
-1.988416417421409177e-01
-2.018751060833930133e-01
-1.918786190214567533e-01
-1.695870200301081154e-01
-1.559510115742585579e-01
-1.332345458369934010e-01
-1.398698844741903258e-01
-1.061530919074581969e-01
-1.273061544375677923e-01
-9.510731645906102261e-02
-4.745167396518837344e-02
-2.443053184092054339e-02
-4.307624885811781740e-02
-2.260029585484441949e-03
-7.610429830600477438e-03
-1.949076484025044631e-02
-3.501066383533135967e-03
-1.276676328822359124e-04
-1.425155867690682150e-02
-1.758686073699373617e-02
-3.295232190417898138e-02
-2.423837785997754596e-02
-2.176606468729207211e-02
-6.360807117973349412e-02
-6.619365408242779136e-02
-2.866673830789438424e-02
-3.532619142421659919e-02
-3.746728159975373090e-02
-2.187347194168411460e-02
-4.053215252771317362e-02
-4.651719505141094224e-02
-7.208304185033288791e-02
-6.446028165191194925e-02
-6.919809818471760188e-02
-1.060588044268220009e-01
-1.093298475542777148e-01
-1.059620003556196732e-01
-1.048619601514836769e-01
-1.030045433356427537e-01
-1.008487380703128600e-01
-1.114562740515888245e-01
-1.022340226601543695e-01
-8.624901036275468835e-02
-9.416289780943595811e-02
-1.459265929739835821e-01
-2.070394379874500868e-01
-1.630776836097660443e-01
-1.843323150539541155e-01
-1.491391668094118605e-01
-7.933821686311824661e-02
-7.628269490521580320e-02
-8.190923077986612955e-02
-7.597314770351284996e-02
-9.203638779094894251e-02
-7.161342042679008646e-02
-5.526750033374362714e-02
-1.348931295134095029e-02
2.872638152701386879e-02
5.672712907332219667e-02
1.715469094552903376e-02
3.501052014572444537e-03
-9.165737870605407400e-03
-7.343718222282008719e-03
-8.557921397154668111e-03
-8.850009741774599037e-03
-8.293389689205737589e-03
-7.770857496919547983e-03
-9.060202959947609089e-03
-4.704740277098568707e-03
-4.408730970560598497e-03
-2.693316863983824874e-02
-2.776209441894158386e-02
-2.907376304577277693e-02
-2.017675559087906551e-02
-8.373571066496852955e-03
-1.571015927475576807e-02
-3.249261541453756647e-02
-7.173554447467343775e-02
-1.171950558984296009e-01
-1.178534088468001229e-01
-8.208132854970179304e-02
-8.555208463241933958e-02
-7.802221338155197750e-02
-3.959387473655131412e-02
-4.177003454217689815e-02
-3.970781451439799048e-02
-6.392962220136845508e-02
-7.201753796568786947e-02
-5.613073710830693980e-02
-4.448118930356138867e-02
-4.088486664820325384e-02
-9.004285021098233643e-02
-1.118177797603515100e-01
-1.385293056826201186e-01
-1.181625931377162930e-01
-1.196033960736111734e-01
-1.281470170021182520e-01
-1.049656994572632229e-01
-6.747341559424219204e-02
-2.456571923556825215e-02
-5.063210037957983911e-02
-6.782613549858669544e-02
-1.194875464559921052e-01
-9.444922023298894798e-02
-6.952720100320296248e-02
-4.348723453766174807e-02
-6.141229774123914409e-02
-6.345096319540080576e-02
-6.884508212811926708e-02
-6.961009112532701160e-02
-6.072368928067925498e-02
-4.649111675625814538e-02
-4.390320960641137804e-02
-2.360661362580385864e-03
1.773667490405342025e-03
-2.662954581375224020e-02
-2.851493990016955651e-02
-3.866437182204703754e-02
-5.578937688956747687e-02
-1.247064403845782321e-01
-1.434570297181438359e-01
-1.448533815250475643e-01
-1.686580559736509943e-01
-1.650927098582148367e-01
-1.830939121451499729e-01
-1.818967349260293687e-01
-1.407660694488762354e-01
8.177172346790647327e-04
3.963769319742542485e-02
3.819676053212336247e-02
7.046567149730155466e-02
5.125879928547839165e-02
3.978161490140940532e-02
4.594830972676017256e-02
3.662528118980215575e-02
3.910720325052172847e-02
4.630063986892259814e-02
7.782211606839856827e-03
-3.234629513847465943e-02
-2.725340051229920707e-02
-1.305703855557932558e-01
-1.356541421096671141e-01
-8.930945609193734203e-02
-8.141754367948929316e-02
-5.496172314733686198e-02
-4.191506716862039572e-02
-3.136000661082775226e-02
-2.361265742023919284e-02
-3.351522904117551493e-02
-3.513592178583110209e-02
-5.530778680142063586e-02
-4.795575785628260895e-02
-4.938677002288636292e-02
-1.391364464648042476e-01
-1.399572554592675988e-01
-1.362836047860253585e-01
-1.367025620210967352e-01
-1.040606159266157515e-01
-1.172222442431682943e-01
-1.468798930177077910e-01
-1.529836217923885300e-01
-1.615743022850470167e-01
-1.314452850851626220e-01
-9.802549631155377252e-02
-6.665853590817824581e-02
-8.448497723506204204e-02
-5.257733239398756225e-02
-8.273770447146763796e-02
-1.125078627248931040e-01
-1.013158475099006223e-01
-1.194452142045249743e-01
-1.042904389224721673e-01
-1.053468287657657737e-01
-1.072867202301629741e-01
-1.119292694094515678e-01
-1.351356180000762297e-01
-1.351804250899687754e-01
-1.519378755563658978e-01
-1.370359404562908612e-01
-4.646164856711730573e-02
-2.767293876496642810e-02
-8.550691362772592369e-03
-7.083879738053195773e-04
-1.957728125425199986e-02
5.600772720470331353e-03
6.920178495269189295e-03
-7.168568610494750748e-02
-8.200249763247849377e-02
-9.597083221102035988e-02
-9.839685487992905211e-02
-1.084551845163452544e-01
-1.128545246954150427e-01
-5.497363227940545161e-02
-4.915544925620581040e-02
-3.695005235251310610e-02
-3.219555943676459531e-02
-3.050499905986578386e-02
-2.724634435021030740e-02
-1.137717411260326557e-02
2.123090144150046883e-04
3.218770692553510337e-02
1.503411178683609385e-02
-4.852754684035474886e-02
-4.709290233778696405e-02
-1.861301959643994058e-02
-2.413045977881781920e-02
-6.333472695019802534e-02
-8.154536891860414416e-02
-8.926553152418757742e-02
-6.784131580538120543e-02
-6.895397261169823599e-02
-4.638346500721995253e-02
-1.577146661140745379e-02
8.772580056846130542e-03
2.840668197782179535e-02
-1.771607033066410763e-02
-8.245340840598788801e-02
-1.345458356561821944e-01
-1.422755015748497776e-01
-1.727650579752761095e-01
-1.220559590166525599e-01
-7.926520424555244526e-02
-4.872703991641042648e-02
-5.765867666619074045e-02
-3.224178415039309631e-02
-2.484152598128273187e-02
9.552317873319872204e-04
6.721388076803292908e-03
-2.045635991961688646e-02
5.088639101660828896e-03
-2.063314456727180154e-02
-6.959241738696733681e-02
-1.255922214671024995e-01
-1.679923037423143584e-01
-1.898332707585415891e-01
-2.092631754231352448e-01
-2.048449932338922141e-01
-1.883143352695344219e-01
-1.653304455888933155e-01
-1.632825718294266815e-01
-1.512168642918246542e-01
-1.476197780865377562e-01
-1.490030227049995437e-01
-1.466272073668058173e-01
-1.481340007081418941e-01
-1.445483566402388231e-01
-1.417835218608125558e-01
-1.356071786449832839e-01
-1.202269903487133695e-01
-1.195071923080927162e-01
-9.958369495922338166e-02
-1.014162612360881704e-01
-1.089982573640952551e-01
-1.107196114821985405e-01
-1.124789818609246983e-01
-1.139699749496886072e-01
-1.259363122249654299e-01
-9.739440296695034416e-02
-1.136974374091712370e-01
-8.963971749045258897e-02
-6.210205067880286006e-02
-4.378460397870419241e-02
-4.841817578328368177e-02
-4.782099749996073651e-02
-6.715377955410654909e-02
-8.998297559364440423e-02
-1.007816825330307975e-01
-1.080409206414775503e-01
-3.998977233337554921e-02
-8.870605638529685880e-03
-1.674020993502732578e-03
-1.686791698021680025e-02
-2.225762286994039524e-02
-3.805940606849791963e-02
-4.665516079029921603e-02
-3.606848755659673028e-02
-5.721763643984195680e-02
-3.108105110802245052e-02
8.218725427683597207e-02
8.843288461838644254e-02
1.311383978516170723e-01
1.308581011054286980e-01
-6.422054761350427105e-03
-2.574996002663167138e-02
-2.540137586851244980e-02
-6.064110671086945722e-03
7.319508283462056175e-02
8.261762026647502533e-02
8.835472745913139012e-03
-3.926570319148617316e-02
-1.612633445742187588e-01
-2.184084035555281245e-01
-2.162162697263552702e-01
-2.038063188256134250e-01
-1.850721001451018644e-01
-1.551625858536553881e-01
-1.426235606453688520e-01
-1.812023233465517580e-01
-1.727965875005997021e-01
-1.937796009233030969e-01
-2.151799669096266243e-01
-2.027531324317213279e-01
-2.235909954656152554e-01
-2.181445222506803172e-01
-1.837735279938609023e-01
-1.772733856158061616e-01
-1.603677702488026102e-01
-1.493009131695204328e-01
-1.474988221086911133e-01
-1.378010093908121070e-01
-1.375895584208677302e-01
-1.413025797408383744e-01
-1.412949212301746749e-01
-1.412080230569683348e-01
-1.412583127487086476e-01
-1.411942396041106496e-01
-1.412753086472161856e-01
-1.411620256029507969e-01
-1.399432147551015193e-01
-1.405378412247453024e-01
-1.428686486739128569e-01
-1.433071522207371440e-01
-1.477019694073882783e-01
-1.517446171036185010e-01
-1.561132569327186026e-01
-1.652954015086171569e-01
-1.640089924886228845e-01
-1.629747545931839459e-01
-1.518436223811430175e-01
-1.314419535551921703e-01
-1.344125256776376176e-01
-6.260643911731980649e-02
-6.119012950016374658e-02
-4.962832662767996394e-02
-4.451056980238211891e-02
-4.290956820995539545e-02
-4.552235304316597231e-02
-2.260166117121383336e-02
-1.870532687178703621e-02
-7.202931008083382491e-02
-8.062649642119847082e-02
-9.367321191323303708e-02
-9.878498037114494257e-02
-9.955161303276764684e-02
-1.003692164586935803e-01
-1.002704578903200611e-01
-1.002751959371498136e-01
-1.004263072301766618e-01
-1.000828623534190803e-01
-1.009448074334670237e-01
-1.038364646159010835e-01
-9.906939501565902029e-02
-1.090506500056322853e-01
-1.128266208916652719e-01
-5.493520654964791083e-02
-4.918272684852867394e-02
-3.689027430566463317e-02
-3.286845608737323093e-02
-3.258628638782839343e-02
-3.217909703290273288e-02
-3.152424946061807565e-02
-2.986521872289015292e-02
-2.707985355784318232e-02
-1.205996536680030949e-02
3.691978376622544623e-03
3.330487747433423518e-02
1.230194111225456355e-02
-2.133603036154369664e-02
5.603754346222265554e-04
-3.929980810626210706e-03
-4.352234921793773220e-03
-2.847111204155346968e-03
-3.159715537953639106e-03
-3.130246320440237002e-03
-3.136939207471090268e-03
-3.030808457787800576e-03
-3.996962233025791109e-03
-5.029615977039110508e-03
-7.108309875439171831e-03
-2.492741476519332380e-02
-2.851821965276639045e-02
-6.231668063462390134e-02
-5.533150173716994830e-02
-4.627859202414671969e-02
-4.797751726085346113e-02
-4.693737336186318276e-02
-4.291305978789972803e-02
-4.216250210710282414e-02
-3.701404571285108608e-02
1.828719687214520537e-02
1.889330108844134576e-02
9.823033472159995241e-03
1.392803190020416686e-02
1.246256456562163523e-02
1.180944076683602267e-02
1.183795387922581370e-02
1.244659840431550785e-02
1.346920700658810546e-02
1.054782359577186197e-02
1.875110553617006029e-02
1.593622445820123967e-02
-1.849073661627536475e-02
-2.374590874639427932e-02
-2.019450687808606662e-02
-1.971555765251749651e-02
-1.876471295453678925e-02
-1.804611644494542172e-02
-1.784829824231260256e-02
-1.779121530043651506e-02
-1.776804109145741981e-02
-1.776408196340648060e-02
-1.776415176358059692e-02
-1.776419207262715586e-02
-1.776419696594639178e-02
-1.776419777115691156e-02
-1.776419796842819074e-02
-1.776419796005514196e-02
-1.776419795832159115e-02
-1.776419796587427186e-02
-1.776419786655881669e-02
-1.776419839072549203e-02
-1.776419881234126558e-02
-1.776417944517187306e-02
-1.776432300719640867e-02
-1.776401328736338173e-02
-1.776148339933643003e-02
-1.776801644805140606e-02
-1.775670158261810974e-02
-1.769514234948112857e-02
-1.790903555855936219e-02
-1.782843240266815052e-02
-1.728865872533883949e-02
-2.048878328156969117e-02
-2.099620988776852715e-02
