-5.732073602897527070e-02
-5.900551152443674757e-02
-3.928707460803007590e-02
-4.006420547025979495e-02
-2.216180825847210295e-02
-1.987193423148805524e-02
-2.207925752063317690e-02
-2.207925752064158684e-02
-2.207925752063569919e-02
-2.207925752063530367e-02
-2.207925752063525510e-02
-2.207925752063799249e-02
-2.207925752063825270e-02
-2.207925752063558122e-02
-2.207925752063810351e-02
-2.207925752063522734e-02
-2.207925752063963354e-02
-2.207925752063201463e-02
-2.142752856961918292e-02
-2.074390037173278953e-02
-1.290752745577796595e-02
-1.323339193128876719e-02
-1.460064832705806719e-02
-1.460064832705641226e-02
-1.460064832705816606e-02
-1.460064832706184541e-02
-1.460064832705470876e-02
-1.460064832705757279e-02
-3.454529811091914572e-03
1.812609382264256455e-03
-6.181423653633413839e-02
-7.143794612221215923e-02
7.396941623655443887e-03
1.906345665945035142e-02
3.803654552183111798e-02
3.643477657838715966e-02
2.182898874040514400e-02
1.639309463711858747e-02
1.959663252400215341e-02
1.593138677124813010e-02
1.648704569167185052e-02
4.242639259290625214e-02
4.425901546928978636e-02
4.314769762843601725e-02
4.314769762843893158e-02
4.314769762843453232e-02
4.314769762843650297e-02
4.511382649771779330e-02
5.271714732919901419e-02
6.526909591091209495e-02
6.428603147626586745e-02
4.907938981331629036e-02
6.511057582640623898e-02
6.236763829785336999e-02
3.348793341156640346e-02
6.377564016243691958e-02
6.098050703904087794e-02
-1.249400596386530254e-01
-1.684482745436860496e-01
-1.817195952689252547e-01
-1.025087874186181441e-01
4.928639003732057655e-02
2.129013753639971696e-01
1.597674343919716078e-01
1.993991813888476849e-01
1.195742728852090819e-01
-9.720237358175845555e-02
-1.851676049750524411e-01
-1.391310113085917899e-01
-1.385450891620915170e-01
-3.399988037454896306e-01
-3.292697774322748128e-01
-3.304416217252891808e-01
-3.304416217252879595e-01
-3.304416217252748034e-01
-4.554850976699900134e-01
-5.961851107013584894e-01
-6.179546553722994329e-01
-5.554329173999313918e-01
-2.740328913372203079e-01
-5.437600423461440569e-01
-4.700620162909674438e-01
1.281756498220355985e-02
1.476811404866538724e-01
2.850883763317913237e-04
2.850883763409550547e-04
7.844271181041222174e-02
2.111120175083258665e-01
4.355667847644519863e-01
3.964879730474174524e-01
3.268510232968159235e-01
3.074563301517917457e-01
8.027224965130448642e-02
-1.757858117132079720e-02
2.121080511873001118e-02
-4.831053868109164845e-02
-1.054210278887018210e-01
-2.183285912962820152e-01
-1.835679193963662692e-01
-1.114564550885993738e-01
-6.855467561566738754e-02
5.357779660338847505e-02
6.666324951270409527e-02
8.239027405425971770e-03
-1.622202465707899000e-02
-2.649911662344369041e-03
8.725779101008356020e-02
9.513581622447091213e-02
-1.862379412374293441e-01
-3.823294123069454487e-01
-8.797530682417153969e-02
1.564459105282105800e-01
1.660820695949311865e-01
1.576295816822667339e-01
1.243581387596131432e-01
1.987733057930792663e-02
-9.459984367234436364e-02
-6.865704901012500971e-02
-2.763346507749171038e-02
-5.444792717316038547e-03
-3.042823835337354899e-02
-8.456135691877419980e-02
-7.967495019927693656e-02
2.725537262829082902e-02
7.813342008884516243e-02
8.457612485102664057e-02
1.156033252283029111e-01
1.036545308981570990e-01
1.152660939281303226e-01
1.223296525888083741e-01
2.538177216795139621e-02
8.544841222854534374e-03
-5.582276098498308199e-03
-5.582276098498339424e-03
-5.582276098496909145e-03
-5.582276098499743683e-03
1.287175486282072893e-02
-2.076801393382419342e-02
-2.242293245048392614e-01
-2.375470808136018741e-01
-1.479341836924132902e-01
-1.080011313651644406e-02
3.416457823710341568e-01
3.691369496284529483e-01
2.180302886477475388e-01
7.001245555280847903e-03
-2.014928669827660002e-01
-5.283399833847871596e-01
-2.849626292217876111e-01
-6.003246548853913289e-02
6.870653392485780164e-02
-3.405433941677325771e-02
1.153984018661336902e-01
5.164583967940918896e-01
5.725361130317877523e-01
2.736306304659651967e-01
2.736306304659561484e-01
3.946403210947358464e-01
3.402691255459923680e-01
1.234385698909927775e-01
6.293372457660260932e-02
1.992527176576438797e-01
2.298382873137876647e-01
2.805039126906375690e-01
3.544666574836390360e-01
2.962341221189643270e-01
1.805100750729624615e-01
6.504252291506126826e-02
5.023904905660502712e-02
1.166189368586464103e-01
1.371023282058959902e-01
1.640247624537064242e-01
6.310020892310638785e-02
6.675507365923319392e-02
9.578029056099936211e-02
3.257989726795903346e-02
1.512780175222882585e-02
-1.131208854030915818e-02
-5.371784650597179883e-02
1.849396188684720738e-03
4.716527312894547297e-02
4.083047507749549415e-02
2.227233133725933095e-02
-1.956602408077098496e-02
-1.860739221039324487e-02
1.850889527007828703e-02
-1.470208037376396527e-02
-3.719597752278910006e-03
4.991077811516700380e-02
9.295804340677241151e-02
7.191026848299536534e-02
6.848252009693679698e-02
5.526163136209236160e-02
5.882464471510605308e-02
7.245130039735309113e-02
4.114659411520250193e-02
7.341932075886878351e-02
1.069974451521762612e-02
-2.196236203308493395e-01
-2.412000729786374364e-01
-1.479341836924106257e-01
1.003336370805324035e-01
2.630653101310720388e-01
2.948031792890981606e-01
5.843547448677451073e-02
2.030023632036914716e-02
1.602215509859472933e-02
-8.535901622942305630e-03
-1.256779939573172133e-01
-1.798744230619704898e-01
-1.624052089715679881e-01
-9.318294138887714406e-02
1.228623957025713198e-01
2.610074670167679689e-01
2.433658699080152032e-01
4.932967206665873558e-03
-3.355174338497163289e-02
-1.033532653255110206e-01
-7.167143747176661639e-02
-9.536305149761625799e-02
-6.510527256808150420e-02
1.376628737303816491e-02
3.867896351506525110e-02
1.352721132932487302e-01
1.191715054687778191e-01
6.934615318472270307e-02
6.934615318472116263e-02
6.934615318472341083e-02
6.934615318472381329e-02
7.033389851610505339e-02
7.568726960202044884e-02
6.028000465084069198e-02
7.869121606874801556e-02
6.773684424042142327e-02
1.967304364330831751e-02
1.022050160151397914e-02
-1.046369038492701159e-02
-2.195923869541084247e-02
-8.846553176169611940e-03
1.743172473540955010e-03
2.473426909450394603e-02
2.473426909450514646e-02
2.200822011663582101e-02
4.795394211524744987e-02
1.215648693053413970e-01
1.019838342230349193e-01
-4.952960056977370046e-02
-2.628794612815851806e-01
-3.404412931644658080e-01
-8.797530682416866699e-02
1.564459105282087759e-01
1.660820695949224990e-01
1.576295816822707307e-01
1.243581387596202070e-01
4.994516317280700557e-02
-4.859316761568828469e-02
-1.022730676609102246e-02
1.541795894002492319e-02
-3.588751273844735523e-02
-5.983761700989478904e-02
-1.101435138023195426e-01
-7.430049002842638306e-02
5.754634266291423772e-02
7.332479893681721761e-02
9.374599756490223368e-02
9.433548733366237116e-02
4.809286046326710640e-02
-1.336185410505612119e-02
-3.951261112756847271e-02
2.448100764520815074e-03
-1.022741232034584669e-01
-7.745668538103456235e-02
2.153531638518168048e-02
1.207462046495989955e-01
1.599970073337979581e-01
1.086256225174344753e-01
1.993991813888457976e-01
1.195742728852090264e-01
-9.720237358175955189e-02
-3.266655200167824513e-01
-2.635190537896844876e-01
-1.977171968844128602e-01
-1.804227674247175783e-01
-1.854575174618577349e-01
-2.279378373489192866e-01
-2.012105733183384426e-01
-1.737483529809520921e-01
-1.737483529809489002e-01
-2.474579320887651812e-01
-2.563541088621182906e-01
-4.180983941602707255e-01
-3.812436046063654160e-01
-3.634512510596834001e-01
-3.634512510596911161e-01
-3.634512510596900059e-01
-3.634512510596951684e-01
-3.634512510596915602e-01
-3.634512510596914492e-01
-3.634512510596933366e-01
-3.313244007138030356e-01
-2.470643749867235395e-01
-3.839816627306508190e-02
-5.446159144601162017e-02
-2.229816429001783007e-01
-1.694040874329026392e-01
-2.441835461295045751e-01
-2.924678748263483952e-01
-3.906043869546099723e-01
-2.294181648033113141e-01
-3.085418595702884431e-02
3.347081934394029873e-02
3.307236233746898429e-02
1.256327372793856756e-01
1.113071682275584146e-01
6.559486320812937810e-02
6.559486320812946136e-02
6.559486320812848992e-02
7.013268608479429622e-02
7.754258080302539602e-02
6.616809068810897143e-02
6.389917924977560337e-02
6.798447389691171516e-02
6.773684424042406005e-02
3.326498882268891927e-02
2.235707577328885018e-02
1.490618109517632571e-03
-5.305354480170971533e-03
-2.394612464964503053e-03
-3.572979233834502194e-02
-5.964980970158552387e-02
-9.778497859789789248e-02
-6.679646742030663498e-02
5.340578856318307227e-02
6.627779277525562562e-02
6.922824641430533332e-02
6.818190046839027463e-02
1.274737250518179488e-01
1.396299098980214870e-01
3.371384186110528564e-02
2.531797068980130763e-03
-2.178057262342164568e-02
-2.178057262342329714e-02
-2.178057262342328326e-02
-8.242130792942435613e-02
-9.902596187284533336e-02
-1.358103294109896109e-01
-1.054899617579900667e-01
-1.615869976744468278e-02
-5.231398841247856396e-02
-3.502030219820968793e-02
-6.308127925006372372e-02
9.229298040017533053e-03
9.229298040018204391e-03
9.229298040013815541e-03
9.229298040015813942e-03
9.229298040018893076e-03
-9.915205317864805856e-02
-6.018738311103478261e-02
7.812974111219382622e-02
1.323204167215242533e-01
5.439107658629513398e-02
5.439107658629591807e-02
5.439107658629744463e-02
5.439107658628742487e-02
5.439107658629201147e-02
4.793284399460660816e-02
8.716814361846790538e-02
1.523410762722440248e-01
1.577021238709707951e-01
2.633434423865300619e-02
9.939230002629589888e-02
5.811110276686336229e-02
-2.367853167466801162e-02
-6.284769426505758261e-02
1.118697504229766021e-02
1.118697504229745378e-02
-7.223212812940579125e-03
-1.300401275398463570e-02
-4.081104863354293594e-02
-3.160595470592300615e-02
-2.004435482383394931e-02
-2.004435482383437259e-02
-2.004435482383678732e-02
-2.004435482383652017e-02
-2.004435482383461545e-02
-2.004435482383529199e-02
-2.004435482383474382e-02
-2.004435482383410197e-02
-3.763769029128696125e-02
-2.383101606598141478e-02
6.325810739856264908e-02
6.910007008976699894e-02
5.432006892583433021e-03
-9.512981432506596724e-03
2.635860524844977661e-03
-2.226710106540443802e-03
-5.737732219227667518e-02
-6.049703812842828488e-02
-5.077189686565992954e-02
-5.077189686566038751e-02
-5.077189686566014465e-02
-5.077189686565966587e-02
-5.077189686565988791e-02
-5.077189686566117161e-02
-5.077189686566060955e-02
-5.077189686566032506e-02
-5.077189686565893034e-02
-5.077189686565936055e-02
-4.949110154367968722e-02
-5.119304836350420385e-02
-8.214257310565034609e-02
-8.545886216873192776e-02
-7.899196320925493120e-02
-7.043886065277402478e-03
-5.705940364231811869e-03
-1.183195100388435839e-02
-1.183195100388424563e-02
-1.183195100388430634e-02
-1.183195100388483890e-02
-1.183195100388428032e-02
-2.161481554523271911e-02
-2.418463232861694373e-02
-1.824861077743203386e-02
-1.335717850675690807e-02
-8.217544939989841410e-03
-8.217544939990967245e-03
-8.217544939990842345e-03
-8.217544939991036634e-03
-5.461690888568127879e-03
-5.986543915520797614e-03
-2.510119343589831478e-02
-2.647912046160921101e-02
-2.542941440770698017e-02
-2.542941440770702180e-02
-2.542941440770665404e-02
-2.542941440770687955e-02
-2.542941440770676159e-02
-2.542941440770589770e-02
-2.542941440770827427e-02
-2.542941440770829856e-02
-2.542941440770818753e-02
-2.542941440770525932e-02
-2.542941440770757344e-02
-2.542941440770757691e-02
-2.542941440770689343e-02
-2.542941440770622730e-02
-2.542941440770750405e-02
-2.542941440770524891e-02
-2.542941440770727507e-02
-2.542941440770638342e-02
-2.542941440770664363e-02
-2.542941440770741732e-02
-2.542941440770708078e-02
-2.542941440770708772e-02
-2.542941440770879469e-02
-2.502549048189436215e-02
-2.445881152604548192e-02
-1.845593811610809001e-02
-1.905114087092719607e-02
