-1.480558963881991805e-02
-1.872066537459010638e-02
-3.309677228148546341e-02
-3.639245126871686747e-02
-2.172600969443012897e-02
-1.612733268251174967e-02
-1.651369393623220924e-02
-1.647591564351754204e-02
-1.646997070655106116e-02
-1.647184992421062838e-02
-1.647171114747674608e-02
-1.647171152729143620e-02
-1.647171682723530886e-02
-1.647172181718917217e-02
-1.647144761366852589e-02
-1.647387375479310648e-02
-1.647466458917488941e-02
-1.646527954993111387e-02
-1.768604767623060264e-02
-1.637952660979522315e-02
-1.294329044591083569e-02
-1.232981513210340031e-02
-1.494058472782372991e-02
-1.492974184361465541e-02
-1.493469700860414542e-02
-1.494715088498731539e-02
-1.496651886052142999e-02
-1.496305598609700901e-02
-1.872076272017289544e-02
-2.322259350217374327e-02
-1.938351311574813135e-02
-2.682819438160865405e-02
-3.511568905906025523e-02
-2.948651672001773028e-02
-7.210998611289062485e-03
2.618363244675970310e-03
4.616282161438490378e-02
4.445370258171114225e-02
2.467689362061705610e-02
3.590364523348001102e-02
3.694451726620264637e-02
3.599486210358496252e-02
3.042420167159952740e-02
2.825106497726780422e-02
2.824370366877754918e-02
2.823703472672426523e-02
2.823345620283057231e-02
2.896075600956173751e-02
2.991886027141585011e-02
2.715927324848794316e-02
2.680872546258773054e-02
2.489525990542858919e-02
2.853974740398333015e-02
3.427462716888875216e-02
3.738223608282379568e-02
3.289717137260052965e-02
1.282849952501394740e-02
-2.377706989663258899e-02
-2.944769031665516248e-02
-3.331113223346692659e-02
-2.310657997044680140e-02
3.179457522534019642e-02
7.892010727325522723e-02
6.108529570113219176e-02
7.649021009132650787e-04
-4.472728340737997313e-03
5.691902673268479235e-02
6.937969418032952085e-02
6.097803957956106358e-02
6.385734138548580796e-02
7.862212284684635955e-02
7.522085605316150558e-02
7.021101503012569522e-02
7.051852064905003714e-02
7.030766923999201556e-02
9.290984650310664394e-02
9.418739778257245732e-02
7.625497949731557812e-02
6.494467532821178446e-02
6.216653210407058899e-02
5.269245771684207685e-02
6.321029726946970906e-02
6.774868766417094235e-02
7.255995502784999551e-02
5.159109884359653481e-02
5.150503547549426658e-02
6.776580943182870798e-02
6.755802801756050080e-02
3.394162269001322479e-02
2.554294771020447843e-02
3.056978713282474877e-03
-1.017570756140489217e-02
-6.527240726013015804e-02
-5.417199515438818336e-02
-2.784378189643148607e-02
-1.729332775648860510e-02
-2.076977244980172943e-02
-4.299298073536862025e-02
-4.823136952275406536e-02
-6.236954559360518430e-02
-4.845844131219552431e-02
-2.325691342615602512e-03
2.390146789639132491e-02
2.041025625770091431e-02
5.139081391997477218e-03
-5.446226274303457744e-04
2.078199359182110028e-03
-3.775540581449339517e-02
-6.675745117681483598e-02
-2.252020678839327522e-02
5.775507341031508451e-02
8.157545741117579186e-02
1.048735519317147563e-01
9.571414019295593212e-02
4.206291005633538971e-02
-2.408643035307892616e-02
-4.291650065376375472e-02
-1.496322603557924055e-02
3.043099320780007222e-03
7.847538040717572799e-03
-4.173725699793464912e-05
-2.500650095178743801e-02
-4.506795308377921361e-02
-3.916635560244387249e-02
-1.940535717551138822e-02
1.716325700763862011e-02
5.126062878492190777e-02
4.709085025905565547e-02
4.138363141721063121e-02
4.761749786417333874e-02
5.920927934346582877e-02
5.539429103453429037e-02
4.296725227947895132e-02
4.299338733932915602e-02
4.298985668302953561e-02
4.293047554638660529e-02
5.175146627276935862e-02
5.334937664154686121e-02
2.123085043223218310e-02
1.756528547838072385e-02
1.842097438914097954e-02
2.096906574881709714e-02
2.888360943135092479e-02
3.906158662195590575e-02
6.873794228737048484e-02
4.269740529740281149e-02
-3.853956120357564241e-02
-1.014418865821012927e-01
-4.230430133817025817e-02
3.651650603257355953e-04
2.372320302459002966e-02
6.384026991958602175e-03
2.049314006499016252e-02
5.534891251147055352e-02
6.053916704051146014e-02
3.265057868536665187e-02
3.282079158785111000e-02
6.235704951044571120e-02
6.796916081940884702e-02
9.490670303229817306e-02
8.007433148472585527e-02
6.592539510891347321e-02
6.590457932858533041e-02
2.693646382102028725e-02
3.758316772822432178e-02
2.161685086399606909e-02
-1.914787135251196440e-02
-4.654072234542944164e-02
-1.189954801208102132e-02
4.198815217243309986e-03
4.686416369108483901e-03
1.589784002505087446e-02
6.784825633627004915e-02
9.902882627276153593e-02
6.716974052622162739e-02
1.785464797673586013e-02
-1.021779036209760454e-02
-5.680196252784932079e-03
-7.639604994401521555e-03
2.434956674870647486e-03
1.028852718821685920e-02
1.321161425678857131e-04
-9.446403220582025653e-03
-6.035418188503657161e-02
-5.813157513309959862e-02
-3.885201402958398526e-02
-5.721746014213580783e-02
-5.875391836277684549e-02
-1.863716571354646911e-02
1.142569241312675100e-03
6.852074531178573014e-03
1.595579104459748931e-02
1.065525364624422822e-02
8.606132710642399805e-03
1.176274890556515060e-02
1.808548889913614774e-02
2.371310701086066716e-02
2.145853028369372820e-02
2.515608136092758670e-02
2.248586706810673172e-02
1.838068388480965099e-02
3.568107424996629778e-02
3.757588823687499358e-02
-3.785272446150782233e-02
-3.873639182282487270e-02
2.570468061690739988e-03
4.038835438797803296e-02
-1.566405972876069863e-02
-8.680097089391175524e-02
-1.538743574024980243e-01
-7.913783538712217125e-02
8.569243594978391554e-02
1.461162729168634655e-01
5.230687139915956435e-02
-6.796463128113050534e-02
-8.955292596624940538e-02
-2.889951967663086790e-02
-2.615375227706868283e-02
-1.581468730868493960e-02
3.849069798479328591e-02
4.533020679105227713e-02
5.610667471279763563e-02
5.966034008856167803e-02
5.741218236727337748e-02
4.991096856515835761e-02
4.289816930746551127e-02
4.289270509793764036e-02
4.288482813091169105e-02
4.285290973235601070e-02
4.689450023386976252e-02
4.623350242026433299e-02
2.560430211699236264e-02
2.157236364830587838e-02
2.829280528658499258e-02
2.778877699517869407e-02
2.875305264876940742e-02
2.620126250400615919e-02
2.092409414345322571e-02
-1.476648019054491168e-02
-1.892300814811420304e-02
-8.399438481697852135e-03
-8.454316449776372311e-03
-1.393906460387388593e-02
-1.417926133959737135e-02
-9.663665979316005128e-03
-1.820231988859832839e-02
-4.255790248664809150e-02
-6.305380708040168869e-02
9.862713419720776529e-05
5.774697848200101985e-02
8.162440700313232378e-02
1.049482468116475081e-01
9.581610007815052898e-02
4.207409369123652626e-02
-9.031563356105994783e-03
-3.091116705490180860e-02
-3.435717431992186405e-02
-2.894865182850106522e-02
-3.707198816113522338e-02
-3.699357265845720777e-02
-4.863502248634599817e-02
-4.487198943957549507e-02
-2.075500095339020967e-02
-1.508933649817895822e-02
-1.980750281744333464e-03
-7.376205510465321316e-03
8.478428572230271507e-03
-1.342658255081321562e-02
2.398605676366719064e-02
1.022266057355286778e-01
2.243212805103355495e-02
-9.217102364190371891e-03
9.093670752662359399e-03
5.318685967127462916e-02
7.350818883609912258e-02
4.249813555390475478e-02
7.658576221524090143e-04
-4.632466781834049772e-03
5.700409618968466097e-02
7.157789718793582112e-02
7.180929180226588993e-02
1.266537408625091621e-01
1.593653031056191383e-01
1.094459765110309402e-01
-1.045710018074562202e-02
-2.801930635848774373e-02
1.009091319644113589e-02
1.022216914969831074e-02
-1.008125187519198426e-02
9.657001843154343346e-03
1.291482534546374572e-01
1.401389155161462952e-01
1.018112437087843880e-01
1.025871465364240620e-01
1.020216111118245061e-01
1.016748838275608191e-01
1.019969020598936182e-01
1.023937603934906848e-01
1.020658414737516118e-01
1.379778902160083975e-01
1.342708707348283514e-01
8.269529907848681416e-02
6.458369296099454593e-02
7.148566777204704015e-02
5.124048962808398083e-02
3.841300555104967818e-02
-2.738022740246979017e-02
-4.702786380069419458e-02
-1.845396533787222945e-02
3.166042263802491818e-02
6.856297504324769532e-02
6.622236711443571511e-02
3.725726693645036586e-02
2.625201172262987825e-02
1.992005084006908885e-02
1.986867073440280046e-02
1.986135813681459694e-02
1.688201756389549196e-02
1.657413949252894286e-02
2.274686225350469604e-02
2.424753712375135595e-02
2.287372554489339530e-02
2.828786388963551793e-02
3.518518833667027418e-02
3.767891783673455591e-02
3.408734860934041488e-02
3.045307025015049282e-02
2.729094336438876028e-02
4.281961008188846229e-02
3.540539793473360120e-02
-6.926147653632047652e-02
-8.509111839604295568e-02
-1.827105866097003886e-02
1.282487752080451945e-02
4.230932301216048380e-02
3.385354752701337511e-02
2.588439070842850007e-02
2.574805845112660557e-02
2.328964670788956706e-02
1.959747048114631254e-02
1.989234306061894719e-02
1.988041370149301254e-02
1.987703292204542893e-02
2.201442585263006443e-02
1.595511060683775517e-02
2.290570079757896921e-02
2.194501752204678496e-02
1.521299532224271341e-02
2.947182680124637438e-02
7.833186955590022704e-02
8.780633324383431415e-02
5.957842756059023720e-02
5.975760505826045038e-02
5.964916789083234833e-02
5.980866227886449255e-02
5.965946848118497403e-02
8.997170431898841858e-02
9.034176263886668778e-02
3.622140272761821544e-02
2.114900351110329119e-02
1.967756845769933968e-02
1.913645898426639264e-02
1.926550686022214867e-02
1.946828435128267198e-02
1.969311277015443895e-02
2.924207943391568532e-02
3.870524340667256397e-02
3.870799077469212757e-02
3.402021214302494451e-03
-8.786627902769707232e-02
-1.200592914102376202e-01
-4.736485623072232004e-02
3.672846241521162455e-03
1.881533182450754321e-02
-4.685457859882421854e-03
-4.625413469089910239e-03
-2.817252730568972738e-04
8.547987300243935129e-04
-1.940133414239614273e-02
-2.158232620640069405e-02
-2.395854726307993648e-02
-2.399536011246984624e-02
-2.399919661692108061e-02
-2.400280957847006000e-02
-2.400127320957468405e-02
-2.400865952998423869e-02
-2.403156056113459407e-02
-2.410861218854688792e-02
-2.988634780401558041e-02
-4.124538031472708283e-02
-7.476825078343421471e-02
-5.990113387394965100e-02
2.205542780929701033e-02
2.729623462649134746e-02
1.748429884019507205e-02
1.748178467135982558e-02
1.271961255762171610e-02
5.543979208471073832e-03
5.865936770895586495e-03
5.846683447032890828e-03
5.837792784211627561e-03
5.840089602912376839e-03
5.839972050492166569e-03
5.839929997586834100e-03
5.841727868656072103e-03
5.830666574539091623e-03
5.814742723435612978e-03
5.882190805652544492e-03
-9.127286312969572213e-04
3.007459024515604911e-03
4.323499645892665139e-02
5.547338604124608941e-02
4.452378432249372298e-02
-2.865969324171025855e-03
-7.305609412786155318e-03
-9.803716092096038340e-04
-1.073914568869336434e-03
-1.058851007072335749e-03
-1.046721100931107895e-03
-1.070408695054860795e-03
-1.897486665053138306e-03
-2.683917252475777771e-03
-1.467006865462197260e-02
-1.426284905148069403e-02
-1.268806589949516943e-02
-1.271517012412536410e-02
-1.271539457095293736e-02
-1.270094231942839325e-02
-1.569220329589967461e-02
-1.560239820679862159e-02
-1.022975907766528712e-02
-8.736732769149407885e-03
-8.904624148452782925e-03
-8.892248020577180750e-03
-8.891161129350837189e-03
-8.891779064074362832e-03
-8.891725249619687396e-03
-8.891726615641085824e-03
-8.891727446224462206e-03
-8.891727307416547391e-03
-8.891727313680352837e-03
-8.891727313750010658e-03
-8.891727313717404796e-03
-8.891727313719824735e-03
-8.891727313728541721e-03
-8.891727313667066590e-03
-8.891727313620223852e-03
-8.891727336991719563e-03
-8.891726978064284914e-03
-8.891727881596759447e-03
-8.891734531371018463e-03
-8.891566878153771974e-03
-8.892828950347592479e-03
-8.895313061501573110e-03
-8.880064541121621483e-03
-9.565869735053095929e-03
-9.208632767595455529e-03
-1.154670951565805971e-03
-9.717074956352315723e-04
