8.056989706157605992e-04
9.149593650269369736e-04
3.569535201320791183e-03
3.634577599107438519e-03
4.119685841393523097e-03
4.594349358106131730e-03
4.096401493688598197e-03
4.367604749311177967e-03
4.330725847733998130e-03
4.261627594106004446e-03
4.339732577287918648e-03
4.300143679432574632e-03
4.305929694821471199e-03
4.317347356015229475e-03
4.305825592901562152e-03
4.312083053635840102e-03
4.311539133508349858e-03
4.310023274951295738e-03
4.311982596121593722e-03
4.311317684961542621e-03
4.311853153147897182e-03
4.312307082930243868e-03
4.312928130287422071e-03
4.313974279481160370e-03
4.314406097119143253e-03
4.317835739896815593e-03
4.318617677406300613e-03
4.321874859131493232e-03
4.332370699515791096e-03
4.328603868644711160e-03
4.350594051069816073e-03
4.368464635905411515e-03
4.354381808608524806e-03
4.458010044854973999e-03
4.426585675710721993e-03
4.446069848710603942e-03
4.572953873224689866e-03
4.566514976020789179e-03
4.968184508824810032e-03
5.125711648869914205e-03
5.174757972733584101e-03
6.891734725524439192e-03
7.034226211999792047e-03
7.057249901853857900e-03
7.543217364810986605e-03
7.531178343440174221e-03
7.163001910218277923e-03
7.368923798979702157e-03
8.125198653231635593e-03
8.382387090396768020e-03
9.149460933996995948e-03
9.975429926793372148e-03
8.835320707859858208e-03
8.938173782518907956e-03
9.269520094107284308e-03
1.073100282320816126e-02
1.435397540740033194e-02
1.437789815637161711e-02
1.310068324890043510e-02
1.268717580144737220e-02
1.133525505778918037e-02
9.132864899797048588e-03
7.578496654323023385e-03
5.480988421106294806e-03
3.702401132592854360e-03
-4.455845969825344977e-03
-8.076529804506647758e-03
-8.426547738784559080e-03
-1.106693679701619033e-02
-9.970973615152443903e-03
-7.738979163082986348e-03
-7.592295373450096141e-03
-4.043514668471361387e-03
-1.006683025651399378e-03
7.315116257564379960e-04
6.744770440174002041e-03
8.424218107942218342e-03
7.829892162369952308e-03
9.158703395601994549e-03
8.046451813094396971e-03
7.233816940691377775e-03
7.913862867739741846e-03
8.505691136143599118e-03
8.682994005424833628e-03
7.472543561170779877e-03
6.155729684572439943e-03
5.707618600503037293e-03
4.538971916638397282e-03
4.709980889021365968e-03
5.331115777334371336e-03
5.666367020842683760e-03
5.157652772796006424e-03
6.173265052554922049e-03
5.952238618935404985e-03
3.009570786563440289e-03
3.168961521800987054e-03
3.136618702393109692e-03
2.747165944057512917e-03
3.487318330814778017e-03
2.001629261406190959e-03
1.566743427536128243e-03
-2.224586887347131451e-04
-2.856525983388542855e-03
-4.642572584438675598e-03
-5.553306129059541740e-03
-5.184284181835812841e-03
-7.538316717380360178e-04
2.943875469440458172e-03
9.313260899442291768e-03
1.563695147694678378e-02
1.561593338103846838e-02
1.740498323087517549e-02
1.524978102373944835e-02
1.328370010841048963e-02
1.970694944575909768e-02
1.902254783029180829e-02
2.064924123707966366e-02
2.368741965532364380e-02
2.210663663044673891e-02
2.423935058895075947e-02
2.305350443252964301e-02
2.391344074101333511e-02
2.559782262515848672e-02
2.618967275636608846e-02
2.561426024193397266e-02
2.607995584329936278e-02
2.525642268783270111e-02
2.363348986022091591e-02
2.410128951002249789e-02
2.116598556394626990e-02
2.096016467613451631e-02
1.927954822405079927e-02
1.718247857080369007e-02
1.736586596739994950e-02
1.399538276039643744e-02
1.370636183202712799e-02
1.266647267825052499e-02
1.133366528530053638e-02
1.126045118719786603e-02
1.037236953588718293e-02
1.009605284141148682e-02
9.686145554282554054e-03
9.406797770425662231e-03
8.987416146862861957e-03
8.337110940131115325e-03
8.942000972074207882e-03
8.204256735403132536e-03
8.274140991462213685e-03
8.522279047166212568e-03
5.846476442077624264e-03
6.013909695244738091e-03
5.560091088713848412e-03
5.187561654845329259e-03
5.525187784010820655e-03
7.127101141143736725e-03
6.903452931707195796e-03
6.287889829445902218e-03
6.011776122671763298e-03
5.199656038783803842e-03
5.029071707204621662e-03
2.017224456863087045e-03
1.615834156991089419e-03
1.798223034885590346e-03
8.298162212847656153e-04
7.197227920331879551e-04
1.064212185406780350e-03
-4.523213155324492439e-05
4.047106085470087030e-04
1.839352851890864752e-03
2.581701770974212471e-03
6.055488481909524802e-03
6.519569577969053058e-03
7.333772510661812002e-03
8.338149462300152581e-03
8.444857475560590965e-03
8.274946023673866724e-03
9.561518727398528317e-03
1.081007215951498499e-02
1.207841994580166958e-02
9.889529330033716703e-03
6.127346214486191489e-03
4.432855558004222124e-03
-1.182053671695415835e-03
-1.213400487207262277e-03
-2.807663368340147618e-03
-4.430793439839206434e-03
1.193886638747677920e-03
1.823408729049727593e-03
8.004515325661192698e-03
9.946691997287652326e-03
1.296101946152851750e-02
1.834815769313759282e-02
1.888086474107052160e-02
2.686437398534932339e-02
2.530028978870808853e-02
2.380149302449016332e-02
2.443194944814368330e-02
1.855876228989509352e-02
1.821382726222409501e-02
1.826593991383983900e-02
1.613647277164281107e-02
1.688076976592319325e-02
1.636197398269503833e-02
1.631411983265318444e-02
1.639368203941923147e-02
1.729399389403634552e-02
1.738060025946471659e-02
1.832444767118648205e-02
2.180624058039998953e-02
2.310448351961022495e-02
2.484926139740964435e-02
2.645922353780746916e-02
2.762612873924936638e-02
2.863677440067806390e-02
2.895626178101071840e-02
2.837982625090893288e-02
2.765175362203260712e-02
2.608178995457603733e-02
2.485020362450427941e-02
2.353557613253983924e-02
1.914125157620770457e-02
1.776823675180332074e-02
1.540771692496530412e-02
1.340801628245734747e-02
1.211474143737317766e-02
1.081386016773847741e-02
1.110295579961431169e-02
1.114798275812291239e-02
9.412979203021455687e-03
1.043459646930860497e-02
8.674663534269495824e-03
5.353893171961933602e-03
4.643842441632376958e-03
-1.540962290120728110e-03
-2.360346176364157365e-03
-2.361395382470626858e-03
-5.143632288535300232e-03
-4.489126746036845549e-03
-5.300840591217695699e-03
-3.778103044057260548e-03
-8.032519080265917944e-04
-3.627272854148426645e-04
6.427779254190233750e-03
7.676486403945706471e-03
7.453595524835713443e-03
7.136188857469033184e-03
7.965217285705292888e-03
5.628409246680333294e-03
5.933228168908639272e-03
7.735908208316189492e-03
1.094449911962496261e-02
1.076345285187989276e-02
1.000710825513324506e-02
1.008983691588245975e-02
8.742880009703191124e-03
9.541226552941555264e-03
9.820757647308702570e-03
8.251712569497447053e-03
8.030153905133365771e-03
6.073805345150907684e-03
5.677433969981150914e-03
5.130410469997013709e-03
2.071422512302786845e-03
2.628045514381474775e-03
3.042042340166169114e-03
3.838223419592305436e-04
-1.394629016965569452e-03
-3.439277593158618276e-03
-3.185707162464369944e-03
5.302490641485115876e-03
7.692932788396642657e-03
1.427604100233665144e-02
1.562516648853787271e-02
1.352290459109342820e-02
1.296173468873901627e-02
9.078842155499297628e-03
9.693266537251750761e-03
7.573214765453786280e-03
4.842723245906907850e-03
5.066746355364562006e-03
2.043044677304515794e-03
2.237746356436888778e-03
2.297983435435733447e-03
1.540708797319854028e-03
2.266364337488925140e-03
2.008718069470200908e-03
2.801356201870852571e-03
3.230215080322953406e-03
2.515803243786372649e-03
2.415798749091679128e-03
2.237568278277107196e-03
6.963516498298177784e-04
3.940053876544385037e-04
2.257188276050871648e-03
2.287252773542124053e-03
3.932837821639164483e-03
6.900744708879118922e-03
7.549775777182268083e-03
9.409071496419903202e-03
8.554089340372959815e-03
6.431984712769777193e-03
7.964800061353197874e-03
5.902375662059590813e-03
5.886664304819595565e-03
5.897499012620977671e-03
4.104766542653041569e-03
4.954474561486893816e-03
3.690559697609316608e-03
3.843754822695095649e-03
6.029740267438997610e-03
5.648064186990394905e-03
8.770011330115118700e-03
9.576825629716342186e-03
8.419144749731136482e-03
9.510566515081145950e-03
9.188270650040533671e-03
7.845656941820603608e-03
7.677548199621235525e-03
7.145603731693358183e-03
6.164976620543069150e-03
5.593720395369427244e-03
5.233187229674511436e-03
2.107858771288008935e-03
1.771070078959275772e-03
1.838294994725043737e-03
8.646238196644581795e-04
7.422484569341052845e-04
1.043547825755188974e-03
-8.379970866316522032e-05
3.491623484778667093e-04
1.723345789020366663e-03
2.417760578865697264e-03
5.860850698694712244e-03
6.153100161304248493e-03
6.932105834914029444e-03
7.751057455402866891e-03
7.438053500865930354e-03
7.486927955980969725e-03
7.794852020010394934e-03
8.025422707337217382e-03
8.190434522603593989e-03
8.626060081429232779e-03
7.104072422818567822e-03
4.589759209561946468e-03
2.243427080609552548e-03
2.690358389355597575e-03
4.416841483404047169e-03
6.703847377730154204e-03
9.959521099420902759e-03
1.134757650629293624e-02
1.823715526380276231e-02
2.136543670436466535e-02
2.397427201406499703e-02
2.419257576400071427e-02
2.360357209409354173e-02
2.028862211798081530e-02
1.565508617869530369e-02
1.292242187295096316e-02
1.177364056645334098e-02
9.633188732138742855e-03
8.881212054835215669e-03
7.124980991092317098e-03
6.549568623636193437e-03
4.886780599197806246e-03
4.804544385888799216e-03
5.037193673808147872e-03
3.008578581871834169e-03
3.373401686703878920e-03
1.127091982044993923e-03
8.201602334424582972e-04
-4.489217304970713278e-04
-3.115304512246839293e-03
-2.348580701621284361e-03
-2.457932200019137016e-03
-2.350864598117440377e-03
7.484653094695750989e-04
9.715476209617317010e-04
4.186677381579143042e-03
4.865921080047126528e-03
3.969382687486705183e-03
4.957853842832838157e-03
2.817396139360640872e-03
2.361446026441635891e-03
-6.259373232083759913e-05
-5.879040030740262639e-04
-2.541397951742982203e-04
-4.295331582193049626e-04
-3.935547466462241162e-05
-5.684258392284352330e-04
-6.110790903065096069e-04
-4.041573435433208931e-04
-1.138265192184272035e-03
-8.164631991529212787e-04
-7.515012469275864646e-04
-2.586897299598294418e-03
6.078725939699053480e-04
1.574734335338447925e-03
2.843420554694660578e-03
5.521608124623584787e-03
6.919310991463834340e-03
1.110924200541411541e-02
1.324581223640055108e-02
1.159599159209532583e-02
7.142761287103993433e-03
6.230608401001831893e-03
9.431485373574749129e-04
-5.087698063498153223e-04
1.188014857300809593e-03
-1.110984625587421682e-03
9.642987927116599203e-04
4.184185361482285932e-03
7.131805688202739330e-03
7.051410586275479696e-03
6.851840727631298630e-03
6.198244819285458375e-03
5.933546799286902769e-03
6.459214598906581027e-03
6.048240630629667276e-03
6.361668229370316154e-03
6.200534051409640167e-03
4.396010855047036321e-03
3.547738899334648786e-03
5.059432986782610693e-04
-2.912613264034734275e-03
-4.622846298533662968e-03
-6.073954002026198985e-03
-7.207743330820680708e-03
-8.652572657564907774e-03
-9.188189121183057764e-03
-9.066914373476491623e-03
-9.263388936039836791e-03
-8.528188589937401795e-03
-8.041154222683971967e-03
-8.069069957288213871e-03
-5.975791516940290315e-03
-5.855570038296038261e-03
-3.861747680620309254e-03
2.002395214597514368e-03
3.457041275556960169e-03
2.826890173043869470e-03
2.492779721625887606e-03
2.601503782230384434e-03
2.934779388427287937e-03
3.004888070604516421e-03
3.810326215388374401e-03
3.786195889613401620e-03
4.681096097951019733e-03
4.041541534762015976e-03
2.769490001547704559e-03
2.788710812546901525e-03
-7.518718636707142494e-04
-2.327022065804463646e-03
-3.233453060452344801e-03
-6.505139511527241632e-03
-6.179858988627393371e-03
-4.299290109097599760e-03
-5.187429917936314111e-03
-2.756289126076328939e-03
-1.176768391782559648e-03
-8.965209591927110868e-04
6.231570587852327224e-03
6.435044073401123728e-03
6.542423356509846286e-03
8.248894311010794914e-03
8.226277613593376350e-03
7.891960626045073368e-03
8.622851673310066509e-03
8.506714666493497834e-03
5.475233359058221012e-03
5.289544960368394375e-03
4.516616148656829241e-03
3.769649192805475061e-03
3.671683910782697763e-03
3.246914363091261968e-03
3.104625467541623218e-03
2.902266951419289406e-03
2.645604749076002800e-03
2.668250226451165160e-03
2.012870058733067825e-03
2.047758495424948678e-03
2.053273376131460604e-03
2.256750654684116456e-03
2.486561619062355177e-03
2.151590265496705883e-03
2.203635893171316650e-03
2.158865670866426476e-03
2.085637094791396948e-03
2.103026733461130400e-03
2.071639372595364837e-03
2.061516835179912424e-03
2.061227290310675784e-03
2.050604483760863975e-03
2.049866857540962733e-03
2.047739683915903754e-03
2.045084823407448092e-03
2.045393671137608112e-03
2.044326585575551546e-03
2.044009664935276822e-03
2.045712575113406428e-03
2.044213211821338267e-03
2.047178934830295397e-03
2.050901337983969744e-03
2.045653555262719626e-03
2.063894936873518146e-03
2.059686251455190246e-03
2.056475085180030880e-03
2.124040611896429575e-03
2.051306820495760012e-03
2.145046858322955524e-03
2.270394698258410959e-03
1.969064492903357857e-03
2.707916609704660773e-03
2.897247154094373042e-03
