1.748441102802416602e-01
1.810319016086258115e-01
3.024021876430351696e-01
3.213617014455658061e-01
3.180848649858526445e-01
3.439399289239608581e-01
3.309270169622716695e-01
3.374435175531343978e-01
3.410072353154398606e-01
3.372643944316063291e-01
3.413417757840823685e-01
3.406074410427349930e-01
3.405549774128451834e-01
3.417900045537061171e-01
3.412266743621024112e-01
3.416753655109713850e-01
3.418557907166414611e-01
3.417469735562310706e-01
3.419976136518687038e-01
3.419902339319924045e-01
3.420587660457066193e-01
3.421754938584944394e-01
3.422100494774766855e-01
3.423676667826252018e-01
3.424690937618115050e-01
3.426463850474530948e-01
3.429600088003419422e-01
3.431243441091514357e-01
3.437332286790321101e-01
3.442668577747555192e-01
3.447716120512612226e-01
3.465213446342105263e-01
3.470969340148192250e-01
3.493540512968406619e-01
3.530955388285249574e-01
3.533909639712995432e-01
3.615192272845555443e-01
3.618958589851477559e-01
3.623301062129007377e-01
3.641104522168256974e-01
3.646507937573562619e-01
3.631000683330485312e-01
3.637996717105743683e-01
3.644152987112186937e-01
3.571536877337758153e-01
3.616532910376897281e-01
3.477996453926293086e-01
3.233171050623843690e-01
2.966379515766405239e-01
2.633036440383795251e-01
2.046055629331371695e-01
1.567744487999168934e-01
8.970012302348438771e-02
-5.544199766282008855e-03
-3.330089366104131698e-02
-1.166832261612632954e-01
-1.378412331198690666e-01
-1.768722550859371245e-01
-1.956059277573893307e-01
-2.080884168937197354e-01
-2.430746606183550595e-01
-2.446271650866858605e-01
-2.645386634662789116e-01
-2.573635885361132969e-01
-2.115940498090142230e-01
-2.050931013341435460e-01
-7.095201600707637390e-02
5.837340677341897738e-02
1.917004590865166447e-01
1.894244242985533566e-01
1.760139555215443352e-01
1.609240657900700422e-01
1.268358670186785775e-01
1.150846510466642936e-01
9.860116068280025403e-02
7.977207128256084967e-02
7.047561678848714151e-02
5.939719534627702774e-02
4.028551407575519522e-02
3.868633781606677785e-02
2.755028004330154281e-02
2.952341232299127149e-02
6.410850019060237992e-02
6.920816509397791083e-02
9.283926095168132386e-02
1.318898775859069505e-01
1.383528966209242039e-01
1.612720311213006741e-01
1.655949796313162803e-01
2.048466151777938726e-01
2.326285415045535043e-01
2.524720047287689062e-01
2.766804023446549632e-01
2.778206088367579651e-01
2.945071528866274324e-01
2.911516246503356165e-01
2.711438329176723561e-01
2.645902154060585376e-01
2.059283748199987607e-01
1.682966448841571316e-01
1.712352069129289001e-01
1.107786467007555870e-01
8.725634995914871572e-02
1.132823438609118077e-01
1.442864760107560596e-01
1.398487147351802629e-01
1.464205431697534476e-01
1.150613639578833974e-01
1.026593679649798058e-01
6.519847509655893325e-02
4.939574222414628429e-02
1.398052028733758750e-02
-2.520503501456893003e-02
-4.290307759072550797e-02
-9.613098788438428910e-02
-1.237929341497913255e-01
-1.493094573877674081e-01
-2.135530985795180692e-01
-2.385098671517882907e-01
-3.153189525687742911e-01
-3.527860745865513126e-01
-3.656412998121783553e-01
-3.898886620908603717e-01
-3.811773516425063235e-01
-3.814869696463057402e-01
-3.912383777675318419e-01
-3.758520921235132817e-01
-3.644712679136529188e-01
-3.549000383471515585e-01
-2.912351093112650613e-01
-2.309054013094163083e-01
-1.244027506010895595e-01
-9.354048036900333707e-02
-2.435503871187799652e-02
1.101667175900005319e-01
1.266149727987490869e-01
2.013232006721811518e-01
2.377525980808784245e-01
2.012750007099523564e-01
2.398425510774750413e-01
2.249287391648055745e-01
1.731965207872984691e-01
1.727223897140992837e-01
1.525607381394950834e-01
1.342064215793681847e-01
1.312753589003160248e-01
1.171096716704205926e-01
1.057185198151208150e-01
1.028134003165933480e-01
9.033242011912256952e-02
8.483039388509160117e-02
9.223272920738791181e-02
6.851507193960652831e-02
7.754362351233502759e-02
6.205423506577531501e-02
3.772942013295497998e-02
8.411217321124381252e-02
2.243062484217702920e-02
1.130124950803117721e-02
-4.317997901579049419e-02
-1.915415707333732176e-01
-1.960825495782825278e-01
-1.771225448611659370e-01
-1.725592280028815373e-01
-1.444554707506617297e-01
-1.120773280388877857e-01
-8.734219693056730072e-02
-3.409580985864320291e-02
3.584456363167979470e-02
1.016911120572685095e-01
1.938327029265944912e-01
2.745585121232880232e-01
3.485804216349290829e-01
3.919461593287061896e-01
4.138591588509010766e-01
4.206513632170554295e-01
4.298093917229220962e-01
4.046161121699252128e-01
4.008816430626167548e-01
3.693578319175716551e-01
3.120259407550325936e-01
2.834659921506780811e-01
2.108075708746074417e-01
1.592146837996290809e-01
1.080018472907042504e-01
1.634409711982849275e-02
-2.946637179936470799e-02
-8.819760755069325220e-02
-1.519392171037288186e-01
-1.753389375677416040e-01
-2.341202760598646015e-01
-2.489252965286555819e-01
-2.560343349485631470e-01
-2.641483149571552946e-01
-2.175510700654444962e-01
-1.834724319364400558e-01
-1.435062446817388371e-01
-7.219084678811596434e-02
-3.148585870439710166e-02
3.252061772186451427e-02
9.955809220141537130e-02
1.359819738059681593e-01
2.023684335553360136e-01
2.335598339371078302e-01
2.494394857558461520e-01
2.900505169803148653e-01
2.900951361957652685e-01
3.116247752081003908e-01
3.267168668698947620e-01
3.193121032972801032e-01
3.367113816756306388e-01
3.187983287534335575e-01
3.070487049462842233e-01
2.973792524891965550e-01
2.825311574765233535e-01
2.614909822176189613e-01
2.519573054713621363e-01
2.539882742383520742e-01
2.313437794085893007e-01
2.483502877118850816e-01
1.883203055213841515e-01
1.762930634291080823e-01
8.663370247806236046e-02
-1.218824069647786029e-01
-2.054951374760196903e-01
-2.880971601418441108e-01
-3.836854015242766591e-01
-4.788947037125665385e-01
-6.042349917575267071e-01
-6.267553116275552672e-01
-6.370376881540489311e-01
-6.441522619412509698e-01
-6.275497168543973103e-01
-6.054795147851533832e-01
-5.753552086027096113e-01
-5.644492146282473755e-01
-5.332928286070338642e-01
-5.217277789698167023e-01
-5.172809846845143333e-01
-5.079271737515815843e-01
-5.194951234335615231e-01
-5.238482490192688523e-01
-5.268688325761238245e-01
-5.394503957243583780e-01
-5.378140094402840132e-01
-4.787650079841255790e-01
-4.561626626173147514e-01
-2.160679626309436330e-01
-1.913919412319818950e-02
1.486390087576382746e-01
1.996153783313206198e-01
6.594102205251693716e-02
7.956599158658796134e-02
-1.885797817784252636e-02
-1.379274460379165644e-02
1.252115882548759662e-01
3.701519919857480800e-02
1.693192446274154050e-01
1.647540458105986871e-01
9.905075601422262677e-02
1.362863801414724851e-01
9.489103386717329114e-02
7.998768909811805605e-02
8.626712310005006656e-02
3.662710594789733015e-02
3.645900943060045168e-02
4.365209936707755561e-02
1.902483379777552761e-02
4.021628517641888390e-02
-2.151025112379318857e-02
-1.519914953944715916e-02
-3.885857938142408402e-02
-2.996640777491401536e-02
-2.204884558622950338e-02
-4.029094799252287695e-02
-1.859590600640147542e-02
-2.162311182486682457e-02
-3.935030059536836350e-02
1.792430458481149291e-02
-4.851503019769764016e-03
-4.689937106495569580e-02
-4.020745347896167998e-02
-1.301934303375845980e-01
-1.342263620566301885e-01
-1.247355857104465171e-01
-1.709019017488726255e-01
-1.447141969524929628e-01
-1.439806172358857606e-01
-1.150212827561201134e-01
-8.529598335874682968e-02
-9.721495217387945975e-02
-8.001618494222409450e-02
-1.628408443015636475e-01
-1.792609489594956529e-01
-2.110970120868077560e-01
-3.276687552799046887e-01
-3.365065009179990518e-01
-3.446132067846752189e-01
-3.715420196913473694e-01
-3.700743961092661793e-01
-3.908317683465083459e-01
-4.143164622263936780e-01
-4.249508090780098613e-01
-4.534946720294624201e-01
-4.714685599374462965e-01
-4.931765589423837137e-01
-5.253023652054485959e-01
-5.301174780731103819e-01
-5.522946786709391764e-01
-5.624230209906833089e-01
-5.525527492647862582e-01
-5.750517299959995166e-01
-5.553960513084088557e-01
-5.355256026758542509e-01
-5.253278343286477137e-01
-4.249745287486905165e-01
-3.875090850150423316e-01
-1.901025578324918863e-01
-2.920619588219324630e-02
1.232628227666412585e-01
1.221294578674874537e-01
9.750166670575743932e-02
7.320425106962907824e-02
3.150038318387218123e-02
-1.413407951790242138e-02
-3.510220768748709141e-02
-1.132712041944996806e-01
-1.258690196972041819e-01
-1.297647914186744189e-01
-1.606241977618133865e-01
-1.593285503174278472e-01
-1.755573077715292807e-01
-1.868955717895240398e-01
-1.948702152223864004e-01
-2.100420783192997187e-01
-2.051772904631565253e-01
-1.740179630250972831e-01
-2.177735604987010298e-01
-1.843114086610802838e-01
-2.656445176269636166e-01
-4.743438996124506035e-01
-5.229639082425684427e-01
-6.625794635416748513e-01
-7.044299735703523080e-01
-6.911841930646613896e-01
-7.188554252998778926e-01
-6.952806041390966474e-01
-6.618602559305925004e-01
-6.395215339279094469e-01
-6.021420663002861051e-01
-5.610806371144091420e-01
-5.260216109360438264e-01
-4.714851027039105857e-01
-4.473744893912145471e-01
-4.166915706049352242e-01
-3.698524798712719552e-01
-3.716287599555616605e-01
-3.438674119728269973e-01
-3.434632322695403972e-01
-3.556848885198548582e-01
-3.437207418835774297e-01
-3.761636364149719136e-01
-3.885628394238776484e-01
-4.038446772239105975e-01
-4.524686028616872191e-01
-4.652444783508634663e-01
-4.757729621504058204e-01
-4.866775979082523240e-01
-4.836883502867284634e-01
-4.872681189462357287e-01
-4.892534214523538427e-01
-4.822215258858326692e-01
-4.806075720465255441e-01
-4.719267863239578475e-01
-4.615082728842662685e-01
-4.583892529382890269e-01
-4.432568261854014091e-01
-4.344176592300980633e-01
-4.236514491380508618e-01
-3.408478488190805900e-01
-2.598193422796024055e-01
-1.435131177488414844e-01
-2.234061825808951809e-02
4.638419895643614704e-02
1.546847415093722811e-01
8.019092583134602992e-02
1.324337097796367962e-02
1.286392847088157210e-01
1.004924905022772097e-01
1.551362899212891389e-01
2.659484411298101425e-01
2.783053662205234313e-01
2.409650454372726514e-01
2.483900445013812186e-01
2.335444247645239446e-01
2.214158242453873326e-01
2.233072799278056908e-01
2.121411095825040116e-01
2.101745049937615295e-01
2.084709045486012324e-01
2.031659392317974877e-01
2.028635678737583103e-01
2.016159600750553338e-01
1.982153286877646192e-01
1.993082320788094053e-01
1.985530034170096270e-01
1.944202213541299518e-01
2.003556331873693475e-01
1.948865386051016890e-01
1.956691575043680853e-01
2.115597524214858915e-01
2.120465475056799998e-01
2.133117802352903492e-01
2.217069103860325185e-01
2.114397380413996219e-01
2.159197418007816061e-01
2.132225408156115942e-01
1.852273383712662036e-01
1.827710895188167373e-01
1.788027831243717558e-01
1.632697276578927437e-01
1.720235916007094301e-01
1.576445944927376275e-01
1.583598948029702469e-01
1.773596443121951138e-01
1.801584974922810500e-01
1.928695925277451040e-01
2.047833136583535052e-01
2.089895388577198976e-01
2.230395306674727851e-01
2.361800871633238097e-01
2.402098487591829146e-01
2.694100541127179560e-01
2.735053747756212017e-01
2.871516229275771215e-01
3.055440541249569431e-01
3.079467074374990787e-01
3.263598459235365068e-01
3.280772101698911092e-01
3.284771197796991782e-01
3.341592002962779362e-01
3.333074684037928281e-01
3.350522005180145424e-01
3.363144922643742096e-01
3.361605224283461535e-01
3.370998604798768894e-01
3.372555033495676091e-01
3.374019794066236977e-01
3.377179617348824436e-01
3.377295310900255143e-01
3.378523249709424192e-01
3.379252025040520580e-01
3.379424195181065516e-01
3.379840284729687672e-01
3.379946518314126958e-01
3.380047708885414171e-01
3.379748111951905720e-01
3.379947590504930321e-01
3.379382950420724008e-01
3.378557812566261309e-01
3.379219497092806335e-01
3.376183062131585255e-01
3.376340221083286575e-01
3.375917448949853350e-01
3.367191735353222692e-01
3.373862451652941408e-01
3.361233477096748357e-01
3.349491771927582406e-01
3.369035148701307048e-01
3.308184478742495216e-01
3.332985076245218448e-01
3.328512854489584782e-01
3.168063374346384853e-01
3.357446259675276323e-01
3.075850008517830858e-01
2.890671347145918890e-01
3.081777248336372010e-01
