1.540054970557209191e-01
2.012877825925079023e-01
4.739853466851531860e-01
5.117811918790363679e-01
4.436715422942146270e-01
3.905686190879551489e-01
3.769272286827268226e-01
3.701081860894607223e-01
3.675506890433559715e-01
3.676030019433749185e-01
3.675213903342552935e-01
3.675060851008880580e-01
3.675182062856965359e-01
3.675170832478772409e-01
3.675171616331805446e-01
3.675173103616703463e-01
3.675172762340020438e-01
3.675172781611427686e-01
3.675172788752842923e-01
3.675172785094650840e-01
3.675172785809061038e-01
3.675172788028545079e-01
3.675172766809304270e-01
3.675172842515306293e-01
3.675172862492936954e-01
3.675170937354294565e-01
3.675179598843740236e-01
3.675165532632936327e-01
3.675095315171265642e-01
3.675715277026173622e-01
3.674477599302024555e-01
3.674602210155850646e-01
3.694643287157868272e-01
3.624204637943391205e-01
3.632702197401653788e-01
3.695735150837872185e-01
2.069278948303429899e-01
2.049036835193513151e-01
1.891007071178791854e-01
1.839623899137537710e-01
1.851109458168070099e-01
1.857195603279771789e-01
1.831907454209384667e-01
1.815038001503551102e-01
1.844993603635026735e-01
9.471166368252072199e-02
9.485557532822810889e-02
8.682241363711837301e-02
8.592269216856190939e-02
8.881326186919266674e-02
8.552118139834108401e-02
1.329226390257281232e-01
1.198914853366231520e-01
1.049200477287378849e-02
-1.290505077028069811e-02
-5.124879218231602473e-02
-3.477238621794542794e-02
-5.187260081259191524e-02
-5.669375045212895342e-02
-6.316764217903160505e-02
-1.221810873581732071e-01
-1.557011912923225438e-01
-2.391431585201474752e-01
-1.752838991140997504e-01
-1.150038355800513945e-01
-2.302657336989599735e-01
-1.450828675255632361e-01
1.836956948598005845e-01
4.380357568742536123e-01
2.966055009287099642e-01
1.571497345419874403e-01
7.034840758275763550e-02
3.029098355540792153e-02
2.360330018252944362e-02
2.098042179974131047e-02
1.993579662592771112e-02
1.867911698385075342e-02
1.689183135927174381e-02
-8.405111160387907648e-03
-2.969415190211646682e-02
-6.132101028578142154e-02
-5.044092023834520488e-02
-1.450769585997243108e-03
6.159857975670645323e-03
2.566267560445844448e-02
8.391837454075246061e-02
2.295480586036117293e-02
-3.769572089240577628e-02
-1.926276545648616112e-01
-9.040922475778472023e-02
7.788899267750989952e-02
2.011680423699835629e-01
2.616589035458322110e-01
3.873965239372183511e-01
4.936592879706937498e-01
3.981650778977607885e-01
3.422491136167868375e-01
2.980457097038121117e-01
6.574989477663867321e-02
-7.171874588617181689e-02
-4.054444084546172250e-02
-2.644601907296316168e-01
-3.164498554097810445e-01
-7.047634797022850339e-02
1.893442036675518636e-01
2.333897729210319405e-01
2.712929118272305873e-01
1.735687414444696819e-01
1.346983163821016405e-01
1.820653879256513841e-01
1.640213354478063656e-01
3.445991812106508068e-02
1.088635456893877890e-02
-4.554126812209913222e-02
-1.390309477553780537e-01
-1.867200628412063190e-01
-1.827533553362808288e-02
-1.080059968857335559e-02
-7.991179398642769827e-02
-1.453166961059853823e-01
-2.393143817160044984e-01
-3.388480265823976545e-01
-3.536701569476639051e-01
-3.108151970957869770e-01
-3.139025014880120756e-01
-3.482448991597599797e-01
-3.627956822437916062e-01
-2.855840182926432380e-01
-3.714517858513004533e-01
-2.060319347822635316e-01
2.611680933548364211e-02
1.014816700857472248e-01
4.103706734812548329e-02
1.208149060650717463e-02
8.350920784850571210e-02
1.013621846459777653e-01
1.516274911702255312e-01
1.443736018341054139e-01
9.608814803900198043e-02
1.444999004328514358e-01
1.384085652596214189e-01
7.291434815511300960e-02
5.044632956522338008e-02
5.499496992889540969e-02
5.166919654950679480e-02
5.142489793733878017e-02
5.058864891552603688e-02
3.988717829427503719e-02
3.136635329268954581e-02
3.336625971790707114e-03
7.582637006287900466e-03
2.450034758385087608e-02
2.373581839429764195e-02
1.023090673980355664e-02
-1.964402363855301259e-02
-6.230147371016038320e-03
7.540144489297068153e-02
1.079605674391914127e-01
2.219699660299062349e-01
7.728103268296793171e-02
-2.845321999039838734e-01
-3.569454221852952913e-01
-2.542459682681770250e-01
-2.301956797183822012e-01
-1.630944749980095532e-01
-8.977623034832796223e-02
-1.210951171548080157e-01
-1.334543267322489402e-01
-3.883990462094649015e-02
-2.733244395078783806e-01
-2.103539651084055662e-01
2.034543464532179158e-01
5.006106991381232829e-01
5.688032025458488183e-01
7.387161646224447153e-01
7.960434120761125110e-01
9.010318939284699402e-01
8.917595728193289384e-01
8.950641188162502537e-01
8.142365628559241619e-01
6.610109618192059333e-01
6.161657249632210842e-01
3.694150241745887686e-01
1.439305339759822111e-01
3.955705789064878353e-02
-2.283198353137415593e-01
-3.477134644257610097e-01
-3.788751584853078391e-01
-5.508643673360320570e-01
-3.766729020728322719e-01
-4.050243530689998650e-01
-4.139130223968975342e-01
-4.099169719219186714e-01
-4.130255064449963043e-01
-2.868459597552252549e-01
-3.121355117688854874e-01
-1.950115993466657038e-01
-1.319895793022310415e-01
-1.326753550801025028e-01
1.855654656698674590e-02
1.142665532806756423e-01
1.541281500912526081e-01
3.047722352960552938e-01
3.379076362997929794e-01
3.923678998492665659e-01
5.422751036509568801e-01
4.316216170700722943e-01
4.389548813274724570e-01
4.590817151416412001e-01
3.218850478240747326e-01
3.544700033017215701e-01
2.472021326258338203e-01
1.119850245975057418e-01
6.360096895291941776e-02
8.185497144654552137e-02
-1.062412458968199462e-02
2.230437098107837871e-03
9.873596324270028646e-02
1.032090490278320810e-01
1.558517054275169733e-01
1.772000725858304815e-01
2.771014304327386601e-01
1.773581697190200201e-01
-9.500479237940746835e-02
-1.531902670917184850e-01
3.850529850058011933e-03
3.458286540255958719e-02
-3.402137705460422379e-01
-5.352112406019755575e-01
-7.310671806335714562e-01
-8.379314522258948239e-01
-8.681436474455207497e-01
-7.875175023340806879e-01
-6.644352026990522075e-01
-4.690510308959466856e-01
-3.155600243989671871e-01
-8.224095912981879697e-02
-1.055990601909404386e-01
-5.723389888800520936e-02
-3.064748433850019577e-02
-1.320636985027101584e-01
-1.056663050450656893e-01
-2.246545102329806920e-01
-2.904186069287745808e-01
-3.187074872144021742e-01
-1.388793509449094965e-01
-1.666894658844472743e-01
-9.054497553827252354e-02
2.056182873487047147e-01
4.034292687231777474e-01
3.171960077308472736e-01
9.882489461818226573e-02
-8.062213752391904353e-02
-2.297437854737568730e-01
-1.719728621218238607e-01
4.517702230385708256e-02
1.553067571939845820e-02
1.776609642261569311e-01
1.672295876952843707e-01
7.325985761982310718e-02
5.390006163122549460e-02
5.352428373577949178e-02
5.526170334788642335e-02
4.119247097493954762e-02
-2.956075319611254151e-02
-5.173807534035773648e-02
1.563838244758330651e-02
3.550330711921512866e-02
7.658254431112167249e-02
-2.703622122762266294e-02
-5.036795133183009227e-02
-6.871863651089965552e-02
-1.219534091402875442e-02
-1.479536708697711325e-02
-1.518974933745274869e-02
-7.285115751475601358e-03
-4.353257958893355650e-02
-2.628896400526271188e-02
1.175307892849981467e-01
1.401610990987254002e-01
6.109600153970577707e-02
1.160961325466105913e-02
-1.671256709213444214e-01
-1.642195532946975345e-01
-1.004034028895683522e-01
-1.685046598989332900e-01
-1.700284150941238082e-01
-9.848466746151618434e-02
-2.256795573920410136e-02
4.173387257524474592e-02
8.431132409845695785e-02
7.294132217150435527e-02
-2.386841751344347812e-02
1.053397583040553837e-01
6.493971150203894926e-02
-2.653752633065528110e-01
-2.745514609521315652e-01
-1.623789564238197480e-01
-1.739204869307299228e-01
-2.262875538085200589e-01
-1.978177827581761028e-01
-2.831903536654104547e-01
-3.425783954802806286e-01
-4.076798635213763622e-01
-5.149775919428946080e-01
-5.302866153273245731e-01
-5.481706628888836086e-01
-5.362655933401373476e-01
-5.263467883278454273e-01
-4.297055047954591034e-01
-3.687637930086116733e-01
-2.792243409631119389e-01
-2.660667805671877439e-01
-2.437478128010330258e-01
-2.350549796567210914e-01
-2.394626599541094525e-01
-2.126339537654987899e-01
-1.108103665973441711e-02
3.126084975607504868e-01
5.003445596317385169e-01
2.701351931439542886e-01
1.669327180339373884e-01
7.687453732919499738e-02
4.771006099942051021e-02
1.472406027200805559e-02
-1.833415470177874457e-02
-1.701483002715473425e-01
-1.604470830372496382e-01
-9.758710776811665988e-02
-1.024322183589200519e-01
-9.968289348537610894e-02
-1.014264138903923779e-01
-9.978163436585703316e-02
-1.622278928995140868e-01
-1.710138284068820624e-01
-9.261581323584310022e-02
-2.441707414818281019e-02
6.578011772218579634e-02
3.896244027901806239e-01
3.437049766435066878e-01
-8.385143040749128140e-02
-3.170875268935657298e-01
-7.710403658696157736e-01
-8.725402302399948296e-01
-7.462703338049102575e-01
-8.504913236252333864e-01
-7.407790692132805166e-01
-7.522491234214403466e-01
-6.588705391142557488e-01
-5.829762259467269336e-01
-5.057561030753024989e-01
-4.575685932769827935e-01
-3.560280702155373955e-01
-2.597722939329219494e-01
-1.555607562885970574e-01
-2.566183058284151816e-02
-4.584994868106789800e-02
6.887977918517192155e-02
4.464235559134106107e-02
2.693651254134390993e-02
6.474327583291070165e-02
-5.412512014042870218e-02
-5.051136424255230767e-02
-1.707598177642553339e-01
-3.151859366571833077e-01
-3.639412189463706593e-01
-5.850232565443111987e-01
-5.365686848187145586e-01
-6.514531945427162185e-01
-6.997579492036728466e-01
-5.769785083907758017e-01
-6.070036786044195054e-01
-4.995444309728112042e-01
-4.582740108102892340e-01
-3.552095661334199739e-01
-2.949747399316286489e-01
-2.998627196374192838e-01
-2.267014138212972985e-01
-2.728022794990493938e-01
-2.173161449336476203e-01
-8.721239379450168583e-02
-1.307244820327481405e-02
9.882806388077938764e-02
2.531722558004819712e-01
3.167267758241252840e-01
-1.048754959897022637e-02
-1.818018776900092170e-01
-9.662161224975922280e-02
-1.031273172478981287e-01
-4.378385187131792963e-03
2.745520801239847986e-01
3.263390020102447386e-01
1.095592116221604101e-01
6.226643984660680531e-02
8.162329799201138714e-02
7.059678792775980760e-02
7.250807321184689347e-02
7.383795890434173559e-02
7.341613595863738517e-02
7.351750342372163904e-02
7.352035958332024668e-02
7.351700125090686322e-02
7.352051180389927720e-02
7.347097418055140161e-02
7.376978234146402968e-02
7.291596417589581158e-02
7.121001464812586057e-02
7.360294685087338806e-02
5.038066337904092973e-02
5.323213762544901778e-02
1.139160352262961751e-01
1.252396756236416331e-01
1.234699224077964869e-01
1.282567500249395531e-01
1.239552031132262755e-01
1.509601736771272462e-01
1.426878283364725886e-01
5.116984693274514995e-02
3.717813298327355548e-02
4.954627868617401953e-02
4.239750723353621215e-02
4.702642487250254660e-02
9.592578526770442413e-03
3.826832594964917240e-03
9.799627170595258396e-02
1.157569775445367044e-01
1.322753188967312199e-01
1.375654963180011070e-01
1.395398915354247316e-01
1.383770797693226196e-01
1.535502196140520192e-01
1.589261204843628872e-01
1.176820682263626655e-01
1.076973247665932720e-01
1.022534353996181478e-01
1.159253601280691021e-01
1.181369115024045457e-01
3.949277835043878970e-01
3.892497278631791846e-01
3.910394758867825060e-01
4.033655986626485390e-01
4.003665486472948731e-01
4.004615177748107602e-01
4.006539855199955924e-01
4.005555208704740244e-01
4.005674920727100297e-01
4.005691415634631825e-01
4.005678070722215045e-01
4.005681144298837149e-01
4.005681050002731225e-01
4.005680946630553185e-01
4.005680979087983262e-01
4.005680975384241504e-01
4.005680975032788194e-01
4.005680975207148165e-01
4.005680975180183068e-01
4.005680975180511139e-01
4.005680975191590609e-01
4.005680975129399801e-01
4.005680975217427164e-01
4.005680976856392794e-01
4.005680963826066532e-01
4.005681001928600438e-01
4.005681059589028536e-01
4.005679766551936138e-01
4.005685260478605292e-01
4.005679095414293456e-01
4.005627463029287627e-01
4.006043532441131427e-01
4.005193240154216738e-01
4.004879572853453085e-01
4.017412937372368265e-01
3.963125562694995718e-01
3.971902573286230087e-01
3.969310746901241749e-01
2.755339805886315441e-01
2.758686153070058489e-01
