-1.957782198357995156e-04
2.324397897211750931e-04
2.850904843090378352e-02
3.745199047713516916e-02
2.779687556085856312e-02
2.027040845641778222e-02
1.425754684351346335e-02
1.425689451871058576e-02
1.425637448940505689e-02
1.425616818559340832e-02
1.425619635353765277e-02
1.425619635353742726e-02
1.425619635353780890e-02
1.425619635353808645e-02
1.425619635353782798e-02
1.425619635353825472e-02
1.425619635353762675e-02
1.425619635353820788e-02
1.425619635353804308e-02
1.425619635353794594e-02
1.425619635353822003e-02
1.425619635353796329e-02
1.425619635353748103e-02
1.425619635353786267e-02
1.425619635353850626e-02
1.425619635353804655e-02
1.425619635353734399e-02
1.425619635353802400e-02
1.425619635353812982e-02
1.425619453891848257e-02
1.425621052471181573e-02
1.425620975396936843e-02
1.425632051366323982e-02
1.464378898491598344e-02
1.455352194728695356e-02
1.755611358476245540e-02
1.736234956027775042e-02
1.754297163482552990e-02
1.754331577648437709e-02
1.696215928315614185e-02
1.883193222409284759e-02
2.020209615688302318e-02
2.049289885659449223e-02
1.675193528341849258e-02
1.920543215931828918e-02
1.613516709116383577e-02
-6.983540640470213209e-03
-8.211123410791726016e-03
-2.069836515632267164e-03
-1.167550121729161831e-02
-1.328812541288715982e-02
1.258746931276094085e-02
1.739008462790837470e-02
2.061677585022183429e-02
2.306761425814323613e-02
2.807891171568033598e-02
1.333730372672411492e-02
2.893893662552327398e-02
2.711917791607180300e-02
-2.812778970435041073e-03
2.237203730251708517e-02
1.724154458451561053e-02
2.271408500027012958e-02
2.700808270223162277e-02
3.542929662926745660e-02
2.048754175013276294e-02
5.015066103948635778e-02
4.115486822724520599e-02
-1.488206178206998367e-02
-4.295559295876415218e-02
-1.743993740306798781e-02
2.122890048079197067e-02
2.208544907612617139e-02
-3.067760242864791057e-02
-3.850829822697462296e-02
-8.947017455317512677e-03
-1.525305398682326539e-03
5.256227431661892463e-03
5.262221543454210539e-03
2.195408049269354997e-02
3.294008510646033450e-02
3.448287051380859863e-02
2.614079212142832870e-02
4.162018580275458728e-03
4.158744160062568911e-03
-2.449750118650464124e-03
-4.874714104753530980e-03
-2.319184066422306373e-02
-2.431658769389305821e-02
-2.669916618569471989e-02
-3.380248576528090132e-02
-3.489995384840153397e-02
-2.501144875004748108e-02
-3.431020852001198662e-02
-2.721719887278952615e-02
1.841197269214731730e-02
2.316859962845319726e-02
1.229412932544948767e-02
2.349262140325465362e-02
2.477762613653130414e-02
3.279951594548705801e-02
2.720221398279836986e-02
2.463220650999384254e-02
2.686115654595554875e-02
3.660513654068947575e-02
7.299937791920066421e-02
6.395445369474882236e-02
-2.816884137134594013e-02
-3.973240286705801566e-02
-6.641659819815889064e-03
7.892818589802209905e-03
2.307013061022873939e-03
-9.350976678665453472e-04
-1.678032426965930454e-02
-3.985585780404254236e-02
-6.381523552505113939e-02
-6.049886277037785920e-02
-4.163318053393330609e-02
-2.235144243934786626e-02
-4.306438935254238570e-02
1.456556210182003439e-03
6.444353782415623844e-02
8.341768326358933727e-02
3.112557106626777717e-02
-4.174117722739476705e-02
-6.051154666882403721e-02
1.266615208074671310e-02
3.173124144631749716e-02
2.233667332504554737e-02
1.858104265390574800e-02
-1.348779532028449978e-03
-3.692658728293542799e-03
3.837778403459001474e-03
3.833248955713198722e-03
4.231238431859477879e-03
-2.167413906469114158e-03
-2.605799941858080379e-02
-2.625490318304270210e-02
-2.581756989904186728e-02
-1.749958025678608267e-02
3.122619339256313756e-02
3.740665066627469476e-02
1.064276889562263545e-02
1.400497546371812490e-03
-1.388644374539568273e-02
-8.820736742347037168e-03
9.379460442212904370e-03
1.713517272358478991e-02
5.540465726835688831e-02
2.492859925243013502e-02
3.184002463191144827e-02
5.937791992429133220e-02
2.122667346333229413e-02
1.266074421761934771e-02
-1.626753097839441289e-02
6.368187799668046170e-03
-1.159994816052189060e-03
1.353636116253677073e-02
4.783314088593928516e-03
9.250221189942791841e-03
4.464767144178696801e-02
4.902593143882843368e-02
4.009058987640657518e-02
5.975255281387738260e-02
6.109425495338504514e-02
3.564368789539619931e-03
-1.593064275687577219e-02
-2.173369175809704290e-02
-8.942723965260078109e-03
8.410216423983866985e-03
-4.706446561048522942e-04
-9.090205395380961118e-03
2.004983201714860205e-02
4.005517955627427990e-02
1.215557101240896110e-01
1.154114738545421737e-01
-1.115541958844231026e-02
-3.449586226464567557e-02
-4.416337965803046606e-02
-4.353041968332691664e-02
-4.851436147620192402e-02
-4.396145657086855674e-02
1.844028539573765060e-04
1.117779942892479193e-02
7.637209185339726911e-03
9.121544868431939734e-03
9.141454025891740387e-03
-6.881230401929684312e-03
-5.955747956085192391e-02
-7.207044869532271136e-02
-2.609665241707783898e-02
7.965135806424132256e-03
2.099593216977633722e-02
1.987090025458612685e-02
3.691051088071303082e-02
3.149485006084243310e-02
2.686048807168310917e-02
3.660685640675399866e-02
7.300118488114926141e-02
6.395369226082134317e-02
-1.207409000822085195e-02
-3.726157910530919493e-02
-2.478514635365253183e-02
-1.981870734838875325e-02
-1.403709798933748878e-02
-6.951001210777726057e-03
-4.687541305937878260e-03
-2.747367389203518931e-03
-2.310840201541915218e-02
-5.181365446797204372e-02
-3.237693367359391339e-02
1.983053929119876421e-02
5.811514668343043671e-02
3.914762675444895951e-02
4.095162662461132586e-02
6.027238608758180016e-03
1.157091212336246351e-02
-1.007687331002174620e-02
-2.623484963046984059e-02
-7.031011324229843873e-02
-4.996663955278184133e-02
-2.061124701607686821e-02
-2.751585507240838710e-02
-3.293365233991218943e-02
-3.688752607189030308e-02
-3.688847444039335122e-02
-4.542337092175059016e-02
-4.830421087355465243e-02
-3.224756619047370459e-02
-2.238110379085508223e-02
-1.550738544539689498e-02
-1.909688015154785770e-02
-1.732873616561256616e-02
-1.419326323119398346e-02
-6.085364173921731408e-03
-2.014514117272318133e-02
-2.599961891278053036e-02
-2.124876125403590485e-02
-2.124633867933960196e-02
-1.886074468528428985e-02
-9.352763024304345044e-03
7.334608353000096614e-02
7.215530543730104551e-02
5.314399660593007585e-02
5.315021771931512790e-02
5.314626740925033899e-02
5.314489226430887947e-02
5.314537420316564620e-02
5.314559032486769474e-02
5.314506249253125869e-02
5.314468621404017101e-02
5.314232673223432540e-02
4.461080741081931839e-02
4.057436505164571661e-02
1.238542841690031329e-02
1.664878862569963217e-02
2.472162955641114476e-02
2.472135168519797033e-02
2.472099728064023477e-02
2.864211511640648786e-02
3.077922218037217744e-02
3.763051023231557633e-03
1.751271120520681360e-02
1.097019239149983963e-02
-3.155069321443425279e-02
-4.618378215919867469e-02
-3.335254182017974300e-02
-1.956937709247204282e-02
-3.940774548858062831e-02
-4.921449066118419036e-02
-4.089001154801738536e-02
-5.219817506452398108e-03
-5.778367773630092678e-03
-2.816413301183316731e-02
-2.732039767378456260e-02
-3.994219399380658994e-03
9.594871841708514995e-03
1.266306109409905470e-02
5.013662380917210427e-03
5.521858644172848891e-04
-1.678021379523105677e-02
-3.985574543799541569e-02
-6.381522271861896078e-02
-6.049827405929310287e-02
-4.163271714460646533e-02
-2.089347576843495272e-02
-3.877305891421058137e-02
-2.045999999474648959e-02
3.526835671444134099e-03
1.765121104251354475e-02
4.791409014727691928e-02
4.032336139751137305e-02
2.342092843835024210e-02
2.342251036031513245e-02
2.341860954078337984e-02
2.341733381915952344e-02
2.341760682443845554e-02
2.341876106692607207e-02
2.342227977983093665e-02
2.587846431117862833e-02
4.136426298711307764e-02
5.356189770359746222e-02
3.711699299979789868e-02
-5.021220112921945949e-02
-6.481879541091307984e-02
-4.207995520968670772e-02
-3.380841539798917772e-02
-2.857670255412251073e-02
-9.599939420775638332e-03
4.532597179143583836e-03
-6.130722943374650007e-03
-1.961298435731779338e-02
-2.436573882165985611e-02
-2.119968226589835289e-02
-2.120028371776225967e-02
-2.120047312451215152e-02
-2.187676282040905071e-02
-2.275305160714114622e-02
-2.603218057170958791e-02
-6.555623593343926948e-03
1.124727226793166210e-02
-1.535866876153510084e-03
-2.118594517697988677e-02
-1.443806702074983822e-02
-1.443939355299630849e-02
-1.443961839446616761e-02
-1.444002107189948196e-02
-1.444126543051115277e-02
-1.443801285530301251e-02
-3.621240764788433153e-02
-3.484058319943616339e-02
5.541960347875765636e-02
7.005559107997662294e-02
3.389702466453267671e-02
1.154284505998902019e-02
-3.002471824681091778e-02
-2.460711817437209736e-02
-1.206502943011843881e-02
-1.144449026056718055e-02
-1.437556936539301396e-02
-2.156917664929995648e-02
-2.787339779822587196e-02
-2.741950305279441946e-02
-2.932139719072350201e-02
-3.896363569257751264e-02
-3.275437668762951060e-02
2.235960751498373630e-02
3.815749556141677379e-02
4.710790481285372089e-02
6.073132570523458867e-02
5.516393404038187620e-02
6.253207768954924251e-02
5.414738859044396224e-02
5.944023277318592757e-02
6.625170550881981368e-02
5.376413043173424583e-02
4.474556271656383866e-02
3.111629077740061394e-02
3.111026523357255519e-02
2.369290761341439830e-02
1.442608022461880357e-02
-9.119578675750009480e-03
-1.394398472084537296e-03
3.328102175364071325e-02
1.770460526482953156e-02
1.479236631389740410e-02
-7.453452451052434069e-04
-7.233530750379389869e-03
1.962630795791839300e-02
3.715639303348208800e-02
3.079039393959405457e-02
1.216292987791317386e-03
-4.074090114698148551e-02
-9.599387537843999396e-02
-9.365436199622939606e-02
-5.694280777804552190e-02
-4.575720502930662181e-02
-4.297707079144491571e-02
-4.091829994586407976e-02
-4.091811854511250707e-02
-4.091953784872210537e-02
-4.092270891841087721e-02
-4.092056348136696720e-02
-5.505596464140191659e-02
-5.628585134180711519e-02
-3.772971670307968817e-02
-4.243889950403754996e-02
-3.857559898102517343e-02
-3.961756334702332995e-03
1.619869367811496708e-02
5.175433117819155937e-02
3.947689334138109601e-02
1.093193506189146617e-02
1.013567489474712958e-02
2.703657321308125007e-03
-2.804285625194476855e-02
-2.764461103729948591e-02
-2.250827193132417386e-02
-2.555488248442347801e-02
-2.976881608771846793e-02
-2.490753003098135701e-02
-1.881576163712210537e-02
-1.881578188943695829e-02
-1.881538544771331478e-02
-1.881522060089572262e-02
-1.881525538449419638e-02
-1.881525538449471679e-02
-1.881521184545354927e-02
-1.881546642922258053e-02
-1.881578741034045654e-02
-1.881494999170476787e-02
-2.643965553208332472e-02
-2.407527833669607931e-02
-2.708328899573485011e-03
1.104088003692455661e-03
-3.624053317052319638e-03
-3.623126596262664194e-03
-3.623187430449333231e-03
1.789606298370326936e-03
8.881008022491802931e-05
7.620771387597760453e-03
4.914304889337008098e-03
8.316175377629794058e-03
8.316727421980106560e-03
8.317087792919047179e-03
1.858348847949258670e-02
2.254223758620675644e-02
3.307111349893277624e-02
2.793856759346284926e-02
2.002018289434860654e-02
2.002048525850529809e-02
2.001966905605694416e-02
2.001903517047859751e-02
2.001860171270137753e-02
1.153771606712916155e-02
7.601237607334020152e-03
-4.682734958798766105e-03
-4.429116817420848651e-04
7.430790642363131054e-03
7.430402430484022575e-03
7.430892736620277501e-03
7.431115421342214880e-03
7.431189550806881379e-03
5.865784523984318363e-03
6.431579644466691587e-03
8.272491129017331413e-03
9.055254476709453590e-03
7.923625605187754189e-03
9.102458061356316632e-03
9.101020235100750963e-03
6.908147164543930463e-03
6.318825122930088987e-03
6.321525496359200851e-03
6.321411357043935086e-03
6.321398520899414522e-03
6.321401523574204755e-03
6.321401509842819802e-03
6.321401509842764291e-03
6.321401509842915212e-03
6.321401509842924753e-03
6.321401509843225727e-03
6.321401509842854496e-03
6.321401509842530103e-03
6.321401509842803322e-03
6.321401509843092154e-03
6.321401509843213584e-03
6.321401509842768628e-03
6.321407557140041808e-03
6.321361556754133415e-03
6.321270463309461470e-03
6.321313105850372149e-03
5.088079119774963945e-03
4.350672741117600321e-03
5.835728372437142854e-03
7.163602425076525879e-03
