-9.680058285049683792e-05
-5.304846682474408744e-05
1.246703711405107396e-03
1.398889836025701090e-03
1.058562589369025459e-03
1.149014684547043467e-03
3.561421299170098144e-04
3.376190340654119438e-04
1.439822982608005974e-04
-9.119561022070680665e-05
-9.538504990681404211e-05
-2.190035723070812325e-04
-2.532846272622208935e-04
-2.589723566056114138e-04
-2.903468906313338483e-04
-2.281679479058306098e-04
-2.261767472605892603e-04
-1.445949505955110574e-04
1.573218426802471220e-05
-8.100238970811650350e-06
3.612841935033210788e-04
3.198253468042598787e-04
4.889657421522497624e-04
4.630934354185564411e-04
5.491074989723842030e-04
5.387252017123828974e-04
2.894622611551573828e-04
7.018742026193604266e-04
-9.397920195840304053e-06
3.165767866125909947e-05
9.111775820695761259e-04
-8.164700405874722065e-04
1.633138128377280285e-03
-1.818002157000843952e-03
-5.281234248203401510e-03
-4.895281000869593051e-03
-1.658351077865103523e-02
-1.764967490634688704e-02
-2.235141695648116059e-02
-2.673660420330970303e-02
-2.817188601014156482e-02
-3.002718361727620133e-02
-3.183324599474887662e-02
-3.296055884581882561e-02
-3.475745408952557458e-02
-3.512194177634048176e-02
-3.711981003607997542e-02
-3.775447181023790233e-02
-3.776093629417491548e-02
-4.194152036558260188e-02
-4.220335114965260287e-02
-4.185158441581832145e-02
-4.146066369897387360e-02
-4.023479936158802506e-02
-3.341136888300576258e-02
-2.780909788098700694e-02
-2.283970596278588408e-02
-1.363625886099431583e-02
-7.862619344598358040e-03
-1.016333564769796374e-02
-1.388159489888762289e-03
3.058671621817229437e-03
6.236190716086585824e-03
1.320348138798533785e-02
1.256283669686870941e-02
1.883690117200881309e-02
2.888552836983405286e-02
3.128820756263879510e-02
4.072833713409090145e-02
4.430275814074186025e-02
4.550594579192078493e-02
4.839825268272683612e-02
4.818279438770930317e-02
4.918998002733591945e-02
5.166450047158015202e-02
5.188078789789762196e-02
5.386949062616307182e-02
5.836291707570107068e-02
5.978069423211840316e-02
6.520517663727756763e-02
6.777874764939578744e-02
6.998471465806496705e-02
7.336935585272677529e-02
7.327305507219776526e-02
7.254041436403856069e-02
7.082370954706559973e-02
6.860698791701130839e-02
6.476391749617206595e-02
5.857837651654257405e-02
5.291496519344944527e-02
4.636797797411541799e-02
4.166646761515850617e-02
3.297623899255733293e-02
2.943757455263493195e-02
2.323023030865044650e-02
1.880938068941912303e-02
1.623608590395326720e-02
1.092951604282928549e-02
9.234127643738187716e-03
7.704549495026770216e-03
5.188796653447557208e-03
4.527285523517225914e-03
1.972913055385224802e-03
7.350307272407456119e-04
-2.650376692266067247e-05
8.894138213372455339e-04
-8.818643675664859273e-04
-2.879598010949126728e-03
2.785174100960995710e-03
-2.255819909897930492e-03
-1.090936467654651798e-03
2.636453791559096888e-03
2.271037965679203324e-04
4.268669407574223612e-03
4.453815983647664914e-03
3.829549699632611628e-03
5.523684282116637402e-03
2.731081771115751334e-03
5.717630335826775698e-03
6.653620360002765292e-03
7.536623228885426344e-03
7.299489153421994010e-03
6.465168596075172164e-03
4.198220819817933928e-03
1.853243944562100055e-03
1.505087573027445811e-03
-5.739407365957977653e-03
-6.214151472837795183e-03
-1.147289174959146077e-02
-1.385785337460712467e-02
-1.519640776776162369e-02
-1.707015652166422176e-02
-1.506069820843982700e-02
-1.525701759876359719e-02
-1.510090354773947416e-02
-1.239965482016832168e-02
-1.192399909571418594e-02
-1.040907873522888168e-02
-4.006300598575415761e-03
-3.694317213871834218e-03
7.981331053653648944e-04
2.491515303870144894e-03
2.191557396586152600e-03
5.495356570017957167e-03
4.751172528984709022e-03
6.216223249752349765e-03
1.064575066803622252e-02
1.194068343966635942e-02
1.859999523226055218e-02
2.672781561461475344e-02
3.270093316591952959e-02
4.766825875251123196e-02
5.542124569230209852e-02
6.837898713706815068e-02
8.299631085820247112e-02
9.029220038187837916e-02
1.045561323902079176e-01
1.176260593535394527e-01
1.209444314208506788e-01
1.380517187198889162e-01
1.368414331877615686e-01
1.391484257862962426e-01
1.447434847015125758e-01
1.340020361679927219e-01
1.355425826154567082e-01
1.266801223686631339e-01
1.136548049585794778e-01
1.058117984462322025e-01
9.079470634894039327e-02
8.006487983163491917e-02
7.606033455831232026e-02
6.595568229177742325e-02
6.843278938354237229e-02
6.360954610674117438e-02
5.755852508924982208e-02
5.833393450647263168e-02
4.715519287387276437e-02
4.327126404794607445e-02
3.832277917308895415e-02
2.662425431750429367e-02
2.447191437996700317e-02
1.640959352391084189e-02
1.313211829328230808e-02
1.028966348949729784e-02
8.663821421184599719e-03
6.985535882838411065e-03
5.515929452389724784e-03
4.915007568161365928e-03
1.920523710550638011e-03
-3.684499035284235970e-04
-9.482153949515637233e-04
-6.826239247748321429e-03
-6.840404002096741633e-03
-7.987058203001365722e-03
-1.083274832490252644e-02
-8.020122731482479811e-03
-9.792279999003148522e-03
-8.869329786724769113e-03
-4.242389743193304696e-03
-4.955039879177090129e-03
-1.771916139843034838e-03
-5.564164724746200903e-04
-3.002513781617064097e-03
-1.485846419469896186e-03
-2.968849269389083056e-03
-4.870315260933497092e-03
-3.807181378602434753e-03
-6.063667772727607611e-03
-5.558800840258319546e-03
-2.963182241108730172e-03
-4.642711256359803064e-03
1.157027854571021077e-03
9.412589371156090089e-04
-1.030332002992151962e-02
-1.037420686691855644e-02
-1.949366968656535831e-02
-4.000067565741406705e-02
-4.323614526348736053e-02
-6.341302310237953432e-02
-6.616318137341810346e-02
-7.311146505970395060e-02
-8.164196057078620949e-02
-8.203645304825367413e-02
-8.928063421193840887e-02
-8.983680307293651079e-02
-9.011430956445629081e-02
-9.099237487709693761e-02
-8.931229409855363788e-02
-8.753180607348914899e-02
-8.355333149797126990e-02
-8.154950528066680360e-02
-7.420768193867943729e-02
-7.110505906747624505e-02
-6.489258269367265131e-02
-5.442686036329053706e-02
-4.794835146253049324e-02
-3.690287972699657359e-02
-3.169381324089391716e-02
-1.817290273770684472e-02
-1.401245094352943782e-02
-1.070759133919229646e-02
-6.155007638805818672e-03
-4.895707756716663299e-03
-2.148680468275937158e-03
-4.235177342194500726e-03
-4.202008093271444519e-03
-1.105760852480827585e-03
1.598808843120905080e-03
-2.226492668972376680e-03
-2.236294277420942771e-04
2.244713359035845502e-03
1.501680290729966822e-03
4.877307273529297299e-03
5.124347649957507536e-03
5.497218818527322207e-03
5.949288631328473499e-03
3.796322451070098785e-03
4.563555889456468069e-03
3.481581460222828682e-03
2.442011840353587072e-03
3.880500510746581581e-03
3.220614804590931756e-03
1.906803054855603016e-03
2.238577973198173799e-03
4.033887549737102517e-04
-5.174228087441872003e-04
4.190809260506022553e-04
-1.265435961820695655e-03
1.924168151130921985e-03
8.816351789027012179e-03
2.891327108190127389e-03
7.816167876899081726e-03
9.739277120052311151e-03
1.221655808885670907e-02
1.340539494937391732e-02
1.503988615498657623e-02
1.629177198209607116e-02
1.864178554679461058e-02
2.528161945370542910e-02
3.097813995065602441e-02
3.083114864681813297e-02
3.529206885963866169e-02
3.129479751599723025e-02
2.962518884878741210e-02
2.810900507933935047e-02
2.473036290015438732e-02
2.551622586580908070e-02
2.269993290332099345e-02
2.098851690582640567e-02
2.060656783311983278e-02
1.669795497338996682e-02
1.633957287911812911e-02
1.408721717796015960e-02
1.177419815557539592e-02
1.160023582555845707e-02
8.948638794830529597e-03
8.260195604528943955e-03
7.727561454127031965e-03
5.143997204502136558e-03
6.049734363836751713e-03
3.863481164426024652e-03
1.526484115176592049e-03
4.987655216743964700e-04
-4.580824492887216985e-03
-6.853762143416654642e-03
-9.178545331179743111e-03
-1.646933545360122070e-02
-1.770391937768647783e-02
-2.565352706060082880e-02
-2.826381184500059707e-02
-2.901041813040270909e-02
-3.395304661841487548e-02
-2.784807059448464808e-02
-3.001012782177635285e-02
-3.013622207354808846e-02
-2.698343447437179937e-02
-3.071024357456263523e-02
-2.896463441999615543e-02
-2.781493852131326425e-02
-3.528101154997635713e-02
-3.028373563471927973e-02
-3.328035121889350717e-02
-3.197505703593980092e-02
-2.299374782308556686e-02
-2.361365893660610782e-02
-1.144424901382072243e-02
-9.847804638211662270e-03
-7.513591466466419330e-03
8.401221981257961824e-05
-2.325613308326134401e-03
6.096440521541055847e-03
7.582363179181058829e-03
-1.214836358797006816e-03
2.074140121798379900e-03
4.991189154366103059e-04
1.479513838545745436e-04
5.093458011870239527e-03
4.466857654081718768e-03
8.892867409839256762e-03
1.256583418806909470e-02
1.595912091041820635e-02
2.080172827280775405e-02
2.498041059438308592e-02
2.850454337294698604e-02
3.373328478298989047e-02
3.754271571199394031e-02
4.105963672369683515e-02
4.663895714916509172e-02
4.843391711797728760e-02
5.260700490639153709e-02
5.350510640725121558e-02
5.360537732276612205e-02
5.518098156057873321e-02
5.379955336868076643e-02
5.434020804157878998e-02
5.323271457991275019e-02
5.169135314940331849e-02
5.121107487632629157e-02
4.747834963214107168e-02
4.578675266352345147e-02
4.453848120212041545e-02
4.153397769210510210e-02
4.074467757393902129e-02
3.923755489515814293e-02
3.651025445947951587e-02
3.656210145025907965e-02
3.366571674361501509e-02
3.087635251749950085e-02
2.953022404669427073e-02
2.575399827152832430e-02
2.708382287885048589e-02
2.504162270842556770e-02
2.472790295283600406e-02
2.416397044185567694e-02
1.801274330235622459e-02
1.778643886283623118e-02
1.231325271528721510e-02
1.069667541323739146e-02
7.556677201189673787e-03
6.585364192557084662e-03
6.659622150019778308e-03
5.463142282819358035e-03
5.458223215346925082e-03
5.315459642872668103e-03
4.903741616497135983e-03
5.316213344706100657e-03
5.239548491102234522e-03
5.175850235985139484e-03
6.593587303988478199e-03
5.652036002646233966e-03
7.096195831263645178e-03
8.409546315342542391e-03
5.175681569528437984e-03
9.609707114034280601e-03
1.479447799577244399e-02
1.498639629034423208e-02
3.167617211327243554e-02
3.447555724231328445e-02
3.825804942344641912e-02
4.490876114939090086e-02
4.460329449321893958e-02
4.799771210263929777e-02
4.816853401362782006e-02
4.775661377145873354e-02
4.793119679297047631e-02
4.407374315086702576e-02
4.384215541670506006e-02
3.797611980408036048e-02
3.235547094947625185e-02
3.053270299248661210e-02
1.389494458704470387e-02
1.139156422545327396e-02
8.705870895676077678e-03
4.643353985151708711e-03
4.824401784253477994e-03
2.511760422281865326e-03
1.573963159127094802e-03
1.226768021868681604e-03
3.417177707553644881e-04
2.481572817836575200e-05
9.131182963517674408e-06
-3.639327949372643143e-04
-6.002474792549931546e-04
-8.978811603086790964e-04
-1.209619471670405743e-03
-1.429669130314887302e-03
-1.615286141238022211e-03
-1.861183899435276887e-03
-2.162156740204139883e-03
-2.229769712590312213e-03
-2.817424382362496062e-03
-2.838820441415481569e-03
-2.955998144539576100e-03
-3.131084321232770109e-03
-3.137495114827892981e-03
-3.224308480720246978e-03
-3.269468753979737786e-03
-3.287681419056419970e-03
-3.326713286247491227e-03
-3.341262686713143172e-03
-3.356035539393517099e-03
-3.372992941098326876e-03
-3.381770517132687889e-03
-3.390472356390653811e-03
-3.405642168628185591e-03
-3.410238722229939814e-03
-3.421625266353982894e-03
-3.448532795668549089e-03
-3.438597880108647253e-03
-3.487373142635613599e-03
-3.517280794674283641e-03
-3.486241029357903427e-03
-3.669914109165089543e-03
-3.588800095241265892e-03
-3.663126910016410373e-03
-4.101303201750605525e-03
-3.541184085104402864e-03
-4.463601127900701515e-03
-4.697445182256665235e-03
