1.095892005603167239e-03
1.179917127154125932e-03
1.329539718833201538e-03
9.602332235997901658e-04
2.257229706118452257e-03
2.697082618526256640e-03
4.099467769978326626e-03
4.531237743120659217e-03
5.002388458236356819e-03
5.507995608071409102e-03
5.691571287410225263e-03
5.955780028618287356e-03
6.127499247054973494e-03
6.230084625946153733e-03
6.346021235114850632e-03
6.409153163376125895e-03
6.461504764578957297e-03
6.504615752059569184e-03
6.528441283415237738e-03
6.546701325228199662e-03
6.556693756787793613e-03
6.558515812540123731e-03
6.549998855700397277e-03
6.541278196982443574e-03
6.515465244173014939e-03
6.477502497215605060e-03
6.449243977261962663e-03
6.359255701274447656e-03
6.292803825098903722e-03
6.206153048233234090e-03
5.966366624428975397e-03
5.914409144128938631e-03
5.565654075985778174e-03
5.108088443371940936e-03
5.145788348162769546e-03
3.871449184070515238e-03
4.021530000610078551e-03
3.646741067661289550e-03
3.469226664894505940e-03
3.642691215483323877e-03
3.320007164304424486e-03
3.947663324841613371e-03
3.760595384283620373e-03
3.476778358127612448e-03
3.087738870928049759e-03
2.924283417556602753e-03
1.540489682705305620e-03
1.309253412910715408e-03
1.011567574575309965e-03
6.363611080242571839e-04
-1.467595246647347218e-04
7.216647966721580470e-04
5.049057679388216282e-04
2.506974539106348026e-03
3.434576805098513413e-03
2.866447369835053473e-03
5.512673191700463715e-03
6.964069415998446443e-03
3.191206457860666732e-03
6.159254033628886425e-03
4.419594619095003341e-03
-6.942762728740641508e-03
-6.604301512414166575e-03
-2.025791839599046934e-02
-2.301076008403709836e-02
-2.423019224469057792e-02
-2.739587482889799946e-02
-2.640537090764752404e-02
-2.976833672634755443e-02
-3.077261586249890879e-02
-3.435042454329619022e-02
-3.736988142849732158e-02
-3.972648118748244028e-02
-4.473370758262352337e-02
-4.607583586279832832e-02
-5.040184261265389515e-02
-5.188370679414697900e-02
-4.702643981424425162e-02
-4.540491539339474442e-02
-4.057634010305167377e-02
-3.441402280626626453e-02
-3.232058299210809060e-02
-2.356467514986246292e-02
-2.026946095369852596e-02
-1.523128274564014735e-02
-8.704942008144738591e-03
-6.639940884928736617e-03
-1.746438571857642516e-03
-4.212870422913855156e-04
-6.169021935098534422e-04
-5.485928058478199872e-04
1.657666924905651330e-03
-1.360658064002255314e-04
2.245804217599192741e-04
5.822992335793422507e-03
4.590359109809532580e-03
5.864959641020976201e-03
7.084577352590751623e-03
5.799193543385251087e-03
4.914039785165722624e-03
4.195011702145857307e-03
3.564125982013266730e-03
4.855768536402498697e-03
3.706253156702668701e-03
6.028304918006779272e-04
-2.192787226581528141e-03
-7.114605067987024405e-03
-1.279498211091542777e-02
-2.143055004087634358e-02
-2.900910601336151307e-02
-3.314140981227479965e-02
-4.025358533481079859e-02
-4.450164928462975455e-02
-4.640489071164639878e-02
-5.459051665188640462e-02
-5.739891942566507921e-02
-6.046376399985232269e-02
-6.567987225392063477e-02
-6.612877222569690794e-02
-6.867538864395532350e-02
-7.106066031577265574e-02
-6.725924295203890291e-02
-6.670939836332848150e-02
-6.253204206897977624e-02
-5.556695409966339039e-02
-5.488906046928725135e-02
-4.578802777966999721e-02
-4.345472133362864031e-02
-4.498012037468857721e-02
-3.936846035182303694e-02
-4.083067922931453431e-02
-4.063828572637465109e-02
-3.975059604236471505e-02
-4.016012759492131046e-02
-3.618812974679427169e-02
-3.528741318659994741e-02
-3.425201219402715380e-02
-3.175975083430007673e-02
-3.199702277867134265e-02
-3.014695710483990265e-02
-2.948249511138702553e-02
-2.984154936297183508e-02
-2.844230643874604003e-02
-2.906769488435086146e-02
-2.754228403774156356e-02
-2.669655937097067944e-02
-2.521191598785791146e-02
-2.176396512308660311e-02
-2.113302101580568151e-02
-1.590051326638945023e-02
-1.402115107173963239e-02
-9.477488158161182993e-03
-6.429443840835654539e-03
-4.403529850298816377e-03
-1.558308469442060314e-03
2.814272287616543687e-04
5.794647079146873943e-04
3.307221732498841910e-03
4.745437659219623253e-03
5.171606168283791882e-03
1.182875271296442155e-02
1.238666928598915543e-02
1.592104565111293266e-02
1.917270771736143131e-02
1.949034061619087446e-02
2.243761106225940910e-02
2.466061446835358939e-02
2.328586150359417128e-02
2.865335813308192078e-02
2.596247044931867393e-02
2.211682931563994578e-02
2.102842224319772038e-02
1.258192313878851373e-02
1.165712335924941508e-02
3.745177367777836538e-03
3.017391864610524579e-03
1.914986137203475826e-03
-2.196036221182196858e-03
-1.588917894443942326e-03
-1.377204414766380457e-03
5.055365235471035064e-03
7.082482678649816218e-03
1.129929562655604749e-02
1.337861630343353120e-02
1.443609706230771644e-02
1.491890778856241016e-02
1.510444979126462049e-02
1.312723519048710451e-02
5.501711943031289617e-03
2.701289041989152987e-03
-5.496507875156758996e-03
-1.442763264612319067e-02
-1.949363374826209444e-02
-3.279352249832998695e-02
-3.453238496727819434e-02
-4.015927216061966620e-02
-4.399160679063191665e-02
-4.373168339020819251e-02
-4.611181762989524646e-02
-4.696442587009787284e-02
-4.775055809501344006e-02
-4.940734655552524168e-02
-4.999630746734246706e-02
-5.175739174849417618e-02
-5.263056230088757059e-02
-5.442025755584094932e-02
-5.633555342580673364e-02
-5.740523355647902254e-02
-6.136311704284633933e-02
-6.291503422797858902e-02
-6.568583136325231719e-02
-6.805285491356169447e-02
-6.979160915197420156e-02
-7.146872580133226127e-02
-7.304483818331329592e-02
-7.285500299292872739e-02
-7.106155976375543026e-02
-6.923143329857581185e-02
-6.653849322482835449e-02
-6.281077527781779579e-02
-5.713043280323052558e-02
-5.117752904484428045e-02
-4.546123063727737501e-02
-3.996848637223222866e-02
-3.031873892119467742e-02
-2.550746534388923306e-02
-1.643046824062874625e-02
-1.271749009046320954e-02
-7.733707180234272206e-03
-5.811776976750880098e-03
-3.789617317182299855e-03
2.497953929888943429e-03
3.219813062697818046e-03
9.201589870693901996e-03
9.550623842363322596e-03
9.133844146023950214e-03
1.033554546090884214e-02
6.398249617905414285e-03
7.300506101948977915e-03
1.334483413864001470e-04
-5.367513018889404769e-03
-1.045446248614840916e-02
-2.682940158607591274e-02
-3.266771671955471384e-02
-4.384848172128029409e-02
-5.239508732625103304e-02
-5.562400337804906947e-02
-6.454082739607301666e-02
-7.186571909445063633e-02
-7.907358464285894895e-02
-9.772567352542155250e-02
-1.072523565466876883e-01
-1.107882233648529724e-01
-1.180219708320499605e-01
-1.142520024580338661e-01
-1.141245539979410806e-01
-1.073206751490234645e-01
-9.790597667726938513e-02
-7.724153677496489734e-02
-5.207203857151686266e-02
-4.216700011880855636e-02
-3.060451016686531814e-02
-2.626324748406220350e-02
-1.853834224164310415e-02
-1.628380644556803522e-02
-1.271665037600169801e-02
-1.027606731982374025e-02
-1.145859693975562026e-02
-1.105900093694609301e-02
-1.697351936144205278e-02
-2.152777557500724220e-02
-2.754449644769414382e-02
-3.039393184417598162e-02
-3.391740481368303584e-02
-3.734987894064868696e-02
-3.529300430697288049e-02
-3.996239105071811015e-02
-3.783120957389794758e-02
-3.587973038697082201e-02
-3.697703990756329162e-02
-3.107976604924394051e-02
-3.087173645584013332e-02
-2.994965660948772576e-02
-2.776969060629842431e-02
-2.778677600606434261e-02
-2.742091012875587375e-02
-2.763104548952288742e-02
-2.932443878170574308e-02
-3.298368047331234898e-02
-3.526177377261340701e-02
-4.024386610176457213e-02
-4.654620448905449209e-02
-5.390204660577281592e-02
-5.872053372662802695e-02
-6.391033314118453601e-02
-7.022695115871546712e-02
-7.178538224541371193e-02
-7.998196371185858911e-02
-8.230580072471328779e-02
-8.324242967510064872e-02
-8.369265003369796840e-02
-8.081308091509016578e-02
-7.928399013625600511e-02
-7.682979529508553174e-02
-7.205390022539324979e-02
-6.909708094250666122e-02
-6.373031231628195625e-02
-5.633665246506770752e-02
-5.077746425287195386e-02
-4.539881204097293704e-02
-4.008417875082685711e-02
-2.853444088231789702e-02
-2.378841790363537406e-02
-1.822607010426413945e-02
-9.958464034380528143e-03
-7.719539236384382642e-03
-2.836315213723465418e-03
-6.160409602596965102e-04
-5.706145449106395009e-04
2.899222763176664136e-03
4.196086183079265203e-03
4.779287798137197944e-03
1.162299871857810224e-02
1.214149472113524794e-02
1.586031663716291548e-02
1.918094220709920181e-02
1.955631155665016677e-02
2.263334403325096070e-02
2.494781242620966455e-02
2.364795526855391003e-02
2.920264320062599533e-02
2.666160961465914234e-02
2.292549495945916602e-02
2.218916956310309010e-02
1.384954781166899962e-02
1.320168805480248161e-02
5.821210965454562923e-03
4.748636474911410200e-03
4.709891852622608704e-03
1.941770424251198840e-03
1.856388725750824720e-03
1.663370939537846130e-03
8.235918116769711146e-04
5.346109139472809968e-03
6.003402601954455596e-03
5.247200559179285816e-03
6.853196552623939432e-03
9.595654010652892750e-04
-5.115281858938953118e-03
-9.444376661731599190e-03
-2.565190061853251866e-02
-3.536812383677249982e-02
-4.682008919540717878e-02
-5.828566554223791468e-02
-7.039893414462616850e-02
-7.753582249480488187e-02
-8.471933109766804915e-02
-9.317600414927298957e-02
-9.408257149469539948e-02
-9.773230314121524043e-02
-9.926776543485138493e-02
-9.407756940351544306e-02
-9.659683636283575292e-02
-9.237766717173019615e-02
-8.776753619726225530e-02
-9.543950360268591004e-02
-9.104438213528975865e-02
-9.476911298622876789e-02
-1.062750928246990745e-01
-1.086259241642327095e-01
-1.178293741747382661e-01
-1.240237891477679322e-01
-1.220666144995762592e-01
-1.258713330995092916e-01
-1.238889132758203837e-01
-1.176962491204016220e-01
-1.165824387482237434e-01
-9.677169043948825877e-02
-7.752069801435602925e-02
-6.140133383426631120e-02
-3.743699422737730570e-02
-2.441101039335156000e-02
-1.458989819181330180e-02
1.584906170835088989e-03
7.050516655529824595e-03
1.437455248519434875e-02
1.942606725714381144e-02
2.149011461890212513e-02
2.496387396348147616e-02
2.671248471351376011e-02
2.686034535088159189e-02
2.980173546787112313e-02
2.787741291984706035e-02
2.786100306645548225e-02
3.079044792040785267e-02
2.235772800996286766e-02
1.747111489081414754e-02
1.419137128660690784e-02
9.658089088431709782e-03
7.108913677978693710e-03
2.385468261971517359e-03
6.111699986252886385e-04
2.890872705179028512e-03
8.836777755743551593e-03
9.177816809418117699e-03
1.584279315972434224e-02
1.575391296207532404e-02
1.355174385439500417e-02
1.078647514778973554e-02
7.445081708950558944e-03
2.372041115460545285e-03
-3.705222117682297703e-03
-6.067185657937059114e-03
-1.264933527958433945e-02
-1.485777229276679344e-02
-1.851869619037024156e-02
-2.484327572418687166e-02
-2.703778308226229693e-02
-3.512559307567054284e-02
-3.954238414516891148e-02
-4.521781694469660662e-02
-5.239301429012316325e-02
-5.359308962720699121e-02
-5.933973609138779720e-02
-6.009394992765009630e-02
-6.159880916097097703e-02
-6.346067010869947678e-02
-6.247138986904430397e-02
-6.341794592962511634e-02
-6.129510004564402148e-02
-5.928390999191217314e-02
-5.843156982268551264e-02
-5.501861824073592255e-02
-5.282563326332231912e-02
-5.089978462630512235e-02
-4.559912145107128389e-02
-3.789659596308226491e-02
-2.832583170344435408e-02
-1.591477126207081760e-02
-1.601488736320924242e-02
-2.543699074085859803e-03
-9.502666144057111616e-04
-1.494291276524493646e-03
1.557114532136041245e-03
8.174521213047020477e-04
2.800041053667058719e-03
-2.685304214951234232e-03
2.000643862731533973e-04
1.860839295156371549e-03
9.057063349932135531e-04
1.483435216745770772e-02
1.767064689692879678e-02
2.576220441156467506e-02
3.618366542006126729e-02
3.763707664555078491e-02
3.876934897329516183e-02
4.220474780130899217e-02
3.889265596003115694e-02
3.637669301569684127e-02
3.684457803612864457e-02
2.491137589672079086e-02
2.518278541036095622e-02
2.299348745328889249e-02
1.882247024870220900e-02
1.907623864838224950e-02
1.652609655845039063e-02
1.494235359470408135e-02
1.465504210733418675e-02
1.194635107735510932e-02
1.174246629368368329e-02
1.090719916601924286e-02
1.007614570914672561e-02
9.913610185589019630e-03
9.386266745967198483e-03
9.159931260697659269e-03
8.924376082964214849e-03
8.669726811585416054e-03
8.587270391637067540e-03
8.190254294482876563e-03
8.227709140322364556e-03
8.052513431904556249e-03
8.475486716906651188e-03
8.469320282530397315e-03
9.025113416469257924e-03
9.024518478570055582e-03
9.073372096532222875e-03
9.235582206428121985e-03
9.217382426653712019e-03
9.280490144403668457e-03
9.317055784127139390e-03
9.321750761381591630e-03
9.351606315566540067e-03
9.359450580694905417e-03
9.368980774899187194e-03
9.378630563029724185e-03
9.383575129966752540e-03
9.391099148361945967e-03
9.391403129906487901e-03
9.403702147950103452e-03
9.403534057584494316e-03
9.403737189606990385e-03
9.436666582153431168e-03
9.403605138050176102e-03
9.447320464647978450e-03
9.490733822981163581e-03
9.376862237321776511e-03
9.627132051557194328e-03
9.488482027933739862e-03
9.395764812729396828e-03
1.015594063275761239e-02
9.052413874018463980e-03
1.007347720735593706e-02
1.063583723359089184e-02
