2.069631922109356210e-04
2.113634475245251170e-04
-5.129628958272775376e-04
-7.247028910149793833e-04
4.610858689291432636e-07
8.245341935377341824e-05
8.480204182422850998e-04
1.027155153741029755e-03
1.225148178968061413e-03
1.474520856121620642e-03
1.522953974164624469e-03
1.634072652551288047e-03
1.678061783275536668e-03
1.684474201188010086e-03
1.709211474048183063e-03
1.631903229056301573e-03
1.620726216032744279e-03
1.520677055168180797e-03
1.290884543863138941e-03
1.331682277508461788e-03
8.460031095778765145e-04
9.161090700812624284e-04
7.070181528912400457e-04
6.783651922323290142e-04
6.516566821471749243e-04
5.419166627558785320e-04
8.072701600443651449e-04
4.777434485176540978e-04
7.949320567601956492e-04
1.163592925108504527e-03
-3.295547453066805443e-04
-9.112403085257944407e-04
-2.296935399438538618e-03
-1.004122189826275229e-03
1.400800421628644113e-03
8.486854795942973262e-03
1.036584090823579156e-02
1.292247073484690222e-02
1.572293530697307928e-02
1.686840223652513043e-02
1.795243911011456389e-02
1.927551862452074952e-02
1.984144750865845380e-02
2.001442454098795176e-02
2.141228879820204767e-02
2.061509619460819703e-02
2.096263598534774814e-02
2.327156587404825144e-02
2.218044296747944538e-02
2.543829494151416890e-02
2.436364727489121612e-02
2.276731766547430980e-02
2.266302877555322060e-02
1.363749232384430486e-02
1.197370013957375044e-02
1.031216577435670363e-02
5.530263029596568791e-03
1.726194029645002504e-03
-1.569638090366763921e-03
-1.770078932029145718e-03
4.212552448073487651e-03
4.622441781906200080e-03
5.164243436345273934e-03
4.800606224774510433e-03
3.993489013003086912e-04
-5.205452754421428276e-03
-1.145345746550589447e-02
-1.463928836767432011e-02
-2.603647925300107968e-02
-3.144590286691253955e-02
-3.804542595702620211e-02
-5.018249524291367586e-02
-5.199245113997079393e-02
-6.039831133171681687e-02
-6.357147042408785309e-02
-6.539270094516809462e-02
-7.014368535660400750e-02
-6.537791363569298020e-02
-6.690725523712170997e-02
-6.489043930796455084e-02
-5.464084322430558249e-02
-5.251407847299671694e-02
-4.515801990873578170e-02
-3.842087314132119208e-02
-3.439432295386048860e-02
-2.439765656840211377e-02
-1.748359562891492469e-02
-1.221308336809942378e-02
-9.940766758529336750e-03
-5.161000563294644225e-03
-3.166866812475402446e-03
-3.423202608307227696e-03
-2.475782310498062314e-03
-2.049680306228538959e-03
-3.520875459858174676e-03
-9.802176559918142785e-04
-1.596868858326561504e-03
-1.398810119234626410e-03
8.130697128397279885e-03
8.117313909230294486e-03
8.642300773644348566e-03
1.137427068427583621e-02
9.846032608907758638e-03
1.100438900090637551e-02
8.745610611362586440e-03
7.943638344172459023e-03
7.143912468363895936e-03
3.021838411908050852e-03
2.547657916288208115e-03
1.566907289804354104e-03
4.340062198088968514e-04
-2.130880917710184275e-05
-9.978750730460605838e-04
-3.684784323691995926e-03
-5.138951561452409847e-03
-7.076219978821654717e-03
-9.675301377630590727e-03
-1.373577230198707796e-02
-1.794548173160131349e-02
-1.770935164119502928e-02
-1.736858582829876180e-02
-1.666622000529259517e-02
-1.466995449715031638e-02
-1.388546468386682962e-02
-1.133418668482965956e-02
-8.052229165445614831e-03
-7.394951101512947655e-03
-5.314380838451087698e-03
-3.122613339868293442e-03
7.638624485975080165e-04
3.879974246917015489e-03
7.395201209958160785e-03
7.734711724441016741e-03
9.801896658265977363e-03
1.011558163136378787e-02
1.098345384842084813e-02
1.179546616189059045e-02
1.220509324353583232e-02
1.326027248871099531e-02
1.331821202494308520e-02
1.462797398829733357e-02
1.533528820450577937e-02
1.519826717825585594e-02
1.902175458212235909e-02
2.032984783730221873e-02
2.091344085212670789e-02
2.283734765965542493e-02
2.351949891452893501e-02
1.784768060514242347e-02
1.637933947109253274e-02
9.604539260791038549e-03
1.885394406912281845e-04
-1.060911135769624595e-03
-7.113339912357233806e-03
-1.012476505049013549e-02
-8.751943424338104460e-03
-1.088553037694835711e-02
-9.991811431605605170e-03
-8.639466191189812405e-03
-8.799327574379992370e-03
-6.100953836798085790e-03
-6.733635995498258447e-03
-9.492444080751652816e-03
-1.035577695864752651e-02
-1.547594799406671294e-02
-1.968870462908963934e-02
-2.312807670134956958e-02
-2.560287490060367613e-02
-2.697599211046301793e-02
-3.061119998973974715e-02
-3.035989040056673305e-02
-2.929283284268858339e-02
-2.957718942591876232e-02
-2.715344259761583862e-02
-2.770246548243184698e-02
-2.288986862504170314e-02
-2.180900004890674523e-02
-2.044853172226671761e-02
-2.006255598363686915e-02
-2.300626899229137740e-02
-2.146933297177446714e-02
-2.411103787179851715e-02
-2.417035831893378853e-02
-2.411080748828390435e-02
-2.745246912897948352e-02
-2.574832524093352212e-02
-2.877617994793811931e-02
-3.023468246695142775e-02
-2.176390716926800833e-02
-2.282772644858996683e-02
-2.645421293226323661e-02
-2.660341302582728065e-02
-2.879131374550533348e-02
-3.033620413104123892e-02
-3.122131189756652617e-02
-3.405586937515060753e-02
-3.698557368945054602e-02
-4.007542659468179419e-02
-4.587851412233510257e-02
-5.256502497258713769e-02
-7.034777188655082225e-02
-8.350384412897984832e-02
-8.640805264464479496e-02
-9.692809813932898311e-02
-9.460437905186046270e-02
-9.460898416889348961e-02
-9.510715759661704516e-02
-8.673037986076737038e-02
-8.299515901506285265e-02
-6.880673052486027674e-02
-5.411703833265972541e-02
-3.147664676861091498e-02
-2.395959900975215551e-02
-1.310340622595562027e-02
-6.727690726498077554e-03
-5.346549873840601361e-03
-1.302160105902132889e-03
2.461892366891566854e-03
2.557735532798461817e-03
4.857135273383650191e-03
5.366702114866467137e-03
3.665032676236788280e-03
3.633402417406073233e-03
1.401355907950372400e-03
1.057616830414486197e-05
-2.534071491458768366e-03
-5.393840385883084607e-03
-8.148419916662770490e-03
-1.123778317948461412e-02
-1.275000650801891289e-02
-1.911221739115637891e-02
-2.028881844880042404e-02
-2.709789068544880830e-02
-3.568205287785693181e-02
-3.939728625260352501e-02
-4.636618581907395176e-02
-4.806577911488418148e-02
-5.107733727688865133e-02
-5.573752148830453390e-02
-5.385120672281412668e-02
-5.996602911094998239e-02
-6.308679984361369175e-02
-6.314936371801467552e-02
-6.460934218131642037e-02
-6.291167990898055562e-02
-6.152953926534977108e-02
-6.107688867829365320e-02
-5.653705447074620222e-02
-5.506793555559150871e-02
-5.106459559411142407e-02
-4.318499152432140470e-02
-3.928781176619419724e-02
-3.239857142284625902e-02
-2.746850758198163961e-02
-1.669706835495399916e-02
-1.231378399422749549e-02
-9.953260562026833291e-03
-3.779944635315545323e-03
-2.562746828573355187e-03
-2.471930801615728986e-04
1.603313187568723664e-03
1.732767000638313478e-03
3.724953087796865295e-03
5.391364619678692092e-03
5.451337016990971673e-03
1.025936379459622440e-02
1.009128540606096802e-02
1.265021420484563688e-02
1.461375909483499970e-02
1.457179910932832750e-02
1.724328523771454652e-02
1.784035417044782870e-02
1.782986515064377553e-02
2.288882387679103819e-02
2.216766022036322295e-02
2.167825975636095137e-02
2.162500671493795129e-02
1.616076685310622804e-02
1.596033405867272256e-02
1.155858385103179266e-02
1.186240510422671007e-02
1.155567167842256639e-02
1.195686886372720678e-02
1.036916996957715741e-02
7.424103688327194327e-03
4.120285106583192365e-03
4.992586228616427250e-03
4.105005068362203163e-03
1.626564446392669838e-03
2.788103397794268554e-03
8.429751413331827183e-04
-4.933745627495791236e-04
-1.408743385366622138e-03
-2.395504842655573046e-03
-8.956885710689866482e-04
-2.728104279853905967e-03
-2.810444615874551060e-03
-2.788313855634189098e-03
-5.126646226380877913e-03
-5.258625858724262116e-03
-6.655706941320673267e-03
-7.650042236167590819e-03
-3.989176889431435280e-03
-1.479391616809042076e-02
-2.390943249231101617e-02
-4.380730731144065471e-02
-6.712322071077875263e-02
-8.083276123165791804e-02
-1.010863312697913019e-01
-1.114513056953779779e-01
-1.280451253923958199e-01
-1.352219617601857216e-01
-1.432589064960855252e-01
-1.522560468997394834e-01
-1.556608702930452892e-01
-1.608770766545958020e-01
-1.647697358323763073e-01
-1.651644937349254216e-01
-1.666586396486447463e-01
-1.668955188756485741e-01
-1.627689205566306141e-01
-1.618254259727641420e-01
-1.564986894170073417e-01
-1.470637545367133869e-01
-1.417869346175192335e-01
-1.304392028969192374e-01
-1.236344024394490371e-01
-1.149266069788823647e-01
-1.044447002562261251e-01
-9.958405199210304537e-02
-8.761373086419327327e-02
-8.372624480314475037e-02
-7.366633742111164396e-02
-6.034566158337942993e-02
-5.402308732605887176e-02
-3.328761530376536659e-02
-2.759260192698589562e-02
-1.930073292177449454e-02
-1.004515298878801144e-02
-7.438851636947496279e-03
-6.458909526868602657e-04
4.704402171931586695e-04
3.749853822737399516e-03
6.204573393867332531e-03
4.065136310325459350e-03
6.329444173853908742e-03
6.091014747151578083e-03
6.620799306926755841e-03
6.957804419758280810e-03
5.759714744331214699e-03
2.358637658522274271e-03
-7.361767325925229477e-03
-1.287494336067375456e-02
-1.634437316938628509e-02
-2.249351425296260143e-02
-2.872769435419391532e-02
-2.617232490544436907e-02
-3.547271256926040617e-02
-2.906368988420717642e-02
-2.687526564968360440e-02
-2.731597363821129318e-02
-6.293198654239834898e-03
-8.336952232124857434e-03
-1.327379287262067664e-02
-1.202486809495235086e-02
-1.357345363359177548e-02
-9.771892281348277046e-03
-7.573792412338972192e-03
-7.342323444874409438e-03
-4.400676802655011099e-03
-5.032654423331745647e-03
-3.841897911388222637e-03
-3.419068807259954129e-03
-3.655224670039843374e-03
-2.778571805321134944e-03
-2.614220868369384210e-03
-2.572288322166207172e-03
-2.049031947235879347e-03
-2.426606968400554613e-03
-1.290981406118922635e-03
-1.205001432605334183e-03
-9.079604817976669488e-04
-2.523706323944352914e-04
-2.510797999418600663e-04
1.968907868138175163e-04
5.246884026927778203e-04
6.339997871348859162e-04
1.072616941734982508e-03
1.319406896285250409e-03
1.514776098829997584e-03
2.046852070185830718e-03
2.254763876245547815e-03
2.641828096697203341e-03
3.369942193048359753e-03
3.481471023057702754e-03
4.431055977032131998e-03
5.133346486199193322e-03
5.335666855411336576e-03
7.047003329318531246e-03
6.643540453622883910e-03
7.188023687979699233e-03
7.108479377798589301e-03
6.005916463867139177e-03
6.390937009324363510e-03
4.114809658417086131e-03
3.579256154761323826e-03
2.809684117774277103e-03
1.730129038644776787e-03
1.101868864726222256e-03
1.080612070505244764e-03
-3.589403547845644951e-04
-2.628860201862435087e-04
6.318663732984248571e-04
8.057705608800100035e-04
1.132878141823482785e-03
1.423998935413103850e-03
1.547275477746566565e-03
1.793601445316306969e-03
1.899408892840292800e-03
2.188331953071521400e-03
2.400024762196082458e-03
2.609082326514432226e-03
3.381904025064484155e-03
3.466386700036116868e-03
4.574593525956406094e-03
6.123241856739253947e-03
5.959295826226913145e-03
1.036735454091334066e-02
1.015734154728507865e-02
1.229674974462078782e-02
1.381011825140369097e-02
1.393266069750998502e-02
1.556145291009532021e-02
1.600932505148089380e-02
1.610646359782538783e-02
1.813247188815209424e-02
1.711202297872697897e-02
1.841234619353280394e-02
2.140777635491740091e-02
1.877458493472636963e-02
1.899101878454208595e-02
1.909926879678442227e-02
1.801974140177925454e-02
1.824542474922043189e-02
1.775542135132541707e-02
1.739582947264888338e-02
1.715715993143071896e-02
1.669802647781669022e-02
1.636979794046555803e-02
1.566332098632052666e-02
1.536744506603381945e-02
1.444305685856550787e-02
1.337398233361675182e-02
1.322977241637414425e-02
1.055669107757633597e-02
1.038278049749486939e-02
9.467830562994520791e-03
8.384845266458334709e-03
8.168521425245288403e-03
7.192814704847987767e-03
6.339260654781426335e-03
6.166562468153993434e-03
4.123009384929702224e-03
4.057047492161868808e-03
3.715886603164499091e-03
3.132990729960424565e-03
3.150434918875939447e-03
2.875044934506985461e-03
2.760418464497743814e-03
2.734794663529534729e-03
2.585823132669690019e-03
2.659377525400732131e-03
2.564042860225300164e-03
2.533830556631888522e-03
2.874437756509763339e-03
2.937880139097414061e-03
3.024905695191110449e-03
3.616134228698161552e-03
3.661686950492589084e-03
3.831038175414917986e-03
3.998852776631518433e-03
4.025570895551719604e-03
4.118220226951907481e-03
4.161132361204026436e-03
4.185873909387070532e-03
4.222051946718301946e-03
4.235494311988878546e-03
4.251093808868019498e-03
4.263158337382544176e-03
4.270347020432150621e-03
4.278863206438277868e-03
4.282190234939702196e-03
4.291320862664455005e-03
4.293981652530067840e-03
4.296958611711180868e-03
4.316931728563143389e-03
4.303539498813399762e-03
4.331606308028596551e-03
4.359804297221759467e-03
4.308838600914651103e-03
4.453486757312516940e-03
4.392152083825355373e-03
4.367354849822985795e-03
4.803661757505163499e-03
4.237065366543090079e-03
4.853016133814315458e-03
5.141511317384441296e-03
