-9.069458468023861714e-04
-1.011653408393200929e-03
-2.956104655327034588e-03
-3.001926993810498986e-03
-3.247274956213793556e-03
-3.545739790185679918e-03
-3.241828238763594383e-03
-3.395914411759221214e-03
-3.377614255639003159e-03
-3.330950137399468595e-03
-3.377111395933964783e-03
-3.352595143734951773e-03
-3.351000046926181936e-03
-3.360097860462725634e-03
-3.345023409445461397e-03
-3.342378205358917821e-03
-3.349645400086312223e-03
-3.309276501184564654e-03
-3.324903143191328299e-03
-3.311866379685257742e-03
-3.166859378241285682e-03
-3.137072082834479157e-03
-3.248315307599173446e-03
-3.151484166753976482e-03
-3.239972254774046295e-03
-3.396637707736707874e-03
-3.130813235438414076e-03
-3.728529752690223908e-03
-3.642572746335482736e-03
-3.289190099123574795e-03
-6.104864181943413237e-03
-6.794335063454918708e-03
-8.914341311307102597e-03
-8.811625551624386807e-03
-6.785367613345137314e-03
-3.387468043208544197e-03
-2.421299484325818620e-03
-1.898735882835089674e-03
-8.553727239547830258e-04
-6.473907695136991471e-04
-4.608245032213173498e-04
-8.510477273832900327e-05
-1.060820127614472454e-04
-1.977367772208765034e-04
2.874953740090369818e-04
-4.482925508625145491e-04
-1.910456580841609882e-04
9.492989127336734761e-04
1.021541991539462457e-03
3.796112020721749327e-03
3.648177019831564186e-03
4.426961855298046020e-03
4.448058535184913273e-03
-1.415271048228658761e-03
-1.858789499678461165e-03
-2.162994786089442352e-03
-4.951834204775200712e-03
-7.016227224149053365e-03
-9.181896436881307327e-03
-8.459007470086602615e-03
-2.705410990725224188e-03
-1.341312419994113159e-03
-8.392691337083628671e-04
1.170738871945258344e-04
-2.309135361064850248e-03
-5.688107942172044781e-03
-8.464808045785757878e-03
-9.339559870826808982e-03
-1.591324460553896966e-02
-1.746225205550468174e-02
-2.089420441465594802e-02
-2.776312167592831504e-02
-2.855604473663507156e-02
-3.313720427234629479e-02
-3.470537100800377694e-02
-3.604701775000196395e-02
-3.860577029295680224e-02
-3.548042770066010126e-02
-3.683902984220607801e-02
-3.538855579089084102e-02
-2.887699388204360146e-02
-2.718532264872073820e-02
-2.387930503337375165e-02
-2.024405068933331914e-02
-1.871227963345083872e-02
-1.403794431078165574e-02
-9.854260957981083452e-03
-7.995643548655489291e-03
-7.792132531790937899e-03
-5.155882194008834692e-03
-4.936001426801643263e-03
-5.256695896997938197e-03
-5.266413131925291174e-03
-5.328677666717612955e-03
-6.231255825008396448e-03
-5.338742503977205074e-03
-5.450104117498952294e-03
-5.488573349769135593e-03
7.839148871586225278e-04
1.337277040906135247e-03
-9.189315401643547885e-05
1.416098890274277659e-03
-2.604472571352943313e-06
3.473667510926107085e-05
-1.672507098726887503e-03
-2.284393430561466702e-03
-2.935761591580855756e-03
-5.906770577901902103e-03
-6.118261967820970773e-03
-6.247838141881340360e-03
-6.539524265871972560e-03
-6.498304630312919800e-03
-6.683343849716508536e-03
-8.598274039329296264e-03
-9.318129633759813374e-03
-1.037275581402494554e-02
-1.225459083600765643e-02
-1.579594305613913480e-02
-1.920329026215611412e-02
-1.893552814861450620e-02
-1.835885512382175525e-02
-1.770307017589497697e-02
-1.626875585825738810e-02
-1.572204623018057940e-02
-1.412789083698647551e-02
-1.173466330445665888e-02
-1.198857520630849591e-02
-1.139027411147181673e-02
-1.028656968385309976e-02
-8.265873376434064446e-03
-5.811298869675996480e-03
-3.896584629366327528e-03
-4.311829386724412572e-03
-3.244026911838305931e-03
-3.604291324518710867e-03
-3.380781916465742075e-03
-3.209932687485311277e-03
-3.241441544517942742e-03
-2.951301913392220724e-03
-3.118479163688276865e-03
-2.587953555119414453e-03
-2.529760701473544870e-03
-2.707006778740219527e-03
-4.057417969065657375e-04
7.065787814704096743e-04
1.269691820780443053e-03
3.374580054122792473e-03
4.650100547872394047e-03
1.109476998360477270e-03
1.585107930792008235e-03
-3.143493408467845727e-03
-8.623604238753758075e-03
-9.247828704902332289e-03
-1.307385091422412667e-02
-1.485569714310698564e-02
-1.298639314000724770e-02
-1.429903164250744332e-02
-1.301868949359731228e-02
-1.137166737885469438e-02
-1.079774621144771393e-02
-7.990178748101131948e-03
-7.693800965841126466e-03
-9.284787107813384163e-03
-9.084429024203213854e-03
-1.285917129342438285e-02
-1.595001276284721201e-02
-1.826871662518373546e-02
-1.995796771495313149e-02
-2.062845291863236313e-02
-2.334391374576740702e-02
-2.290156600366850120e-02
-2.130903980221526134e-02
-2.134366072664831832e-02
-1.924184147223382407e-02
-1.922982439007780292e-02
-1.523077597855005891e-02
-1.388657114043378125e-02
-1.259564451048902564e-02
-1.241130801524802443e-02
-1.445741710692737686e-02
-1.337020233154070058e-02
-1.522551113251547836e-02
-1.500645722503716507e-02
-1.521924032266835577e-02
-1.743137154655836907e-02
-1.617670014938151282e-02
-1.894503085697013187e-02
-1.950565671627776942e-02
-1.214157429320548293e-02
-1.229710751785117670e-02
-1.483720639799963013e-02
-1.472764520359596055e-02
-1.542061088448970149e-02
-1.590353690138366499e-02
-1.571499277754470278e-02
-1.605313226649946606e-02
-1.765630542662488534e-02
-1.811684433367469205e-02
-2.037736077339676391e-02
-2.494858030107299091e-02
-3.678714826369371138e-02
-4.636152634233525749e-02
-4.701873675560823418e-02
-5.448030340777967884e-02
-5.266371343357446888e-02
-5.187783756458225898e-02
-5.352962637106636890e-02
-4.709984826383044332e-02
-4.561062503638138588e-02
-3.825844635977328212e-02
-2.810707684030619088e-02
-1.554969053949879776e-02
-1.286819216331944009e-02
-6.597453908655456084e-03
-4.672225596396175837e-03
-4.908585854924999749e-03
-3.652808408902421047e-03
-1.797964160688338706e-03
-2.634047480195768603e-03
-1.977661266515257261e-03
-1.845615763235849190e-03
-3.790729169706676723e-03
-3.866813693492477180e-03
-5.037880649526286711e-03
-5.668854531052666332e-03
-6.559941604997940323e-03
-7.570063075183985912e-03
-8.667066193282389405e-03
-8.962087816058761022e-03
-8.862828663222969278e-03
-1.208643657924352716e-02
-1.164831376188254358e-02
-1.626263361040088812e-02
-2.193715926547274570e-02
-2.435288757661827064e-02
-2.846801180706270279e-02
-2.866139030863824877e-02
-3.013943129780740846e-02
-3.257334668334256611e-02
-3.038761133963280292e-02
-3.454588631037233681e-02
-3.720122921509230740e-02
-3.707879227948967377e-02
-3.797726684702714545e-02
-3.697247034488972128e-02
-3.586124943163537804e-02
-3.598100704238282876e-02
-3.301526061161012826e-02
-3.212657872368980538e-02
-3.016019429390301432e-02
-2.409399377487339566e-02
-2.214101187367368412e-02
-1.904971363330557055e-02
-1.625312679239702962e-02
-1.032453855149329663e-02
-8.644209982716716950e-03
-8.071573324864366600e-03
-5.170360838389793066e-03
-5.024535485743403945e-03
-3.408980599066926097e-03
-2.946166249450248714e-03
-2.846514847951106975e-03
-2.229663701859089728e-03
-1.532148545699359068e-03
-1.564684130738832951e-03
-5.114486055127034133e-04
-8.700664769893879432e-04
-3.717943176648602350e-04
-1.143055048115128573e-05
-2.351244240637897739e-04
7.473549193477288998e-04
7.077263649177610409e-04
7.963143756059667998e-04
3.960058862785454867e-03
4.000171209925320465e-03
3.814314179413346231e-03
3.881385993784097332e-03
5.326044237236667207e-04
3.262113688990798195e-04
-1.437296627534802133e-03
-8.698273759156227320e-04
-5.056770725310557636e-04
1.998972375304913297e-04
-7.512257929611139851e-04
-3.625258722101739640e-03
-5.305159128884445914e-03
-4.461307792668818030e-03
-5.141774138672358316e-03
-7.028199920597036701e-03
-6.186113304780211514e-03
-7.312936625846674747e-03
-8.327370866598821086e-03
-8.666206082278235523e-03
-8.724968774560866447e-03
-6.681562211734866016e-03
-7.311627701674284011e-03
-6.452937703474131113e-03
-5.692380547111785052e-03
-5.810159944627150443e-03
-4.960406320364436905e-03
-4.190454364631043815e-03
-1.887740455651988744e-03
1.702310074399927039e-03
-2.109955246966864224e-03
-6.354168523101931879e-03
-1.600295059092659081e-02
-2.541297340136317029e-02
-3.100864156030904914e-02
-3.554443910382835969e-02
-3.820022636872807964e-02
-4.173091152303213397e-02
-4.187820521511802230e-02
-4.397060909973855847e-02
-4.485948927172577622e-02
-4.525050899107532776e-02
-4.589728232669101210e-02
-4.627049806196310844e-02
-4.609968020538430383e-02
-4.573587524491676271e-02
-4.620516697835103104e-02
-4.412006263476085655e-02
-4.408874222071393345e-02
-4.258879375593259409e-02
-3.758625418136328500e-02
-3.598090660602131646e-02
-3.287731119918850531e-02
-3.040822418981968880e-02
-2.937201965969010731e-02
-2.687879383187628812e-02
-2.654221891429694655e-02
-2.565213805441340922e-02
-2.601303919888798416e-02
-2.385638936071278124e-02
-2.125423179304461452e-02
-1.912063444072005514e-02
-1.205330331222394247e-02
-1.046578594052230589e-02
-6.969605567605348384e-03
-4.641831476285209097e-03
-2.932556162006866047e-03
-1.627695593075801327e-03
-2.773922140856307367e-03
-1.347025496030587657e-03
-1.703101342928542167e-03
-3.736227516989387449e-03
-2.810069229600314130e-03
-2.949197592263111574e-03
-2.189009336612637510e-03
-1.275323270974007203e-03
-1.044759710854219811e-03
-3.233027105549343867e-03
-1.049953141292315172e-02
-1.354129770367895960e-02
-1.576090873477786411e-02
-1.954272474704794177e-02
-2.352099462430008031e-02
-2.225359960705983534e-02
-2.863742836337292846e-02
-2.428077239593218889e-02
-2.312810159087149570e-02
-2.286454719908229127e-02
-5.921281671329457763e-03
-7.628062246122202170e-03
-1.325486309806071100e-02
-1.364101659957557208e-02
-1.468360409016006458e-02
-1.240093453949985339e-02
-1.071127257390957870e-02
-1.082876347617549306e-02
-8.950789558040005492e-03
-9.700951493509663015e-03
-9.080651638199113695e-03
-8.999372343410933645e-03
-9.334097760757647383e-03
-8.803036778774909338e-03
-8.575656078239249358e-03
-8.708459138572734876e-03
-8.017984935528278678e-03
-8.377955539466401536e-03
-7.357744333890905639e-03
-7.210554157807942156e-03
-7.027781406554543808e-03
-6.476981140628952638e-03
-6.510399318017209835e-03
-6.218453271216813419e-03
-5.993279293014647929e-03
-5.976925702026232405e-03
-5.704503469505549547e-03
-5.573158674663519427e-03
-5.499722510424245696e-03
-5.156638695572053795e-03
-5.061800511927048475e-03
-4.832200460009433360e-03
-4.305802209851695983e-03
-4.280071820395360896e-03
-3.539236214559978149e-03
-2.972393052602491197e-03
-2.839301384711362831e-03
-1.324235083539981135e-03
-1.754204416056657752e-03
-1.276797457553188134e-03
-1.491996144308857172e-03
-2.498902407469446099e-03
-2.170663794933134702e-03
-4.588463007840559021e-03
-4.943416896333120529e-03
-5.568807321465803900e-03
-6.208583519586903174e-03
-6.573532058538445778e-03
-6.227256643363366512e-03
-6.842114121991385578e-03
-6.767898593538507028e-03
-4.473146535485082384e-03
-4.313266778943162204e-03
-3.811661867587098993e-03
-3.242330140228572109e-03
-3.222351389692445448e-03
-2.941311158743533348e-03
-2.835341469970989112e-03
-2.756410227497187691e-03
-2.600560566900209092e-03
-2.577444878958566870e-03
-2.331408336017771425e-03
-2.211965786514323920e-03
-2.060973164673854646e-03
-1.292845127639225726e-03
-1.443557393674572585e-03
-5.520188594685643919e-04
-8.758711890940681661e-04
-5.768013020025898694e-04
-3.866104965136489481e-04
-5.289180921349367990e-04
-1.728207822536108069e-04
-2.313178478761478260e-04
-2.988064703824767692e-04
5.550827532274971209e-04
-3.505627044461902459e-04
7.257425311335239130e-04
2.331760301872513527e-03
8.869077585892861521e-04
6.212786198340092703e-04
7.382477526066189878e-04
1.885584070474474717e-04
2.364504907547359494e-04
1.174836500897033417e-04
-2.288687026092373295e-05
-2.681172422410192779e-05
-1.124185466341558209e-04
-1.535732986411676780e-04
-2.183431114865253811e-04
-2.555249751686538640e-04
-3.404136564725799858e-04
-4.709051503770530730e-04
-4.622936388267092646e-04
-7.996246257620781952e-04
-8.124428660058656765e-04
-9.861606228530727519e-04
-1.177965681296284147e-03
-1.229954819312744719e-03
-1.507902336860432978e-03
-1.830412091633904469e-03
-1.867230845393550408e-03
-2.873743377602286028e-03
-2.855171747326053135e-03
-2.898258549223958758e-03
-3.135394703555684313e-03
-3.079964490083439681e-03
-3.159048364481361563e-03
-3.180262248028244750e-03
-3.150563394080083991e-03
-3.213061944051714101e-03
-3.097365763471537654e-03
-3.125848180677306097e-03
-3.145080224708181067e-03
-2.647387073332326934e-03
-2.632988473771573790e-03
-2.511196906826663935e-03
-2.069769046042692177e-03
-2.034373294959143392e-03
-1.917314967841323619e-03
-1.812494016429364811e-03
-1.796742955429738624e-03
-1.744870078410420879e-03
-1.722639356697957830e-03
-1.711038456792572746e-03
-1.694189607453315755e-03
-1.688625301475122015e-03
-1.682661991927218974e-03
-1.677783231823095841e-03
-1.675457742154506458e-03
-1.672855215558444360e-03
-1.670761938694114183e-03
-1.668785707863878727e-03
-1.667143350026053768e-03
-1.663584339784684183e-03
-1.660802128223421749e-03
-1.657074888373104597e-03
-1.646323968092458512e-03
-1.643291061854195443e-03
-1.625363595078240918e-03
-1.598601938222686232e-03
-1.597192488268972662e-03
-1.513971397101827572e-03
-1.481945360616939659e-03
-1.444923488963528822e-03
-1.139902821963048986e-03
-1.192057833467589272e-03
