-1.186554040330631884e-03
-1.333479164320431655e-03
-3.225811064084628099e-03
-3.202808375630538523e-03
-3.424283086972571694e-03
-3.697855921609836949e-03
-3.746229436433161971e-03
-3.863585072446744460e-03
-3.927094631056331220e-03
-3.949725815442466439e-03
-3.987128834275623784e-03
-3.997073511592163023e-03
-3.991378960336840719e-03
-3.998177730950761184e-03
-3.970703323267241874e-03
-3.926511408048049059e-03
-3.927484846513559086e-03
-3.778524283875850463e-03
-3.719997494841109555e-03
-3.657434480237046082e-03
-3.095572144406788170e-03
-3.073026833520361642e-03
-3.162766685364807890e-03
-3.038222793798305444e-03
-3.138219146876173801e-03
-3.186485125667805340e-03
-3.248170192783469620e-03
-3.463862520039020371e-03
-3.612290373430204499e-03
-3.940145140555009404e-03
-4.381732311351443053e-03
-3.759848849051305054e-03
-4.102302335251278506e-03
-1.984276456195724521e-03
1.700854078481712790e-03
1.975738630890748818e-03
9.699151107011720271e-03
1.086183149261066121e-02
1.025052473493268980e-02
1.431615742222566712e-02
1.378645066385419601e-02
1.489752132948582442e-02
1.496115901031193698e-02
1.463193232693084031e-02
1.493220670301886009e-02
1.483894784467188442e-02
1.462289863974441245e-02
1.464620341021390278e-02
1.462843698801523547e-02
1.375095295855580969e-02
1.386592555330464632e-02
1.304533497613195175e-02
1.259353009955468256e-02
1.269512490205034969e-02
1.081927070846124342e-02
9.252229572651569228e-03
7.242141589955234521e-03
2.225991611939709056e-03
2.930526913600156168e-03
3.437817679807428795e-03
5.773194022247607991e-03
1.088882016812034101e-02
1.474170044886792888e-02
1.635089267738040059e-02
1.600865303555544517e-02
1.742286658292803783e-02
2.192084349106724131e-02
2.317804401115066554e-02
2.540213692211985494e-02
2.694210190650735137e-02
2.822098354858922076e-02
2.887501007322225768e-02
2.939258565103836790e-02
3.024920488624007961e-02
3.028383681279531864e-02
3.130273220326219158e-02
3.144792547456230769e-02
3.109750966474402953e-02
3.104710766275364103e-02
3.040336570070674427e-02
2.963434308163820363e-02
2.976889604740903111e-02
2.861839046306668966e-02
2.844238656761356732e-02
2.653922789691520734e-02
2.432419318335458588e-02
2.362908025530629369e-02
2.000096379781594186e-02
1.600324296390493936e-02
1.215814467367249893e-02
5.037453203898671281e-03
2.673636477204347286e-03
-5.032682393079525654e-03
-6.614355105534510532e-03
-6.396644117272766092e-03
-8.004281810889333354e-03
-7.755139120659277144e-03
-8.881405288603358428e-03
-8.631969096148805684e-03
-8.492769492136335863e-03
-7.083902806910279473e-03
-3.338363081272874722e-03
-1.178782350673168201e-03
-1.580391158528762113e-04
2.578704460902302416e-05
-9.506901140088682301e-04
4.823973108233378486e-04
-7.344892856056930205e-04
-1.249291367861851470e-03
4.479319317674991183e-03
1.321521212474077028e-02
1.327303419616438634e-02
1.710614388012765899e-02
1.541812417836054688e-02
1.154332381666333535e-02
9.152165771336278136e-03
3.760217422370042313e-03
3.463717693411445721e-03
1.398788501320118432e-03
-2.383626825056234938e-03
-2.881361050840013441e-03
-7.308376043251853596e-03
-7.722293795435664250e-03
-6.747123515908114676e-03
-8.193403898993714685e-03
-7.926667089364710164e-03
-7.139122567227295865e-03
-6.738010783658461046e-03
-5.135926298381176397e-03
-1.523899882267423615e-04
1.999935258889583376e-03
6.426529742975663033e-03
8.954866746671839503e-03
1.494744787681198325e-02
1.789500421289184212e-02
1.896441499953509940e-02
2.078573387066611627e-02
2.223515381826070628e-02
2.591841907595452549e-02
2.905760842068707758e-02
2.917515874365472425e-02
3.109813839810063318e-02
3.110914074971009996e-02
3.178370212397044203e-02
3.239749612919867738e-02
3.267673723707430894e-02
3.267983077685056303e-02
3.319056744547706911e-02
3.324476840274855072e-02
3.246577877417865243e-02
2.985616073144503960e-02
2.781270470165102607e-02
2.310396432510736925e-02
1.896139886611804617e-02
1.572833701113159066e-02
1.252160954940317698e-02
8.634018704799080457e-03
7.237094038430370337e-03
6.606419008039291114e-03
3.187623442800370695e-03
2.907694104754915843e-03
8.889410444105217812e-04
1.498914804928189702e-03
2.696150641514497796e-03
3.116194323990345485e-03
4.980610116195213939e-03
5.118255516403879234e-03
9.375588096262630483e-03
9.688156554511561519e-03
1.014934967286915818e-02
1.163051953773213375e-02
1.178096441962947147e-02
1.225081402484841202e-02
1.353330958562304343e-02
1.348887615115319447e-02
1.386252157041511363e-02
1.307172329881545539e-02
8.300554649811029556e-03
7.041259776074186919e-03
5.589232473960742582e-03
3.885284840328170897e-03
-1.916109114221906280e-03
-2.547889954009708701e-03
-3.544022524221136523e-03
-4.953826300083091771e-03
-5.392603410294736707e-03
-7.217958069133374385e-03
-6.063079748444289915e-03
-6.168142825787882241e-03
-4.647902569533138295e-03
1.194780409368072314e-03
2.432428305080384066e-03
1.721108080462042250e-03
4.499472267981398377e-03
4.014785548314762399e-03
8.041899845088823495e-03
1.823654757642276247e-02
2.525906812532755993e-02
2.380522452107255299e-02
2.436322606668700486e-02
2.200536301913634529e-02
2.072347270743066239e-02
2.007006070044779072e-02
1.708295876249696366e-02
1.787770040377764311e-02
1.500004778176641795e-02
1.328024237201886476e-02
1.244141398015131961e-02
6.963578912188341137e-03
6.039201725302009542e-03
3.921517696547845676e-03
1.445028224255336200e-03
1.217854696461726383e-03
-5.740875185505220010e-04
-1.147997799402203064e-03
-1.593637382574762196e-03
-2.277499169162848329e-03
-2.245128480770670551e-03
-2.328872800854270113e-03
-1.587313550569359986e-03
-4.698743959554403725e-04
-5.224969774507567336e-04
9.520465979789404648e-04
1.899213184954102454e-03
2.192195318663581714e-03
5.098238310386706516e-03
5.453523552362695564e-03
4.214280004177722340e-03
3.431146423172693003e-03
3.266964108820828456e-03
-3.352442805492485394e-03
-3.731109391912077258e-03
-3.415225162066349521e-03
-6.265651379242081001e-03
-5.788348021840781371e-03
-3.591712739741920006e-03
-2.598818263074173258e-03
5.302761854022485698e-05
3.103982415297234024e-03
5.504085594175410837e-03
7.079665166100493345e-03
1.230542381596213923e-02
9.103989700724780115e-03
1.165694607052758167e-02
6.072778230653681081e-03
5.688705749554058208e-03
8.143730473498747222e-03
6.201135860551354982e-03
3.110834054751050303e-03
2.670953776304756805e-03
2.779494843599321016e-03
1.650199640355235614e-03
1.619078490827152283e-03
1.220015395674456382e-03
1.628260510388166490e-04
1.752200622812790038e-04
-8.540437884273295761e-04
-7.151262118809565294e-04
-4.409416155446934825e-04
-5.059170270752372765e-04
-2.949941788511204117e-04
-1.065974124548425334e-04
4.608579429021824486e-04
3.951220836082041570e-04
1.619195805936812869e-03
2.642381577310923529e-03
2.388918924387733751e-03
7.692733021974712190e-03
7.595139527280678204e-03
5.867101670315940341e-03
4.806824193253943570e-03
4.523331894554144528e-03
7.384163770586277958e-04
-1.593960260257295050e-03
-3.549339788332978203e-03
-1.078605110781882988e-02
-1.264794463857358414e-02
-1.937433930728199583e-02
-2.013032832989590862e-02
-2.215042953534941336e-02
-2.338608656055835358e-02
-2.373051684637370387e-02
-2.676985292961144014e-02
-2.753746114459695166e-02
-3.071112949960572158e-02
-3.358364361319519931e-02
-3.293321593882883591e-02
-3.291367142842180349e-02
-2.465219705032534181e-02
-1.293881074206400077e-02
-9.251058812424956673e-03
-3.081639218329349991e-03
1.593948576623790362e-03
3.912297902536542808e-04
4.249147682207093761e-03
1.448859938655379376e-02
2.027714170040336231e-02
2.486465744705383674e-02
3.240611101656731829e-02
3.325681314128317578e-02
3.667258671951639099e-02
3.781102180115512856e-02
3.874095072349344193e-02
3.970661164426433909e-02
3.671922119262191475e-02
3.587593383668080671e-02
3.333905709849217802e-02
3.056110086444364937e-02
2.923283690270733065e-02
2.581676643648998098e-02
2.319127682732578799e-02
2.015174884430245839e-02
1.660893557460305092e-02
1.420749507705432700e-02
8.627075874359554919e-03
4.786880442445887521e-03
2.341305314989412280e-03
-2.092276362238996296e-03
-2.753445716254996484e-03
-3.737213737508955028e-03
-5.676332762543595187e-03
-5.273802110843799594e-03
-6.138112264868380089e-03
-5.964611260265611017e-03
-4.878991501843267520e-03
-4.338863668730924897e-03
7.373267151509454694e-04
2.859381635231996593e-03
1.773640708890447150e-03
4.514805476460281158e-03
4.568102177616435548e-03
4.597188063167745656e-03
5.268294291704363544e-03
4.305391244497629166e-03
-1.775014479414436857e-03
-3.102452230563143565e-03
-4.539972254309721476e-03
-1.065948430008326585e-02
-1.248953069321522003e-02
-1.727018426160564779e-02
-2.283231406867733057e-02
-2.266443341715827439e-02
-2.620254873071581683e-02
-2.598644194964592341e-02
-2.756535288500225681e-02
-2.949803961176482997e-02
-2.894201553498929741e-02
-3.185329123071516111e-02
-3.293047435456131211e-02
-3.562026249493380203e-02
-3.703004917082869385e-02
-3.487366271185470684e-02
-3.075934958623488882e-02
-2.892899115107250979e-02
-2.567699460911401083e-02
-2.452899968921742890e-02
-2.189716740322665556e-02
-1.591971625557155046e-02
-1.321232354149440638e-02
-5.973038351594003870e-03
4.372380933452640309e-04
2.189043192991802118e-03
9.926638740528060528e-03
1.009408708219799999e-02
5.412640081820917909e-03
3.007461193510960196e-03
-2.141656876726688238e-03
-6.033369843226690094e-03
-7.257502387188275242e-03
-9.492842605841718406e-03
-1.108338701125857403e-02
-1.065064472467629544e-02
-1.169941187895138374e-02
-9.530736426334330408e-03
-6.930228194091614391e-03
-3.528003790851354932e-03
-4.584928726452276206e-03
-3.758696305541622991e-03
-4.987993389193653461e-03
-7.694590889937456477e-03
-4.698640309981307571e-03
-8.703640809516046545e-03
-2.508723457945858347e-03
1.610459609475209733e-03
3.403938372038925724e-03
6.917792602889805652e-03
7.270658422000890117e-03
6.499828857691872415e-03
6.086933483112811141e-03
4.933626833759693214e-03
3.981457540888867427e-03
3.797130687546150778e-03
2.182251407440578741e-03
2.061978979118774674e-03
1.550275462067781003e-03
-4.444334314995466431e-04
9.268207182220085253e-04
-1.152941547359740207e-03
-8.124459484674696752e-04
1.229426482305733372e-03
-1.189206099411625143e-03
1.451226206799981341e-03
-5.157745473666269440e-04
-6.464083078455293285e-03
-6.047765895040123699e-03
-7.673403241466906013e-03
-6.556380368017580493e-03
-5.895687855216828928e-03
-3.366062609855119490e-03
1.326886885406479031e-03
4.043160829023118887e-03
8.096310531386693987e-03
9.638772564573527130e-03
1.461932011195345334e-02
1.519770559009126464e-02
1.577167824714440295e-02
1.730542547982243107e-02
1.771065182699314497e-02
1.828745177310505537e-02
1.924528728181742337e-02
2.038683403633244351e-02
2.037399836333941144e-02
2.336408614017804544e-02
2.441411400278342692e-02
2.506344188142063320e-02
3.475437558290281337e-02
3.353429307689491379e-02
3.556661221013751595e-02
3.375845509575076814e-02
3.213846371822963455e-02
3.164319574359465703e-02
1.684175570272113467e-02
1.678100516643523527e-02
1.150047506546267653e-02
8.216998673789294855e-03
5.894785318550477271e-03
2.927263809137112174e-03
1.291118988303738930e-03
-9.700052368002721201e-05
-4.088497550581036456e-03
-4.630362920866820144e-03
-4.555240758836953674e-03
-5.611608287296437209e-03
-5.561272731674492611e-03
-5.903143356163304163e-03
-6.038127808106907683e-03
-6.428721608219427168e-03
-6.590003830012974677e-03
-6.579344725045136767e-03
-8.175557250419799443e-03
-7.000811963789726859e-03
-8.290897127045355336e-03
-7.018818515310613210e-03
-1.276963594567677310e-03
-1.859112472124152819e-04
4.738126406091820383e-03
6.540918417578692710e-03
1.099030991149151440e-02
1.197312702466400182e-02
1.047620679870993159e-02
1.191724987332495878e-02
1.139254254401479878e-02
1.129980145970611166e-02
1.133505466077372979e-02
1.091771440496393589e-02
1.068531477338743180e-02
9.765703363240200649e-03
9.526755050870316238e-03
7.927046764861372247e-03
5.970512229361423819e-03
5.810611436791884160e-03
-5.378140849100920438e-04
-2.749811257957869158e-04
-3.509315005593568950e-04
-1.738521433460675589e-03
-4.714496799539497312e-04
-9.419205953066807488e-04
4.405487950202845204e-05
-1.582746469886602610e-04
-6.628696961411318939e-04
-6.602495050982317001e-04
-1.189140304527493705e-03
-1.223040368174937043e-03
-2.431775775825806545e-03
-2.331777766360509062e-03
-2.595965930510880145e-03
-2.850801903304030997e-03
-2.351326643061576148e-03
-2.381107587592365318e-03
-2.325602976248342547e-03
-2.205987463534315931e-03
-2.223967842761547919e-03
-2.179144571327547818e-03
-2.158972887449461895e-03
-2.157689252837136171e-03
-2.141253125521827387e-03
-2.138461602477568623e-03
-2.134932781995964486e-03
-2.130266021693527634e-03
-2.129393038110495920e-03
-2.127290235448484057e-03
-2.125388666574133320e-03
-2.124769003593685989e-03
-2.122516523467155979e-03
-2.120139850312328413e-03
-2.119708029120363334e-03
-2.112272244620710514e-03
-2.110060133333268011e-03
-2.105885539063284944e-03
-2.080975132775170298e-03
-2.090471975983173615e-03
-2.050544919253099920e-03
-1.997876308158939331e-03
-2.048392211037604500e-03
-1.823929567077203946e-03
-1.845826074037482806e-03
-1.849585684873171791e-03
-9.413525137266590950e-04
-9.514759242113022359e-04
