-1.622017513523493423e-02
-1.746575101026287200e-02
-3.402774771873014192e-02
-4.179310107409558994e-02
-3.352683194782676152e-02
-2.639294262918531406e-02
-2.008558671212075722e-02
-2.008469537190776810e-02
-2.008388186633302055e-02
-2.008354231524144690e-02
-2.008359074475608158e-02
-2.008359074475730630e-02
-2.008359074475693160e-02
-2.008359074475685527e-02
-2.008359074475635567e-02
-2.008359074475634179e-02
-2.008359074475659159e-02
-2.008359074475672690e-02
-2.008359074475708078e-02
-2.008359074475658465e-02
-2.008359074475740691e-02
-2.008359074475669567e-02
-2.008359074475653955e-02
-2.008359074475702874e-02
-2.008359074475658118e-02
-2.008359074475709813e-02
-2.008359074475648404e-02
-2.008359074475613709e-02
-2.008359074475642853e-02
-2.008357115756849443e-02
-2.008373564402453001e-02
-2.008387723337651601e-02
-2.008370747780969037e-02
-2.263415825783969548e-02
-2.198467041045293335e-02
-2.094120939931701925e-02
-1.966540674156935786e-02
-2.096305044359237854e-02
-2.096451343188787675e-02
-1.264851193942991871e-02
-1.218518300667992965e-02
-3.038040665055720402e-02
-3.454008025373878077e-02
-3.546468516893236389e-02
-5.004420108499899739e-02
-5.417051393895496586e-02
4.575034818993253816e-03
1.186397278038141441e-02
2.011913740978734863e-02
2.502567388948960178e-02
2.778577536012474467e-02
2.231525954928497563e-02
1.986529170461814181e-02
1.434190839016973029e-02
2.891225993428289329e-02
2.720491792285762225e-02
-2.612826263444362543e-02
-3.169739664293899639e-02
4.021043256169402717e-03
-6.159109158301200558e-03
1.856736350873312152e-02
1.180362532593755981e-02
1.840879819315657112e-02
-7.640658246002966086e-03
-9.261607361783613310e-03
-1.272933800011285220e-02
-6.843724176280813545e-03
-8.855584361924797102e-03
-2.507235536243286253e-02
-4.264111513062316533e-02
-2.822224709969374870e-02
9.481443586314275765e-03
1.979207741114510227e-02
1.993227600409517089e-02
1.645632499691798006e-02
-1.460266373960885690e-02
-2.798278842232879149e-02
-2.739612723297583929e-02
-2.741185239107539473e-02
-3.046234934328101093e-02
-3.853514599413993685e-02
-7.074875718578677031e-02
-6.923326798424118966e-02
-5.309300415336166284e-02
-5.310622129499310146e-02
-8.728579094140709316e-02
-1.044144833261381328e-01
-1.321428874189045088e-01
-1.186379054814960671e-01
-7.271393159254976868e-02
-2.828157650610537560e-02
-1.728157217607887569e-02
-4.872083286292203108e-02
-5.580453779755781274e-02
-5.734582290711282004e-02
-2.700732681881843830e-02
-2.410771000969915909e-02
-3.023160947785448818e-02
-1.757705217709604195e-02
-1.180019998244454839e-02
-9.085828467059700597e-03
-1.541143503369020798e-02
-2.697250211308897111e-02
-2.865551954995879808e-02
-4.478812255341417525e-02
-1.039909118736710991e-01
-9.287095672079946629e-02
2.912024929114985505e-02
4.987016643383613418e-02
2.145098892243403957e-02
5.152022622954686992e-03
-6.859825527571227974e-03
4.874712755701379741e-03
2.489477812193717499e-02
4.467552960527455819e-02
5.006518568303899852e-02
1.531515111150416955e-02
-3.573736448474276045e-02
-6.220880153859485034e-02
-3.990106921580410110e-02
-1.410791768857094612e-02
4.240329032529906172e-02
7.725408086790418183e-02
2.715550232178002080e-02
-3.554715845523488682e-02
-5.836019713305654749e-02
-5.056663847272802048e-02
-5.130588900947941761e-02
-5.535405267507352567e-02
-4.376976618116821399e-02
-1.164876124651106730e-02
-1.622063661469618856e-03
-2.477715069305370596e-02
-2.477785080031536663e-02
5.843683113741527171e-03
6.406550321353600419e-03
-4.587848286441295609e-02
-6.118504467497960092e-02
-7.930199136139880201e-02
-7.426456883626580963e-02
-1.561724081876164801e-02
-7.135935315815591061e-03
-1.641424577288999945e-02
-1.945001340561603245e-02
-6.384139597218509155e-02
-6.426623391909913607e-02
-1.211007467485888077e-02
-3.610535102391417006e-02
-1.169989914832932770e-01
-1.394955164304774453e-01
-1.611406120423479194e-01
-1.293804932749566261e-01
-1.314606287548498731e-01
-5.714936606758942023e-02
7.683915429970937690e-03
2.297195266510100239e-02
-3.373912101913991574e-02
-1.842999430661245927e-02
-5.216256395630194248e-03
-3.593972517639526260e-03
-1.963246583676465581e-02
-2.624260647846965444e-02
-2.949006969108098827e-02
-4.841561099687437253e-02
-5.333449302915056756e-02
-3.478474823640434130e-03
1.957736652068898381e-02
4.015550097717159733e-02
3.005613177295849911e-02
-1.955363917810044546e-04
1.287518962158219586e-02
1.219590707503071143e-02
-3.330263730750934043e-02
-6.260940898955685840e-02
-1.515744254556947446e-01
-1.303216420557621880e-01
6.031606860676921866e-02
8.649794207350139374e-02
4.705066333840258325e-02
2.809359805167643484e-02
-2.341062839795979809e-03
-3.410736953017203931e-03
-1.080269723804678714e-02
-1.317531887686649271e-02
-1.607987076096087029e-02
-1.322044584171780911e-02
-1.122265273702913180e-02
-1.254685049471234055e-02
-3.120804270130569935e-02
-3.455218327078203588e-02
-3.012637237058097064e-02
-2.081768529600702688e-02
-1.305221308059780275e-02
-6.350099761375140560e-03
-1.981969243578690990e-02
-2.347767826483087433e-02
-2.865495337286799379e-02
-4.478953558799274315e-02
-1.039934823125178848e-01
-9.287182964566373378e-02
1.059790239470599811e-02
4.046583762657012667e-02
2.599393024783970899e-02
4.255538403066024683e-02
3.832099651487563124e-02
3.178453131037938667e-02
5.377858488411465382e-02
4.649575604296338899e-02
-1.239125017208445034e-02
-2.838303853419376147e-02
-1.364620007077772812e-02
4.121756415512659727e-02
4.878091324776775289e-02
1.873058668209405184e-02
-5.558093272312921405e-03
1.210010386051489466e-02
1.976095702861186548e-03
-1.176743197816790786e-02
-2.156857297223637240e-02
-1.313059895848475017e-02
-1.437680065208531664e-02
-5.834867856703899319e-02
-6.374490377428271293e-02
-4.665423751128768004e-02
-4.773315999742457766e-02
-4.773062157498663555e-02
-5.088616597169454137e-02
-6.662412829217613519e-02
-4.691952271582098405e-02
-2.472485232447261747e-02
-7.895553961441173453e-04
-2.120124088962328096e-02
-1.140752342322227941e-02
-5.754609071753894432e-03
-4.706456994968068359e-03
-1.970172787690109215e-02
-2.170146021482805346e-02
-2.443110798541577380e-02
-2.443276884523247483e-02
-1.827022904345102991e-02
-2.402480822276647360e-02
-3.508105312620941885e-02
-3.816343074065944863e-02
-2.665975836425631476e-02
-2.666372364097983200e-02
-2.665866704973873791e-02
-2.665517031113523103e-02
-2.665681817335769158e-02
-2.665429768565885649e-02
-2.665971599890439719e-02
-2.667198671039202468e-02
-2.665708813516538475e-02
-4.423923362715069529e-02
-3.903960339099750432e-02
1.045299831069943300e-02
1.925136410643340026e-02
8.863046861834342899e-03
8.877015414075557082e-03
8.866599577644974570e-03
6.033872286903056020e-03
1.208883972872288812e-02
-1.536710950720597373e-02
4.474881421862138102e-03
-1.054891235839641728e-02
-5.881547129475284824e-02
-6.420280457163862753e-02
-2.825233533623837737e-02
-1.129459388947220283e-02
-1.981114693925172324e-02
-4.193730697990092487e-02
-4.412223236515453589e-02
-1.496617148663478315e-02
-1.083458799646443843e-02
-3.689605816558872917e-03
1.422769246329253596e-03
1.076389223201672588e-02
-4.130307089801903489e-03
-1.523366516833647537e-02
-1.937936901669768059e-03
1.021195829252297127e-02
2.489420224363971673e-02
4.467660734824123459e-02
5.006505880186045560e-02
1.531664110084843093e-02
-3.573356607275438024e-02
-6.003715090661537052e-02
-2.204578241888991569e-02
-2.294286138440424297e-02
-3.177169185271905283e-02
-2.052335981659783246e-02
1.848057976065315203e-02
2.394586458309772015e-02
1.215877429917448273e-02
1.216730746922871885e-02
1.216125516883123821e-02
1.215644714617666183e-02
1.216012800303158288e-02
1.216673352020852632e-02
1.217481232421532659e-02
3.157961985359505896e-02
4.447372855323645374e-02
5.614174396772125125e-02
2.413972895225925674e-02
-5.845801371371470850e-02
-6.521015903563075200e-02
-4.165845486810455106e-02
-5.808696208014693663e-02
-3.665206793099223814e-02
-6.529574402890091526e-04
2.341384094201722291e-02
1.304927468626750423e-02
1.371393364348313243e-02
6.507375349256380032e-03
2.333274713800088246e-03
2.333911412046678173e-03
2.332435635937538630e-03
1.297097937096470047e-02
1.529054688605054751e-02
-6.509506951427714364e-03
-2.543403532748838083e-02
-4.620182968644830773e-02
2.795803076813847474e-02
4.136327789436421848e-02
3.357491248357140357e-02
3.357942906722292953e-02
3.357901106215417653e-02
3.357962035550114688e-02
3.358148824597711329e-02
3.357536436137784769e-02
5.567693366937435245e-02
5.264706633618517623e-02
-6.674110129854449180e-02
-8.842493944329907207e-02
-4.148923390718768645e-02
-8.926322117598412334e-03
5.407588925891138737e-02
4.649956359640973480e-02
2.842847196470204077e-02
3.129926404643317700e-02
4.383675315023692620e-02
4.907841315936483512e-02
4.666173297893835142e-02
1.058930862669590911e-02
-1.545930979366067241e-03
9.119118634899862560e-03
2.290215377432404734e-02
7.870299662353549830e-02
7.703462511106920485e-02
7.985994494123838799e-03
-3.280191113289680077e-02
-2.565514515649565397e-02
-1.318323679766841318e-02
-5.488801067660467039e-04
-4.248559516334716145e-03
8.821561096463096524e-03
5.209055029595326819e-02
5.615091141131587499e-02
3.002701261330456214e-02
3.002261275971246715e-02
4.385973020980890591e-02
3.098652360464490899e-02
-1.431628742888824482e-02
1.552872424762147393e-03
4.087987694846512837e-02
3.361160330929267859e-02
9.526640610556715710e-03
-5.636998645000176368e-03
-6.306437619194968369e-02
-9.873921722236983500e-02
-9.566384179514740571e-02
-1.075543187352710900e-01
-7.331047182111802285e-02
-4.316051476041932872e-02
-4.820285067157672326e-02
-3.930207950430130576e-02
-7.862457862932299701e-02
-9.240928072169474206e-02
-1.007359917796245841e-01
-7.238020535039117742e-02
-7.238006294340268432e-02
-7.237550130268723125e-02
-7.237439094167326392e-02
-7.237637907406216375e-02
-8.838206214880832412e-02
-8.977518827290451031e-02
-8.531282222740951826e-02
-8.494191748119664376e-02
-8.024797493475413490e-02
-1.055863856700059028e-01
-9.815860321880516548e-02
-1.926098367540951192e-02
1.606230109371082444e-03
-5.615770069817058348e-03
3.790763669436270772e-02
3.900338818469564761e-02
2.118701853329346338e-02
-5.705622345688309829e-04
-2.706366068378960568e-04
2.494766373147608123e-03
2.298096606737816058e-02
2.173053988600880809e-02
1.619620884863446492e-02
1.619725734779177417e-02
1.619675901426420941e-02
1.619649277054217851e-02
1.619652913911813832e-02
1.619652913911785383e-02
1.619649527399716002e-02
1.619677254386480206e-02
1.619708170678404308e-02
1.619535887642670549e-02
2.134820297911517797e-02
1.804553254789159622e-02
-1.117509840576144664e-02
-1.375184510767797109e-02
-7.146899544003746524e-03
-7.148642190928395680e-03
-7.147283613774260518e-03
-1.108635834550970693e-02
-8.212336903611939382e-03
7.662225121540307271e-03
9.632242101967914208e-03
3.883850135705742106e-03
3.884181291789088122e-03
3.881048608612326558e-03
-8.201666568621408457e-03
-1.686760809554638252e-02
-6.516960742555318042e-02
-5.913013852569645040e-02
-4.179653162768767749e-02
-4.179894002534262354e-02
-4.179691841455835527e-02
-4.179570458518063608e-02
-4.179394612671277071e-02
-3.589751579014091587e-02
-2.843555163895909732e-02
3.066756759195362735e-03
1.199379026974095521e-04
-1.480454977751542722e-02
-1.480251738739481182e-02
-1.480347480040119373e-02
-1.480387117560902355e-02
-1.480409200960356754e-02
-7.343786670999329601e-03
-7.631939236213696950e-03
-9.893662731506956687e-03
-1.362366407002604113e-02
-1.304798237186167130e-02
-1.542668301100130583e-02
-1.556932062603875490e-02
-1.325633599775921483e-02
-1.206731566976234488e-02
-1.178205140707085097e-02
-1.178182953431343959e-02
-1.178175294238713137e-02
-1.178174435143732740e-02
-1.178174661574080129e-02
-1.178174661574121415e-02
-1.178174661574175018e-02
-1.178174661574110660e-02
-1.178174661574061220e-02
-1.178174661574093139e-02
-1.178174661574118987e-02
-1.178174661574099558e-02
-1.178174661574115864e-02
-1.178174661574163569e-02
-1.178174661574130436e-02
-1.178175512659325117e-02
-1.178168132270538716e-02
-1.178161653500440706e-02
-1.178200719302557528e-02
-1.071043921823298592e-02
-1.146729561235890898e-02
-1.631737996530951626e-02
-1.608572279896234095e-02
