9.264087963938012586e-04
8.250460102417737527e-04
-1.901610589060686923e-03
-2.307037422251736244e-03
-1.676213652707026630e-03
-1.831893861129083858e-03
-2.788020714383822058e-04
-2.508552443933149620e-04
1.137405602761396429e-04
5.388229980541277319e-04
5.576351291845199707e-04
7.751783575545431130e-04
8.467888088805350464e-04
8.898616198561258833e-04
9.424710938373307648e-04
8.956373978890536450e-04
9.535646396459879302e-04
8.029490784042916983e-04
7.366325065486205173e-04
7.878711639821163980e-04
1.074957106583504854e-04
2.226167261186389281e-05
-3.923487219289706969e-04
-5.350550379743996589e-04
-9.630866863052034649e-04
-7.622323145769834430e-04
-1.242498225796727970e-03
-1.833223208613360454e-03
-5.849875420675388878e-04
-3.395015724386376329e-03
-2.162239016360270171e-03
-1.790437291265400445e-03
-1.477730659985424660e-02
-1.238577050079354806e-02
-1.576576103889404390e-02
-1.982781371356310413e-02
-1.383367227033495579e-02
-1.678483859303205039e-02
-1.258020110176265131e-02
-1.101514484332546430e-02
-1.108513271314987003e-02
-8.245752995103307337e-03
-7.996242771889889439e-03
-8.553612441806633312e-03
-8.042515143290098617e-03
-7.971918156207485895e-03
-1.020701467363436740e-02
-9.519286624394411242e-03
-1.097053458693526828e-02
-1.687577440204780094e-02
-1.825420718400900047e-02
-2.464723805390694675e-02
-2.776986130952079079e-02
-3.071534539159683289e-02
-3.581635256156095320e-02
-3.428338660399363885e-02
-3.559183331370279618e-02
-3.379054013008621349e-02
-3.345717437364299773e-02
-5.058221558161006548e-02
-5.681475697276501535e-02
-6.120065256878483295e-02
-8.020254083932620848e-02
-7.458032925409785463e-02
-6.730911271536715867e-02
-6.671809003777365299e-02
-5.566526817752718431e-02
-5.533046665088021954e-02
-5.012098450773162794e-02
-4.544420159926902680e-02
-4.746332871474419346e-02
-4.397571733142799366e-02
-4.175814897875668175e-02
-4.203721635157388337e-02
-3.680917133937955388e-02
-3.578493237568788898e-02
-3.274840824006581413e-02
-2.557248867591526559e-02
-2.296486889490388997e-02
-2.517656622256116833e-02
-2.256537722443236610e-02
-2.602937746505032401e-02
-3.071580214989424670e-02
-3.459845011450374264e-02
-3.594689694950361364e-02
-4.215030582039855367e-02
-4.530145735299684340e-02
-4.862558114154999500e-02
-5.893261772928141268e-02
-6.043718335724222734e-02
-6.446984093773860947e-02
-6.832469894562184787e-02
-6.607056481268658299e-02
-6.991928348421859452e-02
-6.637958296238449796e-02
-6.386883618765383519e-02
-6.404196518150585826e-02
-4.312430986727979615e-02
-4.156190888616884127e-02
-3.295688754695164785e-02
-2.536781274921661583e-02
-2.632204767980397125e-02
-2.438088989421303976e-02
-2.173256582726528288e-02
-2.322654480535757404e-02
-2.478431454668028958e-02
-2.557103742794408774e-02
-3.303785430401351420e-02
-3.559572683287008654e-02
-2.879820559752368711e-02
-2.674265113148723352e-02
-2.912576692469148049e-02
-3.011514098458628955e-02
-3.052527591208830521e-02
-2.914992011632307201e-02
-3.025568298894720787e-02
-3.313451345063894021e-02
-2.826339983972366715e-02
-2.647344463080318969e-02
-1.934101557817352254e-02
-1.190740413401449732e-02
-9.649938304792469307e-03
-9.320514687997626113e-03
-1.190515686238401497e-02
-1.145306072777826055e-02
-1.176685559296226057e-02
-1.228669083665282456e-02
-1.286516732930667768e-02
-1.495796374267803312e-02
-1.537200332376875353e-02
-1.816854479121234392e-02
-1.956975528833474268e-02
-1.913239109307494565e-02
-2.017893130286103898e-02
-2.123621271861420370e-02
-2.015898426199325480e-02
-2.128498937288305498e-02
-2.272155330744210153e-02
-1.834588265267714929e-02
-2.347532853715982026e-02
-2.561533026781687150e-02
-2.993571672856031735e-02
-4.100520690286425102e-02
-4.230229974169844032e-02
-5.385866467713672917e-02
-5.356289391105485687e-02
-4.995516998628666411e-02
-5.150698724683831775e-02
-6.051559462875819029e-02
-7.581774334388316494e-02
-9.034064275891881546e-02
-1.008563610340409838e-01
-1.188715711283120646e-01
-1.294003857149317316e-01
-1.478229987684362978e-01
-1.770646082345203598e-01
-1.944487966646529786e-01
-2.310133506543157467e-01
-2.527764322943621966e-01
-2.808441336880008188e-01
-3.057295112158666117e-01
-3.147543585703297397e-01
-3.358244181011152962e-01
-3.479367200811837035e-01
-3.526434651983261226e-01
-3.561896978171815165e-01
-3.471304549814414608e-01
-3.337116604610009807e-01
-3.180907588843607803e-01
-2.938670865603245086e-01
-2.740032477649472775e-01
-2.626665981921844639e-01
-2.453001048069517187e-01
-2.341734506915791325e-01
-2.236073751639897911e-01
-2.016496357818777507e-01
-1.925580362837796267e-01
-1.731149206495657122e-01
-1.529531668652947540e-01
-1.322761711171755450e-01
-1.046974911874799519e-01
-6.622665051033818640e-02
-5.517593348051834379e-02
-2.822719574625187980e-02
-2.397234090894688821e-02
-2.229342136239960762e-02
-1.458799192109776557e-02
-1.534515223961611941e-02
-1.637986515667875370e-02
-1.641016662781346128e-02
-1.880411445417512137e-02
-1.879737603178260538e-02
-1.835881567390711816e-02
-1.488841960434226196e-02
-1.484573415786214975e-02
-1.186235530533166771e-02
-1.029882335985256650e-02
-1.148956671123798484e-02
-1.010299654107734216e-02
-1.353296138424747719e-02
-1.796588815282538013e-02
-2.197060010951658662e-02
-3.127043867385782133e-02
-3.677683756899663425e-02
-4.642547437187605902e-02
-5.287087086954706666e-02
-6.053398088770972629e-02
-6.104562091419721281e-02
-5.782655341501188873e-02
-5.589187139704401841e-02
-5.589847677310489510e-02
-5.063935823798180330e-02
-5.691719479435784768e-02
-4.797440635023916128e-02
-5.353780597672398028e-02
-4.908437808285617820e-02
-3.448082694470586129e-02
-3.256866057530237446e-02
-2.035545455423838634e-02
-9.263025874936058751e-03
-6.229858848838099213e-03
9.429838862131700080e-04
4.776904364803075120e-03
6.749678478338033520e-03
1.012101269463416831e-02
9.707794376309308859e-03
1.043173067688298386e-02
1.191811987546628065e-02
8.567789519351045810e-03
9.805379677317460282e-03
8.150568830915262339e-03
-2.866614631249644429e-04
-3.317041999384588279e-03
-8.913732927171624798e-03
-1.142466248277865942e-02
-1.207280680437242820e-02
-1.266003589949049081e-02
-1.298491699929734192e-02
-1.211938211918640179e-02
-1.313938878857400655e-02
-1.403455473325159082e-02
-1.750506395674654089e-02
-1.718880314915284535e-02
-2.031777816392406691e-02
-3.029987274202340652e-02
-2.881986823847649051e-02
-4.007135705229780687e-02
-3.975252685307843065e-02
-3.131478872335758529e-02
-3.564992710050668423e-02
-3.416508799107432354e-02
-4.048411594292949250e-02
-4.050372553189558050e-02
-3.892285825737474420e-02
-4.536477774973714933e-02
-4.419002233184288198e-02
-4.582864165343782104e-02
-4.292559516256257840e-02
-2.773768756063788726e-02
-3.055722688363436690e-02
-8.084341210980358280e-03
-6.461777431644195359e-03
-1.753777604859254463e-02
-1.282050749344121332e-02
-1.923084765915588842e-02
-2.416752141733136822e-02
-2.186223806887244159e-02
-2.886259235380431859e-02
-2.783102108772065805e-02
-2.086020028030980897e-02
-3.356406500658554171e-02
-4.203248466842163245e-02
-5.220474231222219097e-02
-6.377373072778935725e-02
-6.987118033049943833e-02
-6.723516324075774764e-02
-6.117649236285706976e-02
-5.476876181744920469e-02
-4.852748132176379348e-02
-4.346749847518598109e-02
-3.778689119305749661e-02
-3.475538890173562184e-02
-3.134372167271167603e-02
-3.001566355111101592e-02
-3.263581192618974364e-02
-2.889091486940939535e-02
-2.884270835370355765e-02
-2.621274420113930276e-02
-2.072619571758605936e-02
-1.970556897448838551e-02
-1.197360257584714760e-02
-9.871740628642870774e-03
-8.707220683484727039e-03
-4.843836530795403092e-03
-4.966273572629944545e-03
-3.222435674319871698e-03
-2.476885186981593254e-03
-2.287685692564723258e-03
-2.217651218253380817e-03
-2.653480194283904664e-03
-3.055798558289699388e-03
-6.037588423105543639e-03
-7.765490148285699584e-03
-1.140034412330855756e-02
-1.525405658085775794e-02
-1.637480474271955228e-02
-1.956214946409646355e-02
-1.787314666900968740e-02
-4.815148844028232719e-03
3.477459424163421419e-03
1.305650447133634498e-02
1.210087103048335111e-02
1.954769440644075693e-02
1.950060769446696277e-02
1.819516248376260373e-02
2.215716140186543837e-02
1.664353568711333595e-02
1.759249182560264010e-02
1.674542804794051931e-02
4.711847255964475220e-03
4.903211637294640872e-03
-3.770872724677238556e-03
-7.020967725063710814e-03
-7.432813645775390547e-03
-9.754260747711653717e-03
-7.124284329447114379e-03
-5.922813510710440814e-03
-6.334103698978784357e-03
-5.308948067367073691e-03
-1.093656410130383356e-03
-4.966412826613086917e-03
-1.548995486139461645e-03
1.081486284157291006e-02
1.346799546348077629e-02
2.282384388819849730e-02
3.207719528692987154e-02
4.366639121780623023e-02
4.796003314356121761e-02
6.790296389692325463e-02
7.131295753866707943e-02
7.391185193771682149e-02
8.541334187166518821e-02
7.306279513680769000e-02
7.645988860694412359e-02
7.350776778320143590e-02
4.474096704223955168e-02
5.090865106158854597e-02
3.394644373649487179e-02
3.113009298078543707e-02
4.059269772890494038e-02
3.692766515669632793e-02
4.295677026372584500e-02
4.569381713912285675e-02
4.511980532317049625e-02
5.053123784915494049e-02
4.861270900066020501e-02
5.131054880838167853e-02
5.060372361094613719e-02
4.729558344821052640e-02
4.514178050397096159e-02
3.960049774592084432e-02
3.624942696134399178e-02
3.067214303722441346e-02
2.676231161522122162e-02
2.165171059861522446e-02
1.568741784770355183e-02
1.265728977782354728e-02
3.258298220176846990e-03
-1.615157197997783844e-03
-1.110505892947449618e-03
-7.520540260440690752e-03
-6.315949752739958428e-03
-8.165162348430793013e-03
-1.012094672745023939e-02
-2.116894293668547186e-03
-4.435537741951742913e-03
1.704121307191579747e-03
3.827487269959220853e-03
3.835081306775204799e-03
4.831010367188776078e-03
2.292407511036811604e-03
2.610586926821546402e-03
1.999953007641271790e-03
1.313674926124188324e-03
1.039264084926719550e-03
3.144823937259399148e-04
-2.487912471925618675e-05
-1.422643673367607895e-03
-1.979803913590562608e-03
-3.255651187393555131e-03
-7.323977632617314180e-03
-8.914284461005393331e-03
-1.432380134565837577e-02
-1.834868442034396849e-02
-2.039586212270631110e-02
-2.314043147766993436e-02
-2.838237453382580489e-02
-2.863781166987963353e-02
-3.196238018397355024e-02
-3.298949295783849128e-02
-3.313956680071027810e-02
-3.434775538838669845e-02
-3.285350928833941780e-02
-3.266689458719934658e-02
-3.132258088888188047e-02
-2.756188943172121000e-02
-2.750818238938330593e-02
-2.105355109569952837e-02
-1.668393445626674063e-02
-1.563967450825019812e-02
9.949492016834422629e-04
-1.773500866674744677e-03
1.824910487708387681e-03
-3.300273527014185599e-03
-3.771341560621722325e-03
-1.067406715377075847e-03
-2.855398936095190389e-03
-1.426650815193276391e-03
-1.445027606425170266e-03
-3.965649853066535615e-04
1.263558648544118061e-04
3.293143053222210496e-04
5.012004087818558440e-03
5.545706340260369432e-03
6.274663585033678388e-03
7.575078265712219434e-03
7.753472561311824246e-03
7.792721127335590706e-03
8.087064569511989362e-03
8.133940333544340678e-03
6.337693962665634853e-03
6.311275680813671803e-03
5.836371399996405709e-03
5.350875717009903436e-03
5.312891194082530570e-03
5.046389463444278696e-03
4.935066813101191517e-03
4.876287935746152422e-03
4.775729473703772647e-03
4.746071925339216853e-03
4.707747297049120518e-03
4.678423697376373792e-03
4.667074735524720346e-03
4.650397275824267630e-03
4.650546883394350052e-03
4.642784743073900648e-03
4.646816491690243002e-03
4.666817118992513079e-03
4.648156276839425158e-03
4.707450141844335065e-03
4.721539634888118932e-03
4.695834240256716724e-03
4.920586282933855395e-03
4.771040083982632310e-03
4.950889239440623563e-03
5.431693586962068818e-03
4.682799703536529023e-03
6.220879148866306774e-03
6.606046239500954625e-03
