-6.505784688699298244e-04
-7.302194430161077898e-04
-2.838580230444517905e-03
-2.914430730780977370e-03
-3.229981710922109200e-03
-3.592259745903440132e-03
-3.174768816650921487e-03
-3.370086181949358793e-03
-3.335483298212783658e-03
-3.271198764802048416e-03
-3.328060642934012325e-03
-3.294065969234312267e-03
-3.295362997567737214e-03
-3.302999101148225685e-03
-3.292663436171742314e-03
-3.296572824266815610e-03
-3.295638819759156863e-03
-3.293859931559587825e-03
-3.295042041706807041e-03
-3.294170619671740480e-03
-3.294097034165344336e-03
-3.294274615907668863e-03
-3.293926042043481949e-03
-3.294050423056273796e-03
-3.294061441518959452e-03
-3.293737417591905206e-03
-3.294238615558306264e-03
-3.293808920831383432e-03
-3.293463107879087554e-03
-3.295249475982073729e-03
-3.292064052895655232e-03
-3.294601626599156542e-03
-3.296984646319768737e-03
-3.285006660479466295e-03
-3.305612703872833590e-03
-3.288347350032796643e-03
-3.260427926827843843e-03
-3.235933872182547404e-03
-3.288736404959228046e-03
-3.261277545669355980e-03
-3.261846615389806490e-03
-3.329011264373084398e-03
-3.219455745291098341e-03
-3.329432931247720655e-03
-3.375726006745994288e-03
-2.923149638576594267e-03
-2.886523225265599357e-03
-2.478560631279659501e-03
-2.494672882546553061e-03
-2.307377595086025808e-03
-2.492348636488495289e-03
-2.580822246375844616e-03
-2.413431002895585851e-03
-3.955705294477187758e-03
-5.140230997522418806e-03
-5.168927881461116147e-03
-7.435479613249022790e-03
-9.324077021088141709e-03
-1.103104566006577608e-02
-1.262676146416933515e-02
-1.089609098126979349e-02
-9.250021793836299411e-03
-6.909928808366627186e-03
-5.635363073466181927e-03
-5.495989132113313080e-03
-2.316789406817311263e-03
6.352712349058909323e-04
4.100287424779264916e-03
5.511436603569725215e-03
5.013329457718519733e-03
5.342674217460052950e-03
4.966806287959090425e-03
4.905868923133526946e-03
4.880973857106335814e-03
4.773236331207334274e-03
4.783194616416677411e-03
4.628848227632625933e-03
4.784687882038838810e-03
4.556859784539161844e-03
4.479335218872629309e-03
5.307936054282282740e-03
6.044866699184884770e-03
4.592468831021583736e-03
6.105764030527878472e-03
5.411241476363692210e-03
1.224173651189450944e-03
-8.707724603920910045e-04
-6.399630062721753040e-03
-8.903437820318561499e-03
-7.455655839694057610e-03
-7.679149554315650369e-03
-6.551272010275751949e-03
-5.578183953392419278e-03
-5.723868789694228423e-03
-4.664838374825426050e-03
-4.453140919045623855e-03
-4.861851781249435303e-03
-3.796995452827655205e-03
-5.828411150497041400e-03
-5.423632932145193777e-03
-3.226534101221855636e-03
-4.241235870368086081e-03
-1.449195363409389080e-03
8.991221365796795610e-04
1.639499074039220275e-03
2.295420243943226569e-03
2.147157681460430852e-03
-9.832325359961095919e-04
-1.967755574142649941e-03
-4.676901673493663418e-03
-6.568815743301619457e-03
-6.329207909442418831e-03
-6.901710014638035712e-03
-6.853569660966939495e-03
-5.182704966623613400e-03
-5.015641294615957001e-03
-2.747501540168617584e-03
-2.143336493693552211e-03
-1.711140392437121528e-03
-2.145201980143725089e-03
-3.815592614068865447e-04
-1.555811070658513426e-04
2.864987660951312282e-04
1.846934462508603627e-04
-2.470952579799852119e-04
-1.258163593900778947e-04
-2.786450676883775262e-04
-1.253107011536741446e-03
-5.071272910577175443e-04
-4.558179728062078926e-04
-4.893943444415289933e-04
-3.681106642929281715e-04
-2.133134471539672831e-03
-1.047200555289989855e-03
6.668756648938841325e-04
3.426137090042514349e-04
4.603028235968896660e-03
4.906297764571332029e-03
3.948585928859778271e-03
5.692266036661493799e-03
5.023050469924802454e-03
3.811363566411326599e-03
3.718397982560309178e-03
3.793992184613086908e-03
3.401637720080294327e-03
3.577452450526998583e-03
3.301109512431864290e-03
3.237278618551010876e-03
3.420164673075602908e-03
2.385298008471618044e-03
2.270343436926879413e-03
1.682161866424317000e-03
5.960520406267042761e-04
9.116125548749553489e-04
3.253888940520956717e-04
3.284412859232954652e-04
-9.019949899409465286e-04
-4.209785272502306920e-03
-4.720240216621937081e-03
-5.244794491181954156e-03
-6.370433194397888410e-03
-6.437393279276447042e-03
-6.853389103715575720e-03
-6.454861605626393758e-03
-7.174224330950400644e-03
-6.523375880284270484e-03
-5.505454024294958310e-03
-4.866351869519074461e-03
-1.573480920576016606e-03
-3.928309988469867752e-04
2.024220534684931065e-03
4.943860675708032504e-03
6.344769680787355412e-03
4.784742775139483664e-03
2.266844832621022973e-03
-6.342941168990713511e-04
-1.403753719416273721e-03
-4.130961833339675746e-03
-6.157124148788394730e-03
-7.132743278069763812e-03
-1.126594538075809636e-02
-1.261306763741228305e-02
-1.510094160553221952e-02
-1.895472602996754047e-02
-1.969695505481829437e-02
-2.297834356932540456e-02
-2.421114331399657274e-02
-2.208838360717932034e-02
-2.339029342412606363e-02
-2.283332165081419785e-02
-1.937519985794575531e-02
-2.057750398311236281e-02
-1.949746688794700214e-02
-1.912264569296890857e-02
-2.267011890941046659e-02
-2.237008221196666591e-02
-2.329903132689271905e-02
-2.396454211316310923e-02
-2.378015956169281242e-02
-2.341932832397072839e-02
-2.299807988719893698e-02
-2.228980803386533191e-02
-1.937070391725519841e-02
-1.846574539863642117e-02
-1.619391799045769020e-02
-1.464156375099139387e-02
-1.318151220670450707e-02
-1.103929178721366200e-02
-9.997482734146148631e-03
-7.162837160618837698e-03
-5.604108029292742717e-03
-3.962706709844329017e-03
-2.440395244597408884e-03
-1.643946061546436646e-03
-2.882455298447860522e-03
-2.439073939358722687e-03
-3.308492340985771853e-03
-4.873497511111803994e-03
-4.691175965093389438e-03
-5.943001699358619466e-03
-4.840470326508404010e-03
-5.964819475720981382e-03
-5.055217895374097652e-03
-2.970070758773408256e-03
-3.292678728715827535e-03
-6.376197491328561284e-03
-7.538369779228842535e-03
-1.477177614460185862e-02
-1.839014948307423833e-02
-1.979800705736518840e-02
-2.261004237107750586e-02
-2.311777912955682163e-02
-2.357844005057670167e-02
-2.299493867004830452e-02
-2.249905330619923413e-02
-1.980809352471261942e-02
-1.844015947415537232e-02
-1.681260388425918906e-02
-1.285135758659448554e-02
-1.221620635589565004e-02
-1.100468820059142747e-02
-1.034994505515937982e-02
-1.045376683863452616e-02
-7.466956795992224678e-03
-7.529170786178392312e-03
-6.587095587915309594e-03
-6.050037636961960036e-03
-7.874124027290246158e-03
-7.475361854780654056e-03
-8.391135300640079758e-03
-6.943344332237015408e-03
-3.188727368514818195e-03
-1.684832482392989092e-03
2.912244974349079314e-03
4.071878812723115498e-03
7.090706322456075518e-04
-3.543888222752799254e-05
5.994803683882844389e-03
4.747917299252625220e-03
3.308018283785198275e-03
4.207984623232552054e-03
3.986541871273870455e-03
4.139666568350370418e-03
4.439333546068875182e-03
5.044886899767375352e-03
5.978455622754942807e-03
6.137617537596600642e-03
6.179181551727579158e-03
4.994755274766739771e-03
3.405255214212868625e-03
5.480395807767834276e-03
5.401071320641612564e-03
7.004955112777007560e-03
7.611178885497118032e-03
7.857690714719809885e-03
8.198431655048271649e-03
8.522224256724400537e-03
8.155320913472551697e-03
7.922740054794560546e-03
8.097349802993522583e-03
1.993611621733803931e-03
1.550496465688417681e-03
4.336872588612950344e-03
2.986696589312911460e-03
3.266670036561115844e-03
3.698586235805185508e-03
3.517454060199710821e-03
1.883588477507928223e-03
2.268739685690584259e-03
1.259459308866738708e-03
1.035736445196050589e-03
4.389004855966270255e-04
-6.270910764808996065e-04
-1.112352393945701410e-03
-2.372638947927701875e-03
-3.231406600020640847e-03
-4.023817011190486750e-03
-5.867520820356393260e-03
-5.618700078345919939e-03
-8.313770579022935342e-03
-8.272220126380028238e-03
-6.647849378760064057e-03
-6.862653025361501770e-03
-5.023564150804764837e-03
-4.164450014614586547e-03
-3.844266284086318534e-03
-2.186695607549968452e-03
-3.162600850568730252e-03
-2.626270408285270169e-03
-3.208907704021660839e-03
-3.738966985357812522e-03
-2.038906924082467282e-03
-2.029681315226389889e-03
-2.066153896057731747e-03
-1.713334460124412697e-03
-3.587215706413472358e-03
-3.424220465109954845e-03
-1.257917942021714646e-03
-9.499429753786988763e-04
1.467439744272904011e-03
1.281594043924519886e-03
9.235024979109122435e-04
5.075938072079487886e-04
7.500152763050668605e-04
5.348731346590895972e-04
4.969895874619305364e-04
2.665152578287790543e-03
2.681748924725873423e-03
3.065755964780750385e-03
3.497676182071032640e-03
3.344009255865106230e-03
3.770516395052819249e-03
3.150641079181968739e-03
3.368881658387510962e-03
3.496636459595911257e-03
8.204055246352644475e-04
1.944660235048476090e-03
-5.365080684660702634e-04
-1.815854637133193419e-03
-2.026982504325604371e-03
-1.167883098334547565e-02
-1.296811618231291305e-02
-7.712252344184074640e-03
-9.354392332108538155e-03
-1.418165011087975554e-02
-1.452978806543689556e-02
-1.682510024373714413e-02
-1.929878284081153195e-02
-1.866521356319907760e-02
-1.992179212049825787e-02
-1.923448847466813216e-02
-1.721516201032560756e-02
-1.600240589889731849e-02
-1.502871643424288396e-02
-1.412674808748289740e-02
-1.241317467968302765e-02
-1.236198849432150818e-02
-1.161824964756636921e-02
-1.138487940233539469e-02
-1.229068697881275339e-02
-1.106220163277976329e-02
-1.092750303136592535e-02
-9.912538880695811669e-03
-7.876341070566497335e-03
-6.016751312651214684e-03
-4.983619513564044486e-03
-1.391225257034887355e-03
-3.030551460811706699e-05
1.821574466572935518e-03
3.850923606274214445e-03
5.099751480549541589e-03
6.529671855887170945e-03
7.506106237632546689e-03
7.984031423936738953e-03
7.509031197868621874e-03
7.349103955522127626e-03
7.056415070686395015e-03
5.421537423844001273e-03
5.163033427229450634e-03
2.883455529021855448e-03
-1.324874014246068057e-03
-1.869581636925664704e-03
-3.046920358840443308e-03
-3.899898322576850814e-03
-2.941930089170180507e-03
-1.855719038540538414e-03
1.763566627408764097e-04
1.911595693174111517e-03
-6.085273744589806246e-04
-2.677647605207827009e-03
-1.915227369176518814e-03
-1.830413447852856064e-03
2.159382045861645266e-03
2.378561486532172579e-03
2.797463505012891781e-03
3.941239070239082806e-03
3.835396825544916313e-03
4.260553802515720800e-03
4.516616369830286394e-03
4.488727593905447906e-03
4.708285357966583012e-03
4.741778995339378938e-03
4.655977792253920833e-03
4.905186944467924623e-03
4.661276830420954878e-03
4.606096999743253088e-03
5.102801418559653641e-03
3.874962562194692300e-03
4.895779605224698759e-03
4.604433616655955255e-03
6.342143578455483556e-04
1.988337567636634922e-04
-2.261354934826494568e-03
-4.036991673588205369e-03
-4.392459667336610050e-03
-7.601282914371900248e-03
-7.933482503231103003e-03
-8.500638201514414127e-03
-8.414950557452303970e-03
-6.711015897719208728e-03
-6.762979104689197975e-03
-5.874853329171744742e-03
-4.530633030498072873e-03
-4.428869005063702270e-03
-2.279363980565186302e-03
-2.282770128782831559e-03
-2.568977695800047419e-03
-1.969372052216518919e-03
-2.101159521327219254e-03
-2.069512217643402346e-03
-1.732239218004379740e-03
-1.829269688509056963e-03
-1.880327620379772507e-03
-2.007946361685639374e-03
-1.868942264350321753e-03
-1.995105781177666012e-03
-1.988061163622843307e-03
-1.586372920469518704e-03
-1.549984644155069690e-03
-1.442737011464366058e-03
-1.343735932131988981e-03
-1.328202941486660666e-03
-1.280430478795376980e-03
-1.259133890757713203e-03
-1.248356810682742452e-03
-1.232806116414755142e-03
-1.227557371797707853e-03
-1.222203599308084761e-03
-1.217850754336108690e-03
-1.216061541367525513e-03
-1.213992861586843863e-03
-1.212816832329555996e-03
-1.212096790659323350e-03
-1.211418698569433549e-03
-1.211098268413485961e-03
-1.210794571186784999e-03
-1.210651564661688806e-03
-1.210578518081307587e-03
-1.210398342353217940e-03
-1.210680494081200868e-03
-1.210466426378353950e-03
-1.210510694829238778e-03
-1.211597777672876203e-03
-1.210090003283124677e-03
-1.212340835903467874e-03
-1.213590083773963962e-03
-1.208543234894514720e-03
-1.221926147920811365e-03
-1.212228682355646686e-03
-1.210498831920495989e-03
-1.255111815150217669e-03
-1.181427676639329287e-03
-1.265653950239762141e-03
-1.313624904161362749e-03
-1.066232519956883829e-03
-1.692231069094886917e-03
-1.895821527859900980e-03
