1.149557422090457474e-03
1.344158357458241420e-03
3.469099594688567715e-03
3.425824508814066024e-03
4.611142918586407825e-03
5.072659735732676367e-03
4.946156222349834888e-03
5.437695568490271553e-03
5.457045909321830285e-03
5.533700295615512875e-03
5.677633294774712090e-03
5.671410655608851055e-03
5.707578895608697925e-03
5.743886352805126390e-03
5.710797214740795553e-03
5.677694208750318737e-03
5.710504478425363489e-03
5.526335784016881206e-03
5.515056809741789197e-03
5.491542409774508894e-03
4.861154645476513728e-03
4.850472675271089683e-03
4.798282912369702426e-03
4.615165584934807254e-03
4.738091965320358201e-03
4.709625418159731070e-03
4.709976861719175449e-03
5.072179268505509937e-03
4.931309013367124287e-03
5.392287640344794498e-03
6.145137558487901060e-03
5.834454177097559910e-03
8.270713794327227975e-03
7.268796796755523648e-03
5.516553341135216858e-03
6.057209451221886275e-03
1.540753227084994429e-03
7.414999038720823882e-04
7.746568393593008454e-05
-3.009018336275662720e-03
-2.997399263721908010e-03
-6.175400716345090177e-03
-6.876658000126822066e-03
-6.570248551276022114e-03
-7.506172922013021678e-03
-7.484587437299110996e-03
-6.625964318110372925e-03
-6.620441335335503635e-03
-6.225834554115673887e-03
-3.006852097640625582e-03
-2.533766656221543047e-03
-1.921587707155183577e-03
-2.925803805026937188e-04
-6.866971665752254032e-04
-5.298039541615287822e-04
-1.667971303306617749e-03
-2.340345648385829588e-04
-1.365606528765865189e-03
-1.119792012158686264e-03
-2.124947666518660436e-03
-4.967773361903636380e-03
-5.654237421348938704e-03
-1.213426012267429521e-02
-7.074229452377787594e-03
-9.906330096740845886e-03
-9.168399484678966052e-03
2.568746993721900129e-03
-2.327582204975484417e-03
-1.114603084107552555e-03
-2.257177805402941790e-03
-1.447352713194621256e-02
-1.710499571193299997e-02
-2.468474550763676001e-02
-3.226191090990499638e-02
-3.570113136034956669e-02
-4.553857282299059173e-02
-4.863397779413244915e-02
-5.573046451619229763e-02
-6.079622460176665327e-02
-6.012592873995700749e-02
-6.559469312722264467e-02
-6.467887272717633140e-02
-6.344852864783193103e-02
-6.362457357065215424e-02
-5.820819771684369176e-02
-5.660939315687767148e-02
-5.247993696297824362e-02
-4.736356153078239567e-02
-4.426680205471913293e-02
-3.818941965657336041e-02
-3.405882394773891014e-02
-3.022765978331092701e-02
-2.275414419430325449e-02
-2.053457766501077739e-02
-1.521095655883112838e-02
-1.157856141678758645e-02
-1.040891065403712692e-02
-3.684064745648474304e-03
-4.295542699223415563e-03
-3.957975574519971389e-03
-3.071955864399242633e-03
-9.079404267699382747e-03
-1.102249083055557854e-02
-9.336228239878280669e-03
-1.214022480260928613e-02
-1.395490131315086681e-02
-1.481981202246977596e-02
-2.071595692307550557e-02
-2.018412114564084245e-02
-1.806083214263912509e-02
-2.390330218117657848e-02
-2.804491179535768819e-02
-3.135880181493713725e-02
-3.403579908213317379e-02
-3.053469029095408349e-02
-2.705938141118865298e-02
-2.308067443447477454e-02
-1.827180093127962063e-02
-1.365600894738388735e-02
-5.843375891717825926e-03
-3.762691108882634111e-03
3.313732479055601834e-03
4.604748060414134286e-03
1.846124720216535484e-03
3.592024712065546369e-03
1.044646221096899238e-03
-6.220579179031959782e-03
-1.158216044115019903e-02
-1.291971609772246850e-02
-1.514405178448320448e-02
-1.530700028045023538e-02
-1.369925153098980504e-02
-1.581979281848409913e-02
-1.880181473913704326e-02
-2.373465607347699860e-02
-3.108805945498591128e-02
-3.869399327850583936e-02
-4.099704938037965207e-02
-4.474829634837539094e-02
-4.422811323215123519e-02
-4.731439362337171162e-02
-4.786148456543977414e-02
-4.939389371211701241e-02
-5.356984948439652561e-02
-5.442544588662567850e-02
-5.745084294687493459e-02
-6.041915620448978785e-02
-6.122245189427251433e-02
-6.402156524478716526e-02
-6.404324470837700900e-02
-6.065631828550709786e-02
-6.002455690854253956e-02
-5.567611371079024540e-02
-5.074248760928212754e-02
-4.731003573557723829e-02
-4.223094058877134571e-02
-3.424041199941814384e-02
-2.963549988318751188e-02
-2.202193775120952351e-02
-1.353708201563733754e-02
-1.044902789922817245e-02
-2.593321263452978177e-03
-2.371466186019818498e-03
-2.578086452776585588e-03
-1.648497879684992021e-03
-3.256100266204087473e-03
-2.715768521736265217e-03
-8.040901105917284963e-03
-8.838049190223178087e-03
-9.966528576970114586e-03
-1.199090367765074348e-02
-1.251409984165603728e-02
-1.253061569370253828e-02
-1.394334613310387050e-02
-1.349879438668592953e-02
-1.144461041592991120e-02
-1.013277257877593165e-02
-6.659492818578007824e-03
-4.706741846487324209e-03
-2.633659033435068082e-03
-1.224574458389461563e-03
3.062610069350876502e-03
3.352397921721128257e-03
4.677958645806981099e-03
5.743649510647756695e-03
5.481042174391234298e-03
7.079194683255564564e-03
5.431872706532381995e-03
3.881123111755052472e-03
2.406133578631045554e-04
-1.004197881962314194e-02
-1.412823327193151943e-02
-2.025586735741221472e-02
-2.776183758734392798e-02
-3.180437853201873583e-02
-3.833991015027365945e-02
-5.196605772194889256e-02
-6.031440705483382542e-02
-7.159135565846297400e-02
-8.283703274117934501e-02
-9.120762993751056757e-02
-9.504874209840746824e-02
-9.958086839616926700e-02
-9.932569479129381429e-02
-9.950809622131080723e-02
-9.862197980806210185e-02
-9.601271255588239573e-02
-9.478560719313437744e-02
-8.923366545446000109e-02
-8.655593129981796474e-02
-8.301922973309354414e-02
-7.832990913758461349e-02
-7.587912193348859968e-02
-7.167007313539468238e-02
-6.780859783503963290e-02
-6.501392399100061614e-02
-6.023879248373797957e-02
-5.667863583826111828e-02
-5.297498995863204885e-02
-4.713979032886203568e-02
-4.345420013968558093e-02
-3.888702700643503762e-02
-3.395234656687647068e-02
-3.045317101811734900e-02
-2.594471850828905524e-02
-2.111792112005746527e-02
-1.751910771581652662e-02
-1.258767071575077334e-02
-7.080439618115362717e-03
-5.399757279926836739e-03
3.575647459739691677e-04
1.545351035153902071e-03
1.056258020573232594e-03
3.787940949193387575e-03
3.560348048852659836e-03
2.628745014256124750e-04
1.226278407275987158e-03
-1.762658919635595386e-03
2.008174681961156377e-04
5.025676613617508122e-03
5.912955161718502425e-03
1.376909357330042931e-02
1.811850245524285197e-02
1.718837634228565642e-02
1.817004656520211994e-02
1.935036954185994848e-02
7.687854890950760259e-03
7.935788376409931913e-03
1.445927166664330576e-02
1.213970486886689799e-02
1.292291890729512990e-02
1.383616128779594986e-02
1.293081348987063298e-02
1.292125408282610195e-02
1.239674864809200278e-02
1.218298073914375265e-02
9.491760461192596393e-03
9.258109617740237912e-03
8.492892259820151654e-03
7.559737122270335750e-03
7.628207429856654308e-03
7.125259047591482944e-03
6.914834141556212843e-03
7.314089433567760867e-03
6.813074842690312188e-03
7.380307426834619745e-03
7.990490711265714127e-03
6.610555517570422014e-03
6.910763735168770801e-03
8.720214307730164705e-03
1.212963157494170718e-02
1.305492282817930644e-02
1.917873384837832235e-02
2.232819835090821617e-02
2.625676494524097418e-02
3.604045147988537562e-02
3.978460819097965478e-02
4.979942842704050687e-02
5.675438526120583221e-02
5.920404816777150026e-02
6.404174234564460888e-02
6.385651652685200852e-02
6.463743551013642619e-02
6.497982102603054588e-02
6.296282412599737976e-02
6.198045267038502365e-02
5.536855712294373733e-02
5.026012671820299926e-02
3.824940651969913064e-02
2.776965118180305114e-02
2.506382972011251403e-02
2.040590936020889729e-02
2.320634941744163446e-02
2.905810904027690197e-02
3.537889013000843075e-02
4.309370040773008448e-02
5.232230904935131210e-02
5.710085763248898272e-02
6.561339557264150857e-02
7.400621837347298726e-02
8.026178952032596292e-02
9.107368731828946462e-02
9.962542344041601383e-02
1.074641849190434012e-01
1.213329469840896818e-01
1.277239810103743822e-01
1.337248728876855863e-01
1.397602274689732638e-01
1.418043401281947058e-01
1.423912465412801587e-01
1.413140338437914589e-01
1.358421721704538010e-01
1.253196052896213275e-01
1.193418056752291734e-01
1.002955867405198043e-01
8.597058915116143063e-02
7.382214329736283553e-02
4.826886053717203279e-02
3.968891312253056136e-02
2.977284215508166007e-02
2.345433432497177895e-02
2.094630397346652906e-02
1.703168926959045676e-02
1.554885226057829521e-02
1.199088712124084244e-02
1.033418564872573553e-02
6.750506250170690455e-03
3.797618885404237775e-03
5.175163221804004836e-03
7.510464802825481991e-03
1.208643514139718343e-02
2.001301549090216819e-02
3.142464615013883245e-02
3.674238204676344433e-02
4.121742054692968671e-02
4.581578830395956897e-02
5.214721054026660169e-02
5.847225639679380638e-02
6.420720630207676916e-02
7.370984114618286953e-02
8.046909730231924240e-02
8.503295502647581494e-02
9.222024790997720989e-02
9.205422940960705791e-02
9.656677582254438730e-02
9.592094342359339110e-02
9.511065742824119373e-02
9.618281388155158762e-02
8.851140037940559424e-02
8.791491722650865426e-02
7.622470595351002465e-02
6.493859010946065324e-02
5.583673067653970729e-02
3.954241789907453342e-02
3.255313639141405729e-02
2.551264672957416144e-02
1.869776268955948215e-02
1.696636801856687624e-02
1.434179315297524904e-02
8.750477096021795978e-03
9.038295293029706412e-03
3.476851697787838348e-03
-6.164620012528518149e-03
-9.429388392565248023e-03
-1.231808560975468196e-02
-9.905100659339683561e-03
-8.986019262465207158e-03
-7.915415898323591160e-03
-4.489520048825747581e-03
-3.230221274083706819e-03
-1.441646299981259221e-03
-3.241751676348643288e-04
-4.178353910439828664e-04
-2.210470070683464260e-03
-7.912114399687430327e-03
-1.274371037722528931e-02
-1.454859238669698601e-02
-1.910397419749115810e-02
-2.081794036722163163e-02
-2.022700638301106260e-02
-2.035126764195402740e-02
-1.882757074191664451e-02
-2.064417034389439201e-02
-2.081382184628094434e-02
-2.159701940720159738e-02
-2.428886982137006684e-02
-2.459843476242304372e-02
-2.660783955018958258e-02
-2.763516772568323787e-02
-2.709104473042573194e-02
-2.848438539459071175e-02
-2.816963410925733824e-02
-2.820707667551597755e-02
-2.892253473195055893e-02
-2.819145054456019886e-02
-2.851810145812561093e-02
-2.841066079566394523e-02
-2.723903221761397528e-02
-2.698298211794427151e-02
-2.491330750387783788e-02
-2.319426516309539346e-02
-2.205328087153357597e-02
-1.929194220164797899e-02
-1.602840585597307271e-02
-1.341090124129794281e-02
-1.173608283357770697e-02
-1.020732700428595048e-02
-7.885056026262739909e-03
-4.474191132672788312e-03
2.956364734385778705e-03
3.594108039792564147e-03
4.955830518436066257e-03
8.110278690401193091e-03
2.570324948536652568e-03
4.181739643349672436e-03
3.995916084681394240e-03
2.542122343499052944e-03
5.438616708339475900e-03
4.337701449474074510e-03
6.652508676202592737e-03
1.010562815776665409e-02
8.314193253961535066e-03
1.731968353386648118e-02
1.742409597615578870e-02
1.903513047038780936e-02
3.990084125601946197e-02
3.575802412215351583e-02
4.831251444181008936e-02
4.454909735060726822e-02
4.121231336590870653e-02
4.762111246993387670e-02
1.559830141847583056e-02
1.609081196622334092e-02
1.583207117947754705e-02
8.981745703761369673e-03
1.355381861163906625e-02
1.065030484719731337e-02
1.084528434631646526e-02
1.201744295136686000e-02
9.855784181371436345e-03
1.005545495552445656e-02
8.236891020996778626e-03
7.750143580424241792e-03
7.155719742302274824e-03
6.714841115960223233e-03
6.182984404960538069e-03
5.498968792135472579e-03
6.007318047215435761e-03
3.741091778786017220e-03
4.422202180482444171e-03
4.315483223961203915e-03
-3.213413374000953938e-03
-3.268941809543573270e-03
-3.944196622223289893e-03
-4.075606329651118749e-03
-6.807131559633769783e-04
-9.834159143425565998e-04
3.727246267164850604e-03
4.925726746966846079e-03
4.235863697583843422e-03
6.374774480573153039e-03
6.233309093892952686e-03
6.708036458816200864e-03
7.565358160865685681e-03
7.657910113822058093e-03
8.193062082372462238e-03
8.903556338665663192e-03
9.128274167430892524e-03
9.899752338492625800e-03
1.105423372615019564e-02
1.098851111263314355e-02
1.300219189715511557e-02
1.223805810363729624e-02
1.205804985963163448e-02
1.165006225348711073e-02
1.021278627972175591e-02
1.021666060805125759e-02
6.842002130475223313e-03
6.548878307025236128e-03
5.812874269897981561e-03
4.822007350574874368e-03
4.204027915334839112e-03
3.739957938032586852e-03
3.358477280541696548e-03
3.300049515765187281e-03
3.477307950295763748e-03
3.373813011417012547e-03
3.213266503639096786e-03
3.211326636782158711e-03
3.057431116314889789e-03
3.025491053961207842e-03
2.989520031380515225e-03
2.938480040301407869e-03
2.928429051551179312e-03
2.905502979988830448e-03
2.890928743447560532e-03
2.884758215398173543e-03
2.874929233067609509e-03
2.870973534826149701e-03
2.867955948701931840e-03
2.864567125103229580e-03
2.864980012546371538e-03
2.864181361582699911e-03
2.864232061841690165e-03
2.869830964379789864e-03
2.867939327337366319e-03
2.876325288246598787e-03
2.888088655304942281e-03
2.879552536482055461e-03
2.920854961691269226e-03
2.919804148150905408e-03
2.918870394571667932e-03
3.048470367195428750e-03
2.938911633319377624e-03
3.101554534443504065e-03
3.310114598674551191e-03
2.899456599995230057e-03
3.932261718651228199e-03
4.107806527580310473e-03
