4.783093439585380663e-03
5.458892244075351854e-03
2.054169936405908156e-02
1.978692752694137524e-02
2.411616027710112437e-02
2.780604640402125141e-02
2.769392663824336853e-02
2.999725473248435539e-02
3.070867736851070826e-02
3.115592967503644228e-02
3.200344053466869926e-02
3.220873218839141738e-02
3.258799311576882074e-02
3.288118919654222511e-02
3.305851254454023058e-02
3.337611101423237220e-02
3.350912150307919918e-02
3.388921515139831087e-02
3.426215613001979549e-02
3.440470728791251293e-02
3.554958316114145700e-02
3.555788781101576479e-02
3.599626910713885075e-02
3.641647273457824380e-02
3.643578163633998807e-02
3.764516821109875622e-02
3.727146433955220994e-02
3.848058937448856770e-02
4.068817274518419375e-02
3.839449558940078583e-02
4.520105907349162427e-02
4.394916838956574451e-02
3.679422686328495673e-02
3.885623089088909021e-02
3.555040926452453232e-02
3.428228949779699858e-02
3.606344629868776797e-02
3.596158201142052313e-02
3.587637972359760535e-02
3.669533766381810613e-02
3.639478462655283686e-02
3.376521173225960348e-02
3.347453054290507046e-02
3.171002874423422407e-02
3.060280527293841868e-02
2.999687135282599892e-02
2.838896282133249183e-02
2.794237247330714699e-02
2.667893587485089396e-02
2.477711594603055137e-02
2.423404771397224752e-02
2.109358202402440360e-02
1.871217613597129029e-02
1.761714968534413422e-02
9.375259250937125616e-03
8.106072376051310507e-03
1.443517489285526655e-03
-1.249114522524876793e-02
-1.550753170848756003e-02
-4.811654310587670097e-02
-6.252389566420837874e-02
-4.820957782071195324e-02
-5.369707183474713846e-02
-4.826762606855887483e-02
-2.664082322695209004e-02
-2.699287699090217180e-02
-3.514443737707286658e-02
-2.649782976476453347e-02
-2.753832052119353085e-02
-2.598762080154078460e-02
-9.332073938703893887e-03
-9.547184612899710376e-03
-2.257170524142230669e-03
7.786812855623925604e-03
1.781304780255347792e-03
1.360896007834043638e-02
8.376055155269856306e-03
-1.692296793067617038e-03
-4.453757964317697771e-03
-2.736542906518887527e-02
-3.658682368744692326e-02
-5.037665560463321091e-02
-7.109816690388565119e-02
-7.673516977302770325e-02
-8.107945423113052663e-02
-8.630884633721598587e-02
-8.445121939696617619e-02
-8.537133815886968624e-02
-7.837987226008692743e-02
-7.234943770503032834e-02
-7.279830395200398430e-02
-6.575446338439018545e-02
-6.833798693814484293e-02
-7.143833418940359614e-02
-7.112421188876523470e-02
-7.780189342630791649e-02
-7.763986423551758054e-02
-6.376597616042775640e-02
-6.106025493969987478e-02
-5.008470426839186501e-02
-4.141453041558389864e-02
-4.494366790457684363e-02
-4.796312817413427715e-02
-4.133296103070331629e-02
-4.801903426542925707e-02
-5.251344693308952760e-02
-5.564896991008512483e-02
-7.696816160250163907e-02
-8.045779151491563863e-02
-8.795504773944076704e-02
-1.274646004849515346e-01
-1.273998772878661423e-01
-1.396791798227154657e-01
-1.388713230306193591e-01
-1.274158033735069695e-01
-1.274234927354707114e-01
-1.119123492633002787e-01
-1.107679726976371348e-01
-1.013054849804174012e-01
-6.306159015230207443e-02
-4.313621869873295045e-02
-2.233810902707161414e-02
-2.366021851645609686e-02
-2.971785120535768918e-02
-3.926270201986403058e-02
-4.645233006243900536e-02
-7.035729616017211141e-02
-7.818613045518621463e-02
-9.586658319137537909e-02
-1.052521758667857299e-01
-1.259700087267363600e-01
-1.325269254070693403e-01
-1.360398442047290879e-01
-1.379347151805241922e-01
-1.424704364715486671e-01
-1.385812559503863117e-01
-1.292689799957034147e-01
-1.416404511437044378e-01
-1.089852636767330990e-01
-1.147193810121096280e-01
-1.610186576030264438e-01
-1.591999643592620362e-01
-1.899024165463078506e-01
-2.165736151864375292e-01
-2.103244947025934009e-01
-2.411336497017673719e-01
-2.768781373401009160e-01
-2.993581868855947903e-01
-3.136679030008573399e-01
-3.309806056595779866e-01
-3.202859868547706101e-01
-3.088947332476504881e-01
-2.886534940901536728e-01
-2.478735576190057577e-01
-2.194230928898596722e-01
-2.038746617510333037e-01
-1.807716652677358593e-01
-1.651577609491715892e-01
-1.608346981922590957e-01
-1.583556187614483524e-01
-1.648420197023392764e-01
-1.687066197298418557e-01
-1.730470555938258825e-01
-1.808499155945143821e-01
-1.836197389064820606e-01
-1.791853037774766566e-01
-1.789735291622173430e-01
-1.711293492488923096e-01
-1.656473638942385362e-01
-1.622800609154982088e-01
-1.615451168391607573e-01
-1.628376353416496336e-01
-1.715603998045894807e-01
-1.743150782877485594e-01
-1.727434780359299593e-01
-1.741971072517072838e-01
-1.622694867590067369e-01
-1.482844493264403873e-01
-1.420285402429753985e-01
-1.209040633862616537e-01
-1.072699165274745015e-01
-3.697869618555792853e-02
-2.870072972998793590e-02
1.564793950381956553e-02
2.635560963715812346e-02
1.626788680462011930e-02
3.259566094079877768e-02
2.789347927320624462e-02
1.674515072082786993e-02
1.822192392086846233e-02
7.389186443821152417e-03
-1.032622769462270777e-03
-9.257885347256267564e-03
-3.183203347019716162e-02
-4.081329898730805261e-02
-6.034089025909090964e-02
-6.699798109572581428e-02
-8.030212080792106799e-02
-9.239056910825592384e-02
-1.100753858783295736e-01
-1.752406778515254449e-01
-2.019878848455005094e-01
-2.453142216990530922e-01
-2.803003399036413379e-01
-2.879183661625109858e-01
-3.183066140161752156e-01
-3.208686800665095928e-01
-3.340262127303317286e-01
-3.499819886076471764e-01
-3.417936432501530453e-01
-3.525550356167025390e-01
-3.420867490933462984e-01
-3.309991349853967924e-01
-3.248153792969269427e-01
-3.071366316992183432e-01
-2.883056064294710619e-01
-2.378952848305487811e-01
-2.098897353300245294e-01
-1.623546932431221279e-01
-8.354077838987818139e-02
-6.445776906758862723e-02
-2.666026243022922432e-02
-2.820070546419303509e-03
-8.387765610749614012e-04
8.169081363593183251e-03
7.235518004426888354e-03
8.998269725202394376e-03
1.083152225195292175e-02
1.034888508623730760e-02
9.710036935247697010e-03
9.754664628283116201e-03
9.153624908968965163e-03
9.489893119545926223e-03
1.012734062967776683e-02
5.593828256845105422e-03
4.477833177914969723e-03
9.428473663117321619e-04
-5.243748329642486600e-04
-5.606992578789575174e-03
-8.519031122312715337e-03
-1.218652185309822278e-02
-2.156784493858417140e-02
-2.358430286495909536e-02
-3.223724070543221298e-02
-5.250390595189730059e-02
-5.172589074979360574e-02
-7.883179259000429318e-02
-7.929686619788278712e-02
-9.721216461117904162e-02
-1.329998176673671262e-01
-1.349438596864491191e-01
-1.552665344230083622e-01
-1.458236695854009390e-01
-1.450647997421745106e-01
-1.454751040770994597e-01
-1.252303689228910222e-01
-1.443581095855135388e-01
-1.253365013021842111e-01
-9.299053773763917008e-02
-9.672579722452100126e-02
-8.519588883228269849e-03
-6.886174674352274656e-03
-4.065443313154348121e-03
1.785259418748164377e-03
-7.855920740086525661e-03
-5.322617341931311146e-04
-2.561117589870235897e-02
-1.825187329451989290e-02
-5.278170262610858143e-02
-9.048188525626893464e-02
-8.141312948695021701e-02
-1.019804138377516378e-01
-9.687995009151065262e-02
-8.521400870249758175e-02
-8.745999300704145052e-02
-7.310448012008151364e-02
-5.774212612180288501e-02
-5.579428097574062190e-02
-6.105680685594924023e-02
-6.141510742176440468e-02
-5.887151014732391885e-02
-6.075857935293398071e-02
-5.968195535569884719e-02
-5.849226541449323302e-02
-5.653266144392128656e-02
-5.827989901483907054e-02
-5.958898769019144170e-02
-6.349397737339539105e-02
-6.823438990016909844e-02
-7.208802955177107119e-02
-8.229434147942620015e-02
-8.729548435983316979e-02
-9.286965213327526281e-02
-9.976369784312268119e-02
-1.030696091086906324e-01
-1.083007648458786942e-01
-1.128114761160490115e-01
-1.157751455457175366e-01
-1.205697456312009863e-01
-1.242257463440837317e-01
-1.274214493700754625e-01
-1.330595408107275723e-01
-1.369823749903625598e-01
-1.284761589335760845e-01
-1.316409963923478588e-01
-1.240862311067125467e-01
-1.089774020679488004e-01
-9.812865050546215606e-02
-6.203490340503441808e-02
-1.845013662022455120e-02
2.034315298158002883e-02
2.864787456830640219e-02
5.640236225712157159e-02
5.658089204057499544e-02
5.597090943710946592e-02
6.505776247893764463e-02
5.854661482824224938e-02
5.630799647474845487e-02
5.756923262680956055e-02
4.241422674702342160e-02
4.296511421581070134e-02
3.880356311880748393e-02
3.416655796369408998e-02
3.051934601908947581e-02
2.619899223115332992e-02
2.728840856458519815e-02
2.538467557523398782e-02
2.664424364361360140e-02
2.886606085240435091e-02
2.619265499773208716e-02
3.094538066598232287e-02
3.764927011435927756e-02
1.266265614405472952e-02
1.405176254774618411e-02
3.388513678685845659e-02
2.254434508709401291e-02
4.799876883952425288e-02
4.557587828225950766e-02
3.631412791375183274e-02
3.689068481036498343e-02
-1.493035883335400507e-02
-1.678153731606623830e-02
-5.692142837774815528e-02
-7.642660607868925760e-02
-9.858451827933648048e-02
-1.507329095804396391e-01
-1.547681283013578879e-01
-1.790728026719035637e-01
-1.808672115988256002e-01
-1.709692397115598894e-01
-1.649162643182943977e-01
-1.609978639105945908e-01
-1.510378916690830187e-01
-1.443628811984586646e-01
-1.381215564303147070e-01
-1.274840912212326371e-01
-1.198429465853097370e-01
-1.141078508052722623e-01
-1.018140870218249699e-01
-1.011507877220703261e-01
-9.687621444873671661e-02
-9.249067447599315650e-02
-9.737075892049458503e-02
-9.216221161696630526e-02
-9.780292121789264936e-02
-1.022685110600817099e-01
-1.019103612068140013e-01
-1.184656029102327951e-01
-1.228680803260531335e-01
-1.192024494689455788e-01
-1.286384203169956553e-01
-1.193257929961057950e-01
-1.144949422500948916e-01
-1.071008469599610130e-01
-7.190680251556168245e-02
-6.282040937210844889e-02
-2.794030939775239697e-02
-1.391753699875476237e-02
1.430117075704819517e-02
2.075796998355339262e-02
1.911564448180981535e-02
2.784045484082281474e-02
2.717359280785983447e-02
2.928428881802243311e-02
3.122559849549027058e-02
3.118798992727172745e-02
3.375296082077072768e-02
3.254745967676169610e-02
3.566266972909237082e-02
3.738295761889416646e-02
3.063319844259653965e-02
2.871811736759938977e-02
2.478899438440336500e-02
2.136272156448527568e-02
2.737036480933708812e-02
2.493642855905330719e-02
2.939416513807335818e-02
3.267851542976248080e-02
3.146093096650054433e-02
3.399466284260815180e-02
3.401741659755833092e-02
3.406353574433267084e-02
3.405608973028886877e-02
3.392288296591616792e-02
3.289205918913164911e-02
3.129008076581681064e-02
3.167621056732648765e-02
2.665721682299146064e-02
2.611331710899237810e-02
2.424172025352544849e-02
1.054530124512201815e-02
8.422925752837618144e-03
2.377430237467182024e-03
3.100161410973341879e-03
2.856335609692279079e-03
3.621294963054164789e-03
4.494393927960360635e-03
5.607272822645951310e-03
5.853882517565169030e-03
8.552474116255740291e-03
9.908704065277528991e-03
1.052281696392644121e-02
1.907145680744284574e-02
1.983133318977534781e-02
2.183256548661237362e-02
2.478793074130232130e-02
2.527416533695124937e-02
2.670568018318862646e-02
2.865493025924624113e-02
2.883800580742329825e-02
3.015859536969733162e-02
3.009183065892501868e-02
3.007349457146996780e-02
3.042190000127006216e-02
3.032480102002260702e-02
3.042448169607776462e-02
3.048909094929739064e-02
3.047135508648854407e-02
3.052049420101086638e-02
3.052733911094841768e-02
3.052983589219446584e-02
3.054425081979753043e-02
3.054593345039153043e-02
3.053731806778431368e-02
3.054842093420544191e-02
3.053850901809481225e-02
3.050738165610659275e-02
3.055215092319360851e-02
3.046180509942869943e-02
3.045485455306230077e-02
3.054695331809337971e-02
3.017458869602225591e-02
3.050915899991913510e-02
3.030482955439577769e-02
2.947569267248228986e-02
3.109885207975809224e-02
2.858450543563301888e-02
2.870706901911278253e-02
3.013788760288013679e-02
