7.482520849592137410e-03
8.842659267868419395e-03
5.121401481464367411e-02
5.440079090299090869e-02
4.873608553731791082e-02
5.137710436858388546e-02
4.233228116308290767e-02
4.022792996834156920e-02
3.887292177899195900e-02
3.804487827797704835e-02
3.797767911717740696e-02
3.790409880071327758e-02
3.789082957686264880e-02
3.789234593098164683e-02
3.790967077798134549e-02
3.797247059351234466e-02
3.798043731964589192e-02
3.859728196124210392e-02
3.937928612659438027e-02
3.949784477729897242e-02
4.443937525593232019e-02
4.423813875517695199e-02
4.399597659496395224e-02
4.464755432123017342e-02
4.440927200852661655e-02
4.448601821642531734e-02
4.498772573870048891e-02
4.443619190707167460e-02
4.546296133010387097e-02
4.492577391773936585e-02
3.855316269170134397e-02
3.411187900645316212e-02
5.084083662168355396e-03
1.363054885676041449e-03
-5.917047225759098847e-03
-8.132017190610213442e-03
-1.669928819752838911e-02
-1.001370293199967468e-02
-1.003958872799180606e-02
-5.126551362643001590e-03
-3.815883931184191336e-03
-2.101721783780116301e-03
-3.973895383642893353e-03
-6.222091870298514585e-03
-6.208847689120155881e-03
-6.667480119203506375e-03
-7.126343224536180708e-03
-6.953364460197168639e-03
-7.352581882357931906e-03
-9.456848468092856480e-03
-9.108727476849466653e-03
-8.720116342126084386e-03
-6.276495023921776009e-03
-3.057730346089827193e-03
-4.335877839950768795e-03
3.003789377307072503e-03
5.397856702139150128e-03
1.013069281555655649e-03
-1.513705963512264850e-02
-1.396037071377844718e-01
-1.857846063419945348e-01
-1.042929691368925799e-01
-1.202155161735787986e-01
-8.714902091981956145e-02
8.768160198205254829e-03
-8.981658114482310787e-03
-7.841491835761765783e-02
-6.660419809985279604e-02
-9.693243791409836274e-02
-1.087608083823847632e-01
-4.644462897855933248e-02
-3.338439428602067022e-02
9.672965099264399166e-04
6.082125062577708324e-02
5.205984944491892641e-02
1.107275273141977989e-01
1.051788020165527332e-01
6.518899754529790258e-02
5.651998137834013392e-02
-2.081676751390955371e-02
-6.018742683150554718e-02
-1.096509000953244939e-01
-1.730758542229552388e-01
-1.981548783213286924e-01
-1.908333652154811932e-01
-1.863143180158212675e-01
-1.529111550680566367e-01
-1.179626175536445665e-01
-7.994784388730466484e-02
-5.063544053337587503e-02
-3.632848277790573510e-02
-1.533127861778661380e-02
-3.870983810413228948e-02
-5.803293699858434046e-02
-7.755568727779742211e-02
-1.180155637710454397e-01
-1.226268817913208353e-01
-8.965648842736861912e-02
-7.463714245544207648e-02
-4.276811423902073667e-02
-2.153798287322831670e-02
-4.356720495602028204e-02
-4.053233742140092966e-02
-2.638942618798198123e-02
-3.278283958546265170e-02
-2.406835069622674864e-02
-4.349686937356890548e-02
-7.122818788006782253e-02
-5.201636321306777472e-02
-5.444859706741690675e-02
-1.546899759331722135e-01
-1.721945659914323745e-01
-1.727361626193724131e-01
-1.602492682995190210e-01
-1.240753282362124094e-01
-8.748153510781767062e-02
-5.575045846806085670e-02
-8.740929090544363733e-02
-1.076957853207258786e-01
-2.875637429231365019e-02
2.260253017377961832e-02
7.600015903180763754e-02
4.835833737468026028e-02
2.865712848657375571e-04
-3.629774520533593507e-02
-6.432782866747456529e-02
-1.406508922700435704e-01
-1.417147696088249531e-01
-1.645905499405022898e-01
-1.799874038245360686e-01
-1.802327014333646449e-01
-1.760039866650545126e-01
-1.481845339813600282e-01
-1.482022321755220029e-01
-1.453650559053833169e-01
-1.293663676571689403e-01
-1.257167321148718320e-01
-1.071698077298958302e-01
4.938290743074865222e-03
8.591838258465482603e-03
-8.699382578429611101e-02
-5.910704345064522747e-02
4.608489091286737185e-03
-5.390971269788642078e-02
-1.954090976013690695e-02
-9.779787777424646389e-02
-2.807379712610873490e-01
-3.507060497999724413e-01
-4.312753312410405604e-01
-5.791114407235727901e-01
-4.937754108725986302e-01
-4.348800559467793092e-01
-3.633722629240871416e-01
-2.006174250237326984e-01
-1.068175976148732220e-01
-5.452599209625236254e-02
2.057843762091927931e-02
3.569144851455580830e-02
1.204226679381380921e-02
-2.081460439290428940e-04
-4.589278676485061825e-02
-8.220686071312593990e-02
-1.091694420573942614e-01
-1.279122505019943956e-01
-1.589183715700823452e-01
-1.165685492165616649e-01
-1.049226188569657853e-01
-5.600856383570340657e-02
-3.684612736239011727e-02
-7.716168321996799695e-02
-6.329924532107379653e-02
-9.736320209322427144e-02
-1.386606584535466924e-01
-1.477553486917605186e-01
-1.681644650722462220e-01
-1.637479617893505823e-01
-1.483170040652991850e-01
-8.841257189183218679e-02
-1.088590964787880117e-01
-9.234706810859542869e-02
-1.019743775576964634e-01
-3.931640743803047934e-03
2.063461923877186674e-02
1.139823492105658115e-01
1.118606038416784937e-01
5.430646173451569858e-02
8.176855255529023869e-02
7.274499230557383844e-02
1.761378050380966662e-02
1.644367340235541181e-02
8.348135755451315670e-03
-7.793430958339875834e-03
-1.375853880315654199e-02
-4.518815264090094569e-02
-5.261665806580247129e-02
-9.493573018318889056e-02
-8.605072744378688965e-02
-5.202636601364985652e-02
8.489605530311618298e-04
5.299627026541294667e-03
-8.094654399445909421e-02
-1.084227413612727370e-01
-1.101473713176800012e-01
-1.511857514418634973e-01
-1.448225236127723137e-01
-1.908409451818389446e-01
-1.914314120999294766e-01
-2.318893108414925297e-01
-2.280727503847780890e-01
-2.330996274212344399e-01
-2.401105387172067784e-01
-1.927326671723850471e-01
-2.060880688348338263e-01
-1.396560456534768069e-01
-1.488693903343098757e-01
-1.197310555779450003e-01
-1.201401858930397082e-01
-1.392188299213424352e-01
-1.144613141579215870e-01
8.293806617914286500e-03
2.321053206635605853e-02
4.557804361556530570e-02
6.081997471038659564e-02
3.819444876827523400e-02
1.428822345511516698e-02
-5.301549817267946912e-03
-9.892508178931270352e-03
-1.492083597167877251e-02
-1.630776962704996724e-02
-2.287093005842636556e-02
-2.547181971273610596e-02
-2.302885044675991380e-02
-1.703866723558478471e-02
-9.844673666132021037e-03
-2.354505962835483010e-02
-2.448077511108994256e-02
-2.565911333615082668e-02
-2.370998813507329064e-02
-2.891960109537277529e-02
-2.607801361381691108e-02
-3.247157386229070769e-02
-3.604091019599772738e-02
-2.899234238168063235e-02
-3.397425627493969730e-02
-6.511567147516697518e-02
-5.205029555507188072e-02
-9.158165563571034340e-02
-4.334715029646129397e-02
-7.026146684307395252e-02
-1.534552780958191309e-01
-1.726523756937292375e-01
-1.753112622209257176e-01
-1.510766684260784476e-01
-1.264052463003064453e-01
-8.617165181074090685e-02
-5.201166311800563963e-02
-1.374631964982394594e-01
-1.520150027236657209e-01
-1.483152409137491190e-01
-1.390893701086517997e-01
7.212258345707343865e-02
9.379953810272828596e-02
4.014076135283069918e-02
2.909630175325900875e-02
2.121982081572840878e-02
2.676186859576439731e-02
-4.335256837170118824e-03
3.738942646922891605e-02
-8.530734053674285389e-02
-1.769767674927418266e-01
-1.756126278439209820e-01
-1.663604381663625620e-01
-1.471297869183368356e-01
-1.104757219715934158e-01
-9.305947823334345670e-02
-6.300738739934197419e-02
5.388721812432842317e-03
5.712643889569039846e-03
-5.085486694111904932e-02
-5.996793606528166842e-02
-5.697559727546150365e-02
-7.340235911559767068e-02
-5.307532060488866221e-02
-2.354641216219120065e-02
1.733061344604713838e-03
-7.147688279636407911e-03
2.320539191533065818e-03
-1.844848489825876015e-02
-3.354475879957805051e-02
-3.994195866291808117e-02
-1.089465157311673982e-01
-1.257859123719900218e-01
-1.526832082462769025e-01
-1.793811891568425076e-01
-1.833424025898405529e-01
-2.191283485608249149e-01
-2.147584466528058011e-01
-2.241517842004860650e-01
-2.266980768560472037e-01
-2.225553147015809641e-01
-2.295919503223269875e-01
-2.141578319086142046e-01
-2.353286262847100463e-01
-1.691005522973463848e-01
-1.995381325133330497e-01
-1.902955144238105689e-01
-1.534860412775446437e-01
-1.635803567235671052e-01
-1.094039274825996944e-01
1.377097594308313022e-02
8.552460280006687898e-02
5.479675419365143130e-02
8.513335167762349498e-02
5.825792731846418659e-02
3.802510144687863691e-02
3.803912557205185035e-02
3.031968850297089152e-02
1.959979011820551023e-02
1.883416348638081855e-02
-1.379628986945308222e-02
-1.252727630250000806e-02
-6.646385856110785875e-03
-9.798099318346983541e-03
-2.624649269000924393e-02
-3.055450566240584809e-02
-1.774028122635327651e-02
-1.946081655583029035e-02
-1.770871034177226404e-03
-2.001853946437514783e-03
-3.214221481374071425e-03
5.777627352472260169e-02
5.628347137457538618e-02
-7.429854304466983195e-02
-8.619986199855457498e-02
-2.591777303007303246e-02
-2.607442256797871602e-02
4.210638076327293672e-02
7.870759201208495093e-02
6.352432808349155191e-02
5.207692498429200567e-02
-2.084604962701444922e-02
-1.877437165733537167e-02
-3.529501867605223248e-02
-5.898840777848269115e-03
-3.480777939853445246e-02
-1.646229534772810088e-01
-1.751213117675567421e-01
-1.983069106319975128e-01
-1.960558705506211807e-01
-1.409129442049822656e-01
-1.225732954465213187e-01
-1.146245070112564407e-01
-8.370912413859876722e-02
-8.372896162340480453e-02
-7.477129835273145508e-02
-6.182218752906625675e-02
-7.461021767358762269e-02
-5.840529169098764711e-02
-1.806460684784902404e-02
-1.816671739663719767e-02
-1.545073872699943493e-02
-1.427211560117053885e-02
-2.244757722822141033e-02
-1.651144250997309618e-02
-2.897543058985609793e-02
-4.827832645756985341e-02
-6.002375885155162433e-02
-1.136803128120022349e-01
-1.504685612998251099e-01
-1.356112183259390869e-01
-1.660000473132153820e-01
-1.495513821480009831e-01
-9.517477428626282265e-02
-8.305542449635985869e-02
-5.888314126455171382e-02
-4.525000730202309585e-02
-2.615632618196364959e-02
-1.171896137268247859e-02
6.831860877159844081e-02
6.374353871641630365e-02
3.710681361768838199e-02
4.488454915054020111e-02
3.992820037598650978e-02
3.754404436048300320e-02
3.790132374084746736e-02
3.957243548366944086e-02
4.306160705024495577e-02
4.331130521813869594e-02
6.692246335724669204e-02
6.935428275627872341e-02
5.579350087857685297e-02
3.785845387240912435e-02
-1.787954309271219677e-02
-2.346262119637550908e-02
-1.041106067431038507e-02
-1.608105879085864817e-02
-2.907943806161851323e-03
6.477349916666137394e-03
1.148338334727672713e-03
3.157227101845497177e-03
3.097803297243155972e-03
2.506810572488458923e-03
2.669996923360362564e-03
2.780612974036031967e-03
2.466473389419236717e-03
3.643989456431439341e-03
6.155081979302803527e-03
1.774732752524267945e-03
1.297798473748020681e-02
1.321416581238939007e-02
-3.360851205653148793e-02
-4.670738995721869513e-02
-5.978132584445811776e-02
-4.388902380420445920e-02
-4.185132987002594673e-02
-3.170947358948913997e-02
-2.939772895221340679e-02
-2.857833857776084091e-02
-2.872011229026245546e-02
-2.472786316857832761e-02
-2.670026371261970122e-02
-2.647589424414343792e-02
9.198436251776199654e-03
1.051668274305044004e-02
1.217764085928071602e-02
1.699948026577548926e-02
1.693112874815554461e-02
1.809672650877677813e-02
2.456498739496081399e-02
2.417588171883423495e-02
3.613384737517863488e-02
3.381372712467547309e-02
3.365336925817494218e-02
3.475504330352416349e-02
3.414898890272062559e-02
3.410680838977747653e-02
3.413989427318639414e-02
3.410658790858128731e-02
3.410651608991023542e-02
3.410760479003870776e-02
3.410707945430568877e-02
3.410713118828616330e-02
3.410714859535253496e-02
3.410714525582027312e-02
3.410714585720646397e-02
3.410714360884802704e-02
3.410713224945997879e-02
3.410724110200318709e-02
3.410703043387509209e-02
3.410668876323049575e-02
3.411360708865435881e-02
3.409947089803554848e-02
3.409588025847595100e-02
3.421307277891132148e-02
3.376147452918025482e-02
3.386981720555221759e-02
3.397514686545645424e-02
2.964901287984002265e-02
2.938194087537152055e-02
