3.995776535652697040e-03
4.595469107873980177e-03
1.852873236149066641e-02
1.790787427983572822e-02
2.152140092580276040e-02
2.479854331317419419e-02
2.443661296807387098e-02
2.640059734762664756e-02
2.695714099342053430e-02
2.724239429437170026e-02
2.793887636192689261e-02
2.805636189238163575e-02
2.830044354366737999e-02
2.850140300113834443e-02
2.856362071351159493e-02
2.867962810063421145e-02
2.873738935972086628e-02
2.877707747992752987e-02
2.882247417997188879e-02
2.884462026641751442e-02
2.886849691432388093e-02
2.888871478808930846e-02
2.890440872659218868e-02
2.892496271430731319e-02
2.894222403987605635e-02
2.896767124157700532e-02
2.900017167335323248e-02
2.903014156023863215e-02
2.909651903508895382e-02
2.915591694587475399e-02
2.923783300634091170e-02
2.941582115467383449e-02
2.950673078442973482e-02
2.979997401123711531e-02
3.018636639908593711e-02
3.033282166005322328e-02
3.137002199916484602e-02
3.167787089046377597e-02
3.190040784677654340e-02
3.241277538398842223e-02
3.320696432684468180e-02
3.323987227600865707e-02
3.463295087525710553e-02
3.612937306586642278e-02
3.562916005560365362e-02
4.113584162742505573e-02
4.041509013319215943e-02
3.898778957710283960e-02
3.821822831400072812e-02
3.594778868510491165e-02
2.907789071316727036e-02
2.622947000557490985e-02
1.787657314908472697e-02
-6.496691782918422985e-04
-1.607214374935691040e-02
-3.380671646472017261e-02
-5.097875899963700413e-02
-7.438623756351145366e-02
-7.841506273367278290e-02
-7.886262273189457994e-02
-8.399960501213563080e-02
-6.986140522977105083e-02
-6.117043935102632612e-02
-5.293329744902545986e-02
-3.495053760989630387e-02
-2.425571203558003069e-02
2.959442747037479074e-02
6.178301856039011830e-02
1.125433992817305578e-01
1.184406809595651144e-01
1.497847290568316003e-01
1.534320893119954787e-01
1.513883938941278651e-01
1.612650844618872537e-01
1.555999975883304576e-01
1.496333001166038346e-01
1.495843218787679674e-01
1.340599067313475445e-01
1.198814745655930880e-01
1.156623727135551449e-01
7.578152484349781615e-02
7.235186648554757516e-02
5.424848584393140299e-02
4.037986171629724674e-02
3.030651068244685428e-02
1.214859688761513179e-02
-9.375997918275079737e-03
-4.524550926500200965e-02
-7.995870556506738669e-02
-7.273019405877415022e-02
-7.956120243079058130e-02
-7.371130263900732560e-02
-7.178415656919326371e-02
-7.932612252970840105e-02
-7.161755324022497926e-02
-7.976600071354740529e-02
-8.983206972046234307e-02
-9.109926020777237010e-02
-1.069653813820372751e-01
-1.078620146955860670e-01
-9.768555003667134251e-02
-1.023060511625194513e-01
-9.777646270059273115e-02
-1.014739336318557505e-01
-1.119757143717512171e-01
-1.055157770561725439e-01
-1.121776666736882672e-01
-1.116228811895123990e-01
-1.141246195917238054e-01
-1.312233168623062052e-01
-1.336548481593143323e-01
-1.388782907316459259e-01
-1.439767538638004329e-01
-1.386218784799488901e-01
-1.385741099606537796e-01
-1.301163978096428198e-01
-1.158188057137583410e-01
-9.920629714144776901e-02
-7.603929896976191483e-02
-5.324157139562255003e-02
-5.074872260516351263e-02
-4.903834465903871009e-02
-5.218469666578428451e-02
-4.593919109518141558e-02
-4.933155743504372831e-02
-4.639030580635682827e-02
-4.347803202073299844e-02
-4.820083918330028000e-02
-4.023581512392718218e-02
-4.442225661264148640e-02
-3.973623922483041082e-02
-3.237502332889347079e-02
-5.173454146174019663e-02
-4.227681773955287159e-02
-2.536058600157928278e-02
-2.986522993048130667e-02
-4.935277926485914096e-03
-1.556794380132290245e-03
-1.909739178914861366e-03
1.184557626751660611e-02
9.709253570053198376e-03
1.362817852738277755e-02
1.493184263844139770e-02
1.381588850254795303e-02
1.540705954981184782e-02
1.509262136118673034e-02
1.470533309102100249e-02
1.454636697998967602e-02
1.435002175322140291e-02
1.238277011778650925e-02
1.157780492323786346e-02
1.086666758398014722e-02
5.516897923812154152e-03
6.811215910422959915e-03
2.905483085442942372e-04
-8.554929267135675738e-03
-3.279392637599993533e-03
-2.694200314161586049e-02
-3.318442416413012325e-02
-5.227754204061953874e-02
-1.192900769209767481e-01
-1.236342432581812173e-01
-1.216041901529811842e-01
-1.292344246005458497e-01
-1.166671771740655644e-01
-1.166385580750488732e-01
-1.109330813293182144e-01
-1.026688952816585398e-01
-9.792088110140233226e-02
-8.277711327299318300e-02
-7.862077909117906604e-02
-6.198138354965886804e-02
-6.153175123448097888e-02
-4.649521167554911127e-02
-3.246799061280190163e-02
-2.411453946511982888e-02
-1.118527428938483753e-02
-8.081614576594422367e-03
1.902840030718088923e-03
4.189762951803931330e-03
-2.866611642213234227e-03
-5.619305905231015801e-03
-2.920533841501411418e-02
-4.350992946200289008e-02
-5.851530564663497830e-02
-8.545600797158270368e-02
-9.815532383243169567e-02
-9.891655360725548629e-02
-1.152352088471763625e-01
-1.140058134310799470e-01
-1.140865453130441853e-01
-1.209115013973272451e-01
-1.234642489124140874e-01
-1.275289892115007429e-01
-1.402152968789328047e-01
-1.425386518116062984e-01
-1.532104437434032018e-01
-1.614718202166411654e-01
-1.636091812837899562e-01
-1.747844229697346208e-01
-1.779640430261182071e-01
-1.820703487146445310e-01
-1.949101246243272190e-01
-1.967626373381992644e-01
-1.956299679171768502e-01
-2.017594737527099724e-01
-1.927011439118402891e-01
-1.928416782280706898e-01
-1.871103930849087604e-01
-1.700118868695106589e-01
-1.627568625141808945e-01
-1.490327837835381253e-01
-1.341621216298106711e-01
-1.297783085461734487e-01
-1.223432410632722123e-01
-1.206294775896032956e-01
-1.177825448197371561e-01
-8.978215715349245618e-02
-8.168907977170083989e-02
-6.393670791909007722e-02
-5.348821660026406577e-02
-3.538791968003956318e-02
-4.384486953605737369e-02
-3.508092449972677329e-02
-4.808894164220661738e-02
-5.481735634091234460e-02
-6.823007716394111077e-02
-1.165310055891862900e-01
-1.581335946415155791e-01
-1.604317718490999856e-01
-1.771026637516044389e-01
-1.693119163398129623e-01
-1.641436405044937319e-01
-1.630935510672757993e-01
-1.515487123853197504e-01
-1.606921500880723053e-01
-1.577200068275072253e-01
-1.566861718707774076e-01
-1.683298572231567980e-01
-1.673666650265789868e-01
-1.667223189550356144e-01
-1.757038802999883464e-01
-1.665292761618985262e-01
-1.518133306074832267e-01
-1.443382986195521078e-01
-1.054699026926808197e-01
-8.527949975560775164e-02
-4.986980325823928140e-02
-1.199380035573058799e-02
1.797068755565113486e-03
1.417338890279621656e-02
2.218612404585922938e-03
-4.954186501845628384e-04
2.729261086814185194e-02
1.956598437410232011e-02
2.190106525404795362e-02
1.310386166094362065e-02
3.132426990047435661e-02
2.966289437788423300e-02
3.157598598845388904e-02
3.559434618106424586e-02
3.723297102638194883e-02
4.269285574370107472e-02
4.410162928899156315e-02
5.822497887982502895e-02
6.480060088351091707e-02
6.710907432254717420e-02
7.226630314226352436e-02
5.961254290370734260e-02
4.533007874870505910e-02
3.690506933482517321e-02
2.724792793229003848e-02
3.736330993813645474e-02
2.910748306151627121e-02
2.846282203874994990e-02
2.855999011372753471e-02
2.043536570061445928e-02
1.929120308314441826e-02
1.365066115442641059e-02
7.955171221694753297e-03
4.950689065280092400e-03
5.998677388122185651e-04
-1.762076729936125352e-02
-1.714120809341877771e-02
-2.227113526491909107e-02
-2.542222210078301514e-02
-2.514084848619944565e-02
-2.916135638290781942e-02
-2.347465848364787763e-02
-3.054421762278856228e-02
-2.405916112710967253e-02
-2.689229500829163830e-02
-6.654509796931415422e-02
-8.442653115515946771e-02
-1.075657091755254646e-01
-1.933552537811652761e-01
-2.064382286704379288e-01
-2.295571057226127865e-01
-2.469559571085149507e-01
-2.588179281121664177e-01
-2.745639240416641313e-01
-2.770931470498655957e-01
-2.828898841646325102e-01
-2.847307194292976185e-01
-2.820010487073943972e-01
-2.807076905645068954e-01
-2.739406852326474739e-01
-2.733117485992992979e-01
-2.642322662155793811e-01
-2.619062844492478503e-01
-2.554406204649579681e-01
-2.447580595837443029e-01
-2.366875519146461604e-01
-2.170964134033497306e-01
-2.090400861572527802e-01
-1.765876536837882316e-01
-1.583470228867035201e-01
-1.111913211875981272e-01
-5.392334948410943546e-02
-1.719038132505066457e-02
-1.330881940702769578e-02
-3.447656239838932032e-03
-5.595920861925623643e-03
-8.598999563083853381e-03
-1.159051631448149676e-02
-1.292942744813043061e-02
-2.811202200290122827e-02
-2.814290445192386275e-02
-3.034869649459755528e-02
-3.577542385201482739e-02
-3.522982187574755925e-02
-3.792423567519091765e-02
-4.097473395001630797e-02
-3.988895717496120097e-02
-4.443232774157083315e-02
-4.678134561558713184e-02
-4.507614762992494251e-02
-5.916847838870142873e-02
-5.150771879655922925e-02
-6.474783317497957713e-02
-1.154858722784909281e-01
-1.270768522747994511e-01
-1.509612101461523526e-01
-1.578690259521901007e-01
-1.676528896766131815e-01
-1.707280014871973839e-01
-2.045873411076215564e-01
-2.340593115783718425e-01
-2.575081262650168457e-01
-2.794580002617296222e-01
-2.911170142213640455e-01
-2.970490655097964283e-01
-2.945669171478308423e-01
-2.870272367694272075e-01
-2.786559137577105938e-01
-2.667153078023651314e-01
-2.562084590830630559e-01
-2.376183025200880594e-01
-2.272071572561424613e-01
-2.199952132450358200e-01
-2.091862632194951832e-01
-2.068327222849802582e-01
-1.992567054735327470e-01
-1.897230412539474831e-01
-1.590651233679194754e-01
-1.560668601329253946e-01
-1.492485541816313266e-01
-1.426391365652843468e-01
-1.412364234303835342e-01
-1.328090807144902408e-01
-1.295041656334763314e-01
-1.249334035541108806e-01
-1.157939885236538707e-01
-1.129160048699080626e-01
-1.065431725743220259e-01
-1.010108822625629538e-01
-9.861488063276850624e-02
-9.148170546570277839e-02
-8.732226771562336121e-02
-7.361739889225031586e-02
-5.466254832512754125e-02
-4.123311036054323753e-02
-5.650621765144586001e-02
-5.948192172206111239e-02
-5.048130881688871197e-02
-6.219210294888537216e-02
-6.230696520685912593e-02
-5.166432472092241657e-02
-5.621362738546124838e-02
-5.767510784305206195e-02
-2.902930707461642487e-02
-2.049912696099804796e-02
-4.332570022710977020e-02
-3.288620657378266837e-02
-3.601043460503668137e-02
-4.081390741596466892e-02
-3.586943735112568116e-02
-3.934803025212595812e-02
-3.863252625236896637e-02
-3.701322527827276276e-02
-3.775476446131694613e-02
-3.622881763117485193e-02
-3.412377903732245060e-02
-3.364928156925302283e-02
-3.072745371440730247e-02
-2.653211588972964954e-02
-2.658701579250184743e-02
-1.774014763755688701e-02
-1.400116086398950528e-02
-1.206432383083119730e-02
1.084763164107540451e-02
1.209246344210111734e-02
2.014807738537954807e-02
2.934155924819611613e-02
2.790897759499342060e-02
3.718232230629248125e-02
3.827812430943648009e-02
3.307820378830042540e-02
3.370378618651804353e-02
2.608214595678748707e-02
2.402021168978791740e-02
2.107128712139302862e-02
1.462733872294327657e-02
1.381846941132740432e-02
7.649894991256001725e-03
6.842284238653079630e-03
8.686287574210556708e-03
7.285627743905536378e-03
7.879227410728684503e-03
9.818925341301167065e-03
1.028180676707947210e-02
1.112003072934269511e-02
1.787958225639411924e-02
1.862804745118678065e-02
1.999220099231986333e-02
2.328279394008400324e-02
2.322070892824721830e-02
2.524190737365071546e-02
2.541891838022969016e-02
2.543685067257826435e-02
2.604787013985821603e-02
2.598517381579096633e-02
2.615452561909615420e-02
2.629413928507224121e-02
2.629074249583203057e-02
2.637818696696881543e-02
2.640358123704946575e-02
2.641953557716030659e-02
2.644960960783360182e-02
2.645565551718580266e-02
2.646677708580241414e-02
2.647526262157006913e-02
2.647821223469296395e-02
2.648270080826313488e-02
2.648506909899661990e-02
2.648619908690281674e-02
2.648666464430542503e-02
2.648796291682221221e-02
2.648561763648708475e-02
2.648464708432710091e-02
2.648582464335797956e-02
2.647416315647609444e-02
2.647949461554724784e-02
2.647076839658260572e-02
2.644216112381694156e-02
2.647684933634136470e-02
2.640204304651325856e-02
2.639075927007386232e-02
2.646660111379119801e-02
2.615383845194169804e-02
2.641843960000636593e-02
2.625692459084871117e-02
2.553191575597381011e-02
2.688209252254021922e-02
2.478271680043044392e-02
2.473907408653414422e-02
2.593073912067667824e-02
