-3.215050367829886541e-02
-3.080530407405891041e-02
-3.902068864240582080e-02
-4.303211014001268042e-02
-3.548964788199483744e-02
-3.762557146997284885e-02
-3.581775329616842390e-02
-3.426762465815735847e-02
-3.478214631045401656e-02
-3.372665263949108094e-02
-3.358404873518180955e-02
-3.350942943872027568e-02
-3.315933072873313014e-02
-3.316607183276176762e-02
-3.305290404971913953e-02
-3.296676194410008698e-02
-3.295600045959117680e-02
-3.289803524726542944e-02
-3.287672171736420734e-02
-3.285738343416710200e-02
-3.282946380971988459e-02
-3.281549524386508099e-02
-3.278768461235085502e-02
-3.276288891727078406e-02
-3.273368427860994662e-02
-3.267468566160299653e-02
-3.263833810339640540e-02
-3.254256497527981129e-02
-3.241582806048884380e-02
-3.234317389147300242e-02
-3.201568097133254687e-02
-3.182740441935640735e-02
-3.153464999481177256e-02
-3.059659976840500492e-02
-3.054446144693914386e-02
-2.895980329311485107e-02
-2.655622158484566286e-02
-2.623099205250424559e-02
-2.010203215018573769e-02
-1.727970574159798378e-02
-1.551869259128244027e-02
4.975535447918073839e-03
6.928281853009269665e-03
2.010241558450899871e-02
3.124382511527001166e-02
3.487619304842174556e-02
5.911858388792827490e-02
7.731385914765463718e-02
9.227797006980686945e-02
1.335405687161987376e-01
1.393795806115478986e-01
1.515533893892629935e-01
1.659899294333112840e-01
1.699066007642933973e-01
1.763540960885036646e-01
1.811436876909636173e-01
1.840132087888158852e-01
1.823993810053422815e-01
1.923901538006075607e-01
1.905188199773442670e-01
1.856676814947197385e-01
2.142288933596503131e-01
1.758280495578944391e-01
1.599535554281761585e-01
1.376957659217873386e-01
-3.128735336314601712e-03
-5.862423454167773468e-02
-1.336089478517606399e-01
-2.274884435748137923e-01
-2.340892559882719604e-01
-2.843251332272553888e-01
-3.045948306533301508e-01
-3.071352450987114846e-01
-3.475901012860872497e-01
-3.444229416871920635e-01
-3.588570178145944478e-01
-3.808389362128885014e-01
-3.556797128910715866e-01
-3.666520643547322988e-01
-3.480604986850752147e-01
-2.928675696213398072e-01
-2.835179424082354682e-01
-2.446041860536350698e-01
-2.166641533321905788e-01
-2.199142979751673166e-01
-1.767264125387317253e-01
-1.529955711369220261e-01
-1.164893767358411436e-01
-1.114538956252480589e-01
-9.908824594302927113e-02
-1.357665129836599371e-01
-1.376440446961600395e-01
-1.443387008554001538e-01
-1.776380256178950456e-01
-1.694226467269457914e-01
-1.764487076308101643e-01
-1.778238744881170119e-01
-1.614756867205772162e-01
-1.674314088609517304e-01
-1.433686602359640627e-01
-1.216736728193709566e-01
-1.250010956629735159e-01
-9.309069612991080489e-02
-1.000944979726508394e-01
-8.107838218507562589e-02
-6.364502316500122991e-02
-6.689671446484389550e-02
-5.177313627254934852e-03
-4.693443193743672415e-03
-6.029176427523813900e-03
2.123586767138266329e-03
-2.238885950600482538e-02
-9.289279801479324861e-03
-3.882257932092302716e-02
-5.535923506802974819e-02
-6.405518349420305513e-02
-7.075246486271979940e-02
-6.437909083714268843e-02
-5.995494016756361400e-02
-5.113197389624826034e-02
-3.961749771203505743e-02
-3.310876991324563506e-02
-2.537020349413915063e-02
-4.512742880086988845e-02
-3.012928525561575296e-02
-2.846315238101250478e-02
-2.247038094495577842e-03
2.587463417188308121e-03
1.935671229156731010e-02
4.909081387115223766e-02
6.208617701895528806e-02
8.799837743919924904e-02
9.926497977136801432e-02
1.347707444143082245e-01
1.441732591945357189e-01
1.245991589008204614e-01
1.219691221231689326e-01
1.200620990253987164e-01
7.305737361519407114e-02
6.070440846257154494e-02
3.334731372712405884e-02
-1.082642145807954787e-01
-1.278695382125976387e-01
-2.191458324980811168e-01
-2.522192384577017776e-01
-2.667964765991139853e-01
-3.157588716144855701e-01
-3.509929215766620647e-01
-3.970909015142057852e-01
-4.160080638325348579e-01
-4.385621169142089881e-01
-4.498395030009415541e-01
-4.425488651049230837e-01
-4.464271667482406780e-01
-4.274168880924802405e-01
-4.074847525352223165e-01
-4.051312267636930642e-01
-3.740980158337677275e-01
-3.613319178243181717e-01
-3.450832548705438652e-01
-3.253055703703706669e-01
-3.302871674712157812e-01
-3.186833020524015847e-01
-3.326626174764225619e-01
-3.423767656665601677e-01
-3.417055494429847018e-01
-3.689665304507366850e-01
-3.566070123709609296e-01
-3.410230170965909413e-01
-3.282091928591060470e-01
-2.748210874209475185e-01
-2.523389653262501087e-01
-2.235757536737096596e-01
-2.000594177215496983e-01
-1.948191068917307645e-01
-1.842297461423467175e-01
-1.685203512038170870e-01
-1.656435244450037703e-01
-1.505072441324359911e-01
-1.437371516923658388e-01
-1.477652578759207080e-01
-1.471949011032671062e-01
-1.536521216594290418e-01
-1.705427220192165527e-01
-1.817450083825936646e-01
-1.848266744485600188e-01
-2.093221550478064630e-01
-2.173704618137657363e-01
-2.208316924708293993e-01
-2.453485871646219896e-01
-2.332045456810555584e-01
-2.274735566076043491e-01
-1.977716233605262830e-01
-1.521598794254293563e-01
-1.219390594453241550e-01
-9.911640990160081044e-02
-7.281883592858946763e-02
-4.218391301587749026e-02
-2.084029803006039530e-02
1.398890045087743464e-02
2.949910606667277904e-02
3.742919023873189643e-02
5.339814020162405445e-02
6.023119829089070010e-02
5.866404116145023523e-02
4.933937512233974032e-02
2.369393080062764598e-02
8.007768611701146511e-03
-3.367576234197464102e-04
-5.481146444420340741e-02
-8.963456134968819655e-02
-8.494796974253530919e-02
-1.208159462044678667e-01
-1.081829206192334580e-01
-1.008385618160140274e-01
-1.099660411662035375e-01
-9.781917394206696148e-02
-1.071781495055207922e-01
-1.131741749688797150e-01
-6.634862125238437380e-02
-7.716841081214463605e-02
-4.603353220022377013e-02
-4.062192752472072038e-02
-5.426647444571825601e-02
-4.113905638924422736e-02
-4.901195413447991672e-02
-5.745054945678642472e-02
-5.724874325373708467e-02
-7.281858497533283403e-02
-6.560633406773513920e-02
-7.093501556027173582e-02
-6.392767996576549649e-02
-5.112103296771192823e-02
-6.461978181486642547e-02
-4.719569401427657629e-02
-8.028397142886649351e-02
-1.616586250417630932e-01
-1.667569711869062998e-01
-2.439957823236925116e-01
-2.660837230616283078e-01
-2.574286290392692189e-01
-3.156243079545741903e-01
-3.218880580817842785e-01
-2.756494533284329362e-01
-2.629971896176600543e-01
-2.746404075304650361e-01
-2.577095198864494674e-01
-2.491454299251482374e-01
-2.488901326926943325e-01
-2.368582892436525145e-01
-2.484606608089236501e-01
-2.645577187101408323e-01
-2.561671826790167805e-01
-2.194577622104048609e-01
-2.196362509780218075e-01
-1.256763127789531087e-01
-1.134167556947711097e-01
-8.949001921639018753e-02
-5.053972181164416433e-02
-5.268782640676025752e-02
-3.257922707303863991e-02
-8.717522354601115950e-03
-7.431478540693746762e-04
4.351413711011382218e-02
5.273784764146440679e-02
6.503563162896383587e-02
1.294500858651180808e-01
1.468485146988839918e-01
1.809225198765040954e-01
2.164520889574840234e-01
2.182629373767626113e-01
2.297399164996125065e-01
2.348929273491006109e-01
2.367700221275551020e-01
2.331035987984714508e-01
2.299143169437916356e-01
2.274381977395487087e-01
1.980913751685942636e-01
1.927916474291266336e-01
1.689887703895536775e-01
1.608580530834175515e-01
1.358777815781794518e-01
1.124413567433860395e-01
1.199917943683646571e-01
6.435076221972456378e-02
7.280078093839242870e-02
7.896785293593493182e-02
8.208868932482671354e-02
8.448693299811027568e-02
8.103475275477425854e-02
8.114854096678469908e-02
7.239223932313898491e-02
5.878863673622553715e-02
4.339405082916584361e-02
2.182331321520715808e-02
-1.054430457701683276e-03
-3.953397052183821314e-02
-7.236169381970815329e-02
-1.184634397876217216e-01
-1.674401534118155066e-01
-1.901034996391964271e-01
-2.300282507788738440e-01
-2.453961202933722108e-01
-2.411516415536897329e-01
-2.566699161855783284e-01
-2.368080115845224154e-01
-2.274124010286247000e-01
-2.105638311450607203e-01
-1.654162063312391295e-01
-1.501631080915920013e-01
-1.213767575853309244e-01
-9.706154472977099323e-02
-8.304044214840533567e-02
-6.527045141514514759e-02
-5.793625764951963741e-02
-4.130971249245493637e-02
-3.570226533049211670e-02
-1.758186861670116286e-02
1.575013912578604458e-02
2.274873806952828342e-02
8.975885026611610251e-02
9.262876993817992233e-02
1.079921081272195577e-01
1.182285203883699232e-01
8.200107703196402031e-02
4.894986007935107908e-02
7.109069209307650183e-03
-3.322018171921175406e-02
-1.175994576362637822e-01
-1.371671246762696250e-01
-1.847194752692605801e-01
-1.913288996336867942e-01
-2.100115040525792343e-01
-2.203975529902302277e-01
-1.979969670182459285e-01
-2.045249766723089835e-01
-1.806353542188797456e-01
-1.758187373045162483e-01
-1.645900445357229569e-01
-1.399813390782346512e-01
-1.305052306106905258e-01
-7.572398592513600313e-02
-5.497495542936997603e-02
-3.757474774061479728e-02
-5.651852392218634918e-03
9.621298471704538627e-03
1.919179454463413800e-02
3.443919120394966366e-02
5.436435615370388552e-02
5.457852836461710155e-02
9.512391782535863094e-02
8.645148994035904699e-02
2.648063404154463174e-02
1.371635480259683279e-02
-2.650182290880801622e-02
-7.408440931471851898e-02
-7.658822239833329437e-02
-1.043266208351580626e-01
-1.109718138872392013e-01
-1.045781619179605854e-01
-1.220984738133337189e-01
-1.013554866797189702e-01
-1.077158925553451108e-01
-7.427864748129060779e-02
-6.558818808935273914e-02
-7.190068467187016310e-02
-4.682722385042090152e-02
-8.963653358711923258e-02
-8.831590191095248232e-02
-1.219486241362218448e-01
-2.160873010546783823e-01
-2.508820035445089025e-01
-3.190624390942115030e-01
-3.666719836981032210e-01
-3.890021753885809508e-01
-4.125813455438946953e-01
-4.269150477050441816e-01
-4.255868870723311659e-01
-4.165592100032982081e-01
-4.025831503889860663e-01
-3.966656756804043948e-01
-3.815134968823272743e-01
-3.712383614272959931e-01
-3.619177143247256367e-01
-3.449367374613913073e-01
-3.369022008457654427e-01
-3.204539304222995266e-01
-3.035678066141320741e-01
-2.931048467572938687e-01
-2.679758541922596105e-01
-2.557868210175271440e-01
-2.427808751454221814e-01
-2.226392335093974606e-01
-2.159099537752897924e-01
-1.987499124807997619e-01
-1.851220891556899506e-01
-1.785318734560022713e-01
-1.593529074603467766e-01
-1.552256538474872105e-01
-1.485610795298916154e-01
-1.423167771990884456e-01
-1.570458703534050870e-01
-1.553724910597123199e-01
-1.627665076020797519e-01
-1.742605269943091617e-01
-1.740297019393686750e-01
-1.829473076781068241e-01
-1.853970684014182857e-01
-1.731527444115954772e-01
-1.733000237221246076e-01
-1.646751152082027714e-01
-1.498980903442971857e-01
-1.439091426918623073e-01
-1.251809312532125851e-01
-9.919899619087928222e-02
-7.822840154536328527e-02
-1.283159458102596517e-02
1.711395990335667222e-02
5.390712368217408235e-02
8.021364087925217379e-02
1.162744266597885434e-01
1.304769235939295113e-01
1.413783242715253297e-01
1.577310509025098839e-01
1.651056298595919292e-01
1.816289738063220638e-01
1.884032465877512608e-01
2.032251268997413152e-01
2.075083277308286955e-01
2.018004235687246850e-01
2.108097549429701068e-01
2.087922780681385759e-01
2.135350554765461095e-01
2.197273086831518507e-01
2.177501878395477763e-01
2.357501221009783432e-01
2.352949917745139341e-01
2.472681075280547813e-01
2.527306915658932285e-01
2.552465446964482521e-01
2.611565883606186134e-01
2.627775389910986803e-01
2.651657235619288566e-01
2.674183403051671459e-01
2.681454673274472622e-01
2.694199630912199050e-01
2.701091605078005387e-01
2.701888809250920787e-01
2.705970733304156051e-01
2.703873909094739458e-01
2.696011630142420290e-01
2.696726495985460326e-01
2.678845247711255095e-01
2.665250860330032889e-01
2.661650791806461358e-01
2.607813503849690240e-01
2.609515340164106911e-01
2.564160061947371450e-01
2.444729154596297360e-01
2.393506844235976094e-01
2.250852666666237623e-01
2.188196945434685292e-01
2.053222433544059367e-01
1.903199938688500403e-01
1.846891510162948224e-01
1.515956547266131271e-01
1.402783429528073611e-01
1.250457376728321968e-01
1.035704369687470427e-01
8.623432183362039760e-02
7.657613619557226969e-02
3.865294883151985939e-02
3.475236194369465959e-02
2.357168799070847448e-02
1.133349975694508682e-02
7.472880190285828214e-03
-4.095806916428502108e-03
-6.868121097796033026e-03
-1.945777084886229219e-02
-2.139552550142414383e-02
-2.348354525573190937e-02
-2.728329937313920747e-02
-2.761204797950804479e-02
-2.914451220937944870e-02
-3.010379623620921402e-02
-3.039390610854857122e-02
-3.105350495055671928e-02
-3.129146918585217624e-02
-3.149708693841100915e-02
-3.171929510451754197e-02
-3.179829760724284249e-02
-3.189706319836317638e-02
-3.196304745604425235e-02
-3.199298937044947611e-02
-3.202086754252859990e-02
-3.203980087575424018e-02
-3.202706484111626783e-02
-3.201802018153070140e-02
-3.201494885749182895e-02
-3.191856681554859632e-02
-3.192187718483956160e-02
-3.182286455733866759e-02
-3.157402389657996966e-02
-3.170399264002914108e-02
-3.111233437766204590e-02
-3.086552705814515907e-02
-3.108752445647042575e-02
-2.885447529628965696e-02
-2.997666893045082895e-02
-2.824134378238986331e-02
-2.249302841482245241e-02
-2.399305471420531619e-02
