-3.456338256156000349e-02
-3.341658312334960801e-02
-4.237259490003211782e-02
-4.615536021638598496e-02
-3.986058365456307540e-02
-4.195797318267360798e-02
-4.060390837247634943e-02
-3.949291822422609788e-02
-3.999235062850576422e-02
-3.925837243581514757e-02
-3.920341849118058608e-02
-3.918999791457398324e-02
-3.897284686015724253e-02
-3.899759022432860989e-02
-3.893975167470751370e-02
-3.889535595864909712e-02
-3.889796761054797880e-02
-3.887056781022789342e-02
-3.886376013843949317e-02
-3.885883061181951564e-02
-3.884910980256331414e-02
-3.884740772572964351e-02
-3.884062674415542094e-02
-3.883618270534228145e-02
-3.883253517307130170e-02
-3.881795574649565123e-02
-3.881744542969712414e-02
-3.879660672332815863e-02
-3.876499081088437271e-02
-3.877512078982125326e-02
-3.867204303004828647e-02
-3.865066799046032453e-02
-3.863101566649249086e-02
-3.826617634853184818e-02
-3.845980827350119202e-02
-3.791463857039602953e-02
-3.670408415117967088e-02
-3.690507252503785751e-02
-3.319192308691408522e-02
-3.215852006767809523e-02
-3.173968142360866773e-02
-1.721366452905125771e-02
-1.645861922952214507e-02
-8.507182573114880492e-03
-2.346031134032187417e-03
-8.770704173796100168e-04
1.291668954129590596e-02
2.595263978837646784e-02
3.487435186013748689e-02
6.729432918828648358e-02
6.973177782685874293e-02
7.766972258121833395e-02
8.907011820076002340e-02
9.050683039788677553e-02
9.996053093878667917e-02
1.034073947813896610e-01
1.058959288961256462e-01
1.073315918064382396e-01
1.158446474032440165e-01
1.155298996926836796e-01
1.177377146521874085e-01
1.425088796075067721e-01
1.186365739156043791e-01
1.196674801153395085e-01
1.043179587064751168e-01
1.912216241151613871e-03
-4.108574818281889030e-02
-1.044327517490337698e-01
-1.779689575700208470e-01
-1.837695137246612154e-01
-2.243279921297927637e-01
-2.400483005548395832e-01
-2.419324247155175689e-01
-2.739098607885839254e-01
-2.718655558996890820e-01
-2.824110539824578603e-01
-3.002744524059579589e-01
-2.783356328531010337e-01
-2.840448879060183396e-01
-2.681909442229299945e-01
-2.179065574709856956e-01
-2.075955057136901483e-01
-1.828753188549574471e-01
-1.567777547432114560e-01
-1.644395239599727998e-01
-1.299261646478504784e-01
-1.071073919940065955e-01
-7.849666806695256016e-02
-7.433939191763325183e-02
-6.544467192247714615e-02
-1.005287970213756960e-01
-1.009562829953116470e-01
-1.098943146314096120e-01
-1.379969363019405426e-01
-1.323029604253420644e-01
-1.389715311149041788e-01
-1.385994821232656715e-01
-1.269418625924967070e-01
-1.308406339686864206e-01
-1.105988606132586732e-01
-9.487214969626550642e-02
-9.846369983284102012e-02
-7.585266111776745035e-02
-8.369318758036996264e-02
-6.901178994192433414e-02
-5.786126954498662517e-02
-6.099232151144948211e-02
-8.226099402474162242e-03
-8.279336145379593767e-03
-1.212044552155865443e-02
-5.760496233522614806e-03
-2.828781438976535334e-02
-1.694151607345089836e-02
-4.499068856809265715e-02
-6.090765576918931445e-02
-7.024451364903870620e-02
-7.565673594014314662e-02
-7.036819863247689710e-02
-6.609381858100091267e-02
-5.788621995768605810e-02
-4.809992876473772466e-02
-4.225818052827783056e-02
-3.791317710650656675e-02
-5.623889879585875634e-02
-4.458289934223974571e-02
-4.498025645867733541e-02
-1.902361825728197606e-02
-1.672699063260626312e-02
-2.744740642046816607e-03
2.551379951149644609e-02
3.468485970739678542e-02
5.713098193446972811e-02
6.758395791536501995e-02
9.367149274419145355e-02
1.014476284869119671e-01
8.229797021654530753e-02
8.259730126659767246e-02
8.240522615331090373e-02
5.011592436723071725e-02
4.679474167941505280e-02
3.003679740477770838e-02
-7.712151871452972707e-02
-8.744754186462543044e-02
-1.525834407362540723e-01
-1.753847905763656900e-01
-1.805464670559104312e-01
-2.207720785348698811e-01
-2.559994822242541712e-01
-2.946661574964927199e-01
-3.136617522338085995e-01
-3.353670353756047495e-01
-3.438415000613869177e-01
-3.405172316982657543e-01
-3.424014098751549939e-01
-3.266335383873181786e-01
-3.094170246695249205e-01
-3.059490382896741245e-01
-2.810784916846598702e-01
-2.678415951053659816e-01
-2.551190505819067034e-01
-2.408868752567608074e-01
-2.435120919744054313e-01
-2.403367934250430771e-01
-2.525795367320314289e-01
-2.615487297766020403e-01
-2.655417100190750057e-01
-2.834421761292648112e-01
-2.752404950157171237e-01
-2.582577465445404785e-01
-2.450648295829015721e-01
-1.985866592111233953e-01
-1.757362055881749874e-01
-1.543484903902577476e-01
-1.329752217385614943e-01
-1.298731748233789007e-01
-1.213953039284415142e-01
-1.057125384748553859e-01
-1.047705018287072298e-01
-8.903241410363421648e-02
-8.301951479287078550e-02
-8.731231831958249923e-02
-8.589566446117335996e-02
-9.282676422371356761e-02
-1.078212165135919998e-01
-1.192508230694556415e-01
-1.228534428459455569e-01
-1.472685126993655558e-01
-1.586719542671783945e-01
-1.627178670022638995e-01
-1.913001224332502581e-01
-1.844935202523360629e-01
-1.841178219935917793e-01
-1.623099289323941818e-01
-1.220845443634217820e-01
-9.859168175970550729e-02
-8.281899318154858913e-02
-5.949724542019207973e-02
-3.620803589446468240e-02
-1.907157259530062321e-02
1.072216266727559625e-02
1.740674090414303515e-02
2.443568326718763284e-02
3.512351438604917331e-02
3.830136093067678521e-02
3.735780973239700986e-02
2.787737933365620063e-02
6.133745116664769334e-03
-3.246255541888989384e-03
-9.865357255597565628e-03
-5.778728326249375075e-02
-8.854741649496283840e-02
-8.400622671324875501e-02
-1.136225837754134826e-01
-1.016350958504650959e-01
-9.300289304555425796e-02
-9.835624156353800496e-02
-8.909606680782564125e-02
-9.522333322778282760e-02
-1.012096155851524293e-01
-6.198103357123674328e-02
-6.893567844799217137e-02
-4.460338227246361809e-02
-4.040844254766138427e-02
-5.222521867956875230e-02
-4.272299914376903596e-02
-4.817523595713497225e-02
-5.573146038757636339e-02
-5.596165241877721491e-02
-6.701760888686923712e-02
-6.126864445734857278e-02
-6.286297676293581271e-02
-5.341371897998434259e-02
-4.143561089720732699e-02
-4.523433210427715845e-02
-2.661523482939470026e-02
-5.064610923288169475e-02
-1.112393160704779338e-01
-1.131899147815788320e-01
-1.727516566461074488e-01
-1.907516398655566547e-01
-1.765768450616246321e-01
-2.259660012154316444e-01
-2.329351569891343621e-01
-1.804111712143710855e-01
-1.684672328151678444e-01
-1.769138346625251379e-01
-1.580394589005247874e-01
-1.522737640667557735e-01
-1.500234805939601734e-01
-1.419744444906831937e-01
-1.566262051209270090e-01
-1.760500975847217597e-01
-1.755648364198379996e-01
-1.525204806282722259e-01
-1.555328628096772359e-01
-8.709125212360799284e-02
-8.178532886723310913e-02
-7.183633511227519031e-02
-4.831125109753350855e-02
-5.427156058972787411e-02
-4.569102704677320548e-02
-3.128498886694981718e-02
-2.786306198506949272e-02
2.984036887179457309e-03
4.136260967855421786e-03
7.130169403418963603e-03
6.128122683350855499e-02
7.429719511309060276e-02
9.937055395974069005e-02
1.316541126802710515e-01
1.302725522361513066e-01
1.386292040742183596e-01
1.423390069109704281e-01
1.429190548704858954e-01
1.393988168454365906e-01
1.356724491790582132e-01
1.349449885928075132e-01
1.065981096460756616e-01
1.023079938011834944e-01
8.551195354211477140e-02
7.697697523700164357e-02
5.808150943666760824e-02
4.248344312877055245e-02
4.261102878628279800e-02
2.571490900501879288e-03
1.087240700512066664e-02
2.216022689262071160e-02
2.647478995883371933e-02
3.069447905437849150e-02
3.162207246697497365e-02
3.196453686730073296e-02
2.927507599999427945e-02
1.829085418762541049e-02
8.174180195489405554e-03
-1.205081374265115635e-03
-1.926245279767142132e-02
-3.762271047988411526e-02
-6.161382591630314154e-02
-9.971246083533849558e-02
-1.375259154529859251e-01
-1.585480876956409102e-01
-1.910943486633840949e-01
-2.026087875225258128e-01
-1.976827865693998321e-01
-2.074191911753218154e-01
-1.891045703133384104e-01
-1.785687614496917486e-01
-1.620907947867184506e-01
-1.231361183518993180e-01
-1.097309011454865729e-01
-9.090504522253055331e-02
-7.259058607474723479e-02
-6.687855406048412443e-02
-5.579411044690327226e-02
-5.370663088697674725e-02
-4.437424246759813506e-02
-4.086325215915698889e-02
-3.010113743254617599e-02
-4.303092363131988569e-03
1.462550675115806536e-03
5.190468218918400933e-02
5.612281844401880576e-02
6.783173123498552337e-02
7.797366148940454433e-02
5.126715720414706801e-02
2.485642634340834434e-02
3.139877121067323820e-03
-2.582783821876153199e-02
-9.594874749767356992e-02
-1.114286888871885012e-01
-1.493575119805146678e-01
-1.551953215903778549e-01
-1.700209790230087503e-01
-1.789744800541551162e-01
-1.586842733433294350e-01
-1.631273649108648249e-01
-1.459332466193093980e-01
-1.437107112838915679e-01
-1.347051467827153071e-01
-1.180527978755628454e-01
-1.104433742214653014e-01
-6.482013174771505959e-02
-5.038559229875544387e-02
-3.802730603745514693e-02
-1.488835682058148140e-02
-6.762498561816817494e-03
-2.034720702227571509e-03
6.946257735377742160e-03
2.239263514837304403e-02
2.434206205121184491e-02
6.260707561239828300e-02
5.708156523183074982e-02
8.191404714496973091e-03
-8.906953564396767609e-04
-3.243661405324278768e-02
-7.287740077030957497e-02
-7.448194178499155382e-02
-9.601630298855688694e-02
-1.013565830125158496e-01
-9.285654659942088607e-02
-1.048582820233940199e-01
-8.471949729529820727e-02
-8.482290058414104772e-02
-5.012847340998721063e-02
-3.893927734485205100e-02
-3.727458975438409372e-02
-1.402119538375676266e-02
-4.705127394740203639e-02
-4.107517365889257893e-02
-6.845692765319257023e-02
-1.470216908259608657e-01
-1.777205741173113474e-01
-2.348722175426542491e-01
-2.782739838549915246e-01
-2.991493114128319641e-01
-3.205774864053132500e-01
-3.375421432634805319e-01
-3.373647582819060409e-01
-3.336863564013480277e-01
-3.227395405427396780e-01
-3.190737601495085562e-01
-3.085545518368758566e-01
-3.006018306650027894e-01
-2.946179189922260022e-01
-2.816431058524709874e-01
-2.762911229904093657e-01
-2.635425650465966774e-01
-2.505174383918121195e-01
-2.425506463718336836e-01
-2.207110147592048488e-01
-2.106687720451333734e-01
-1.998339928115623887e-01
-1.822812112539688445e-01
-1.771811811273968917e-01
-1.624289298129165671e-01
-1.506347587226674334e-01
-1.457915475756499379e-01
-1.287480723097456370e-01
-1.259536060005778668e-01
-1.213901657096038283e-01
-1.168069219363070677e-01
-1.326637114456418187e-01
-1.324185118316718035e-01
-1.405943188143829736e-01
-1.525105296812298006e-01
-1.533557634314648144e-01
-1.624792213734347346e-01
-1.656946543354709811e-01
-1.549533472811768509e-01
-1.558635724940563294e-01
-1.490647172830928402e-01
-1.364772632432803279e-01
-1.320653573789609680e-01
-1.166750897406613335e-01
-9.367467455648922914e-02
-7.625000027919570655e-02
-2.652871464477010027e-02
-1.851726248796513926e-03
2.389424574049970468e-02
4.062202754078912681e-02
6.832633527834749976e-02
7.502120639359416421e-02
7.916776287698762404e-02
8.962590897364602904e-02
9.167969504737677466e-02
1.019434325809146086e-01
1.058627728954858321e-01
1.124411343177546124e-01
1.138113383471765355e-01
1.057900817015045986e-01
1.098265803580549538e-01
1.069472252098592063e-01
1.081634250050668017e-01
1.109128733445850501e-01
1.081382511074531760e-01
1.197857813334620436e-01
1.186315397500580238e-01
1.273038808777645636e-01
1.300408272023907408e-01
1.315088481268635867e-01
1.349246347090571341e-01
1.355036322923092174e-01
1.367666863919271281e-01
1.378090656739767439e-01
1.380682520376573796e-01
1.386498933830962177e-01
1.389378567836444534e-01
1.389304799047171579e-01
1.391239256734540519e-01
1.390855406352404788e-01
1.386093895686496547e-01
1.388781986699530180e-01
1.379824605311823493e-01
1.371506873766318857e-01
1.377862061976691810e-01
1.340240165801474259e-01
1.347757058741761438e-01
1.332771645277871508e-01
1.221301342816052821e-01
1.199401318838383967e-01
1.111288298998559798e-01
1.074918964260126730e-01
1.007983512628564116e-01
9.330729895131369134e-02
9.114705104358364340e-02
7.195346038207059425e-02
6.568934003116985720e-02
5.692271605199723805e-02
4.450674496657901907e-02
3.281028592269878696e-02
2.817490948150483399e-02
4.458706590777421555e-04
-7.585553952495366088e-04
-6.370108166593638384e-03
-1.414952043320415014e-02
-1.559757151234710676e-02
-2.276577551600561522e-02
-2.408576906326070910e-02
-3.265559690089621381e-02
-3.333638588279099618e-02
-3.426492409177300108e-02
-3.649694380342770328e-02
-3.642758427120040832e-02
-3.720493585277710041e-02
-3.766469644119259386e-02
-3.772731040087033000e-02
-3.803832354296713542e-02
-3.811982116423037747e-02
-3.819052486369896304e-02
-3.828210335799887148e-02
-3.830198373485722840e-02
-3.833619964953410841e-02
-3.835878841442862119e-02
-3.836415956764521046e-02
-3.837124188935320951e-02
-3.837691444075585351e-02
-3.836251406307188139e-02
-3.835799163471015349e-02
-3.835232652079643284e-02
-3.828689874527168441e-02
-3.830511091204877316e-02
-3.821789716814526228e-02
-3.806299399012903761e-02
-3.818436027934911381e-02
-3.766753092393875652e-02
-3.761612173961100675e-02
-3.771603841690196468e-02
-3.577393594938554217e-02
-3.719494478321483388e-02
-3.493985720099267861e-02
-3.016771417892485929e-02
-3.186575079378224651e-02
