6.977760264023372344e-04
7.635062460874539672e-04
6.964430803935601219e-04
3.916893789399797333e-04
1.626108711181765195e-03
1.940492474394954567e-03
2.935163064577754784e-03
3.324945245392738405e-03
3.629558307823289604e-03
4.000809378201891815e-03
4.139633511694556720e-03
4.311388531418970660e-03
4.436588429064793233e-03
4.503597441474202490e-03
4.579306551365391713e-03
4.622629011950691799e-03
4.654890326004653897e-03
4.682601660914949282e-03
4.697606910500959354e-03
4.708282122958600165e-03
4.713956857283900168e-03
4.714713157098583858e-03
4.707781694984802638e-03
4.700939156737119276e-03
4.684036685557199479e-03
4.654641254627892716e-03
4.635942161926494449e-03
4.573120300193392676e-03
4.516143456717640510e-03
4.464428117208223482e-03
4.276832458284524421e-03
4.222889685311211061e-03
3.998771147567091282e-03
3.573175004874419494e-03
3.633675742172129582e-03
2.707724613410371871e-03
2.721766947191165374e-03
2.513405091206656616e-03
2.035790175684976978e-03
2.159474390588832747e-03
1.844958991464301559e-03
1.046169197272617084e-03
8.055460155205391472e-04
-9.331867484405471881e-05
2.904517318783355522e-04
-9.389440138202061973e-04
-1.181527039442275759e-03
-6.888991956255737696e-04
-1.925446559752423594e-03
-3.905154108847985403e-04
-1.565335134482614445e-03
-1.044778757158456271e-03
5.628984511393873499e-03
6.199175779401485537e-03
2.162191397743266214e-03
-1.046261385440738507e-03
-8.545095551844347076e-03
-1.360809205270624260e-02
-2.079403088971258640e-02
-3.099553922055196115e-02
-3.835823171012259225e-02
-5.146837806028738832e-02
-6.295575356828658764e-02
-6.700327914412627928e-02
-7.577787759782728116e-02
-7.875894088285317896e-02
-8.476832200527287253e-02
-8.994073177157288490e-02
-9.352050124681349219e-02
-9.903453147869972772e-02
-1.021580720089529659e-01
-1.067990567141504366e-01
-1.096680682944710938e-01
-1.098820757368693668e-01
-1.100907896206663461e-01
-1.103404486900244758e-01
-1.067378506171464958e-01
-1.042797390696825754e-01
-1.019048366313713289e-01
-9.210288273110613100e-02
-8.908153426773532391e-02
-7.974185707364564446e-02
-6.802449836509240344e-02
-5.930379867158395296e-02
-4.541785208530130930e-02
-3.289515792416509293e-02
-2.257920434097883400e-02
-1.575032361463813563e-02
-9.686212983500098669e-03
-7.257980535109061909e-03
-6.535957769261274697e-03
-3.362288831484901933e-03
-3.099275448370544112e-03
-1.501227824713256397e-03
5.828735085015692222e-03
7.800225494026776993e-03
4.965086337727566031e-03
1.218467670128855389e-03
-4.116997145802832325e-03
-1.049740956220211220e-02
-1.350671759332281591e-02
-1.407153195958890310e-02
-1.803957992825756459e-02
-2.143396966586867680e-02
-1.913792514477341555e-02
-2.377533148478813002e-02
-2.427838775347673783e-02
-2.015972631207894189e-02
-2.301076641461790792e-02
-1.824789801347210735e-02
-1.433875870102030957e-02
-1.302700830818226581e-02
-9.671712731631990079e-03
-9.088600837185588713e-03
-8.076774133354277380e-03
-8.313602024888316899e-03
-8.281827726128513506e-03
-1.016492366149080936e-02
-1.384721501707751601e-02
-1.835194297414757467e-02
-2.255488428531578216e-02
-2.176604748787058091e-02
-2.404651479884652859e-02
-2.407059527844849708e-02
-2.350669380161115457e-02
-1.944133768584872107e-02
-2.002571290223962089e-02
-1.981054655333411990e-02
-2.180914790782303991e-02
-1.941515133593710654e-02
-1.926720404840040826e-02
-1.977873634054811564e-02
-1.681104844628726613e-02
-1.627765460784280291e-02
-1.403749502189657883e-02
-5.469916198841800678e-03
-3.519847325815257146e-03
-1.689283385872539407e-03
3.620633097360720018e-03
3.036833506744383501e-03
3.362908862705998175e-03
3.814527889314600542e-03
3.068984095648858053e-03
2.000396114132708698e-03
2.551733472986614758e-03
4.470359141122108061e-03
5.354528390145892047e-03
1.383971539406009081e-02
1.463724215882687002e-02
1.668443483457017137e-02
1.859343405136269778e-02
1.661522210800991592e-02
1.575607634889681155e-02
1.410558920569440072e-02
1.254278540993382374e-02
9.762112809809951608e-03
8.575460610129920572e-03
6.272377080132600195e-03
6.411872283616405419e-03
4.150528280601840925e-03
5.318467922791380101e-03
4.502267788823341617e-03
4.542009386442262368e-03
7.080484415948409133e-03
6.085419322995873001e-03
6.821240543152827518e-03
6.841425621958567918e-03
2.961066754064401244e-03
2.274478004779242023e-03
3.349455577186190216e-04
-5.696382343914388989e-03
-8.066831775674028482e-03
-1.428696224861808646e-02
-2.594863771297274690e-02
-3.067711046500830319e-02
-3.875785680501681041e-02
-4.263646298912136812e-02
-4.404428378372488018e-02
-4.438220921877168712e-02
-4.070584802856935802e-02
-4.013476852377734216e-02
-3.413156451423537963e-02
-3.127428211483983256e-02
-3.119023584783190209e-02
-2.677381510811906520e-02
-2.650747583253942885e-02
-2.437726884863600230e-02
-1.962818655100043164e-02
-1.893330183964238300e-02
-1.483873251357268469e-02
-1.382690412987935477e-02
-1.312639955287147817e-02
-1.155270348564121571e-02
-1.166984590722996984e-02
-1.101955024007195486e-02
-1.194412257283416351e-02
-1.251530804853680581e-02
-1.170898313171509636e-02
-1.235587446200945086e-02
-1.176787853527851493e-02
-1.139558062420500603e-02
-1.125247794280231743e-02
-1.032187964321700305e-02
-9.917112990359862323e-03
-1.054469533542016016e-02
-9.978209993159545960e-03
-1.008504766398536992e-02
-1.016986912967901904e-02
-9.721053099990654978e-03
-9.605711011061408150e-03
-9.529441630272224642e-03
-8.775889622043427443e-03
-8.570907205193600831e-03
-8.128960735178656846e-03
-5.864091044818128470e-03
-6.356167944147150459e-03
-3.733876972928826601e-03
-2.002679776418654460e-03
-2.357309948119922990e-04
3.150536854156557338e-03
3.180548906553680270e-03
6.358809869625533899e-03
6.063404132839072744e-03
5.600141015118896039e-03
6.607814567527699363e-03
2.336369303884678738e-03
2.241625140383897777e-03
1.628989445363532903e-03
2.068184518308259414e-03
3.298087288455734886e-03
2.196409754727861666e-03
4.533435913604863358e-03
3.156414757771371007e-03
1.971576937584641059e-03
9.923586858971537861e-05
-3.779738149144756809e-03
-9.038155865706496914e-03
-1.737039766381004088e-02
-2.747446272656683605e-02
-3.353876564960014267e-02
-3.851244761445637294e-02
-5.636457449113918550e-02
-5.961088117894704913e-02
-6.879246298477204036e-02
-7.608166045370159947e-02
-6.866559049801060355e-02
-6.945787357210977953e-02
-7.240588940861264478e-02
-6.514430883711185005e-02
-7.058047280633067411e-02
-7.592241944671762610e-02
-7.844993671907363186e-02
-8.878624286744615790e-02
-1.079518974771521145e-01
-1.238443229026800207e-01
-1.348153285613205299e-01
-1.441865698959146624e-01
-1.444360027738817998e-01
-1.469854787742093660e-01
-1.459208051247904425e-01
-1.425987495224214086e-01
-1.424564589821741556e-01
-1.316205236291301539e-01
-1.263323377826961746e-01
-1.140991538509531777e-01
-9.450548443136336241e-02
-8.197039212908702188e-02
-7.917945081145083552e-02
-6.964415188365540021e-02
-6.567523322459534185e-02
-5.901122475494857689e-02
-5.442443202831857840e-02
-4.578963319921064423e-02
-4.308094848149446321e-02
-3.922274023604518933e-02
-3.468262582091427570e-02
-3.583400914054322983e-02
-3.255040035566294371e-02
-3.691675117333190898e-02
-4.128910578047785551e-02
-4.410881524930933273e-02
-5.683359070177012445e-02
-6.247148401094798631e-02
-6.893587033292558619e-02
-7.603834082289745444e-02
-7.936432437649648675e-02
-7.908862377943898236e-02
-7.881864162799415152e-02
-7.368105963333768105e-02
-6.546928395639556308e-02
-5.789205904697808380e-02
-4.770640452216836497e-02
-4.125728957512569961e-02
-3.195849642526153722e-02
-2.661661225158604496e-02
-2.177077548488833697e-02
-1.488149638430389353e-02
-1.209857641323890121e-02
-6.218081416979085244e-03
-1.791951093220210157e-03
6.814575774234203891e-04
7.212273648713428409e-03
8.075842453714964647e-03
1.105152030088057263e-02
1.251593348679822665e-02
1.097895169606619842e-02
1.283999526460004661e-02
1.168215145473765378e-02
1.129546285130702751e-02
1.263739502634766282e-02
1.163513057326907157e-02
1.206050303927505563e-02
1.494233026813003747e-02
1.361797891182023323e-02
1.305919523362109036e-02
1.229727565679879925e-02
8.134813733736798169e-03
8.081510551073978199e-03
2.432805374353039143e-03
2.327925574500908437e-03
2.648950839292583959e-03
1.234944248430108272e-03
1.410236354891049966e-03
1.164575249549422951e-03
1.296328957843391645e-03
5.218275596809258347e-04
1.720473857904646769e-03
2.943661501908483285e-03
3.290185486164188492e-03
1.066064044815016876e-02
1.165104770400555816e-02
1.294692284150796360e-02
1.565090840577811060e-02
1.534515192065805458e-02
1.466707364173301317e-02
1.435363804161279844e-02
1.578562559917133859e-02
1.491281209671415503e-02
1.485673989748977596e-02
1.561788365651712446e-02
1.354126761528531668e-02
1.430459145668795326e-02
1.468759170540622112e-02
1.518590745763014928e-02
1.508348759020567038e-02
1.499064182474900420e-02
1.538162571407755697e-02
1.421369972818062148e-02
1.442494799574097451e-02
1.428895546175900332e-02
1.057436329322173317e-02
1.034461513844721695e-02
9.181361192559980844e-03
8.104664213725602459e-03
7.898687494179136570e-03
7.273048844794040985e-03
6.914713713664395224e-03
6.715054402796918898e-03
6.418810033698469850e-03
6.078197564606114059e-03
6.056985961082587619e-03
5.658083502072220987e-03
5.839911227933059293e-03
5.900081770490969366e-03
5.809406474658176944e-03
6.435544077540562152e-03
6.431481915338033845e-03
6.562319680945766405e-03
6.737000044116498582e-03
6.736746199214365544e-03
6.824625255807737802e-03
6.864105576692090468e-03
6.879547227990199382e-03
6.915504691617114542e-03
6.925565610205740817e-03
6.938118101631017033e-03
6.950972647461831251e-03
6.954760166539617101e-03
6.962575007300202470e-03
6.968402427385569919e-03
6.968543004844398106e-03
6.979031859142100468e-03
6.979297405182066476e-03
6.979309551796630470e-03
7.005355194881520212e-03
6.981535620166730988e-03
7.013214826273803972e-03
7.051942494980333043e-03
6.963461207614729011e-03
7.155763371282163748e-03
7.066326203040994118e-03
6.976703465837955781e-03
7.594571725088174012e-03
6.753829198085804959e-03
7.480841022583017280e-03
7.926702294975121466e-03
