-4.598591242975187676e-03
-3.819581511233146372e-03
7.672769166515139641e-03
7.385377638131172297e-03
1.041176920101197050e-02
1.192199568812311872e-02
9.767717887164704960e-03
1.105530594750684346e-02
1.071887021223373940e-02
1.047497940794274093e-02
1.079723631816422932e-02
1.059097644340303325e-02
1.063422743905748438e-02
1.066841640497923072e-02
1.061520683892233988e-02
1.064445752393189393e-02
1.063645462597416318e-02
1.062974480802580945e-02
1.063703285134607809e-02
1.063175820947149380e-02
1.063206759549425832e-02
1.063239345461639701e-02
1.063014323481055109e-02
1.062942739184985670e-02
1.062806117342871524e-02
1.062458347324149802e-02
1.062169891175219864e-02
1.061759954226423885e-02
1.060678233608224226e-02
1.060182695544769488e-02
1.058405897240817517e-02
1.055567951385623024e-02
1.054875242984691132e-02
1.047057184293068502e-02
1.042621468452903377e-02
1.038573761028607420e-02
1.011484097079366068e-02
1.024711668493047748e-02
1.048141454903030699e-02
1.059466059614215007e-02
1.110730692595953209e-02
1.105484456195377808e-02
1.216871112958355095e-02
1.284710025558583914e-02
1.299307960333150568e-02
1.775474997369075672e-02
1.927440475435028555e-02
1.887694033169645680e-02
2.092103595429815194e-02
2.319393895456335272e-02
1.799515990476838537e-02
2.589300969901954519e-02
2.159748002568343678e-02
5.457260114233089369e-03
-3.366383765149744915e-03
-2.530870959207188325e-02
-3.860284956412690649e-02
-5.435831995146329920e-02
-5.791979776342626174e-02
-5.516868047647989493e-02
-5.812204369644806412e-02
-4.833841664964858009e-02
-4.018509786513541071e-02
-3.036320246364579076e-02
-3.089213414201798236e-02
-2.300012942667681304e-02
-9.604426507941431213e-03
8.126876786550187720e-03
1.582290098697628281e-02
5.134855187807512399e-03
-1.405587700370898759e-02
-1.930413611001007348e-02
-2.074465073351891911e-02
-2.700720895115076708e-02
-2.679198208537054635e-02
-2.612960927721656029e-02
-2.849525506814067077e-02
-2.340734071740823222e-02
-2.010546961025268253e-02
-2.137242059072292852e-02
-1.130937293337040683e-03
-4.269390622984315362e-04
-7.956847655031832126e-03
2.117792667280237515e-06
-1.139475809579412920e-02
-3.467900926653412486e-02
-6.351400971261560169e-02
-1.233210920788909842e-01
-1.771185400248317388e-01
-1.652207926959180506e-01
-1.793921055021229227e-01
-1.682711726130898255e-01
-1.579611428069810919e-01
-1.633947838722533130e-01
-1.448676377951790828e-01
-1.431768572226605196e-01
-1.434545864101280377e-01
-1.257562219327040265e-01
-1.262887163004770830e-01
-1.083988568604567215e-01
-7.100654207656531547e-02
-6.450899953207563098e-02
-4.905527746374268444e-02
-5.493043120632019188e-02
-8.109921646575356247e-02
-8.231865788889719537e-02
-1.020920480521068791e-01
-9.075689684360233045e-02
-8.247426384176320679e-02
-1.010772636233759764e-01
-9.771810957163282185e-02
-9.231100517231156932e-02
-9.819207530332987877e-02
-8.431733411577083115e-02
-7.945489726101953587e-02
-7.530473751360991508e-02
-5.403733995926003619e-02
-6.262170331351253616e-02
-6.040471331253201293e-02
-7.616003730151417461e-02
-8.997013863790642718e-02
-9.400187632686263228e-02
-1.028533928014535581e-01
-9.865906330925464096e-02
-9.762082116026621348e-02
-9.981342260487863216e-02
-9.372009118451064824e-02
-8.481719579322699598e-02
-7.678991579868255091e-02
-5.351464870049808809e-02
-2.421780707837846089e-02
-2.462195321914825881e-03
-1.099230997733138468e-02
-3.350146792996806702e-03
1.669718058986058296e-02
1.343126091420425092e-02
2.500478416769115128e-02
2.515596932218195150e-02
1.843414707801454416e-02
2.018307802671356205e-02
1.741367305565620291e-02
1.204731914463175180e-02
1.247611337064203144e-02
1.225647706604376767e-02
1.027870127025335735e-02
1.033901687818637380e-02
9.156491950248880560e-03
6.763073118255616759e-03
6.864156739135094006e-03
3.307199935323297795e-03
3.076239464214994279e-03
4.387538219219662243e-03
3.481802161531150856e-03
3.657686063523266345e-03
7.836440021513249587e-03
1.017294808168066333e-02
1.263982995609695334e-02
1.605120953532699832e-02
9.755006387400254331e-03
1.662845130554116424e-02
2.487455173402956798e-02
3.023620759980595943e-02
5.138753160233679868e-02
5.003244293211646376e-02
5.661373269544904552e-02
6.178175381619552264e-02
4.857045594102837871e-02
5.190152817890342218e-02
5.115144385063144505e-02
4.967981566845752761e-02
4.747815169892669052e-02
4.146961890723743077e-02
3.642350511304315308e-02
2.299503627998587124e-02
1.063892068553273437e-02
-1.894910341227016995e-03
-9.685676551866587852e-03
-1.829806217296889304e-02
-2.960898821037899475e-02
-3.324464371992325723e-02
-3.874552168213225845e-02
-3.838101292704663992e-02
-3.648719247697382317e-02
-3.626378347708776595e-02
-3.464571272098830590e-02
-3.787778312943077680e-02
-3.971529990830405255e-02
-5.590677220665743463e-02
-6.042020022271857305e-02
-7.338988261189877127e-02
-8.938590764648889075e-02
-9.743074451502314881e-02
-9.508837734474204217e-02
-9.984604614750891560e-02
-1.008382521191545089e-01
-1.009146788397461830e-01
-1.121490644538772619e-01
-1.127845613687415427e-01
-1.195509757753064339e-01
-1.223129771652273767e-01
-1.262625281039913561e-01
-1.272314468530290621e-01
-1.244110053764935220e-01
-1.228401885432140461e-01
-1.218681435844438388e-01
-1.199465260658367782e-01
-1.185890849924536444e-01
-1.164016452295143916e-01
-1.156866494350402286e-01
-1.115084424918781625e-01
-1.099424560614169211e-01
-9.253826119124269889e-02
-8.239835248446357452e-02
-6.877599199676032171e-02
-6.094072336996213257e-02
-4.743492890443460480e-02
-3.927520678264916076e-02
-1.818737689662958470e-02
-9.153401808075977905e-03
-9.589925306140599862e-03
-3.493297698197437174e-03
-6.646770911950580351e-04
-5.177066496486193437e-03
7.511677086174849832e-03
-1.239853540529064829e-03
1.149248362392367266e-02
1.495185781849081574e-03
-3.823730399246385442e-02
-6.807170241983685754e-02
-8.155622773950531312e-02
-9.885907164164842165e-02
-1.090378428833679303e-01
-1.073318268438108736e-01
-1.095236521943966090e-01
-1.048140810377860832e-01
-1.022513306474197581e-01
-9.917302222022555958e-02
-9.591259194147501443e-02
-9.146251979498810913e-02
-9.373296084145499307e-02
-8.258784226707369114e-02
-8.043310812666246146e-02
-7.159780752759321854e-02
-4.452405996749261852e-02
-3.369259236568583615e-02
-1.267338235593664514e-02
1.048043887700182350e-02
2.228997096107886156e-02
1.688747609786191844e-02
1.999593572140473396e-02
9.772586903750178633e-03
-1.166664361616419864e-02
-5.864832413807904987e-03
-1.506611664109784587e-02
-8.150599593143167954e-03
1.061983398252235727e-02
2.388361044256719252e-03
1.117038469536381709e-02
9.520143120523244171e-03
6.075907602211840473e-03
9.211204215919225821e-03
8.519251607391411726e-03
8.141616052682560528e-03
9.537914198207292360e-03
5.527516155110532604e-03
6.626237281327268872e-03
4.818413061385098083e-03
6.738936431242534579e-04
-4.384232737497418229e-03
-1.398947844910862492e-02
-1.498579128656229477e-02
-1.641038396831059898e-02
-1.142889438875576390e-02
-1.086403714721802249e-02
-8.642008990896761847e-03
-7.638627255650844508e-03
-2.742649119493227160e-03
-2.796470088599059198e-03
-1.380601259031743718e-03
1.162261100457189209e-06
-1.028451766464296736e-02
-8.750845763466149826e-03
9.315449901370826454e-04
-1.048202442714220566e-03
1.776325368691859851e-03
2.199454318191323271e-04
1.445053433539481187e-03
-3.077475283887549842e-03
-1.180977453059170457e-02
-1.777033194324180443e-02
-5.508736051869184136e-02
-5.833215702338325620e-02
-6.141480329070413829e-02
-7.503043650964552613e-02
-7.426597885736929694e-02
-7.215650920691527026e-02
-7.761546422190063188e-02
-6.862092058088142821e-02
-7.362031042295599792e-02
-8.407550288665029126e-02
-8.375567401286317104e-02
-9.283316352947686145e-02
-9.441541126518636362e-02
-9.376360709307431096e-02
-9.923561719583115504e-02
-9.454700848346835051e-02
-9.630360395916523486e-02
-8.560476115117895968e-02
-7.603998458644972702e-02
-6.292424191182843796e-02
-4.115943963129579941e-02
-3.747740585814912651e-02
-2.134719760416924766e-02
-1.161493357754775878e-02
-7.650648643685238268e-03
3.414834000593086182e-03
6.726313207627778075e-03
1.354515678881277815e-02
1.581563465590955439e-02
1.363572347478241367e-02
8.409177702766664625e-03
-5.221948137126756692e-03
-8.653561055334768604e-03
-3.705325051778121052e-03
-8.218242119392210263e-03
-6.979787978864756930e-03
2.807578779695246111e-03
2.264089835728557917e-03
5.206045178425639137e-03
7.524052205704351813e-03
7.101462429106389536e-03
9.799539826040919166e-03
8.791591502195963276e-03
9.862783826905389614e-03
1.256054309951572592e-02
6.834280174026305388e-03
1.356130195925640478e-02
-2.556133375343330131e-03
-2.563288365752610515e-02
-3.606036710559838709e-02
-9.251953064175663655e-02
-1.048436400550644132e-01
-1.125033917035320741e-01
-1.373664527480295827e-01
-1.425120734871735961e-01
-1.669182345768371878e-01
-1.546849124428842093e-01
-1.444916070573210587e-01
-1.312269598163490203e-01
-1.134214958731031286e-01
-1.003475527800639922e-01
-8.171959977990528312e-02
-6.791682364570147956e-02
-6.275271320025155308e-02
-5.420494991074015223e-02
-4.615302735597587303e-02
-4.578798843340047692e-02
-4.630867080070448505e-02
-4.913197238757775753e-02
-5.158606969777350393e-02
-5.235388396574389147e-02
-5.046700909502012389e-02
-4.916223942563589799e-02
-4.432154134393653799e-02
-3.374750217872637958e-02
-4.575514885298018197e-02
-4.214294470031826334e-02
-5.084516103103813023e-02
-5.348099361236601651e-02
-5.374930654373957090e-02
-6.344178070897740773e-02
-6.123397608061628000e-02
-6.722007580989382280e-02
-6.920521613273900030e-02
-6.400962216421154927e-02
-6.842435972146504453e-02
-6.219617511698297824e-02
-5.907421598449692779e-02
-5.807395462814709391e-02
-3.629241627604506276e-02
-2.543390022949067533e-02
-1.610097387695554744e-02
4.160411240965734489e-03
3.687012344034872567e-03
-2.233428734524189538e-02
-1.871769334221570075e-02
-3.297690108718075164e-03
3.529916335887352350e-03
5.986043192549868330e-03
2.442144523518058156e-03
1.216825456024813075e-02
1.678796451525213160e-02
7.889224521811236818e-03
1.036039783124751909e-02
6.621385979716207931e-03
4.741892863859772933e-03
4.866765790492929254e-03
2.993032820394797306e-03
2.707416613613853988e-03
2.135697425736585945e-03
1.293292957668539227e-03
1.053704596210144982e-03
1.075515098278650116e-04
-4.957742008450392087e-04
-1.223746840234199440e-03
-3.197013398436581756e-03
-3.591583415419599950e-03
-6.582106549651710325e-03
-1.015350373387075705e-02
-1.026684404313198649e-02
-2.102213624588300175e-02
-2.049377251945357081e-02
-1.650975996009647687e-02
-2.025496357289235244e-02
-1.353101788695721015e-02
-1.115416228426151062e-02
-1.074768265780436625e-02
8.124687449338257803e-03
8.796884490125092895e-03
1.399937912982376215e-02
1.994662127084724165e-02
2.090624595851838310e-02
2.648583313357668473e-02
2.796004277817605577e-02
3.200406824440719250e-02
3.290651167746674183e-02
3.115358230849760851e-02
3.159495468692246484e-02
3.150028502930666413e-02
2.876862249615414965e-02
2.805234741439305984e-02
2.755066337469421964e-02
1.720894739996649617e-02
1.650608726587868280e-02
1.474297614593952400e-02
1.083913614666585923e-02
1.105294971974001006e-02
9.742561589579709982e-03
9.631050155477492367e-03
9.569186724047743994e-03
9.217378948351373155e-03
9.241350917342423116e-03
9.142708797582001570e-03
9.070942408279419195e-03
9.069152493422182049e-03
9.026866218362156191e-03
9.014899301185536409e-03
9.007325816991713918e-03
8.994611043409213302e-03
8.992068984712458038e-03
8.987661529478269476e-03
8.984456027680441312e-03
8.983377566526380351e-03
8.981592854944727908e-03
8.980811311534126623e-03
8.980158530108231854e-03
8.979405376164073180e-03
8.979262315560784108e-03
8.978321521351908738e-03
8.978014214510667348e-03
8.977860997257417972e-03
8.975068825948799914e-03
8.976615673396368469e-03
8.973150154259585190e-03
8.967018798027429072e-03
8.975452299662685374e-03
8.951724948270555274e-03
8.954317791223843220e-03
8.966941382218613504e-03
8.871169438532267720e-03
8.967194777803999539e-03
8.869660970514600673e-03
8.662459716247447594e-03
9.116474539499652696e-03
8.242219877531787101e-03
8.470343445482914416e-03
9.077094273910039576e-03
