3.798543692429388495e-04
4.894049314496510573e-04
3.419846723304967827e-03
3.537099290134489496e-03
4.214049178679254645e-03
4.689248250805983648e-03
4.086994510789707449e-03
4.410384349570297020e-03
4.338663334937650079e-03
4.259179394964722476e-03
4.345391584446570664e-03
4.292616073984819106e-03
4.299821897286218962e-03
4.310259488907853750e-03
4.295742664755249074e-03
4.302779796893678281e-03
4.301346822234039698e-03
4.299514702440179748e-03
4.301828010071872752e-03
4.301362044803712370e-03
4.302157846806758425e-03
4.303899934911528322e-03
4.305742592911783462e-03
4.307746043167592215e-03
4.313260209099003054e-03
4.318024493962973123e-03
4.324688716585999015e-03
4.342906261173666571e-03
4.350114149649531893e-03
4.380751181184201759e-03
4.427591588359969937e-03
4.436121491157556801e-03
4.573086405410719396e-03
4.639038216490041881e-03
4.709080703654468930e-03
5.213540982095980075e-03
5.218190688960191136e-03
5.242523143595223187e-03
5.239995024169352179e-03
5.278898126272950179e-03
5.315863919117804967e-03
4.772649895294622628e-03
4.661295451004398085e-03
5.435972465167258731e-03
5.811078047260908631e-03
5.824906511490368644e-03
8.565302677747606633e-03
8.506421417968295512e-03
8.053214578664570633e-03
9.037763858290250377e-03
8.251940641813207758e-03
8.507025814044593542e-03
8.404749879794471204e-03
5.346218980646150892e-03
4.006784802924995802e-03
3.452099265588743846e-03
-2.333330657226825693e-03
-2.237506430928899552e-03
-7.247164648708516975e-03
-9.620575009140035216e-03
-1.041302645467665801e-02
-1.888805098038393721e-02
-1.901715978561707709e-02
-2.182439424625383373e-02
-2.440291888572790682e-02
-2.333739067616697610e-02
-2.617687682364672197e-02
-2.366075636897976148e-02
-2.213098244983737611e-02
-2.036998205697904823e-02
-1.694275934906558714e-02
-1.578829748578280262e-02
-1.212838997202195061e-02
-1.024279434037970136e-02
-7.139016144908156419e-03
-1.847058518982485189e-03
2.198563193375947800e-03
4.716416194256722871e-03
5.286249302440355555e-03
5.442604732639013017e-03
2.158035737362121436e-03
9.411042078367847907e-04
7.383938962821388419e-04
-4.795179646946807974e-04
4.118352957971234928e-03
4.444673881659718870e-03
5.649530481240766684e-03
7.137925657931610060e-03
7.014849617525073695e-03
6.717501639234025809e-03
7.580320190301620582e-03
7.090744318093858065e-03
7.549918407666832663e-03
7.751590833968327598e-03
7.091848821649185744e-03
7.408817692452789386e-03
8.142003042830291484e-03
8.936580075986383376e-03
9.304179575614990663e-03
8.619522868197650178e-03
8.481052602974728516e-03
8.424610702226038514e-03
7.871958078889917249e-03
7.267416766149095188e-03
8.619851110347152845e-03
9.788833412670037287e-03
1.133417228448699299e-02
1.123800583489354375e-02
1.176276559981062272e-02
1.172543610022391478e-02
1.107988814633663853e-02
8.822081823855257299e-03
5.176195859801309765e-03
1.071266107256970638e-03
3.660567150700675017e-03
2.470678146547106071e-03
1.152187503067478780e-03
1.466814669342787454e-03
-9.090577802983713885e-04
-2.191121915274541788e-03
-4.141741891389046776e-03
-4.527045992802522859e-03
-3.499607003200928736e-03
-2.602919310308325455e-03
1.827737106697301019e-03
4.027764902933561771e-03
6.200631091755445974e-03
9.832869820300214198e-03
1.166460642954422408e-02
1.432588824493506025e-02
1.403106491798949973e-02
1.655742303510467431e-02
1.538637591467787412e-02
1.756386547072358306e-02
1.716260835296018125e-02
1.777800686768970378e-02
2.045758416713739855e-02
2.009492616979437901e-02
2.293218854770572718e-02
2.489809349684250772e-02
2.531610810169688391e-02
3.006174486636500887e-02
2.919755594716827440e-02
2.657708779512402836e-02
2.721742309905654522e-02
2.056103763708092697e-02
1.800737035275688791e-02
1.470183768832601830e-02
1.020951160266184848e-02
8.258536602733743473e-03
5.637949331094026933e-03
9.823785186646389125e-03
7.341661170956628388e-03
8.563795401940294330e-03
9.220994535856397167e-03
9.587704510544524036e-03
9.670242763321571650e-03
1.027632978491072394e-02
1.098868770440772705e-02
1.106242767542268621e-02
1.317336808354381897e-02
1.333965780043546920e-02
1.331805378108110068e-02
1.405844896686772594e-02
1.427556476675788735e-02
1.380203791221665255e-02
1.498401482201336399e-02
1.455006687448198895e-02
1.293856524645450694e-02
1.295190302744456123e-02
9.011743860389553884e-03
9.594934002699449446e-03
1.033849791451585051e-02
9.572268968273320994e-03
1.116418456821738348e-02
1.059346209598258266e-02
1.101843815940953090e-02
1.158535866345319042e-02
1.151051489780170745e-02
1.082503217908675763e-02
7.719460169443500067e-03
6.916808036306220167e-03
1.019689304211529417e-02
1.035040439257260692e-02
1.410061053004518783e-02
1.562628753859991032e-02
1.927956085758687765e-02
2.114403349030253426e-02
1.782181659592371736e-02
1.909992928046207877e-02
1.801899896795368730e-02
1.615423443019673236e-02
1.611448951494611273e-02
1.481412008812410183e-02
1.411804138180269147e-02
1.439844132395982391e-02
1.335631843357889398e-02
1.221015846785201281e-02
1.171964475224926763e-02
1.162579469078440023e-02
1.160110394791201600e-02
1.144301952005572637e-02
1.182738152178592836e-02
1.230462985268956227e-02
1.207755399620668441e-02
1.376291456269118293e-02
1.391800212708942455e-02
1.507056008657013321e-02
1.893478915315414957e-02
2.033420701188560359e-02
2.267306830579740584e-02
2.519362388809150144e-02
2.617054941925760908e-02
2.855464253980977141e-02
2.993230082489215307e-02
3.044131477543299963e-02
3.170426130886563887e-02
3.010071772399475210e-02
3.104818243645117437e-02
2.966417511320794398e-02
2.449012000594213978e-02
2.247922028378331397e-02
1.550856112864986390e-02
1.236896556697500080e-02
8.702178268495269070e-03
5.648306660450328615e-03
1.153589575625747765e-02
1.096809372646944530e-02
1.303055621157181085e-02
1.495689754855197666e-02
1.366561362120800871e-02
1.120305343903209294e-02
1.030829382810673038e-02
1.439872417225441896e-02
1.397435532501846434e-02
1.597983873969539836e-02
1.661515747040256952e-02
1.707680170376357776e-02
1.938844799777371397e-02
1.831058723417847839e-02
1.982000126825100156e-02
2.041927177247848668e-02
1.511968119814590533e-02
1.437481470723914884e-02
1.563073844082531194e-02
1.350305282048436945e-02
1.450839022276203920e-02
1.338282755989547365e-02
9.259596699334730896e-03
8.992588368218340511e-03
5.405762989170465743e-03
4.764133217931442246e-03
5.517768502785228533e-03
4.009072131456572867e-03
4.232245688746903191e-03
9.688899761234561663e-04
-2.816261941942201346e-03
-5.410143573037998199e-03
-1.117894457440655673e-02
-1.020053871563577144e-02
-4.398597648541970745e-03
1.828712332116211347e-04
1.901052115643742275e-03
4.816107235135935055e-03
5.888196011593075513e-03
7.088982564569993802e-03
5.215222140489021718e-03
7.977780837971891817e-03
8.324205016531992241e-03
7.903480962916414193e-03
8.343223498899019624e-03
6.739785970071359919e-03
6.162896354931087298e-03
1.360739764587134406e-03
-3.658009643374725284e-03
-9.897622731172259908e-03
-1.333824005575306136e-02
-1.728430406173821904e-02
-2.426789329034081261e-02
-2.614719983550617757e-02
-3.249143995089417980e-02
-3.418492304882393001e-02
-3.323482113768514573e-02
-3.476495922358746604e-02
-3.351670250953658892e-02
-3.272963119503101426e-02
-3.133176434665993493e-02
-3.167361943463350288e-02
-2.762671441493379232e-02
-2.879766196442331422e-02
-2.485049344902314980e-02
-1.598985869092656859e-02
-1.033064988669277900e-02
-1.691871179385566470e-03
3.530987066958256836e-03
7.899717761908972222e-03
1.180838378694537040e-02
1.434490548368020854e-02
1.549507487074136027e-02
1.634230975516063819e-02
1.751770307277396299e-02
1.611502919101233736e-02
1.537262920594591013e-02
1.581759749756841971e-02
1.174292652884966967e-02
1.139928437113020207e-02
8.894874334779480710e-03
2.404418338824962679e-04
-1.356367691094952348e-03
-5.734494519730789358e-03
-8.634748529530547265e-03
-7.164008285321421358e-03
-8.193104398321240239e-03
-2.522951058905513987e-03
1.734676556628689462e-05
1.364492190221200038e-03
7.279009565548190223e-03
7.522396173915009768e-03
7.741793052684752680e-03
9.695228289260641660e-03
9.972190252642600117e-03
1.051946799302925367e-02
1.279571800679529629e-02
1.286441608806367792e-02
1.310487366278804272e-02
1.380523955862353325e-02
1.406721895687014501e-02
1.363908480585499308e-02
1.478185332249958364e-02
1.438353616208602748e-02
1.267892624070059496e-02
1.269885924897466538e-02
8.688956555127821599e-03
9.087352858070343875e-03
9.935700609765805991e-03
8.732672353223608699e-03
1.024363295409756909e-02
9.803392145846665656e-03
8.863937593857283345e-03
9.573574332739632348e-03
8.205654050747272429e-03
8.795875886207737276e-03
7.801727043811228571e-03
3.606694126486379662e-03
1.044572832497896696e-03
2.198415224360653812e-04
6.460928077454556120e-04
1.382595026397153912e-03
4.737835153095342963e-03
4.706417622420761698e-03
7.096559249622809082e-03
8.663767426575864211e-03
9.328311492726578877e-03
1.310187296991605077e-02
1.105867818748268623e-02
1.242098056169771599e-02
1.408031438629243903e-02
1.782947634052995181e-02
1.808260396428600092e-02
2.031992525270504696e-02
1.853001707304002127e-02
1.618459173169625731e-02
1.493660514297505924e-02
8.496047661783997021e-03
4.095802379450182162e-03
3.435373282802548552e-03
1.587068814262557626e-04
-1.097187372906621391e-04
2.191895840970222407e-03
2.086365136605941150e-03
6.929692775796425681e-03
1.168054298591897182e-02
1.253551275579467029e-02
1.300974262845297665e-02
1.297150762739677360e-02
8.802905432203165376e-03
6.517311299186328080e-03
-6.010280559204306219e-06
-5.290921575412846356e-03
-4.512236389274372483e-03
-2.559033850787180236e-04
4.463980646347264977e-03
5.961759220945316365e-03
1.016390454237968248e-02
9.360570250620578459e-03
7.779878841738903893e-03
8.649832149787498037e-03
8.178202752449618973e-03
8.788750940836717249e-03
9.167896644569887080e-03
9.346779411253149095e-03
8.595695906715758450e-03
1.025236849025834215e-02
8.599165447042459234e-03
7.533146000157620557e-03
9.711992067179587435e-03
9.028248329657734272e-03
1.221275698693981976e-02
1.267554160519352921e-02
1.443925254091361042e-02
1.821414915932433737e-02
1.773030534115066156e-02
1.513472351799719298e-02
8.698917224133162138e-03
7.712514901412374606e-03
8.880918486317659552e-03
8.086682930385731549e-03
1.254696801673892137e-02
1.479587131679824426e-02
1.210901536442153363e-02
8.912775738062435338e-03
1.782651994220513540e-03
9.266367806544586073e-04
-4.928664727070134269e-03
-5.217889276826443573e-03
-8.490783688174099314e-03
-1.299081931670063167e-02
-1.425071170618476789e-02
-1.695471944640885784e-02
-1.839188690756080741e-02
-1.816423409649064666e-02
-1.793783923526230326e-02
-1.822552943703964132e-02
-1.707583072022643075e-02
-1.787693819378028889e-02
-1.773502182573548705e-02
-1.804312168773167593e-02
-1.904805392390571811e-02
-1.908415781754362051e-02
-2.091859907620258197e-02
-2.174678594122006134e-02
-2.179315993945167562e-02
-2.274946044596481975e-02
-2.271067499901057579e-02
-2.194304447136244743e-02
-2.233959164067249661e-02
-1.639444445629534633e-02
-1.279754489004665888e-02
-9.391838641804201374e-03
-7.269278014340544922e-03
-2.455342689753665757e-03
3.062916131367189398e-05
-1.242933156731813394e-03
4.104440336550607151e-04
2.023846030256065600e-03
1.919315701425967869e-03
2.579316663126921764e-03
2.572107678006580259e-03
2.457884199639963439e-03
2.565554004223806039e-03
4.110045452952918767e-03
5.234408421763050989e-03
8.328242153199549858e-03
1.220074806929983234e-02
1.329143538339468134e-02
1.414371063023154955e-02
1.646333965257820373e-02
1.518634762670638405e-02
1.763057552173890805e-02
1.792372236031640823e-02
1.325652904402585194e-02
1.266039812710637209e-02
9.290217150984284022e-03
7.137086314795330379e-03
5.789905555603693833e-03
3.756120272284333046e-03
6.854202708471975958e-04
-1.782086329124357772e-05
-3.545500969782048976e-03
-3.480312022554746428e-03
-2.884328996803968165e-03
-3.776163989338229745e-03
-3.318736221669558225e-03
-3.388169856583055691e-03
-3.424926929685532997e-03
-3.018595944544379562e-03
-3.102628128142046957e-03
-2.475805393184174648e-03
-1.924235713298526849e-03
-1.912795912087754619e-03
6.534084263752684956e-04
7.345435833923377386e-04
1.085385611613027710e-03
1.857175840831249434e-03
1.802626218179629192e-03
2.089952001946792509e-03
2.234831660539477339e-03
2.256172024158275939e-03
2.362084237121674264e-03
2.386174885972681958e-03
2.410741909355411817e-03
2.440155153987056454e-03
2.446499710329992291e-03
2.458446042704968883e-03
2.465437750759445074e-03
2.468324102800431401e-03
2.472563942689455247e-03
2.473664808944439630e-03
2.475133711691866051e-03
2.475843380344968335e-03
2.474294185073403797e-03
2.476359196574223070e-03
2.471921290229778766e-03
2.469291830880490039e-03
2.473991017484920667e-03
2.450785839774106620e-03
2.462440612872360268e-03
2.453548334560765216e-03
2.382964417959444834e-03
2.476338888475901594e-03
2.315862375790530333e-03
2.225678329198098934e-03
2.317592163617498285e-03
