6.385789636386962880e-04
7.371618181487152918e-04
2.964941330317662563e-03
3.043564279403570064e-03
3.411320386744391524e-03
3.776819828485694815e-03
3.351301133805198798e-03
3.561110368522173858e-03
3.522590806909475358e-03
3.459844330511948219e-03
3.519684473738463309e-03
3.484333743349940244e-03
3.486966827894157940e-03
3.494889653004386396e-03
3.484392594763417554e-03
3.488763677854004458e-03
3.487750093969678791e-03
3.486024103873763651e-03
3.487261707929988682e-03
3.486258611577740599e-03
3.486234740142986344e-03
3.486144593476035291e-03
3.485617696394057753e-03
3.485729121249898487e-03
3.484598867697151752e-03
3.484541409762279517e-03
3.483970070523804106e-03
3.480411636513219831e-03
3.482899925156028413e-03
3.476356617259301288e-03
3.470428843982998300e-03
3.480128779365716362e-03
3.444296019225532093e-03
3.458347308983579678e-03
3.457797363326672434e-03
3.326843084200367933e-03
3.396116685814503083e-03
3.362049457655484457e-03
3.538979929757131784e-03
3.614330836236803561e-03
3.685752002410214428e-03
4.481393685323636564e-03
4.395413092280611028e-03
4.568915988261906987e-03
4.350376583021306129e-03
4.323273840265358034e-03
5.252383241622707311e-03
5.213997348447781642e-03
6.208440814760386728e-03
6.625834051410060821e-03
6.010762607497001711e-03
6.575336859640400732e-03
5.231724213053266098e-03
3.185465030477989228e-03
1.510360508588637438e-03
2.109733555911559762e-03
2.671590077682496449e-03
3.056602308674494228e-03
2.179331998010193214e-03
1.912636255242312205e-03
5.908469443031618296e-04
-4.953164081790933752e-04
-2.693306975679334980e-03
-8.460413549067955993e-03
-1.122847259273780304e-02
-2.015670259420215132e-02
-2.531956873391865218e-02
-2.460851360606906152e-02
-2.805884613284492096e-02
-2.656301642692126055e-02
-2.413531695130820970e-02
-2.459304609120597715e-02
-2.063889932305609104e-02
-1.807992993793600817e-02
-1.661390624003206834e-02
-1.004472337537218145e-02
-9.034797272882465549e-03
-7.814514416816647005e-03
-5.818233584824512514e-03
-6.017852268678699698e-03
-5.127905087670884751e-03
-4.487030402043531638e-03
-3.859774617568769405e-03
-3.029011119337668943e-03
2.912734035128873708e-04
1.327560074068658089e-03
2.409892853449752126e-03
5.021716341606994281e-03
5.163120268388466175e-03
4.535666509818315865e-03
5.908529996047558706e-03
4.883412842087622024e-03
4.402109297253482649e-03
4.279893497242977587e-03
-6.683211064848689235e-04
-9.360891657623688668e-04
-1.057122093369413946e-03
-1.778849705152835093e-03
-5.340484643195719068e-04
-2.969710438298692884e-03
-3.843465729176162495e-03
-5.546685608866539635e-03
-8.673142049549796562e-03
-1.002938006822500991e-02
-1.000624399361717612e-02
-8.467424844119230548e-03
-4.111182817454106693e-03
-4.009469535140476951e-03
3.254766767809403705e-04
4.619570694619517214e-03
3.868586388800163752e-03
4.632413786732396399e-03
2.432195840831300696e-03
4.628846933445190546e-04
6.019248885830692265e-03
6.527008176995492857e-03
7.356468515589815321e-03
1.023266068743288772e-02
9.538841838353131000e-03
1.073365060746367394e-02
1.084391394226904420e-02
1.010267435552312208e-02
9.917977735356464652e-03
1.038252942891917593e-02
1.113913378917871094e-02
1.220222528143729938e-02
1.410035123206995235e-02
1.396943392695764938e-02
1.352067699391294731e-02
1.108908846884081034e-02
1.034532559999631202e-02
9.637145891743519044e-03
7.721112418694092011e-03
7.730738754729665936e-03
5.910331627127528298e-03
5.529826778130932791e-03
4.726014461343240255e-03
3.981069947517633205e-03
3.480502864676245870e-03
3.084001131106004802e-03
2.459088623316107829e-03
1.463316316083241708e-03
6.269100726989999773e-04
-5.513170068754152291e-04
-1.372342218110156591e-03
-2.324169395710803596e-03
-2.847894588101993873e-03
-3.430508752715613879e-03
-3.784753646488519044e-03
-3.935916801992764974e-03
-3.401121159546711785e-03
-9.630343970860727725e-04
5.990192289387011185e-04
1.729608228704178309e-03
4.728870642627863718e-03
4.536613446669355253e-03
3.429756270406873059e-03
3.651112117398380708e-03
2.616326590763966807e-03
2.416063912961889659e-03
1.821945029921311792e-04
-1.649051396997274746e-04
1.442986461069697718e-04
-5.802638938080443122e-04
-4.096771199120367358e-04
-7.089533193366618366e-04
-7.664529775568667668e-04
-8.209766246674417506e-04
-1.515840041178767280e-03
-1.084520743325050442e-03
-5.336642998841822569e-04
4.694600054419620881e-04
7.015154280615726193e-04
1.412577466992999322e-03
5.030427154378453239e-03
5.324366020146220277e-03
7.106367352293249846e-03
7.780568375649154003e-03
8.657050247563257556e-03
6.228965388340052325e-03
8.644994645413684982e-04
-9.724802412086101192e-04
-5.214694823659597744e-03
-5.481545284500828272e-03
-6.243187600984693303e-03
-7.264308361772456313e-03
-1.779131978874189156e-03
-1.120155936297714773e-03
2.813899335415565028e-03
5.077177130901937285e-03
6.236068045966313214e-03
1.124855371885231069e-02
1.090878381398930480e-02
1.456294970336941344e-02
1.339235848424429748e-02
1.088496899325590295e-02
1.114223019126303268e-02
7.310949499735073381e-03
7.108291870662803227e-03
7.298222380614998762e-03
5.915497728765459901e-03
6.507638003872852177e-03
6.208396237152098013e-03
6.166849505502439675e-03
6.317653623620376156e-03
6.812551557340499296e-03
6.913532035861900266e-03
7.526666112165280101e-03
9.520249261605577204e-03
1.030155580297716089e-02
1.108265122816812567e-02
1.195222762716893414e-02
1.251131310571301433e-02
1.299972129584130512e-02
1.293045775527876251e-02
1.235228168456862369e-02
1.167201439372373209e-02
1.019379237103965052e-02
9.324069016802542798e-03
8.034315448760804765e-03
4.257513593307254984e-03
2.885743136091954621e-03
1.318860844254333910e-04
-1.510353478075226411e-03
-3.130488405136999316e-03
-3.556138597303544219e-03
7.347605054073736049e-04
1.353136831610448048e-03
5.486840749892430910e-03
7.616270065047538174e-03
5.233115158126159724e-03
1.270587776299843957e-03
-1.430617780780320085e-04
-5.001491654352640051e-03
-6.154377565498126562e-03
-5.939563916299793987e-03
-8.426126449154835649e-03
-8.014276115851468041e-03
-7.401619156934354307e-03
-6.565681194184611394e-03
-4.184083986525053388e-03
-3.732960389496576062e-03
-3.750686023614735747e-04
-2.495827643075827014e-04
-1.059970030898469686e-03
-2.895363710016871442e-03
-3.443387465865141613e-03
-6.393390983363899521e-03
-9.236759926773733045e-03
-9.881048785905573173e-03
-8.899421928778393845e-03
-8.911560920514392803e-03
-1.003478380032034323e-02
-9.106645989078000075e-03
-1.021307672296025912e-02
-9.647138413977969507e-03
-9.159793956954273911e-03
-1.002544867363410266e-02
-7.626903335600152684e-03
-4.949749039584770173e-03
-5.663962024071119913e-03
-4.000939401812378740e-03
-5.999646258023062957e-03
-5.191542738787299077e-03
-3.758787350020188159e-03
-5.395380550869836693e-03
-8.005821772948645831e-03
-8.670032822672663758e-03
-6.227127045119055029e-03
-2.305733817922211645e-03
-8.837201218580188495e-04
4.094010855097032602e-03
3.863242583044950232e-03
2.970064772965301265e-03
1.357276626193757796e-03
-1.196965111636393193e-03
2.602418288449529025e-03
2.419883968206781952e-03
1.713363672275108494e-03
3.330043451265387883e-03
1.182359231524015685e-03
1.536243127762621516e-03
1.698529108809044511e-03
9.040662334560507427e-04
1.431419425567923530e-03
1.023439750473306015e-03
1.450955222983120116e-03
2.143231468250913086e-03
3.421295691127353351e-04
6.623159282577719895e-04
-5.519492299803409070e-04
-4.595444053014264597e-03
-6.384023120293957909e-03
-6.749932942997450246e-03
-6.867552391239781749e-03
-7.079582077261854962e-03
-4.308356395173462694e-03
-5.872024062265932855e-03
-5.875211087473852789e-03
-7.331337195895159739e-03
-9.931246286081912844e-03
-7.882966399646860675e-03
-9.557286254634367317e-03
-9.599579638571548515e-03
-8.425739219076305506e-03
-9.801543223423067608e-03
-8.473022933575997950e-03
-7.227796629691158464e-03
-6.645477247180997353e-03
-5.071778154620820364e-03
-4.889197235457861182e-03
-2.961231080907214454e-03
-2.381626871681202014e-03
-1.915268706172337104e-04
1.363791092788563340e-03
2.273782294959244329e-03
4.491269205092464703e-03
4.412438306297322005e-03
3.474314334870497699e-03
3.522720812519864776e-03
2.613673037327465289e-03
2.396837308312577911e-03
1.309413727708278559e-04
-1.669734005428311909e-04
1.134828671212276946e-04
-6.084434244328076544e-04
-4.352055142596750236e-04
-7.603881344506878588e-04
-8.178395419933320518e-04
-9.000618211849858562e-04
-1.644683646950019246e-03
-1.221608942862330857e-03
-7.975732989950369426e-04
1.525687520216104098e-04
3.049320225745066090e-04
6.292837179922928029e-04
4.339204156390058173e-03
4.184411548711541341e-03
5.245030407192442443e-03
6.265803351706150659e-03
5.414667354815368670e-03
6.250483653623246927e-03
4.704022182866651920e-03
2.099887395777475831e-03
-6.664713285933770862e-04
-6.038349716759666089e-04
1.936170205609298329e-03
3.320655454974953159e-03
6.211590286137249652e-03
7.209345516751109600e-03
9.697210788015414584e-03
1.057194577681782981e-02
1.190457505008683803e-02
1.059657665820658116e-02
9.262606830084179829e-03
6.463919637422084127e-03
1.072157451914537707e-03
-2.107313765823595492e-03
-3.050956411350954668e-03
-6.610016698151637872e-03
-6.505097727981469860e-03
-6.774020734900102966e-03
-8.029587254270754981e-03
-6.190912373282541833e-03
-5.596181523634045397e-03
-6.468677588258013415e-03
-4.275193484903495010e-03
-5.181173607069702522e-03
-8.753082445242274176e-03
-9.120358613389101948e-03
-1.086645803420378809e-02
-1.099115171047816870e-02
-1.108662131950005625e-02
-1.255550183090494570e-02
-1.208739528509524333e-02
-1.384827763421359569e-02
-1.459451377973704743e-02
-9.242699131144248292e-03
-9.238491581719790111e-03
-8.361239569145337974e-03
-5.058250269602097837e-03
-5.243725627168878758e-03
-5.290580634389021805e-03
-6.739957382285067730e-03
-8.288748569534827582e-03
-7.605270992716467102e-03
-6.891328478349664950e-03
-6.659033847478252471e-03
-6.579687002375100846e-03
-6.451848681550524829e-03
-6.538548047002114803e-03
-5.684379443153605646e-03
-6.752574363402655960e-03
-5.529789713396612849e-03
-4.354669920952247003e-03
-7.374487509947771392e-03
-5.501630245955391012e-03
-1.816178861489496383e-03
-2.165039396559847139e-03
7.162648201580239455e-04
5.107005893258072943e-03
7.852933222681691972e-03
7.060023943383533090e-03
2.040144402247520260e-03
9.334292179761129052e-04
-3.500139715152862912e-03
-4.851073163334047693e-03
-3.669134831813337504e-03
-5.705367251367332582e-03
-3.873296522829703173e-03
-1.541407832057557412e-04
3.479165297758831906e-04
5.670141281121176104e-04
-1.819427437642614402e-03
-1.841704259788488895e-03
-3.731800055542382286e-03
-6.393261105802836020e-03
-7.563614196533023117e-03
-9.864447283442769401e-03
-1.116297980586521826e-02
-1.241558690004782722e-02
-1.294007566771658048e-02
-1.364164085886030581e-02
-1.369990211194774266e-02
-1.421742713070431492e-02
-1.464435122431522601e-02
-1.490813208940582404e-02
-1.572930919806218852e-02
-1.596573054267573163e-02
-1.669128691754339852e-02
-1.711116257155775866e-02
-1.644320257323851620e-02
-1.595444959053899520e-02
-1.585331836744002451e-02
-1.325821973773743702e-02
-1.247615750856899582e-02
-9.827421151306681840e-03
-4.672909507336040630e-03
-2.625861981577345614e-03
-3.997485815908240550e-03
4.911530580694428412e-04
1.584065773492693242e-03
6.543489928915092622e-04
1.676291093718222961e-03
2.541650635112206215e-03
2.376292587081253738e-03
1.483972040167658548e-03
7.695277040777752419e-04
-9.715601856398328262e-04
-1.492257229755640817e-03
-4.217258044093251390e-03
-5.270523061240380003e-03
-3.651146653012704319e-03
-2.586664557641284081e-03
-1.469036120453889654e-03
-2.708540865291963031e-04
5.124627886098242395e-04
1.248370357632283545e-03
3.034435813784231231e-03
3.315117375077469321e-03
4.846144306721150360e-03
4.745230091706341760e-03
4.116610192147900603e-03
4.288267738673399478e-03
4.027019573144117841e-03
3.457566967094985715e-03
3.073241950213765738e-03
2.878908107517058959e-03
7.109706482413259655e-04
6.653014644380510385e-04
5.562923792137414690e-04
2.626579970182728419e-05
1.181555796886249113e-04
-5.429063250530659753e-05
-1.062974608499635802e-04
-5.735220724096714684e-05
-1.715309615529847292e-04
6.717441109434997191e-05
-6.498016244106147981e-06
3.742144364644281766e-05
9.946494087001297394e-04
1.113719255288059783e-03
1.284053538324694344e-03
1.384533415800075652e-03
1.365256713400787901e-03
1.429579872256958335e-03
1.439865643310999982e-03
1.446869726626320895e-03
1.465157870923445042e-03
1.466107007680796451e-03
1.471824711571220398e-03
1.475853917430687470e-03
1.476566794672341506e-03
1.478786389844086863e-03
1.479407344377711752e-03
1.479849094493901080e-03
1.480169491786763152e-03
1.479759212129562809e-03
1.479834140138391310e-03
1.478315110898345422e-03
1.477309224730939370e-03
1.476430563344149471e-03
1.470193138937114698e-03
1.470662300782718361e-03
1.462452213416880024e-03
1.446152821072046535e-03
1.455540601844588448e-03
1.406247085273942647e-03
1.392412945091890154e-03
1.405718144311835513e-03
1.207597248513449760e-03
1.374125039294260249e-03
1.579505641515514900e-03
