-3.456338379890180196e-02
-3.341658522141258136e-02
-4.237259906275737259e-02
-4.615536590240890830e-02
-3.986059229668380971e-02
-4.195798571572906949e-02
-4.060392760321109018e-02
-3.949294528445759789e-02
-3.999238991667525972e-02
-3.925842955516595234e-02
-3.920349775340672971e-02
-3.919011497162037255e-02
-3.897301214342820119e-02
-3.899782210427409773e-02
-3.894009807993659839e-02
-3.889582869006647653e-02
-3.889865618376361911e-02
-3.887157876468171763e-02
-3.886511356558064456e-02
-3.886090260810141916e-02
-3.885199163126662469e-02
-3.885136350535367544e-02
-3.884684144612163964e-02
-3.884422070273933769e-02
-3.884451628344628982e-02
-3.883607516333623111e-02
-3.883990819045546328e-02
-3.883389918356519588e-02
-3.881524868676322626e-02
-3.884088918544211649e-02
-3.878709021499147924e-02
-3.878325666104705249e-02
-3.883934778768870916e-02
-3.860099038428421725e-02
-3.881002876248317024e-02
-3.861538962370239525e-02
-3.762510402246720120e-02
-3.799995637737349496e-02
-3.547915076676346618e-02
-3.442278985301884531e-02
-3.549930327787306772e-02
-2.378952443628135072e-02
-2.188960988104076549e-02
-2.205568444820427826e-02
-1.708768673579439193e-02
-1.719136392094458565e-02
-3.340761040283159178e-02
-3.315606635317119855e-02
-3.890866650725995080e-02
-4.090004092555317439e-02
-3.766424439171754679e-02
-3.256644741555606015e-02
-3.770265201397843269e-02
-2.914125106372218027e-02
-1.981078589705672147e-02
-1.957234538560171516e-02
2.795866162200002711e-02
3.910163325443845317e-02
2.579208198780294850e-02
5.910135828520325652e-02
4.602673560668424368e-02
-1.152302074636392913e-02
-2.130096832807074417e-02
-7.190433962293281411e-02
-9.360640641812767448e-02
-1.080329394681328187e-01
-1.331933707193052041e-01
-1.324883027128412327e-01
-1.471647952683352856e-01
-1.496190346398671434e-01
-1.575406685018611308e-01
-1.664556977012208727e-01
-1.712948501048256467e-01
-1.834898696655224426e-01
-1.887260589327602045e-01
-2.031320533349627033e-01
-2.142067494141521866e-01
-2.174044566180035609e-01
-2.280196886033430403e-01
-2.264500533079266686e-01
-2.051238327965184682e-01
-2.011249975684842317e-01
-1.824808855880732661e-01
-1.668137322075487206e-01
-1.493431854152554306e-01
-1.253310882260921244e-01
-1.171815187157657367e-01
-6.951933075700683640e-02
-6.745340976566203961e-02
-5.935567012040628143e-02
-4.337623291681234894e-02
-4.651581198716525645e-02
-1.589187880735766153e-02
-1.196512963282309050e-02
-5.661782151496752395e-03
1.035067799710389898e-03
-6.291853638573254200e-03
3.073791645715512506e-03
-2.964412170485038016e-03
9.966923333914756017e-03
2.455433192609092485e-02
2.440988853068313050e-02
6.395079910704717929e-02
5.726999658989061215e-02
9.390738135189964295e-03
-2.246145252525248281e-03
-3.093237244299013380e-02
-7.327523973130803392e-02
-7.701357359099042510e-02
-9.255675432710330774e-02
-1.061475272386503133e-01
-9.293482229363493607e-02
-1.054240008263672701e-01
-9.655052308719222487e-02
-8.818271132264379752e-02
-8.529063767481619152e-02
-5.919547345515805553e-02
-4.919126534725412614e-02
-3.187676623690460787e-02
2.461671403326401377e-04
1.432048429841709970e-02
2.458367902683786937e-02
3.977044057473964889e-02
3.347203447298838230e-02
3.183305233634346754e-02
2.876468529843557304e-02
4.810334093029920884e-03
-1.216268837213736916e-02
-4.234543204501189928e-02
-7.990041455229503209e-02
-9.972103622376154997e-02
-1.187667480066903203e-01
-1.341734209822942059e-01
-1.390210479680808187e-01
-1.404754285178410611e-01
-1.431667533534132231e-01
-1.522666473641181295e-01
-1.527045423227150200e-01
-1.651009835582698537e-01
-1.697619644684257023e-01
-1.798604049114402303e-01
-2.005587763683536751e-01
-2.112921840008535890e-01
-2.212106932917544400e-01
-2.307694297837961928e-01
-2.342295025359331095e-01
-2.340706095301717249e-01
-2.165068479613738439e-01
-2.111675825022238107e-01
-1.743654409572326092e-01
-1.516991151025908480e-01
-1.264368734878303646e-01
-9.355443099222893188e-02
-8.448055604737036983e-02
-5.470692388994533722e-02
-4.733665513335590103e-02
-4.353246051034088265e-02
-2.765595019592002532e-02
-2.148607234075729233e-02
-1.765771108990783073e-02
1.280772227745532142e-02
1.490182131106492468e-02
2.513518228323510101e-02
3.688952218704553282e-02
3.945694266609906659e-02
4.852121182004129341e-02
6.033321017456332036e-02
6.119846759208790593e-02
7.943961990855061273e-02
7.310765311018307955e-02
3.075835596502097050e-02
2.643578412827129673e-02
1.361997088452953850e-02
-2.771570961980200903e-03
-3.035151339202192544e-02
-3.804756221902312607e-02
-3.911671800373800467e-02
-3.014666635324213251e-02
-2.361465273689958982e-02
-6.456070441368489017e-03
2.387867077093100074e-02
3.581455058140035203e-02
5.512268504646118672e-02
7.063044088679781840e-02
1.001239486459876149e-01
1.072867206419135799e-01
1.373851953643828727e-01
1.325437432304609753e-01
9.468946471982242485e-02
1.019734078242613001e-01
4.727708203196587244e-02
3.911754945470098666e-02
-9.360503109227964399e-03
-1.118945865731010847e-01
-1.227241541054934632e-01
-1.944017427980913038e-01
-2.131274520200008293e-01
-2.202890806599219764e-01
-2.323825135394659014e-01
-2.318869045717102118e-01
-2.344622899103407931e-01
-2.394872121474362903e-01
-2.347822641443896574e-01
-2.386690977994215535e-01
-2.387835794961436775e-01
-2.319633036310031760e-01
-2.373342656836832654e-01
-2.265444401010973663e-01
-2.168690669925457393e-01
-2.088095595912070612e-01
-2.014805360010018531e-01
-1.988563737165478795e-01
-1.921758180130516691e-01
-1.936953706689105714e-01
-1.999944235841777385e-01
-2.079200085198268100e-01
-2.189500373883604134e-01
-2.271774960195039883e-01
-2.388275964237482063e-01
-2.400069058347472639e-01
-2.487042656558796083e-01
-2.413425066518340434e-01
-1.968142948418233895e-01
-1.904408125632064963e-01
-1.236370103864408015e-01
-9.007769605632977294e-02
-8.153437647160097224e-02
-5.501849675748104324e-02
-4.035979743322513219e-02
-3.736794328252095176e-02
-2.257596680835470201e-02
8.234817750624840241e-03
1.378399410938548585e-02
3.020714470741234572e-02
3.816280377107690580e-02
4.262658082570784657e-02
5.811619440587560692e-02
5.569817946075758530e-02
6.246753220074319907e-02
3.320652603639615008e-02
1.553097991484453551e-02
-3.767097403437642735e-03
-9.064828258859823629e-02
-1.032762635429462783e-01
-1.457318233582696465e-01
-1.675190069095601753e-01
-1.573363650310151962e-01
-1.714834542264263573e-01
-1.636309305962511118e-01
-1.454456056640809902e-01
-9.738875914232877906e-02
-3.715806283857462505e-02
-3.365195920821682091e-02
3.663134743913533820e-03
6.191081661979389895e-03
5.777632718126798905e-03
1.681290411279096064e-02
-3.341030925040938855e-03
8.433174452358050202e-03
-9.541726946732768944e-03
-2.956827322389234125e-02
-1.538833611083868617e-02
-2.507867034668164168e-03
8.443608029060438100e-03
2.538915653836596939e-03
2.677807380228799938e-02
2.020875190800937651e-02
1.747963480636687342e-02
-3.508582653734504397e-02
-7.444053739681170956e-02
-7.879084733297452015e-02
-1.070258361294291610e-01
-1.106315679615831049e-01
-1.115038605982477948e-01
-1.274545999580361799e-01
-1.184167286461277890e-01
-1.401865105678394285e-01
-1.372635782622723122e-01
-1.182309004046313838e-01
-1.243963068028328262e-01
-1.003418299538501868e-01
-9.908404106374989195e-02
-1.080145494248996446e-01
-9.702316875583644196e-02
-1.091470003474220851e-01
-1.068835519864674288e-01
-1.096593773115546039e-01
-1.160462447013117238e-01
-1.217758288659862853e-01
-1.303294094102563361e-01
-1.352082146302470422e-01
-1.504496288295996131e-01
-1.627128539586972511e-01
-1.833266496360368147e-01
-2.128461848156062985e-01
-2.398955266829962407e-01
-2.510201274844738872e-01
-2.788927316710579363e-01
-2.799188521549698661e-01
-2.872703727661666262e-01
-2.916461779106333529e-01
-2.915264454083915657e-01
-3.016482702093503665e-01
-2.998279825392531350e-01
-3.044829365470675953e-01
-3.126118497094613202e-01
-3.051996065881618092e-01
-3.162056174749720006e-01
-3.097779292845436183e-01
-2.749273951297553920e-01
-2.688950453591900103e-01
-2.157057838350103784e-01
-1.893037928434208039e-01
-1.657050302907466244e-01
-1.119682655370373980e-01
-1.043233452842546594e-01
-5.786661457390953472e-02
-4.987560495555726919e-02
-4.876381299706715466e-02
-2.773725903426675632e-02
-2.355034616646675683e-02
-1.889407494635813103e-02
1.260683479974851473e-02
1.392928115993942104e-02
2.491255780394432268e-02
3.663242051497241081e-02
3.910684067653136253e-02
4.853666760065941665e-02
6.008398544837276894e-02
6.114072657441874115e-02
7.957478889422731072e-02
7.261911054580319491e-02
3.141528191532283465e-02
2.617621421977767496e-02
1.290531441987749842e-02
-4.813089725492902945e-04
-3.332329496271639602e-02
-3.653268835393901071e-02
-3.774766888198163167e-02
-4.589268752743154434e-02
-4.055909723132435779e-02
-3.946105691795590009e-02
-4.779418953276817761e-02
-4.162329793171137826e-02
-5.175237631396887444e-02
-5.000989588477684766e-02
-2.693094285130144885e-02
-2.974258882888572431e-02
8.557383799841528516e-04
7.629091610933949434e-03
-9.899337782048461820e-03
-2.108592055597097170e-02
-8.504713633128345440e-02
-1.717113789492339948e-01
-2.455651438919774499e-01
-2.696478079013578943e-01
-3.066380432313257076e-01
-3.149839697595820942e-01
-3.174109316289368543e-01
-3.219896130052299910e-01
-3.154398809545727600e-01
-3.230417157174011455e-01
-3.214444979728817708e-01
-3.187384143722576946e-01
-3.209910535954086375e-01
-2.929692047544376066e-01
-2.702867095594071456e-01
-2.314922532336461669e-01
-2.216342965781965546e-01
-1.667971090477822771e-01
-1.367791353701028334e-01
-1.276893652857972461e-01
-1.045015593505431162e-01
-9.988434241947505288e-02
-9.083517618222083922e-02
-6.925966483677196972e-02
-6.978487643026590193e-02
-4.466043437046347819e-02
-3.354600753534202340e-02
-2.916900589214199702e-02
-1.623990922029845555e-03
-2.148238783117167319e-04
1.911662858094941020e-02
3.995867875345497644e-02
4.928249856073079610e-02
6.407307479025806107e-02
8.311130855964717068e-02
8.685613455852028708e-02
8.957849131065065418e-02
9.396838133417349803e-02
9.399991520827025160e-02
9.359965778395576419e-02
9.254533050735305744e-02
9.039309676026843765e-02
8.094751672693790978e-02
6.550702083223988725e-02
4.616187970531105550e-02
4.017337419440706464e-02
2.217943292018805315e-02
1.233081735915594369e-02
1.630811259457333245e-03
-1.291418648271162352e-02
3.941308445608105240e-03
3.366647624852648485e-02
3.047723107169805420e-02
7.435692733789353581e-02
7.276261612999335160e-02
3.280200735890282521e-02
1.077849568258657138e-02
-3.266951173952097054e-02
-6.028813481664851981e-02
-1.019924101975809294e-01
-9.544126662384586068e-02
-1.066212235008845988e-01
-9.996604496559670372e-02
-9.333734803293565474e-02
-9.694621682133110208e-02
-7.773603571146020519e-02
-7.586606284448858817e-02
-5.842269572019773149e-02
-1.326464619403140179e-02
1.176427681638010647e-02
3.510765986478534689e-02
6.111715990339323251e-02
7.061967157865084443e-02
8.082206562123597782e-02
8.699520030462880305e-02
9.253158228863737900e-02
9.383347808902298137e-02
8.910759354757316619e-02
8.569032643409091321e-02
8.389947684032517117e-02
7.740845869846549321e-02
7.587880347011893845e-02
6.744693552354381894e-02
6.237182659667940554e-02
6.876215098890357813e-02
6.503006757321309894e-02
6.633821308310368370e-02
3.644432761743094523e-02
2.928724251661604661e-02
1.632146631132263409e-02
1.084405237886271710e-02
1.197149878343027260e-02
-7.051020522408029019e-03
-2.697354164197741672e-03
5.973129458040431737e-03
2.000420737497582077e-02
4.755638054596596220e-02
5.472473717303407564e-02
1.071191795175127776e-01
1.352606696238165540e-01
1.522509082222063270e-01
1.988251560884706504e-01
2.003744827639918624e-01
1.934985943599936142e-01
2.081586569861967884e-01
1.989928956864329412e-01
2.026906685816518561e-01
2.042866717939003096e-01
1.862238317056144621e-01
1.857742088333642905e-01
1.794911105856388245e-01
1.708081193429825950e-01
1.709919474010568596e-01
1.599913369512102335e-01
1.526591354097514286e-01
1.521040772623242221e-01
1.199577053806834687e-01
1.190188022541953106e-01
1.071982881314776787e-01
9.813391419149124217e-02
9.469656902515360963e-02
8.740739722393824074e-02
8.333501263816131543e-02
7.489640513145241763e-02
7.104682681488956597e-02
6.003893555936877513e-02
4.397349101282300998e-02
4.230309151079336000e-02
1.803077021621977581e-03
-2.676740575325850264e-03
-8.256169002110439262e-03
-2.699529826401554644e-02
-2.550779860729041754e-02
-3.011932319769643554e-02
-3.396862735812015976e-02
-3.378409612943989587e-02
-3.599242570934571561e-02
-3.659533754500577524e-02
-3.691848963862243149e-02
-3.761443565749562901e-02
-3.771535549998206865e-02
-3.794251977644336193e-02
-3.811328834387298081e-02
-3.815203519362355550e-02
-3.824658679067295675e-02
-3.826827865512681670e-02
-3.828548542325124759e-02
-3.830876365669081546e-02
-3.825262607957434502e-02
-3.828164259235716793e-02
-3.820254673227579251e-02
-3.805106995653664836e-02
-3.817662316087718638e-02
-3.766202757865377837e-02
-3.761205096780990964e-02
-3.771334759519819751e-02
-3.577193471824900023e-02
-3.719338573049146834e-02
-3.493880606907594916e-02
-3.016683254207132986e-02
-3.186519634557240244e-02
