-2.111895426921363284e-02
-1.920174419720965808e-02
1.577631063139357109e-02
1.561503131156759955e-02
-2.123551720099566345e-04
-4.725186450734559195e-05
8.046932290225019060e-05
-1.903304316097173153e-03
-1.917421438028374522e-03
-1.660979247357659673e-03
-1.685589759685506266e-03
-1.685589759687392778e-03
-1.685589759683756364e-03
-1.685589759684745807e-03
-1.658299010018587970e-03
-1.876440768663679634e-03
-2.354970117057019526e-03
-1.362465433255393354e-03
-3.735505586369989531e-03
-5.374840021601145004e-03
1.054394495640673807e-02
1.143567090657220814e-02
1.578272042381394930e-02
1.692501555911607447e-02
1.717289289297888044e-02
1.706428182186292553e-02
1.662157878638917050e-02
1.643919426145096230e-02
1.100357416462122671e-02
9.964528824105015406e-03
6.084806931676080798e-03
1.914138809255827404e-03
1.297437186771344467e-02
2.232542812659328579e-02
7.249728206708290490e-02
8.713098623769557904e-02
1.026479614780154148e-01
8.924220295197517194e-02
5.398835171010039208e-02
5.264763363870072349e-02
4.548025828018771588e-02
8.594289625342386996e-03
8.948028352887559683e-03
1.941365295991072729e-02
1.686043576608927189e-02
1.648346512949220438e-02
1.817915803582174916e-02
2.007991481109825359e-03
-1.411714723797935760e-03
2.261569546937157449e-02
3.034369687021378978e-02
4.008616419223398619e-02
4.453177243102261762e-02
5.428551611696921797e-02
6.723737544316329973e-02
9.319903542743307456e-02
9.908904011395695821e-02
1.469182970066806593e-01
1.106282778751833673e-01
-1.279684708917862290e-01
-2.445186940578917001e-01
-2.480079617127863567e-01
-3.280418589126202766e-01
-2.586338542570375543e-01
-1.404091422344418694e-01
-1.028832932667878702e-01
-6.367560494178010899e-02
-5.310356407173254939e-02
-6.694047766752128648e-02
-7.024335337892656517e-02
-4.797582720940603979e-02
-3.880012320312213603e-02
-6.304103182858501742e-02
-1.049527771503895590e-01
7.024547464165893998e-03
1.116948946665324155e-01
7.947372513167051677e-02
1.408246389796810882e-01
2.644772925350040160e-01
2.439363896975835777e-01
3.193537337909277407e-01
1.784676066457728250e-01
1.054264783014680906e-01
9.757169901019319136e-02
7.885819316132018642e-02
2.602177554538808585e-02
3.558964395003988423e-02
7.743190094008152446e-02
2.701761355324103220e-02
2.899852405807619438e-02
-2.297755695552033961e-02
-4.238992933364958693e-02
-9.522358518238495384e-02
-1.013009965715084976e-01
-5.207036712851151328e-02
-8.545468341555002845e-02
-9.126807868106963373e-02
-9.087249913826850323e-02
-7.765929531084989068e-02
-5.591732796612314260e-02
-4.437586392192854889e-02
-2.104681609496406383e-02
7.314601986003091243e-04
1.154820725406099924e-02
2.808478975396139568e-02
3.075153604445213587e-02
3.819075213881881897e-02
3.004382953361788011e-02
4.065590736630790569e-02
-7.363358329558761239e-02
-1.303731583272591532e-01
-6.401908225733368707e-02
3.686554852408134575e-02
9.319765622384022785e-02
7.280085513104868344e-02
-1.085543641304470910e-02
-1.349221142719121969e-01
-1.179266612132760239e-01
-8.314162184917343879e-02
-4.298957885043652033e-02
-2.772512013836178971e-02
2.510031657336548455e-02
2.300169457115522342e-02
4.822449661559168911e-03
-1.687243436976032171e-02
-2.758479825378986131e-02
1.140120834444239076e-02
3.052444846009638030e-02
6.278372909185098161e-02
1.375618642745466413e-01
1.385616381323614976e-01
1.570300472331493113e-01
1.860349047867094208e-01
1.847047001870263938e-01
2.023185967981616096e-01
1.307776794982670743e-01
-3.267611333764313189e-03
-3.569798716320116139e-02
-6.847911793384326914e-03
-2.561973929071348355e-02
1.133847981079057210e-02
-9.882286015944343610e-03
7.274457989157209065e-03
8.200085113330545655e-03
2.071868162100850078e-02
5.900101831526704393e-02
8.692175171086052865e-02
9.038382841452230476e-02
1.149853198104991980e-01
1.131032369585330405e-01
7.854394288506549859e-02
6.741413119558595235e-02
-2.508475367880506554e-02
-6.814640596202407863e-02
-3.879767263554777246e-02
-6.500336268497505787e-02
-6.623708489640901809e-02
-4.697337427915165842e-02
-3.657587500495504320e-03
-1.311977188208992076e-02
-1.781709669306380528e-02
-2.944777452686470065e-02
-2.734545236663308426e-02
-1.468913351852630875e-02
-9.071627642496176563e-03
-1.301626368610995198e-02
-7.281400147255501568e-03
9.644825609673968181e-02
1.012150743906815309e-01
9.142492043569191984e-02
9.724067571050240555e-02
9.858890882834087099e-02
9.997268686570996710e-02
1.322618723879718239e-01
1.589666524272606019e-01
1.743529960148253455e-01
1.434186270461520474e-01
9.134103177948826868e-03
7.390235930283012289e-03
3.002889363712662671e-02
1.794940048067616631e-02
-2.945359301528531482e-02
-2.523110029333767990e-02
-1.492114731741015290e-02
-1.738140452471446940e-02
-3.021079140689351267e-02
-3.314606684448946627e-02
-2.436832941192012755e-02
-1.894923019241825241e-02
-1.346961319204058663e-02
-3.019306393679424896e-02
-3.730142836296906211e-02
-4.263713922886212815e-02
-4.285538595466283074e-02
-6.526876016476443332e-02
-1.947113580603869465e-02
1.081662688622182372e-01
2.204710091259064475e-01
2.044759557468797118e-01
2.080222599691267660e-01
2.272013025128156727e-01
1.909719835139682964e-01
1.642241254008144358e-01
1.784713866268102245e-01
2.428317349637981459e-01
2.517632701946933005e-01
1.780844019359413555e-01
1.280902194138190398e-01
1.397776469300122115e-01
1.728718500884087184e-01
1.403836827472071391e-01
8.946625524332667279e-02
8.040267142892473795e-02
6.336774229640859679e-02
9.510861801137697469e-02
1.394384191618114333e-01
7.862223122243938711e-02
1.222147059683208192e-02
2.372702198582771205e-02
4.092859804774383325e-02
2.701159099046442774e-02
-2.051844376111770091e-02
-4.449679722550747146e-02
-3.998167639677174118e-02
-4.454931698736300238e-02
-3.649586492814793637e-02
-2.970513631971849478e-02
2.602546763892394505e-02
1.985210356050133573e-02
1.729822105811152852e-02
-2.556272391589696838e-02
-2.431836715559715020e-02
-1.470044058043913464e-02
-3.111483614231339012e-02
-3.195051107752984454e-02
-4.395023971853724565e-02
-3.574408091311753743e-02
4.288964867090203081e-02
7.329465103355627120e-02
8.815520992565543945e-02
4.587996675431151028e-02
4.425923988360612460e-02
8.561575886378226113e-03
2.633771357362007202e-03
1.011606832265736153e-02
1.765339728216524379e-02
3.396114921268168774e-02
2.641535867019629766e-02
-4.304719947087183238e-03
-6.095767490955013822e-03
-2.274879184101920391e-04
-1.960441193680333757e-03
-1.666020850889118757e-03
-8.622682451870913520e-04
-3.111063394641842492e-03
-4.154064219681946959e-03
5.668313950218399101e-03
6.529326372339273356e-03
9.207253434506347881e-03
9.828659782417974167e-03
9.951230513987933957e-03
9.858461315143956724e-03
1.070670078802759065e-02
1.200271641493571087e-02
1.943090265783484205e-02
4.739820134088632009e-02
4.921711818020095552e-02
1.292068361073040461e-01
1.135840533527630869e-01
-6.405586613060354484e-02
-4.359436733767586836e-02
-2.572331642253245995e-02
-1.110452458354108940e-01
-9.422650587463346494e-02
-9.547750947621558293e-02
-1.615398337202441637e-01
-1.679566867816718323e-01
-1.498091045646582353e-02
-6.049449999842962389e-02
-6.108589644217701092e-02
-5.568903514446067737e-02
-7.159752615420002242e-02
-5.471638252479409104e-02
-5.050944396953854776e-02
-2.075933740826541030e-02
-1.944566044314186004e-03
1.522516128464885578e-02
1.021426064468660133e-01
4.869939085419727753e-02
-1.124246066186556786e-01
-1.301847976366854176e-01
-3.055081591863078455e-02
-1.822134937177899427e-02
-5.122153686488870039e-03
-3.685573346138572987e-02
-2.948946977488926119e-02
-4.927211151381127169e-02
6.016793739779102007e-03
3.512880221249713164e-02
6.321670694064790430e-02
5.449328938155881263e-02
8.579228139363612171e-02
1.112872971865535576e-01
9.170443263843645887e-02
8.788586726812490368e-02
1.222012205813540753e-01
1.703210576199250537e-01
1.235552828310244045e-01
3.134056317484668064e-02
1.017585225878751831e-02
2.383899883679707621e-03
-2.443427758420776974e-02
-4.294740215526175048e-02
-9.689958656869442077e-02
-1.033611132309388281e-01
-1.455540634347758377e-01
-1.334775895797153111e-01
-1.318903312401479844e-01
-1.181618238963896977e-01
-6.799789418736458535e-02
2.361456457986703741e-03
1.245809764161310597e-02
-1.488460985747540495e-02
-1.719179868118583809e-02
-1.440051068495460176e-02
-3.126948759152904656e-02
4.621141398320037161e-03
1.391682058897278536e-03
5.155275365152299505e-02
1.254326411381815887e-01
2.017294990560743184e-01
1.760798733455638254e-01
9.207789087256426641e-02
5.203346946564350872e-02
-4.625045055867700594e-02
-4.838861809404619574e-02
-2.949124194513987746e-02
-1.030837252135508864e-01
-1.110371194822818569e-01
-4.913200148211131768e-02
-7.903570535229463567e-03
-2.431969951573982255e-02
-1.837035934470862206e-02
-3.755909738901086481e-02
-4.946168928671573067e-02
-5.778830528514967979e-02
-7.294143655876504651e-02
-6.624619702312248282e-02
-6.940247703372195986e-02
-5.903114975530045216e-02
9.251982219934354323e-03
3.864101498825225911e-02
3.464354435307141072e-02
1.560006397681287238e-01
1.391473844227719414e-01
5.510297004189368408e-03
-4.247062078114383077e-02
-5.017069792479603163e-02
-1.338626853647483239e-01
-1.628019762083813271e-01
-1.969428684586333744e-01
-1.365615938641446536e-01
-1.005847580864950574e-03
9.855004496254676782e-02
1.115098028167829658e-01
7.988256950949235158e-03
-1.002609778330214030e-01
-7.724369474240423694e-02
-4.755378810032291625e-02
-3.909989716789165348e-02
-4.546164235968246092e-02
-7.123887980556384281e-02
-8.452409123490467469e-02
-6.148488253416748567e-02
-1.622480062788923816e-02
-1.201189619287234070e-02
1.145540452162515516e-02
4.164465799833796250e-02
9.610759163769695690e-02
4.472362571964098865e-02
1.106214169305689936e-02
-9.342869949469592705e-02
-1.045288680689364508e-01
-1.114943727683515434e-01
-6.988099714298919019e-02
2.789697478889570023e-02
3.435187750679448426e-02
4.308627569777735700e-02
6.220691211073238469e-02
7.597996617931894459e-02
9.892661387289550246e-02
2.349583956692603837e-02
1.645527593495792196e-02
1.000712669005678207e-01
1.137274300498321844e-01
1.371441526901025498e-01
8.548038077676749225e-02
7.141885388574474580e-02
7.553324353925680579e-02
8.210285813123066601e-03
-3.191142667028867841e-02
-1.260857175563847854e-01
-1.544026578440259867e-01
-7.116512873679722850e-02
-2.368602257863236873e-02
9.721034582438302374e-03
-8.260775046420153200e-02
-1.786997565723252301e-01
-1.164422376015435689e-01
2.488422082453539338e-02
6.325749306711354880e-02
7.588980231727668335e-02
8.268559201410881354e-02
6.085057978713639265e-02
3.085944718316357971e-02
2.468088212061383263e-02
2.233625399237443299e-02
2.084907797534397284e-02
2.080418608123250565e-02
2.098688796552969707e-02
2.028357113479711468e-02
1.899627841902503528e-02
2.076769409014644213e-02
6.493663551421530178e-03
3.357855511706414088e-03
4.134764680575835766e-02
4.816352479424260841e-02
5.690680353962119381e-02
5.876481976609539831e-02
6.525709913647377569e-02
6.277801791061539405e-02
6.460684267066489628e-02
7.218269189447143463e-02
4.702738138594558803e-02
3.594084265284651358e-02
1.119604339296948955e-02
8.075870621476747419e-03
-1.218966900041371093e-02
-2.106766589310089810e-02
-3.952041207640812071e-02
-3.252066391518462773e-02
-1.413203169210831486e-02
-1.500600756315634624e-02
-1.298699877603633028e-02
-1.193969536428254874e-02
-1.168663670157145743e-02
-1.397497060247047951e-02
-1.824731449286059320e-02
-1.448462779447098892e-02
-5.124705717702325580e-02
-5.915285517938426857e-02
6.810944053237606363e-03
2.825500806850888766e-02
6.904182645716942790e-02
7.373375960920897088e-02
9.976565058017515530e-02
1.152334051710639795e-01
1.465750526278527810e-01
1.316411660183226251e-01
9.673713850735896069e-02
9.770125084164829610e-02
9.491191505830211261e-02
9.349374755468661813e-02
9.378907575742174985e-02
9.378907575742108371e-02
9.381462297557152663e-02
9.373253316382146316e-02
9.372682200600311597e-02
9.118667477599007309e-02
8.525875455809889258e-02
8.023499116663634911e-02
2.715880873970293735e-02
2.864844891093444243e-02
3.850803146707387770e-02
3.313626827141218784e-02
2.092566097409431433e-02
1.842666193216564371e-02
-3.888115322303013766e-02
-3.323505883207996531e-02
-2.620481590690322549e-02
-2.729121097602047602e-02
-1.872647182909207078e-02
-1.584785516899394481e-02
1.461337583751418437e-02
1.148020192015827660e-02
8.049864504531073495e-03
9.358505753882475145e-03
4.471916951027123631e-03
3.294574202145339296e-03
4.224730703847347918e-03
3.878481641279747649e-03
3.933696839009965217e-03
4.013871341019691237e-03
4.004579712800306925e-03
4.004579712799660740e-03
4.004579712800096156e-03
4.004579712799698904e-03
4.004579712799320734e-03
4.004579712799601759e-03
4.004579712800358099e-03
4.004579712800680757e-03
4.004579712799868907e-03
4.004579712799110833e-03
4.004579712798736132e-03
4.004579712798867971e-03
4.004579712799817733e-03
4.004579712800560194e-03
4.004579712800373711e-03
4.004579712799497676e-03
4.004579712799737068e-03
4.004579712799163742e-03
4.003681639963578912e-03
4.006214638013315052e-03
4.088621797194750065e-03
3.821136112490383912e-03
3.757378476879557564e-03
4.513610885408185502e-03
-7.496863263158504848e-04
-1.466665287214343697e-03
