-9.266985818483324238e-04
-9.767017417209888398e-04
-2.599117383214802953e-03
-2.745834224106114690e-03
-3.394373862388942384e-03
-3.679978784157014477e-03
-3.248197125811304493e-03
-3.506071225172525084e-03
-3.434955236097161305e-03
-3.387378787644586189e-03
-3.449958752784212067e-03
-3.408875986264295072e-03
-3.417311091643919583e-03
-3.423689983386447519e-03
-3.413387760217824387e-03
-3.419053907601148773e-03
-3.417712566273376981e-03
-3.416695706237865907e-03
-3.418458953774301378e-03
-3.418334244524752312e-03
-3.419070013910537834e-03
-3.420673902811380718e-03
-3.422727996492864327e-03
-3.424134831966020500e-03
-3.429953838705232776e-03
-3.434456421273235707e-03
-3.439357395211283495e-03
-3.459868568283566096e-03
-3.462867998481215792e-03
-3.491803917763795437e-03
-3.545526119544692521e-03
-3.531298920360810122e-03
-3.684768226333170679e-03
-3.747031089780935784e-03
-3.745999906882948802e-03
-4.371479592064143535e-03
-4.265835456910628196e-03
-4.501621862702545607e-03
-4.384162751399888966e-03
-4.300579890777647511e-03
-4.468569588122524132e-03
-3.244469085234989898e-03
-2.936239997677262195e-03
-4.028282812467128514e-03
-3.683800853426134111e-03
-3.757531548813609727e-03
-8.136470253413782827e-03
-7.557204687435013953e-03
-1.020585751342702532e-02
-8.627604504076437364e-03
-8.980157958869555701e-03
-8.688721807527171812e-03
-8.991997128323481886e-03
-9.057184022926949643e-03
-1.163171803105723240e-02
-1.167745026013263486e-02
-1.191377891829134561e-02
-1.323645967967767428e-02
-1.283346320159349865e-02
-1.417126118035729604e-02
-1.520712283167009911e-02
-1.437797117487311926e-02
-1.804543237262060118e-02
-1.897050338980036527e-02
-1.877884662510190261e-02
-3.224799045518020324e-02
-3.265930366314048761e-02
-3.093562689714315569e-02
-2.887628024857713527e-02
-2.582738641921729361e-02
-2.096554983631170738e-02
-1.834150467970005471e-02
-1.835121217237663943e-02
-1.526616259302000442e-02
-1.510521754909447886e-02
-1.607341342519837124e-02
-1.433378312447069688e-02
-1.700174509320823840e-02
-1.811565456288182982e-02
-1.960791657759848941e-02
-2.253362956398124659e-02
-2.201414602451654684e-02
-2.244454980444227782e-02
-1.940585098697503869e-02
-2.119121250300242190e-02
-2.075780048692539223e-02
-1.764230727911379748e-02
-1.477045248757239901e-02
-1.624853315619317895e-02
-1.521737409615292469e-02
-1.433388823884923155e-02
-1.369194985032897924e-02
-1.480601099698748355e-02
-1.358239365260706724e-02
-1.393722948891395509e-02
-1.516264745678813294e-02
-1.496434172551070960e-02
-1.647300535461705684e-02
-1.802569075005319363e-02
-1.952205656058011995e-02
-2.088024581186789103e-02
-2.130832347327327181e-02
-2.071976038030539508e-02
-2.056936797948435633e-02
-1.828394185847245085e-02
-1.378449684859672265e-02
-1.354670737279949078e-02
-1.293090671599389334e-02
-1.250880400265362916e-02
-1.906314650743276551e-02
-1.943874037351011469e-02
-2.052178875022052026e-02
-2.277482148577188170e-02
-2.099232211871007725e-02
-2.308342807620002157e-02
-2.251122831797330165e-02
-2.187993964900507987e-02
-2.403821169440930813e-02
-2.259517535358473300e-02
-2.189843874645235750e-02
-2.221635524027257280e-02
-2.086434510517734889e-02
-1.989633768813099668e-02
-1.661370097537078622e-02
-1.491605722692305666e-02
-1.346918169898784351e-02
-9.232367773945624606e-03
-7.097197775117463671e-03
-6.699877066890490458e-03
-4.031028742844310238e-03
-3.911269477275569097e-03
-2.869949809220964654e-03
-2.482578813094977240e-03
5.101536279850968185e-04
8.933603882099523013e-04
1.535674435206513732e-03
2.214881020930340935e-03
2.543190167938415205e-03
1.199338639391616572e-03
2.457234303889524636e-03
8.214049732265844709e-04
-3.701118457158766341e-03
-2.461982001916377359e-03
-1.446246042395569510e-02
-1.310891611351495782e-02
-1.165712490581433808e-02
-2.255021598893005436e-02
-2.703855911731183753e-02
-3.446373437530450556e-02
-3.755092144764379802e-02
-3.780165246566135479e-02
-4.006762411054148182e-02
-4.163564941099541505e-02
-4.027725517783902615e-02
-4.427922308652763872e-02
-4.232346413902772497e-02
-3.877607226087228381e-02
-4.031877742632587053e-02
-3.215926802321045219e-02
-3.160167563598059032e-02
-3.319167729994444704e-02
-2.840484883251711765e-02
-3.089111249450670477e-02
-2.910325122472679979e-02
-2.648427204021632300e-02
-2.814595731819388713e-02
-2.604336893034293193e-02
-2.514835830613150122e-02
-2.594850224792547011e-02
-2.298736733585305531e-02
-1.981315465512165086e-02
-1.838646080947240607e-02
-1.339974753118678558e-02
-1.422251657442176812e-02
-1.491841727968866958e-02
-1.672708226125794659e-02
-1.972762293384250701e-02
-2.125638561303870577e-02
-2.386262625473760390e-02
-2.532315690747675985e-02
-2.479933910186604695e-02
-2.294550538359131642e-02
-2.033419512773160243e-02
-2.061973990796045833e-02
-1.981808307094277966e-02
-1.637724410235080058e-02
-1.394226848967585267e-02
-1.030778407840862373e-02
-1.167875677950036203e-02
-1.325470167790135725e-02
-1.361675657550852694e-02
-1.510428509134686091e-02
-1.846203172906871887e-02
-2.035345535805923450e-02
-2.442924052033924875e-02
-3.113853608006404011e-02
-3.329749159139372416e-02
-3.502381660748105086e-02
-3.424402157476452019e-02
-3.435010790455499119e-02
-3.088946400893956279e-02
-2.687360411513593089e-02
-2.566380884013143987e-02
-2.015176084994837330e-02
-1.746776287594056440e-02
-1.687847794870861451e-02
-1.447313994278340461e-02
-1.704356544956675545e-02
-1.814096630189399734e-02
-1.995837023356877848e-02
-2.149574336813775410e-02
-1.983967592754116993e-02
-1.922590048830916803e-02
-1.884046710495848598e-02
-1.645641911269163024e-02
-1.526204209369921155e-02
-1.503310477456822232e-02
-1.292329253340114038e-02
-1.328217817017552510e-02
-1.401266362310273246e-02
-1.406595122718634627e-02
-1.277681160747342302e-02
-1.250127694948257109e-02
-1.134815483103627023e-02
-1.047522424698956942e-02
-1.077706232057264527e-02
-1.042425570897058569e-02
-1.053535984434550953e-02
-1.035746977225829833e-02
-4.943733013976809795e-03
-4.954255883647193034e-03
-3.323331469728625469e-03
-1.133919094034114639e-03
-4.040509474292674000e-03
-1.269072900834541072e-03
-3.382653288244632378e-03
-4.708750335470076459e-03
-2.647213823189821687e-03
-1.124728447039482181e-02
-1.034162949517996449e-02
-3.037679480351889501e-03
-8.437315932848826749e-03
-6.677842127007761752e-03
-8.294216508835761809e-03
-1.467938728773461078e-02
-1.319368860155886378e-02
-1.706562154323130673e-02
-2.094015401844585497e-02
-2.072349293810671345e-02
-1.807009147968741819e-02
-1.637827337428275978e-02
-1.395640347178079242e-02
-1.294060297078090775e-02
-1.506658705414676280e-02
-1.360292455186898342e-02
-1.484616598173884271e-02
-1.314489018973540035e-02
-1.172814697799129044e-02
-1.233730808243027263e-02
-5.344537939381738961e-03
-4.082507842002565737e-03
-4.915936009971394460e-03
-2.655936149438530361e-03
-4.435295811741638873e-03
-7.667323432899914894e-03
-8.445889398174474122e-03
-6.390213860394641440e-03
-7.171082419130106987e-03
-7.128435175015524448e-03
-9.181621843708694108e-03
-1.021812510175693772e-02
-1.011087507338035568e-02
-1.071048225926629106e-02
-1.109199239985428527e-02
-1.036487588285553950e-02
-1.058243980497028391e-02
-1.071433477959562314e-02
-7.526100154869551188e-03
-8.133104360158859708e-03
-7.173001357370763220e-03
-6.927621152266381054e-03
-9.133983619190395170e-03
-1.000979474650924399e-02
-1.560670809883986203e-02
-2.264159820053458783e-02
-2.526564941784245968e-02
-3.682686784023865567e-02
-3.724271173011206582e-02
-3.846700540665668605e-02
-4.163811572639918024e-02
-3.904996737202309776e-02
-4.048477163860500494e-02
-3.721668617934993650e-02
-3.469695710975824465e-02
-3.487492466359654042e-02
-3.241770821274287534e-02
-2.726396409074262339e-02
-2.563694555172569764e-02
-3.047303719670362010e-02
-3.246922871526561338e-02
-3.587285637293727292e-02
-4.215181886140665496e-02
-4.148753782125724071e-02
-3.911970432946481474e-02
-4.056300927454688232e-02
-3.191276377890726879e-02
-3.015243172503092456e-02
-3.308386464414639350e-02
-2.781837073029445190e-02
-2.597965892890870959e-02
-2.648211767119508855e-02
-2.167093894647118685e-02
-1.998521685299627787e-02
-1.861513808476255791e-02
-1.099394051625090726e-02
-1.140534802844618209e-02
-9.630406961944107044e-03
-8.960847363126385814e-03
-9.296013696841650895e-03
-9.116574101679243702e-03
-1.152821083297936831e-02
-1.110231235117534361e-02
-1.152579585219922972e-02
-1.277323259212387492e-02
-9.726864742566072863e-03
-1.181825984148426358e-02
-1.135905960303115400e-02
-9.693859029643470820e-03
-2.018182145593498678e-02
-1.987717062888067626e-02
-1.668107817127248427e-02
-1.886702937238956407e-02
-1.913386076938668537e-02
-1.959638001101471350e-02
-2.023277220342292737e-02
-2.105164146315877463e-02
-2.272005255285523828e-02
-2.303372393199289853e-02
-2.341402291869001256e-02
-2.467582211823314206e-02
-2.384106813486834564e-02
-1.797395567447816755e-02
-1.711331835022228756e-02
-1.534486575396809549e-02
-1.355685688687334120e-02
-1.167222688158962504e-02
-1.167063664379149393e-02
-1.186407877273341557e-02
-1.127120028603541269e-02
-1.158225864543182063e-02
-1.037251211219970479e-02
-9.724731942147589459e-03
-1.377706209254023206e-02
-1.574396991069713231e-02
-2.114332276350552181e-02
-2.197973284280922701e-02
-2.341175705437970739e-02
-2.261474035038009422e-02
-2.229722732596073342e-02
-2.338730064207715509e-02
-2.239585368950794755e-02
-2.088236201400475722e-02
-2.096569349588555536e-02
-2.083266585155798753e-02
-2.423553074373425986e-02
-2.663145991958577527e-02
-3.151124238086630558e-02
-2.661974986234150534e-02
-3.093338037295843834e-02
-2.944029859719757281e-02
-1.494490878633517733e-02
-1.552539135995565853e-02
-1.723760164793637986e-02
-1.712210176709499931e-02
-2.383438451837668198e-02
-2.555831967216954520e-02
-2.863081738114036517e-02
-3.194377082711423455e-02
-3.542502580401356294e-02
-3.808088247422540540e-02
-3.886786517745154101e-02
-4.110168989759784008e-02
-4.245655087178708958e-02
-4.327849935854057029e-02
-4.576227995098730572e-02
-4.680467933076701281e-02
-4.850028373365324053e-02
-5.211103817686474349e-02
-5.238539407930782599e-02
-5.602298116214882162e-02
-5.641121057045087039e-02
-5.673122311688207076e-02
-5.860057976629427789e-02
-5.788368382979242055e-02
-5.864279915795803100e-02
-5.935166382941037960e-02
-5.817754469740682444e-02
-5.926824128140184555e-02
-5.839270088144998816e-02
-5.648096390627060231e-02
-5.627707428145301699e-02
-5.439100190197777851e-02
-5.356831028265899436e-02
-5.310353328601252060e-02
-5.095343948450893612e-02
-5.160164399545486696e-02
-5.040600511166923314e-02
-5.079866540450862777e-02
-4.948423718414227124e-02
-4.767841522339692772e-02
-4.812974836116552801e-02
-4.487122680965598132e-02
-4.332927240916717437e-02
-4.238175894219008144e-02
-3.489414699357948346e-02
-3.335205599071024152e-02
-2.509931731937124419e-02
-1.695047805479505190e-02
-1.161984838695095078e-02
-1.134354349224443899e-02
-1.119899565228681809e-02
-1.189358756082792117e-02
-1.202212979518637107e-02
-1.238642103282992096e-02
-1.223326028929429786e-02
-1.281701309204941186e-02
-1.285355313094391390e-02
-1.168096772072074047e-02
-1.145165429870915498e-02
-1.081930138261728500e-02
-1.037528815188128520e-02
-1.015507079002374129e-02
-9.843291463905041658e-03
-9.390988395881368772e-03
-9.334911974480275543e-03
-8.901582344017690968e-03
-8.940044947888640264e-03
-8.886684862934092835e-03
-8.779557643627686203e-03
-8.790893456846476592e-03
-8.738842493452740612e-03
-8.709806847385110490e-03
-8.689161259939303522e-03
-8.653667645337677697e-03
-8.621494982732466963e-03
-8.569915957142642052e-03
-8.527450428719756531e-03
-8.434322441202216428e-03
-8.330591394746532374e-03
-8.237658632896556476e-03
-7.949278741066073684e-03
-7.799064952736520402e-03
-7.455133637419531292e-03
-6.697320204768460530e-03
-6.637746600071563544e-03
-5.111341334111294335e-03
-3.825528607024061140e-03
-3.833903271445220518e-03
2.043103238482070570e-03
1.925277427397915648e-03
2.336000488016712947e-03
4.041060722392555461e-03
2.736431981198994990e-03
2.880801171361175791e-03
2.872811760451658963e-03
-9.133952501205854901e-04
-9.111467536179457651e-04
-1.436697350132520000e-03
-2.228259151790559951e-03
-2.576559129824879113e-03
-2.876530601262006735e-03
-2.671651308116461312e-03
-2.545016656734013297e-03
-2.362493852607603240e-03
-2.265425099128064862e-03
-2.164298976648841924e-03
-1.987316441728739780e-03
-1.976341122520525358e-03
-1.715674433570198989e-03
-1.727439353512758230e-03
-1.682246935027256231e-03
-1.624846678875096215e-03
-1.628871035125698842e-03
-1.603365409042934765e-03
-1.593486227942789287e-03
-1.590787591537243641e-03
-1.582250306274808139e-03
-1.580576463837019777e-03
-1.578290701686470635e-03
-1.576076544286768039e-03
-1.575544500685677283e-03
-1.574586209533353990e-03
-1.574143892700957930e-03
-1.573876209149281755e-03
-1.573802451171943569e-03
-1.573803503542115694e-03
-1.573756712948040822e-03
-1.574687107721418986e-03
-1.574380653072939267e-03
-1.575529206412562815e-03
-1.578175198645054202e-03
-1.575827576006331955e-03
-1.583975109959500542e-03
-1.585643265367305682e-03
-1.581199069918625723e-03
-1.616255334203715519e-03
-1.590849250087531495e-03
-1.619066389011542114e-03
-1.708921849915711992e-03
-1.561611309907617005e-03
-1.856567860584754006e-03
-1.926330195726079844e-03
