-3.617791315954921316e-02
-3.782118362686503338e-02
-6.968737519606536812e-02
-7.195679107413510689e-02
-7.580435331430061818e-02
-8.254282260491033196e-02
-7.939771110309434832e-02
-8.256829022794763551e-02
-8.324602511680252726e-02
-8.284789155475730249e-02
-8.405449629120541333e-02
-8.389560807627083339e-02
-8.386909396117626925e-02
-8.415707699712313139e-02
-8.382545406859730208e-02
-8.333584367011311056e-02
-8.360413270578123668e-02
-8.214084785842194758e-02
-8.147348952194975735e-02
-8.178635817863423585e-02
-7.626948447645624796e-02
-7.631915605426087268e-02
-7.457865442193613303e-02
-7.319626066387409369e-02
-7.347656299466123753e-02
-7.410639222297359108e-02
-7.334708971650898135e-02
-7.632168419380475077e-02
-7.840273166405009597e-02
-7.746183349124935447e-02
-8.970366630644599493e-02
-8.989961771328117135e-02
-9.367468627816158411e-02
-9.859135684134467947e-02
-9.909090505542986205e-02
-1.065524559628554940e-01
-1.080430925017432375e-01
-1.115346539284683969e-01
-1.150355122623523824e-01
-1.159659288869890476e-01
-1.204803015709671188e-01
-1.208848227251238805e-01
-1.210019885376508592e-01
-1.239222887542524160e-01
-1.207415952732132092e-01
-1.251443661586711109e-01
-1.237490536606628416e-01
-1.170895173419938540e-01
-1.183638946764123123e-01
-1.068491817166814378e-01
-1.103560191905065407e-01
-1.068437628302653097e-01
-1.012391432959707516e-01
-1.294147927754053795e-01
-1.221527154606996679e-01
-1.170379914457828074e-01
-1.252208865265269366e-01
-1.062902020122454411e-01
-1.039572358557852433e-01
-1.016872998611642875e-01
-8.675533448881862786e-02
-8.832842260096802900e-02
-1.018684536407457458e-01
-9.521047347915045922e-02
-9.742681587283456845e-02
-8.112536791760782684e-02
-6.474752401927361123e-02
-3.395250595402364568e-02
1.218145316037177843e-02
4.028402027980641092e-02
6.845867728698099008e-02
1.024292764933105865e-01
1.165756612974638562e-01
1.460420152493847601e-01
1.592568222625949936e-01
1.734327199832546573e-01
1.900686891887369556e-01
1.859990870704520682e-01
1.986788202044069140e-01
1.941540928177030167e-01
1.858759025213984895e-01
1.809332695823867299e-01
1.552143048529892877e-01
1.344054757088651020e-01
1.062608855820096343e-01
6.856842297889201299e-02
3.407804077707323603e-02
-1.010347465454117070e-03
-1.259557949585248492e-02
-4.012728467032555119e-02
-5.082030937832077849e-02
-5.228625791252831945e-02
-6.040111310482831897e-02
-6.513885163370819464e-02
-6.980712555271385844e-02
-7.615881569278071250e-02
-7.788427634790463794e-02
-8.279934219081128144e-02
-8.681379694558935545e-02
-9.387158206905468760e-02
-1.197554851963416184e-01
-1.237466352328521479e-01
-1.476600652229761168e-01
-1.638573371246853649e-01
-1.714893425965936247e-01
-1.884968128909417506e-01
-1.954596574680103616e-01
-1.920558336582153247e-01
-1.967132177214601374e-01
-1.857294103671829344e-01
-1.803748702115970104e-01
-1.781594130682864208e-01
-1.616424019564277614e-01
-1.654107613379883213e-01
-1.643539775139975234e-01
-1.579315090611661809e-01
-1.867248026873856714e-01
-1.856448260740919121e-01
-2.067696528971620096e-01
-1.984697284368561743e-01
-1.789704491046731905e-01
-1.752935238585760502e-01
-2.037563797568518742e-01
-2.072864730033991965e-01
-2.236940189514578514e-01
-2.431074634252259614e-01
-2.409882873466737963e-01
-2.496046858379304123e-01
-2.574573845699683061e-01
-2.563403914837169562e-01
-2.526657175048445114e-01
-2.434984494048917647e-01
-2.473790642906826820e-01
-2.375595671275851362e-01
-2.391630637221699995e-01
-2.335196558105533948e-01
-2.297071918146003366e-01
-2.271765944315488339e-01
-2.188388857551160360e-01
-2.181871239975170518e-01
-2.069016342039185774e-01
-1.988326373487096510e-01
-1.982504775064766189e-01
-1.661417638674758113e-01
-1.615071230572915628e-01
-1.538367020798595275e-01
-1.370770987163991705e-01
-1.390157246081965003e-01
-1.442054366259361564e-01
-1.493855705936266987e-01
-1.525371295069763711e-01
-1.543723011507406595e-01
-1.477492762639512902e-01
-1.449886271763395629e-01
-1.319645316414871095e-01
-1.230435208519488760e-01
-1.117854351241661659e-01
-1.057996625268052410e-01
-1.172655285192263225e-01
-1.230477927859573301e-01
-1.336498663928294972e-01
-1.300244272712633431e-01
-1.268801528662859279e-01
-1.233883977464350912e-01
-1.286769763584839354e-01
-1.356424094324880369e-01
-1.363657512308591446e-01
-1.476574723095607500e-01
-1.472254227354445610e-01
-1.493528319879670052e-01
-1.524916393953615890e-01
-1.321675422575206427e-01
-1.283644294568873634e-01
-1.058971763062376281e-01
-7.601982591995726235e-02
-5.509731049102206679e-02
-4.568766591983025593e-02
-3.963678487099666498e-02
-5.092187069869701793e-02
-6.009020126565042808e-02
-7.052879386202290379e-02
-7.816582963088650193e-02
-7.460252757909555110e-02
-7.934065806811832489e-02
-7.828612914176694138e-02
-7.450650040292960963e-02
-7.361586755481307198e-02
-6.401847080066067064e-02
-6.218478739843540798e-02
-5.307842262613847450e-02
-4.733837837252422021e-02
-4.388074457815777790e-02
-1.686266335936080843e-02
-1.210174694196773648e-02
-1.705126273833800984e-02
-1.009472944515596958e-02
-1.255370276995235179e-02
-1.475885809938588117e-02
-1.715085097494582420e-02
-2.507626671679916153e-02
-3.335896527574373077e-02
-7.027142712071317299e-02
-6.924482024857434026e-02
-8.802023394235426734e-02
-9.373658774836830798e-02
-8.658416376286785787e-02
-9.996393305013152875e-02
-8.832255835481608863e-02
-8.720261867860400196e-02
-9.748928620899161013e-02
-8.732914282483672519e-02
-1.002263632624767753e-01
-1.059084398954397016e-01
-1.152896734442232091e-01
-1.288898869331011054e-01
-1.279372500166391646e-01
-1.358240505195926207e-01
-1.493670033316372991e-01
-1.525412203834005664e-01
-1.501480332534894380e-01
-1.502121988189216439e-01
-1.732272652238859845e-01
-1.751644546560766624e-01
-1.741121614469875734e-01
-1.867669908737815965e-01
-1.711776817928677974e-01
-1.607154534008181646e-01
-1.365371680697209933e-01
-1.132854907932508426e-01
-9.356623638058977899e-02
-4.503161055888644376e-02
-2.941786035339865116e-02
2.341678615442023895e-02
6.580598451706759500e-02
1.071283517491395942e-01
1.671641648941239733e-01
1.819186435541150781e-01
2.339036220437724911e-01
2.339722284690637366e-01
2.370603512918416644e-01
2.778506778497146223e-01
2.664922581066130891e-01
3.172810856074987362e-01
3.355007613771299191e-01
3.265871849605858079e-01
3.698974804716186893e-01
3.514590660750563922e-01
3.568761173823958299e-01
3.732509489275700476e-01
3.331542035550346670e-01
3.433831444538694710e-01
3.098160749007606851e-01
2.621194974315089188e-01
2.548425457975182495e-01
1.676486657054923612e-01
1.387276289208290714e-01
1.025907509917434318e-01
3.501896392842557965e-02
2.913084193711151793e-02
-1.484882051227482628e-03
-8.464257476489328233e-03
-1.270720031728463269e-02
-2.710233322001966150e-02
-2.626609964013298937e-02
-3.153588440717527280e-02
-4.857593226896557426e-02
-5.168351613100614222e-02
-6.186978518329788734e-02
-6.818057693909494732e-02
-7.007054520464682523e-02
-7.482616066890651618e-02
-7.803056765374165316e-02
-7.525993482099405107e-02
-8.099614779778993578e-02
-7.777981663568288295e-02
-7.408040231780227414e-02
-7.123037518112622368e-02
-6.392115889547021756e-02
-6.635915996161013963e-02
-5.211282351464942980e-02
-4.864658333620169861e-02
-4.163638971520282339e-02
-1.541933156956482726e-02
-3.127822003603050044e-02
-1.621159079129419131e-02
-9.228575206190052158e-03
1.623771226101471815e-02
4.035044247706413845e-02
3.636603644755093123e-02
3.708907086443348489e-02
2.005754825416889223e-02
2.300606348745088976e-03
-1.675331270099007785e-02
-2.900844889763624576e-02
-2.917489870499523352e-02
-3.051254646999990508e-02
-3.010045402764049971e-02
-3.186147754109737440e-02
-2.655957262446896616e-02
-2.436427270909377260e-02
-2.855118012870406022e-02
-1.751357366701575399e-03
-2.261350904392105815e-02
-2.120918092422565543e-02
2.001304564942278305e-02
5.770140438837807056e-02
9.683439490106204861e-02
1.215448489698049556e-01
1.458168378173379798e-01
1.635502146242083510e-01
1.722142381234446906e-01
1.815879597703148329e-01
1.807385691799424376e-01
1.825105910840369161e-01
1.818012868948886140e-01
1.732916054361387237e-01
1.733642250502672733e-01
1.614129671277204359e-01
1.520205287749867851e-01
1.461754226118537336e-01
1.236018018290171161e-01
1.161670071484458971e-01
9.390820547535987106e-02
6.398653349005181679e-02
4.581512253433799031e-02
8.279172948717881605e-03
-1.527327491119590680e-02
-4.101120199479403594e-02
-8.041204091427768541e-02
-8.998658080518577573e-02
-1.211586640050412444e-01
-1.247787786117120074e-01
-1.377325392195205001e-01
-1.583287757406313112e-01
-1.569624090228458058e-01
-1.820012454849121442e-01
-1.799722844311076597e-01
-1.781837367587225662e-01
-1.864564473686887158e-01
-1.615446327204387300e-01
-1.570894425197981725e-01
-1.458293655863216187e-01
-1.316608449217710475e-01
-1.303276390898241155e-01
-1.289102505336438276e-01
-1.222840317286543743e-01
-1.136914306836950272e-01
-1.041261593220265680e-01
-9.427603378424513625e-02
-7.627934139653118339e-02
-7.675530283889692162e-02
-8.255327442242138547e-02
-6.304682988053693371e-02
-6.497174871410749120e-02
-4.167525764196532145e-02
6.525467973817308115e-03
2.883696435607262243e-02
1.012169633395827856e-01
1.107951756456344722e-01
1.310098331463886989e-01
1.479811221862486759e-01
1.094503895036312152e-01
1.006207987961111328e-01
8.703943169448948025e-02
5.591699136449417712e-02
6.633436314272879442e-02
6.442800437370398148e-02
6.586520538282704396e-02
6.974056779260157102e-02
6.256612569940799007e-02
6.239139641073361553e-02
5.661434269287279192e-02
4.981704126382289349e-02
4.668605603855595365e-02
3.571297794275547777e-02
2.755175301698203558e-02
1.963337829260647371e-02
3.691858544883955349e-03
-3.561077736119536586e-03
-1.273282188979398509e-02
-2.308770288555387490e-02
-2.819955776957790844e-02
-3.681918219885969151e-02
-4.285397720823275192e-02
-4.780081871556174367e-02
-5.405190813806441674e-02
-5.805693620233498553e-02
-6.223387625117670491e-02
-6.627324030006315203e-02
-6.933986462386464156e-02
-7.185496368158969527e-02
-7.492213066573889801e-02
-7.645125347751598188e-02
-7.772176048718129615e-02
-8.023221714534856108e-02
-7.913556724956923027e-02
-8.058205358523995443e-02
-8.048281566277200316e-02
-7.628385795071501718e-02
-7.637352770488838039e-02
-7.029828129718156127e-02
-6.814217253073709402e-02
-6.759944589547874083e-02
-6.242864240600759507e-02
-6.358312454537842773e-02
-6.039105835043529630e-02
-5.136079607036830863e-02
-5.239563932922430139e-02
-4.934053472396751627e-02
-4.512106302194799495e-02
-4.965936798342066721e-02
-4.639191240397339683e-02
-4.332987595095066230e-02
-4.201973600363143047e-02
-3.986825401778763822e-02
-3.887608818822226725e-02
-3.833461984885506990e-02
-3.758642016525936408e-02
-3.733082648834507716e-02
-3.775522951450775017e-02
-3.713322762311173364e-02
-3.809853503471976460e-02
-3.927215455399280658e-02
-3.795297245012695109e-02
-4.306236264134676028e-02
-4.227195114032963191e-02
-4.349459041263185888e-02
-6.024645355080376213e-02
-6.329901211521483939e-02
-7.345716213386535576e-02
-8.047645095637753765e-02
-8.500179876720097283e-02
-9.205400621590019428e-02
-9.754513397063351021e-02
-1.036491196111105212e-01
-1.112030579666801466e-01
-1.198241366861895335e-01
-1.293548628053187710e-01
-1.432548395153544485e-01
-1.599450754773248384e-01
-1.714479556327535847e-01
-1.716939969421631129e-01
-1.807881214704598616e-01
-1.828331578553320513e-01
-1.847698508894094760e-01
-1.880934245452278719e-01
-1.871817009406133436e-01
-1.885008279342354209e-01
-1.874432852342930445e-01
-1.846039115500119343e-01
-1.851560550039094977e-01
-1.777717136931089015e-01
-1.752609600947413193e-01
-1.724019348949061836e-01
-1.522690129778903334e-01
-1.464773621853955599e-01
-1.339330186454335825e-01
-1.193317503119020462e-01
-1.117724076951754492e-01
-9.882522275496984088e-02
-7.957558261195665783e-02
-7.599923995037269342e-02
-5.129024619739301627e-02
-4.962431151815999836e-02
-4.852060911149308486e-02
-4.010192833750137603e-02
-4.235505295078872967e-02
-4.068045487289363715e-02
-3.912893455939673443e-02
-4.299085175310952273e-02
-4.362855470932438390e-02
-4.563189883847050543e-02
-5.484999271556007666e-02
-5.456909748554037570e-02
-6.315237659463714126e-02
-6.486407069453434260e-02
-6.376416474422141878e-02
-7.203517115337036703e-02
-7.110144799415851757e-02
-7.252477324141072546e-02
-7.462208865844799366e-02
-7.427130220823989493e-02
-7.535348586459096609e-02
-7.572820418690678901e-02
-7.582185429134147281e-02
-7.625048715284488132e-02
-7.630265870312552545e-02
-7.643051205068432385e-02
-7.654382838431560143e-02
-7.654882196058819532e-02
-7.661292695852009449e-02
-7.658363742004220542e-02
-7.657641931987466122e-02
-7.656370347265537002e-02
-7.638918988446409541e-02
-7.643853823262806990e-02
-7.617848108599876988e-02
-7.585182263707568318e-02
-7.607682894048345412e-02
-7.487372224667050713e-02
-7.496522853585584067e-02
-7.484258928142382972e-02
-7.129241213349882256e-02
-7.434993495743444369e-02
-6.924596740420610463e-02
-6.338546413225933096e-02
-6.685080196145268272e-02
