-3.644317703138565817e-02
-3.771155752573593367e-02
-6.563018350691808556e-02
-6.816396092215133706e-02
-7.034509701276661642e-02
-7.505657138145449547e-02
-7.195952393303392536e-02
-7.378902511251307639e-02
-7.399793282925551385e-02
-7.346884038603551659e-02
-7.408843216387141217e-02
-7.389185864051606156e-02
-7.378211399867402875e-02
-7.391049180778633265e-02
-7.366242433234619635e-02
-7.330729390231777165e-02
-7.350729134289349376e-02
-7.239848521399921966e-02
-7.195446971731975228e-02
-7.221461505338030995e-02
-6.742604597261162014e-02
-6.745195401227421783e-02
-6.580894740075030058e-02
-6.468813141636606256e-02
-6.468465748923903080e-02
-6.457961543849138897e-02
-6.402188630072098985e-02
-6.523430325118598216e-02
-6.592210858269437201e-02
-6.507035564482194223e-02
-7.141837379520483975e-02
-7.123408622708146676e-02
-7.254702850848433748e-02
-7.423918413101542046e-02
-7.456275891342314943e-02
-7.710764922752902373e-02
-7.752757224814006698e-02
-7.935298499424461860e-02
-8.109974783404211296e-02
-8.138801615954815993e-02
-8.661007188522898415e-02
-8.648911631348690787e-02
-8.666441622617832019e-02
-8.902421136341553964e-02
-8.660933221297102691e-02
-8.971000811545531972e-02
-8.925250897213499179e-02
-8.253071621188587392e-02
-8.279990303551132413e-02
-7.461598264172020212e-02
-7.687629923200572923e-02
-7.373012972825687683e-02
-7.151737525805389184e-02
-9.644810527235747610e-02
-9.262433861521771061e-02
-9.004046673018269165e-02
-9.664159755488757608e-02
-8.521309989249373218e-02
-8.361805084477209882e-02
-8.272572550515090717e-02
-7.101142803477758503e-02
-7.431853817718039878e-02
-8.781410247754872778e-02
-8.758415028005187009e-02
-9.429833026816153430e-02
-8.781474927000569586e-02
-8.765335734523779787e-02
-7.160578572884472581e-02
-4.629191779056769651e-02
-3.184795920339982683e-02
-1.807055894207474506e-02
7.137660588888965901e-04
6.016868341051133384e-03
2.095471272285047426e-02
2.774770708115179355e-02
3.486934648914896684e-02
4.717105575122211569e-02
3.888724417431036612e-02
4.701462238306437780e-02
4.241162681953168645e-02
2.928319883345384400e-02
2.620887721216258806e-02
4.767449676190343294e-03
-1.308520995012817795e-02
-3.079046743283895063e-02
-5.364590378798119591e-02
-7.280581132130581334e-02
-8.774255588370166725e-02
-7.578765001864504192e-02
-8.328599146196014047e-02
-8.024977418442846844e-02
-6.645805982471178486e-02
-6.856249402364036905e-02
-6.822531774927492743e-02
-6.819539452819298186e-02
-6.964099806256338066e-02
-6.747692428339596704e-02
-6.742951904404742569e-02
-6.245914305313077231e-02
-6.563020283625696505e-02
-7.973578268920478163e-02
-7.899975941834257165e-02
-9.347386417378528156e-02
-1.004091335990939665e-01
-1.043952001452499723e-01
-1.143774895005015280e-01
-1.169640600720888990e-01
-1.179326009491966920e-01
-1.178696403553476518e-01
-1.082568389506865236e-01
-1.038221090800831026e-01
-9.646243940873072686e-02
-8.207930792444370627e-02
-8.219245704587489765e-02
-7.701676883596493550e-02
-7.013071840464511764e-02
-9.189717821476259263e-02
-8.907619503005489991e-02
-1.058066995616122052e-01
-9.297912218279121011e-02
-7.139255149223565355e-02
-6.322865970016451620e-02
-8.741992034762685604e-02
-8.802450775260700633e-02
-9.998449897668328090e-02
-1.181667919022994090e-01
-1.128277562684664725e-01
-1.226282245685901828e-01
-1.305864903812511135e-01
-1.300476555883426089e-01
-1.306201965059761716e-01
-1.242040534796776258e-01
-1.297768728138266048e-01
-1.267551017622523535e-01
-1.290494289789570759e-01
-1.275873573106097170e-01
-1.270680292961535174e-01
-1.265472973206405727e-01
-1.234790154105158966e-01
-1.242834531179740493e-01
-1.181242581158760269e-01
-1.148553127850268918e-01
-1.153401332666177809e-01
-9.189152569333547405e-02
-8.987406565605017550e-02
-8.400552739923375367e-02
-7.216878730484729831e-02
-7.388681872955454866e-02
-7.423543227168127867e-02
-8.287765634099891754e-02
-8.200481819183433330e-02
-9.163449137252636933e-02
-8.465398523359093930e-02
-8.198160013608955798e-02
-7.596727012132284407e-02
-6.009510283778090461e-02
-5.520222887902263842e-02
-5.019210542188409091e-02
-5.957234138103635612e-02
-7.125248277271120645e-02
-8.115279471002909140e-02
-7.916748796868378069e-02
-7.796545536679477806e-02
-7.462690683795540625e-02
-7.996899151188113786e-02
-8.647318133440647092e-02
-8.755468654250289640e-02
-9.802721785604337490e-02
-9.862784904857616053e-02
-1.009270800847551219e-01
-1.050106749309076826e-01
-8.902498383360291090e-02
-8.761547318008076901e-02
-7.150946158771133432e-02
-4.770612982000464741e-02
-3.187004382137670344e-02
-2.808957399691521320e-02
-2.619836495823685968e-02
-3.994151178943410735e-02
-5.088624214445268412e-02
-6.214945086671169044e-02
-6.986997790091881155e-02
-6.772474318329457788e-02
-7.225922145423380183e-02
-7.236449591548016480e-02
-6.973478348027747908e-02
-6.917372795084703041e-02
-6.244155572509996199e-02
-6.162862197666389014e-02
-5.563992708010011279e-02
-5.366005670085412238e-02
-5.060722535185002702e-02
-2.913353626751111897e-02
-2.471226822158508959e-02
-2.988982966209208919e-02
-2.496729934785917732e-02
-2.423864439542342333e-02
-2.758925457426931321e-02
-2.674431498436009857e-02
-3.006073964079703648e-02
-3.630573858365849366e-02
-6.052442653244882731e-02
-5.821537667241764163e-02
-7.234932795709081432e-02
-7.351310892899776128e-02
-6.824171208935540800e-02
-7.565004010211337504e-02
-6.436383981749882466e-02
-6.261368733235786466e-02
-6.729256611784546760e-02
-6.000052986401736843e-02
-6.900070108869056640e-02
-7.169947717958760625e-02
-8.260693724902377910e-02
-8.998851349231032359e-02
-8.878178117667967495e-02
-9.466133694057525527e-02
-1.009422021159381566e-01
-1.042662150301274376e-01
-9.916533894897835988e-02
-9.891470974179925046e-02
-1.222745623776332058e-01
-1.261421414952677567e-01
-1.284379614413091175e-01
-1.457205193257232190e-01
-1.388565074606152305e-01
-1.376533491469643100e-01
-1.281058957024984180e-01
-1.158089753418934942e-01
-1.135251083671362793e-01
-8.950419523563069024e-02
-8.978427665643069766e-02
-6.945540438302731656e-02
-4.830680116660350520e-02
-3.479875074215034447e-02
-6.078131293371272226e-03
-6.091554024015661747e-04
1.501288517536275222e-02
9.954135684574406950e-03
3.138888777996010765e-03
1.246201791385361489e-02
2.073865084519758636e-02
3.579645325612781925e-02
5.125428066579362091e-02
4.702747137369436142e-02
5.992554227592079147e-02
5.979106499372324746e-02
5.281994059942871772e-02
6.146927786698461876e-02
4.367443991464334263e-02
3.436274483249186773e-02
2.153402823881811479e-02
-1.120153164575636573e-02
-2.276245284194412799e-02
-5.446948969637076254e-02
-7.333211425182191434e-02
-5.974350185813886299e-02
-7.580372800501367081e-02
-7.084935702426886639e-02
-5.088087399637433728e-02
-5.226301025717399601e-02
-4.846984773606314439e-02
-4.703748734222528566e-02
-4.658128968056583774e-02
-4.456079054886844665e-02
-5.637470831979834313e-02
-5.786491904737199599e-02
-6.229646376030208849e-02
-6.600355397873444718e-02
-6.635986621842672462e-02
-6.813156506307488369e-02
-7.015263484000543170e-02
-6.765021392265122002e-02
-7.066139502361909464e-02
-6.952009268573566825e-02
-6.616283886430988914e-02
-6.476716329836804120e-02
-6.215586496187333609e-02
-6.461395518004217631e-02
-5.698535799398707358e-02
-5.570984070915892955e-02
-5.124777857636484552e-02
-3.407599027476332365e-02
-4.848923603088810264e-02
-4.194812744031194141e-02
-3.743890648978015490e-02
-1.619351628025187534e-02
1.560707768120252886e-03
-1.443675983868724505e-04
-8.919854520386214652e-04
-1.694045784163787649e-02
-3.113109869523486908e-02
-4.927830487561719874e-02
-5.787169662163530598e-02
-5.418899188163896208e-02
-5.373487988570950502e-02
-5.274087973612770486e-02
-5.286406839261343499e-02
-5.030024906553046821e-02
-5.028129725858414278e-02
-5.560358489267376580e-02
-4.168213862723803981e-02
-6.703445751680646436e-02
-7.278896515354005281e-02
-5.654648848322550714e-02
-3.382618169035337546e-02
-3.932169387426118212e-03
6.064143767641347327e-03
2.192009952765614639e-02
3.049792760219335527e-02
2.414275185720387434e-02
2.742288928372744322e-02
1.785525028019994617e-02
1.361379970241130208e-02
1.140458029096560327e-02
1.995555274114136322e-03
3.013307174452217220e-03
-3.712591116355696674e-03
-7.205994052048345956e-03
-6.766424794864155448e-03
-1.622464743717450669e-02
-1.453441181040344109e-02
-2.292895640137878471e-02
-3.378542494185927947e-02
-3.940593838891209150e-02
-4.918560514531508665e-02
-5.483362050838323787e-02
-6.414335439217508372e-02
-7.669990074966123728e-02
-7.990905567216875782e-02
-9.810090205187865786e-02
-9.697226457391616705e-02
-1.056229756573232592e-01
-1.175523404428878843e-01
-1.153077053746117409e-01
-1.354230476815095063e-01
-1.310571761546742153e-01
-1.299781540426797610e-01
-1.349363107875775347e-01
-1.119257962326571654e-01
-1.072345551284512033e-01
-9.817771567779783048e-02
-8.644802056729368467e-02
-8.671025419583501537e-02
-8.952147723559793213e-02
-8.598941432523447836e-02
-8.150526939911199864e-02
-7.813414948075521338e-02
-7.130202888841133402e-02
-6.180871495482962580e-02
-6.898551813035810887e-02
-7.740724221761502433e-02
-7.378871089547850426e-02
-8.267170076756596986e-02
-7.053836403834803925e-02
-5.167014868617596929e-02
-3.125691625485626374e-02
2.015984439855081009e-02
2.764761629979772123e-02
4.852290535670130550e-02
5.646587550235779296e-02
3.259130584970425237e-02
2.367205538909784163e-02
1.350782903215294942e-02
-9.218920754497744036e-03
7.940236507107010719e-04
5.715410781339089544e-03
9.698838217371859652e-03
1.680406074205867406e-02
1.412703438811872131e-02
1.565342062402801104e-02
1.295315958598251306e-02
8.806722806964081829e-03
7.661153275908553356e-03
-1.035583316358751473e-04
-5.828387747954836932e-03
-1.112359640154102387e-02
-2.414395516785551588e-02
-2.913787040305360759e-02
-3.570732303246277467e-02
-4.351637885155527907e-02
-4.641209041360718629e-02
-5.250256172567546731e-02
-5.636625519765886549e-02
-5.916748592929242656e-02
-6.328421259043691405e-02
-6.544360491370943000e-02
-6.776810464722235472e-02
-7.016625668616595368e-02
-7.169950775428382550e-02
-7.285913555008394216e-02
-7.469356394383580566e-02
-7.511467649309473693e-02
-7.555234516174418047e-02
-7.716124732010394560e-02
-7.551574955964893143e-02
-7.648446355236868111e-02
-7.583049098832431167e-02
-7.154617150175540674e-02
-7.113681661032830728e-02
-6.522558507769267433e-02
-6.322399755295088353e-02
-6.251002967632587892e-02
-5.820651988057620740e-02
-5.924465954318368366e-02
-5.662166526931535632e-02
-5.095036863731062377e-02
-5.163073427769909740e-02
-5.036004475355898569e-02
-4.784730029555872566e-02
-5.161743841249392950e-02
-5.009156866931261526e-02
-4.660422869426383841e-02
-4.562214047951933943e-02
-4.400307851245471163e-02
-4.299855307055729103e-02
-4.267528940689519629e-02
-4.205052079817080124e-02
-4.180505613447223212e-02
-4.197594486883662879e-02
-4.140826404204774741e-02
-4.190363572642203521e-02
-4.233933050085847416e-02
-4.106477486174896913e-02
-4.430127625402121433e-02
-4.269772048737780629e-02
-4.295438594812806682e-02
-5.541378316843001417e-02
-5.709390053056029313e-02
-6.302219887666089815e-02
-6.664525047230034083e-02
-6.851134615827014773e-02
-7.141835686860860399e-02
-7.339330615387440471e-02
-7.609660584502021818e-02
-7.836617957321130590e-02
-8.280252043790617411e-02
-8.764127463233256643e-02
-9.243724730962753211e-02
-1.058242837762426863e-01
-1.110980635131094130e-01
-1.092087219714475005e-01
-1.144486346101142443e-01
-1.143340740742098405e-01
-1.150037216088651421e-01
-1.164476255700478829e-01
-1.157998239147289693e-01
-1.166344289403760670e-01
-1.161704643396989783e-01
-1.152824501747325980e-01
-1.164106984561645575e-01
-1.126822971000412121e-01
-1.133144092677440262e-01
-1.129784404291452743e-01
-9.989536085033498547e-02
-9.746190173302843318e-02
-9.006693670852483624e-02
-8.240833513213655093e-02
-7.858035386242127884e-02
-7.200103118081002673e-02
-5.937419809237035745e-02
-5.820551546027556700e-02
-4.179333297765817912e-02
-4.265229807404483792e-02
-4.442698323955857759e-02
-4.021325145942125645e-02
-4.257400472020266696e-02
-4.249173841423937309e-02
-4.203083347546660020e-02
-4.470049050060466433e-02
-4.557966506375912136e-02
-4.691461306860725960e-02
-5.370603811856665410e-02
-5.361218275592372767e-02
-5.994846206584889675e-02
-6.079603642621085602e-02
-5.960083898467907759e-02
-6.625966471749714093e-02
-6.537812417810204280e-02
-6.624951973330719945e-02
-6.766846490867528541e-02
-6.733774280892776409e-02
-6.795643157259760592e-02
-6.815418286352901978e-02
-6.816146514829045377e-02
-6.837378912229417904e-02
-6.838618007804167509e-02
-6.843191658552340295e-02
-6.847970137413415814e-02
-6.847694554821343038e-02
-6.849925212327204194e-02
-6.848653178212185666e-02
-6.848328814460981351e-02
-6.847519876115595872e-02
-6.839926248200295378e-02
-6.842594182563876970e-02
-6.829494282328356369e-02
-6.813602182181377476e-02
-6.825978768261342644e-02
-6.756692856269268244e-02
-6.763282830187508643e-02
-6.753957810295556363e-02
-6.514743731792038695e-02
-6.723420820214945359e-02
-6.344738897031559910e-02
-5.851811869501102187e-02
-6.107238729427355572e-02
