-9.202968608288492015e-04
-3.330606262971410984e-03
-5.291717897909443274e-02
-6.306708358198050146e-02
-5.694667956095759292e-02
-5.492661449715820904e-02
-3.994009732300887738e-02
-3.739806055058903650e-02
-3.520504093333880896e-02
-3.433856086090959769e-02
-3.444128894262629692e-02
-3.443379976528162384e-02
-3.443257616680921174e-02
-3.443312089027098649e-02
-3.443308709207842933e-02
-3.443308709845221277e-02
-3.443308711581075099e-02
-3.443308711324497701e-02
-3.443308711334722161e-02
-3.443308711334964328e-02
-3.443308711334897021e-02
-3.443308711336098837e-02
-3.443308711306056896e-02
-3.443308711505794345e-02
-3.443308711716052545e-02
-3.443308319383379945e-02
-3.443314692391707954e-02
-3.443301545857367640e-02
-3.443179610598229995e-02
-3.444505353800172281e-02
-3.434731290694001404e-02
-3.403782279938961236e-02
-3.443123809155975573e-02
-3.363174823626760568e-02
-3.224664619343961536e-02
-3.788187407615781904e-02
-3.784754022365870857e-02
-4.121348715020425879e-02
-4.163276456084097354e-02
-4.080588753973014154e-02
-4.094837216052255729e-02
-4.257891996417418473e-02
-4.448419522766035306e-02
-4.537843484875858646e-02
-6.398407488308785473e-02
-6.367981670216092682e-02
-7.497921076573452193e-02
-6.808820624952506562e-02
-4.932310092209944014e-02
-4.621417828933947758e-02
-5.069645965264004545e-02
-5.393645826224937462e-02
-7.331328016545662907e-02
-5.603000733173489623e-02
-7.568391870656035469e-02
-9.301859185352830128e-02
5.825944719703218116e-02
7.020845933995623067e-02
1.261858032515706662e-01
1.742223630898292741e-01
2.195982618080067061e-01
3.135121976398895782e-01
2.724234221772186548e-01
2.195847860581155997e-01
2.029055934771921699e-01
-3.102481753242743168e-02
-5.961948107079710624e-02
-5.575828524605590947e-02
-1.008003150381300561e-01
-5.836377165265282246e-02
-5.291732552463167261e-02
-5.720384122049903403e-02
-8.759264929535559574e-02
-1.126576448881304315e-01
-9.529741220584413142e-02
-1.489448309809347226e-01
-1.459506632659557102e-01
-1.538372976943076231e-01
-1.975646995567881259e-01
-1.903259886044486038e-01
-1.216094137000734571e-01
-1.168487843152963418e-01
-8.354359523517415620e-02
-4.978062484419136513e-02
-4.358432105144388613e-02
-8.463020888446500314e-03
7.858281282390688904e-03
1.678389891482283403e-02
5.796450077558337223e-03
-2.939323211603976985e-02
-3.432380803145825693e-02
-2.727631207068446223e-02
-6.169994355727247831e-02
-6.274766151229391187e-02
-3.013046792935624232e-02
-4.336962409978905447e-02
-6.573221465888158532e-02
-6.311368846750524397e-02
-3.706125054404561109e-02
-6.576369205221298253e-02
-5.242345987489731296e-02
-8.467172080835200232e-02
-1.089487034629591650e-01
-1.734886926474471791e-01
-1.601679220817238958e-01
-9.156701534269520715e-02
-1.551688493103218353e-02
-1.610762593744044513e-02
-1.105163295530661033e-02
-5.480138564630204767e-02
-3.409760304549598608e-02
-3.018264068439829861e-02
-5.196304632191870582e-02
-6.924356635906053770e-02
-7.776990665600401476e-02
-1.023847412450016314e-01
-8.454508737808169583e-02
-9.997534646060952934e-02
-8.844025726268057996e-02
-3.490810054301696219e-02
-1.094425729414390258e-02
-8.858508250364303255e-03
1.601410388425507023e-02
9.141403654199091802e-03
3.032818378357784311e-02
4.792496933316958696e-02
4.270782698105931446e-02
8.734467638837464798e-02
7.457467696222540299e-02
6.260800375322569944e-02
2.469346597909961513e-02
-5.197266592210116054e-02
-1.317218336310197746e-01
-1.384305206050196746e-01
-1.747656905711414133e-01
-1.740027248547154071e-01
-1.828675293381904765e-01
-1.887399546788939009e-01
-1.575156985047329039e-01
-1.392183691672077561e-01
-1.531780821118564895e-01
-1.476961322874386640e-01
-1.479494122457032657e-01
-1.345747667514037016e-01
-1.219993029477544344e-01
-1.186903355054375192e-01
-1.044098542638133703e-01
-9.165065078423373368e-02
-8.889198216862313762e-02
-5.341941553725890884e-02
-5.550376177583853099e-02
-4.249216178456181880e-02
-5.309758105055510657e-02
-3.263467750750843888e-02
-3.832782788838481891e-02
-2.739360755830053812e-02
-6.542586353556040235e-02
-6.683847398811182394e-02
-4.168055594974043321e-02
-5.065669246814286791e-02
-7.094190872760955391e-02
-8.595691661763406322e-02
-7.766679023316927499e-02
-8.190343535325016189e-02
-8.535422663123209963e-02
-8.050553117232184253e-02
-1.105496911580342717e-01
-1.192337046036107961e-01
-4.622677656818034719e-02
-3.066938897073215667e-02
-4.834459588749349945e-02
-5.435755761857147261e-02
-7.441933563225759662e-02
-7.318409752584791039e-02
-7.739769275794353143e-02
-6.118326068294072106e-02
-7.716179628574315608e-02
-1.334340387865510236e-01
-1.446164987828647552e-01
-1.331746282484009281e-01
-3.118668406185600567e-02
-1.915783114538078397e-02
-1.010197026743915594e-02
-4.962940997257557670e-03
-8.594964785378663222e-03
-8.468096912301640092e-03
1.791828311874155491e-02
2.051230167001422480e-02
1.795012726716711457e-02
2.041099213480155120e-02
2.296406417779984360e-02
4.497149777498312545e-02
6.438326050771930875e-02
1.089303744485109054e-01
8.112022174912705830e-02
2.744754552043802975e-02
1.964976761165420499e-02
-5.146348926644545019e-02
-5.733245188996091701e-02
-7.808053897901089113e-02
-1.211231249544661021e-01
-7.986171876551728666e-02
-4.746766072975112938e-02
-8.834278167761364098e-02
-1.282882323883401399e-01
-7.842432423346243353e-02
-5.037434064735042683e-02
-3.758781671868068053e-02
-6.217606609795118394e-02
-2.763663163532188022e-02
2.350975316391629502e-02
3.251709684825483671e-02
-1.546193313526562051e-02
-5.725814464135453585e-02
-6.482683683761897298e-02
-7.638958076407226239e-02
-7.303501843577479835e-02
-1.151303959985587738e-01
-9.844524558122703939e-02
-9.926324849037239384e-02
-1.567384336822977287e-01
-1.544525741129269270e-01
-1.647484632695228046e-01
-1.730342270627698020e-01
-9.490271551810165740e-02
-6.943725208451373421e-02
-5.016996062061427480e-02
-3.323064691806534854e-02
-4.126002534021585427e-02
-3.723830660389839536e-02
-5.866471541417305618e-02
5.481690253054242491e-03
3.120035848717495758e-03
1.335786164758832884e-02
3.714080473073867218e-03
-2.099994826730621888e-03
-1.757762142684585888e-02
-1.075227425095090679e-02
2.207211350645466724e-02
2.468439129090153894e-02
4.738932747361806336e-02
4.518248203672686758e-02
-2.620308341974414770e-02
-4.831150658809017090e-02
-4.428735886103842001e-02
-6.158778899690180164e-02
-1.171580368617004264e-01
-1.152537843507105697e-01
-7.118736757089157152e-02
-7.243212645716200215e-02
-8.049489810002231904e-02
-9.219320280047127447e-02
-9.599085336681810465e-02
-7.926272020280292208e-02
-9.627969636517025309e-02
-5.918222832664383343e-02
-6.018004037285319685e-02
-9.034676032515387423e-02
-9.707893311995066665e-02
-1.146728183332905576e-01
-1.309191864200704158e-01
-8.246526408498923433e-02
-6.563084374422514800e-02
-5.938500065190202570e-02
-2.951845934070967958e-02
-5.046695204954713271e-02
-1.339601368233464818e-01
-1.519878614112555315e-01
-6.479544128997188901e-02
-7.906899238557996059e-04
-2.490256293936000606e-02
-5.636745575575010520e-02
-3.573382664206547349e-02
-2.870509147031873390e-02
-5.415161551598119544e-02
-6.311418090975955131e-02
-1.627851597873253287e-02
-2.274573629335489150e-02
-1.542234843837184642e-02
1.181981517677473315e-04
-3.050202711394910116e-02
-3.980983913755428011e-02
-5.928415298353028468e-02
-6.612266155643370391e-02
-8.105928401069423250e-02
-8.061270021698284383e-02
-7.579638219951174982e-02
-7.006890278567932950e-02
-6.756963701204804496e-02
-6.071036379249448306e-02
-7.081754430421446922e-02
-6.603167331338012647e-02
-7.663911497785917681e-02
-5.205449349580325291e-02
-2.410373960395684537e-02
-2.872616372428058937e-02
1.092994615116259650e-04
-4.945859097689645802e-03
-4.709266744548453593e-02
-4.196301935410635953e-02
-6.262750358900046055e-02
-9.649460842419012307e-02
-7.197637428221877187e-02
-6.153905247955947233e-02
-8.401983828968132006e-02
-7.510039165284315699e-02
-9.456748063231946999e-02
-1.266298994493123553e-01
-1.415045267943028928e-01
-1.517522980341146632e-01
-1.549382505011836220e-01
-7.974774053724061063e-02
-5.507600227480172889e-02
-5.325692913466919393e-02
-4.794329126280176545e-02
-3.068965156579646705e-02
-3.784946342260797625e-02
-3.297390197420869973e-02
-6.518358227615393685e-02
-6.744382171358304090e-02
-4.215693222863332174e-02
-5.052140197739347222e-02
-7.094493408685399738e-02
-8.595716878619538703e-02
-7.766634790752524609e-02
-8.190348783435039137e-02
-8.535422662089034440e-02
-8.050553113926638138e-02
-1.105496911024913265e-01
-1.192338330664396984e-01
-4.622560456161017850e-02
-3.067048924836984769e-02
-4.835618984568053336e-02
-5.406093879828186705e-02
-7.593568751296722596e-02
-7.587330941540078311e-02
-7.019643654801119292e-02
-6.446414883157783327e-02
-4.889640573895492892e-02
-4.395206959469826619e-02
-5.104211268726693840e-02
-4.747489100991081346e-02
-6.521137420452635669e-02
-7.299821139401484194e-02
-9.783770437155278610e-02
-1.106947498020349890e-01
-9.459958867924074533e-02
-7.875954613934309234e-02
-4.652919830537865370e-02
-1.610709549011912073e-02
1.251272641754714032e-01
1.854001497186102687e-01
1.309043434074226020e-01
-2.188131575154504682e-02
-6.568013123966384703e-02
-7.159763285041485792e-02
-7.209808623604591071e-02
-7.687159953165394188e-02
-4.739661225253356119e-02
-4.569107205280430184e-02
-4.088873752824362384e-02
-6.254467812186707831e-02
-9.919190190603494051e-02
-1.118402212503373239e-01
-1.714181222922259440e-01
-1.512937146947087863e-01
-1.085233530216539316e-01
-8.072915490717459674e-02
-1.723767523540726751e-02
-2.826750064141719462e-02
-4.277574567052268989e-02
-3.566113983209743404e-02
-4.842288567048064207e-02
-5.476053496016149158e-02
-4.681208598746252475e-02
-6.911250289843573480e-02
-7.521533816234952929e-02
-9.381308967870721771e-02
-1.435865530037340743e-01
-1.533985621938920019e-01
-1.501460245458517695e-01
-1.196227121811575395e-01
-7.236506130364248057e-02
1.991285277496316133e-02
2.195633768603037425e-02
-8.032465753851292939e-03
-3.209030114867163219e-02
-3.943896113993149155e-02
-4.008366843753789766e-02
-4.086807141644797914e-02
-3.915688556589570768e-02
-4.156535391933496165e-02
-3.153191131945993347e-02
-3.037215878890250562e-02
-7.591973207331230433e-02
-9.727163317387413355e-02
-7.152426513595686042e-02
-4.707251531721847598e-02
-5.966440478617333204e-02
-6.355810368182143733e-02
-1.085380918536745787e-01
-1.308637732765780826e-01
-1.160117029539133038e-01
-3.139440167555972855e-02
-2.701524027648171886e-02
-1.999967940568841626e-03
2.190596982564499418e-02
1.586059351905803882e-02
1.131603132464004124e-01
5.765149935765474104e-02
1.386209873858886346e-02
-1.461271981662082275e-01
-1.114574365686858554e-01
-5.110805163988624972e-02
-3.927570325616797781e-02
-1.474039115978001760e-02
3.929650838421133024e-02
5.349342632281500060e-02
1.793861142072477460e-02
-4.147117753282305100e-03
9.296878364809123621e-03
6.487378987563852985e-03
3.674666510500355227e-02
2.152608651754358768e-02
4.334065942933845034e-02
5.357065810617844120e-02
4.560722273185637693e-02
2.004741200093851372e-02
3.986619176213540886e-04
7.124957402466360924e-03
3.037535806611543678e-03
-2.495245366188575051e-02
-5.844740450348624022e-02
-7.910976618142695482e-02
-1.135768416359548005e-01
-1.493765699554127080e-01
-8.023521839300656877e-02
2.984609607041486742e-02
1.097911294820956563e-01
1.556471951623663967e-02
5.912084210018201530e-02
6.337963930601187013e-02
1.452610056869860916e-02
7.089177727936553375e-03
-5.034446245802412859e-03
-2.094103265200415037e-02
-1.451529363388895932e-01
-1.229259761167372789e-01
-1.424182107106138906e-01
-1.835457871293255938e-01
-1.004118821935266054e-01
-9.391554114846933921e-02
-2.796571093073662098e-02
1.028281383247012237e-01
1.126840389906386547e-01
8.047152221568677766e-02
9.139732884870378771e-02
8.469294154129575203e-02
1.191205457235439691e-01
1.251406869572974090e-01
7.190442268568537909e-02
5.616947826033186209e-02
3.886116358497303247e-02
3.411646968944573310e-02
3.205168673740743657e-02
2.584991296219031967e-02
1.233652185449439498e-02
4.174527870980560169e-03
-6.855735696493164832e-02
-6.442543211215254195e-02
-4.715880833356862062e-02
-5.269463260643999364e-02
-5.002094510724725690e-02
-4.845147959814771060e-02
-4.853570142375045887e-02
-4.947428515568117607e-02
-5.070884183407285695e-02
-4.705434353425069771e-02
-5.606851503141923460e-02
-5.372550407144553036e-02
-1.221479375720514217e-02
-3.923354522889088355e-03
-4.977032946359481388e-03
-1.591735146491713576e-02
-1.801766525659034487e-02
-1.967662917136405593e-02
-2.110299925210163546e-02
-2.115207904179135581e-02
-2.112838942659176975e-02
-2.113233051147117569e-02
-2.113188243993781995e-02
-2.113178671788688498e-02
-2.113179908395129009e-02
-2.113179884148959353e-02
-2.113179884082733162e-02
-2.113179884147581289e-02
-2.113179884142811493e-02
-2.113179884142332710e-02
-2.113179884153657678e-02
-2.113179884083118271e-02
-2.113179883908351819e-02
-2.113180026232825207e-02
-2.113177760609005404e-02
-2.113182017170617266e-02
-2.113246792952610739e-02
-2.112654764153222217e-02
-2.115948702346390209e-02
-2.127233466095793807e-02
-2.049360351906775318e-02
-2.074520555415940160e-02
-2.060682818796546675e-02
-1.074419355929536607e-02
-1.074705697842593538e-02
