-1.404173388624632571e-03
-1.649567637705739130e-03
-6.789191114365176159e-03
-6.921622326009353732e-03
-7.853780016558082472e-03
-8.726441372837142815e-03
-7.902814266233789547e-03
-8.402225483877295148e-03
-8.356439476829756463e-03
-8.251855927790058970e-03
-8.395485299846088337e-03
-8.334223041359594547e-03
-8.348833951266768430e-03
-8.371503206775866152e-03
-8.354149836272353399e-03
-8.366253492520854540e-03
-8.366407685317430593e-03
-8.364391460097486686e-03
-8.368065911444977703e-03
-8.367129467288975803e-03
-8.367507688955833078e-03
-8.368360982662213787e-03
-8.368345864877797108e-03
-8.368246232284437536e-03
-8.369509023439740403e-03
-8.369288020154439650e-03
-8.368764014592152897e-03
-8.373594311539266435e-03
-8.368469179657988047e-03
-8.373575438976640917e-03
-8.383861177164827344e-03
-8.359745087562136384e-03
-8.405162287994132758e-03
-8.390411610224086936e-03
-8.348366005567153803e-03
-8.589944629287499245e-03
-8.783428947577614707e-03
-9.011921288315356826e-03
-9.443772419572133564e-03
-9.872384193189141441e-03
-9.826928542807193689e-03
-1.173267404888400818e-02
-1.206544654321078242e-02
-1.228991661144959897e-02
-1.435399482585108556e-02
-1.380503329444871148e-02
-1.378675612417001178e-02
-1.349590114345585769e-02
-1.108452968481097277e-02
-1.113629198191621456e-02
-1.023591017039948182e-02
-8.801229787635219889e-03
-1.056710725172086557e-02
-7.145107419189312969e-03
-5.907987278243671120e-03
-7.090972616847452531e-03
8.870403551139934700e-03
9.439428462827787955e-03
1.744614522048335004e-02
2.412346946584126295e-02
2.460569105165983511e-02
3.081594708082253248e-02
2.503450504404459293e-02
1.746064057046848791e-02
1.495574591817006894e-02
-8.936734747528742029e-03
-1.640880659042648002e-02
-2.019937417311382793e-02
-3.131024088100640979e-02
-3.009866562868413614e-02
-3.903442516084179581e-02
-4.321089590172057932e-02
-4.485875115674804736e-02
-5.401931507961979517e-02
-5.371270327081915930e-02
-5.980516372297579875e-02
-6.411591727206958358e-02
-6.281658195255127031e-02
-7.109690806284010844e-02
-6.913049131080746534e-02
-5.925736579301645046e-02
-6.042408602844567822e-02
-4.639965109571717039e-02
-3.954978890522659746e-02
-3.284420105926841305e-02
-1.960813735410267544e-02
-1.721850331469711171e-02
-8.951971499475555941e-03
-8.532615829532868082e-03
-1.086609402647262072e-02
-8.998863514214479331e-03
-9.921988155472781859e-03
-1.190648275885245778e-02
-1.226597888922937099e-02
-1.456158499009783253e-02
-1.533746190133658364e-02
-1.945147617044165611e-02
-2.064692528020373175e-02
-2.008799763891121887e-02
-2.324049753342008473e-02
-2.257802008993265580e-02
-2.693535671458181791e-02
-2.934471620573835329e-02
-3.355196519915068509e-02
-3.573607145211950969e-02
-3.054847868017786586e-02
-2.494937529371226217e-02
-2.764548058843249723e-02
-2.496564782069853397e-02
-3.001806572051802721e-02
-2.930989148565659591e-02
-2.729675879127181626e-02
-3.155505890037214184e-02
-3.214782227504018458e-02
-3.183766237122945264e-02
-3.418411442926583971e-02
-3.049476316050717117e-02
-3.139407635591413837e-02
-2.966757339265344018e-02
-2.324884909453129797e-02
-2.030564033799444473e-02
-1.592222658109665803e-02
-9.590049405028824511e-03
-9.193396353318037534e-03
-4.313046507750711335e-03
-1.352408447846766655e-03
-3.866118998616472485e-03
-1.705106025674692476e-03
-6.071401580835782824e-03
-1.306073132605698427e-02
-1.810153736076705253e-02
-2.690748321507880486e-02
-3.726884966191193471e-02
-3.967143270729758114e-02
-4.689787854946037698e-02
-4.826731881257474016e-02
-4.905774689068813366e-02
-5.237346715812942616e-02
-5.128891430204927243e-02
-5.216800556563327973e-02
-5.321620334599681812e-02
-5.089766790140499986e-02
-5.160259992579591809e-02
-5.021433941292180458e-02
-4.811862184573369866e-02
-4.720938392245178916e-02
-4.326805600317800565e-02
-4.075179587698100903e-02
-3.889954118523354654e-02
-3.323543396751618001e-02
-3.196187941866179827e-02
-2.696420241833611189e-02
-2.519917657035066275e-02
-2.221238527715066469e-02
-1.772340718428237760e-02
-1.676677890201013973e-02
-1.823058748386752886e-02
-1.865748251857548765e-02
-1.861730209179292966e-02
-1.955842458237956605e-02
-2.634080019998800287e-02
-2.872377882207314756e-02
-3.007475625215214401e-02
-3.248233534993910654e-02
-3.430178810759275387e-02
-3.330750580186146725e-02
-3.608524873508555525e-02
-3.675018217446303359e-02
-3.001021437856822918e-02
-2.896295153858496896e-02
-2.707148925160689917e-02
-2.513043581792564346e-02
-2.483635635486949877e-02
-2.376920914572538610e-02
-1.887109642371243706e-02
-1.696836806656922339e-02
-1.721684634887464538e-02
-1.704936435776827075e-02
-1.769735489355175190e-02
-1.618762559176625121e-02
-1.106127328809360794e-02
-9.590845472119420567e-03
-9.388307230007220117e-03
-7.085328523911986823e-03
-5.998976288343707899e-03
-5.161439961345623204e-03
-6.345405300471425227e-04
-3.909461407669893537e-04
1.749473182594906079e-03
3.177483912312586197e-03
2.959744845750232264e-03
7.181050379331418293e-03
4.351636201126459977e-03
6.209815549305528620e-03
2.251563252979627092e-03
-4.475994489933870016e-03
-6.340249165798209421e-03
-1.597647233136872263e-02
-1.830929701767887788e-02
-1.877790680577370169e-02
-2.299788878140644754e-02
-2.253261761480752565e-02
-2.354615331201367553e-02
-2.479551135514585641e-02
-2.463361112888127341e-02
-2.393836829367571029e-02
-2.488451071427853767e-02
-2.262936764704363835e-02
-1.933089902324246212e-02
-1.723699488707098465e-02
-1.830551059538277833e-02
-1.784580562311295637e-02
-1.870699798324154672e-02
-2.054684028084571151e-02
-2.418523534048005325e-02
-2.847732648944652917e-02
-2.725622143928360316e-02
-3.235995657333431974e-02
-3.381504759448997893e-02
-3.480986250071339827e-02
-4.288204397434641768e-02
-4.179217352812457376e-02
-4.328215556790102059e-02
-4.462208905645789064e-02
-3.742886906241264106e-02
-3.581467512253939250e-02
-2.655739911236252443e-02
-2.385042810448044157e-02
-1.642982298274816774e-02
-1.330686661412738662e-02
-1.402099700409198228e-02
-7.148670560429951776e-03
-7.646838181430961820e-03
-6.668194782446590710e-03
-6.575649111123163873e-03
-6.531465534966900827e-03
-7.749862933456553096e-03
-7.762443881543918539e-03
-4.374915508766221914e-03
-7.332268063532842474e-03
-6.178737331390142008e-03
-8.756917170763196465e-03
-1.911840905507360133e-02
-2.190160906040267488e-02
-2.742112252045055681e-02
-3.014289424126050110e-02
-3.664069191648664653e-02
-3.966233936029366081e-02
-3.576684611192075536e-02
-3.938200036413026101e-02
-4.130658879468214473e-02
-4.417563428129938491e-02
-4.657496581349594017e-02
-4.472629184536314195e-02
-4.737844419801716389e-02
-4.515299021859704720e-02
-4.377974042677588301e-02
-4.636645274938373112e-02
-4.374674878368749187e-02
-4.179729591286103496e-02
-4.122772689589281059e-02
-3.338094506073246287e-02
-3.354689126694053447e-02
-3.001868383611706881e-02
-2.820048381379868657e-02
-2.688291761036523675e-02
-3.235758517323453209e-02
-3.472472329259454482e-02
-2.788476562131460973e-02
-2.546666538368323046e-02
-2.719844440759731918e-02
-2.823844752588457879e-02
-2.788011608208021755e-02
-2.621694211145468231e-02
-2.740427834802949131e-02
-2.923358501352625941e-02
-2.533704744973804684e-02
-2.700088582123111661e-02
-2.626726112056805562e-02
-2.568176317588309263e-02
-2.971337176972080676e-02
-2.966104203926462485e-02
-3.278797652269291318e-02
-3.379261060818729290e-02
-3.491018775025681031e-02
-3.645535511794151251e-02
-3.492575791925655454e-02
-3.536139855633695095e-02
-3.466050693478117672e-02
-3.325718761772210319e-02
-3.419907365532030147e-02
-3.198266140371400224e-02
-3.254509636576020937e-02
-3.102031599146703317e-02
-2.850057168305728666e-02
-2.886818110677375274e-02
-2.644086984749417085e-02
-2.710278056964517818e-02
-3.043341648881800476e-02
-3.065936311168276918e-02
-3.208773225088665249e-02
-3.476120309230304462e-02
-3.540547499877606807e-02
-3.636310186457562821e-02
-3.910438696867367392e-02
-3.894812889437217207e-02
-4.082610393299289375e-02
-4.551325731841821681e-02
-4.603395785487784941e-02
-4.597272743907046544e-02
-4.657271884904348042e-02
-3.739708530984300200e-02
-3.511549943989913242e-02
-3.019547983834908883e-02
-2.547259853799795082e-02
-2.296845000616791477e-02
-1.795140703088037720e-02
-1.730678163086770208e-02
-1.843944689903533399e-02
-1.879945420451888116e-02
-1.879670873564256300e-02
-1.960065116688617173e-02
-2.641815018354475020e-02
-2.876455093568926896e-02
-3.008958827667341379e-02
-3.248151144128565149e-02
-3.428970591523806954e-02
-3.328229703391180627e-02
-3.599129206151018001e-02
-3.672522849284309138e-02
-2.984935673623456687e-02
-2.875824009782955437e-02
-2.701975418027174197e-02
-2.457622872250708745e-02
-2.465069210427365751e-02
-2.336350314253692745e-02
-1.746715490106433635e-02
-1.730728629296235388e-02
-1.485883339492796371e-02
-1.348645398742423507e-02
-1.378122181340014907e-02
-1.378369210630540562e-02
-1.468528361685878664e-02
-1.811916341517179688e-02
-1.947129257512802275e-02
-1.986690750509948269e-02
-1.946727542686811641e-02
-1.571655804053500097e-02
-9.304844642039507979e-03
-6.351215219676039844e-03
7.895589142102362595e-03
1.122526670583192873e-02
6.675554191928200973e-03
-7.287385264907884214e-03
-1.549574637682637340e-02
-1.869867728318435479e-02
-2.451166483169375798e-02
-2.762593955643302332e-02
-2.768237717032053652e-02
-3.154913801526942896e-02
-3.204824167873805002e-02
-3.410247717598498263e-02
-3.875064107893982923e-02
-3.959049324533958636e-02
-4.551741482739977279e-02
-4.506737633007716626e-02
-4.040682336375929495e-02
-4.032914186525879408e-02
-3.665450370355750886e-02
-3.750841055468877305e-02
-3.961611057024370941e-02
-3.876006081627837718e-02
-4.064078699379495424e-02
-4.148849176867930311e-02
-4.163137722751383135e-02
-4.398300313995463784e-02
-4.445952842604860428e-02
-4.548138317646326090e-02
-4.693298145601322580e-02
-4.634399694780258483e-02
-4.180092047814128881e-02
-3.633485972888195886e-02
-2.975775683091967314e-02
-1.839221750038340375e-02
-1.735087446744429385e-02
-1.727060129433632268e-02
-1.778399112613231192e-02
-1.860759183320423449e-02
-1.843256065960666504e-02
-1.916993944272127673e-02
-1.885354657556656544e-02
-1.972390286686077562e-02
-1.995207463753278718e-02
-1.930924227344350472e-02
-2.335721197575118049e-02
-2.482660999629539983e-02
-2.108731501829456609e-02
-1.977338092812083031e-02
-1.993916270395652141e-02
-1.947377559229776164e-02
-1.971229997485706570e-02
-2.045599405716469477e-02
-1.881695058548066984e-02
-1.140960405519570071e-02
-1.169051622221045465e-02
-7.959864216965147760e-03
-4.387041874161648827e-03
-6.298578540812182353e-03
3.120935166555689408e-03
-5.163938089014957593e-03
-4.780775705598013306e-03
-1.830456385633238980e-02
-1.639320436159468278e-02
-1.314573234406506141e-02
-1.123737225510988355e-02
-6.989372196410091956e-03
-6.404455045330413772e-03
-4.409768205646534198e-03
-4.371166580326723422e-03
-4.141657613741928784e-03
-2.315656266247551054e-03
-3.498864618833402457e-03
-8.165373122697500618e-05
-1.285127805186686263e-03
-9.893586817499237362e-04
-2.221604061964789489e-03
-5.289565002025025525e-03
-5.303877011220881239e-03
-8.831149559112211334e-03
-1.262283246099304458e-02
-1.453688186295779006e-02
-1.961495648813533360e-02
-2.156989575037041029e-02
-2.456359802776273207e-02
-2.936325483590244631e-02
-2.901284140017664978e-02
-2.146356226431258424e-02
-1.038937775513362402e-02
2.533971728602100407e-03
-6.638081659330542957e-03
2.169269212713891785e-03
1.568491605110675308e-03
-3.510398191257638710e-03
-2.200095200504561307e-03
-5.575764619268089479e-03
-6.344613036996687647e-03
-1.262998198711218732e-02
-1.238437741314861798e-02
-1.313856859698240946e-02
-1.504792640123820899e-02
-1.058356997331334065e-02
-8.620593310828691958e-03
-2.007557471854284469e-03
1.399367348915032602e-02
1.700583554986535156e-02
1.818293704874140645e-02
2.495090525045261590e-02
2.179381460661999545e-02
2.540766649201853244e-02
2.613319285905836217e-02
1.647371303048006386e-02
1.601662490413154755e-02
1.164186458985767489e-02
7.601423320789508185e-03
6.521808320339349263e-03
2.566146232107457872e-03
-1.291388832800247251e-03
-2.356114657621586825e-03
-1.021057138725467439e-02
-1.037990155244415333e-02
-1.007156082524901866e-02
-1.211791321692127880e-02
-1.156272821625898770e-02
-1.206323988646950535e-02
-1.223133031833921122e-02
-1.187766454400120998e-02
-1.227120153865151123e-02
-1.118324315388111861e-02
-1.128020976260272860e-02
-1.103365481336169955e-02
-6.933707418622408331e-03
-6.496180818631860920e-03
-5.871131340784489956e-03
-5.882032637905463407e-03
-5.996862816314289975e-03
-5.852843400550489412e-03
-5.912970662585642634e-03
-5.901702601557334317e-03
-5.878110465823505396e-03
-5.896224600523448066e-03
-5.884523295240729444e-03
-5.884209180603456289e-03
-5.886304091430756384e-03
-5.882514325303876863e-03
-5.883160349735842842e-03
-5.881935631968693984e-03
-5.881047319744859420e-03
-5.879112799977456380e-03
-5.877315380508722764e-03
-5.876058686683645685e-03
-5.867580156549880542e-03
-5.868054150396242487e-03
-5.857227912928965503e-03
-5.834921024585932106e-03
-5.847635347775182249e-03
-5.781789304288724278e-03
-5.761612901493360153e-03
-5.779562543778609188e-03
-5.507326724343660461e-03
-5.664945481210385131e-03
-5.403807255955118266e-03
-4.619358425854901314e-03
-4.803424173117927694e-03
