-1.218002820330458397e-01
6.091968875147095105e-04
7.727490863976057556e-01
7.788715983543832433e-01
9.416044133896195323e-01
9.621752775706997607e-01
9.933269718503461299e-01
1.059491112117072920e+00
1.040695555298057018e+00
1.117481508835901804e+00
1.119132265841774165e+00
1.119682741344265375e+00
1.146611070951610190e+00
1.135173459886757330e+00
1.134737602554068747e+00
1.137355572202125131e+00
1.138128439340467146e+00
1.137986591706452666e+00
1.139733395018192486e+00
1.144744134487087228e+00
1.139321704468150953e+00
1.137622326593354494e+00
1.140075703361076886e+00
1.140810798521752600e+00
1.136526249292402202e+00
1.142914406083926915e+00
1.154874751125414933e+00
1.114936096774376884e+00
1.123794697459846281e+00
1.111531183963466285e+00
1.003314947383341593e+00
1.048213681144338549e+00
9.432449989992323092e-01
8.795176534258688505e-01
9.130245199311355364e-01
6.199015194643289206e-01
6.223436999855727070e-01
3.232797445729225783e-01
1.949709548312453522e-01
2.299883060374273147e-01
2.090125563942761833e-01
2.074768296077458829e-01
2.693423642455314848e-01
2.499127116778914470e-01
2.138585204861756517e-01
3.027902122316363243e-01
1.157167872572719552e-01
2.055350661430806469e-01
3.118476703384738535e-02
4.073010596134463840e-02
-4.264424513820332802e-02
-9.381385782148882191e-02
-9.003592969181367645e-02
-1.556788679768577044e-01
-2.524067972600914367e-03
8.964645626928484379e-02
1.697449359304922800e-01
1.738814836042799350e-01
3.850955246881321847e-01
7.242132004317266558e-01
7.751196926621408689e-01
1.556723955504100809e+00
1.763367254965382491e+00
1.773777865535802967e+00
1.709739684669973947e+00
1.589351512174881131e+00
1.618247517289517656e+00
1.640231554132489222e+00
1.651934482240736912e+00
1.589518631816070782e+00
1.590041384650986434e+00
1.554736121045055430e+00
1.510308986729253400e+00
1.513021563424379323e+00
1.455757140025395691e+00
1.364455528843436349e+00
1.421375200431609365e+00
1.464609617899216287e+00
1.396970364402619236e+00
1.338803673614735734e+00
1.372118785825803711e+00
1.361005174353285163e+00
1.194328705447985639e+00
1.208352962525621077e+00
9.832999594864911819e-01
8.232933814581783194e-01
7.114292044017438421e-01
5.050553551633050198e-01
4.092201356590194905e-01
3.048501688373158602e-01
2.369482532339661773e-01
1.312785388770427997e-01
-5.339980475454512293e-02
-8.398357113447714462e-02
-3.115247884604123163e-01
-4.037029725255641965e-01
-2.246728188099601786e-01
-3.982819861670048867e-01
-1.958496958427003443e-01
1.693652898180901811e-01
7.105227491814970486e-01
7.752865997120345076e-01
1.061941659143480265e+00
1.214684087887532016e+00
1.294767095966499637e+00
1.719439709901459334e+00
1.861672030243429976e+00
1.812139497864110549e+00
2.062920313074154244e+00
1.822965074849706157e+00
2.098433979652244652e+00
1.980638513036427906e+00
2.151725010809422578e+00
2.179634394100483874e+00
2.154581591872838597e+00
2.143002314101667416e+00
2.201052126565859357e+00
2.076328372328942073e+00
2.078545684993772458e+00
1.967135273747766311e+00
1.874851909836504626e+00
2.156721862102612519e+00
1.994905018778406314e+00
1.847487016043669161e+00
1.542160291089193613e+00
1.797966524976369662e+00
1.859090706565365236e+00
1.724854773793972784e+00
1.787148513870834510e+00
1.764024255996391455e+00
1.612256102101012445e+00
1.734057321253682948e+00
1.816876666140825103e+00
1.581772620609909419e+00
1.534716168331410335e+00
1.243259423209416736e+00
1.288859427091188614e+00
9.414783514975988421e-01
4.288363736015490257e-01
2.703209482641016348e-01
-2.805478499661411829e-01
-4.535421417491929952e-01
-7.163566947880859459e-01
-1.023289330620208659e+00
-9.839492829744453939e-01
-1.378590233410134092e+00
-1.429486889836984798e+00
-1.862182051222866397e+00
-2.052621837942431249e+00
-2.184126128403468758e+00
-2.268275401260326785e+00
-2.103665194754758883e+00
-1.805871187343251805e+00
-1.010187834755907010e+00
-5.595223504626760658e-01
2.636046950145191636e-01
6.544736719570387606e-01
1.470291523552317514e+00
1.739689176927623926e+00
2.387372944492465621e+00
2.431510751978136486e+00
2.517405881780289789e+00
2.522055260587739323e+00
2.313492700131051905e+00
2.346356468185923472e+00
2.340861509909942129e+00
2.456286697135657615e+00
2.383830367524421678e+00
2.269056469623881966e+00
2.228921195225523899e+00
2.135034532288627052e+00
2.087785004494824737e+00
2.101720849393571733e+00
2.115793652129977609e+00
1.964351614757377185e+00
2.023334102985663741e+00
1.913741297359850213e+00
1.947205210223651450e+00
1.968258146423524924e+00
1.848896079191869157e+00
1.769459907528914577e+00
1.824748986559278308e+00
1.861211270719634658e+00
1.662546940042235688e+00
1.640931846190787580e+00
1.643240599319670814e+00
1.557978014614106455e+00
1.379910771201645403e+00
1.377543107247773957e+00
1.359684341702190213e+00
1.426120347959082935e+00
1.461883476532982229e+00
1.448212806888572679e+00
1.417471327583205376e+00
1.489419301228300352e+00
1.518466996731701268e+00
1.511862315865358353e+00
1.543482228615243645e+00
1.536707961962794800e+00
1.619187805564592963e+00
1.638224058582223863e+00
1.700800253259282302e+00
1.789943668835150881e+00
1.753563946444549604e+00
1.625374277599300754e+00
1.648298610326692115e+00
1.877488821577206535e+00
1.951128334300474387e+00
1.716534195008747821e+00
1.701775040798678917e+00
1.912354674816820088e+00
1.924411144320470335e+00
1.895619988297591041e+00
1.830485491379504337e+00
1.845282776581190110e+00
1.939600786334935822e+00
1.930665581620297111e+00
1.862692969812712596e+00
1.892873718483046863e+00
1.735150426598086160e+00
1.729832239024720941e+00
1.453999680105026115e+00
1.187131002647242140e+00
7.384981325630535220e-01
6.344423799454512736e-01
-5.657447212080359694e-02
-3.270303156128076538e-01
-6.882035042322526275e-01
-1.535429098080159704e+00
-1.651280087652284401e+00
-1.930802707718159761e+00
-2.277060186453151669e+00
-1.784665360587412097e+00
-1.809754632814535524e+00
-1.289628027820836076e+00
-5.440578488237738375e-01
-1.434395944943441248e-01
1.261331516326867908e+00
1.366559804198618444e+00
1.958845947038536872e+00
1.708971547802472291e+00
1.630753109302671700e+00
1.640777260772730672e+00
1.711605995080648812e+00
1.848477217025634500e+00
1.483293045749309425e+00
1.895137782506433943e+00
1.798682925817115086e+00
1.297679232668132343e+00
1.443590746365524646e+00
1.691007861536567569e+00
1.718641847136981093e+00
1.848274239065027746e+00
1.878570133411781029e+00
2.016686224410056294e+00
2.072866362719009814e+00
2.169340001986279631e+00
2.115026715522998035e+00
2.151633508893011193e+00
2.147333206909000314e+00
2.206438608135143919e+00
2.214059135488576580e+00
2.266616969062126952e+00
2.167430887121155170e+00
2.107889304300120781e+00
1.865654711116339959e+00
1.533285521240838500e+00
1.669632605485896315e+00
1.623942543725795051e+00
1.552665234882579126e+00
1.765836455396554872e+00
1.836665223595528529e+00
2.064151579781018597e+00
2.105128938276135120e+00
2.146929504119509335e+00
2.284214123082358494e+00
2.276203140037958317e+00
2.352850052094197508e+00
2.411046370395715233e+00
2.475527213083156486e+00
2.516086110495310724e+00
2.462783208966346393e+00
2.412773824032159897e+00
2.412268116450197120e+00
2.224513284398744073e+00
2.086096550493708790e+00
2.054754467754452918e+00
2.207512564303184543e+00
2.105476316274247139e+00
1.893943081763890479e+00
1.776432515805684176e+00
1.732079494153365706e+00
1.799500975847097450e+00
1.724560322528797318e+00
1.679507766778706168e+00
1.627350466161807008e+00
1.553478426932483059e+00
1.588502162933716377e+00
1.674342748606427511e+00
1.594288224154441380e+00
1.597588668889444286e+00
1.589420561014484035e+00
1.446138467142300987e+00
1.429434733942386959e+00
1.435198486795767669e+00
1.528396280148716091e+00
1.438751837576902837e+00
1.543454210476423283e+00
1.637246688420597174e+00
1.400165305548746186e+00
1.315328481512550329e+00
1.174594307056044729e+00
8.826656919275702728e-01
7.662603193523928047e-01
4.989482103155767345e-01
5.201713450239111580e-01
4.358238065828236585e-01
3.123292109935780769e-01
4.760571813550621423e-01
3.370167974382498599e-01
3.638190874844010048e-01
3.557406289361905172e-01
3.231510536983278614e-01
2.615890391777936919e-01
1.696157267313674888e-01
1.314635271160350671e-01
-3.317683974739229491e-01
-4.623350613827467148e-01
-6.560978187517183535e-01
-9.295041458156554359e-01
-9.618836374936946543e-01
-1.017230091711707862e+00
-1.113193907679613126e+00
-1.041120326195273504e+00
-1.020901132615537943e+00
-8.748807011720407534e-01
-7.894449265646203973e-01
-6.275957322847499631e-01
-4.988716936429476445e-01
-2.974021914514637932e-01
1.681280252486555271e-01
2.172985332088785138e-01
7.532817600917793843e-01
7.600213968724397473e-01
8.722489905267624133e-01
1.055662974222843609e+00
1.001181501938216645e+00
1.108473016696457591e+00
1.127487746511114830e+00
1.092774069368099621e+00
1.095117870928041137e+00
1.088691354578534387e+00
1.070797386129608064e+00
1.035171068251433901e+00
1.044630893176272224e+00
1.009278088657279859e+00
9.043129805112333219e-01
9.491722852304740332e-01
8.167349370239462836e-01
7.484368616153320719e-01
8.211141987780272711e-01
5.147966679225695064e-01
6.191703239287743576e-01
6.745914361153398930e-01
5.830836393277343266e-01
8.689532986579132645e-01
8.081227327525363213e-01
8.629804999390869868e-01
9.705431804947786123e-01
9.242808593219833391e-01
1.029963923281960847e+00
1.046237931967999968e+00
1.040974539940436872e+00
1.081213475966614324e+00
1.071731108165842050e+00
1.066586794378555414e+00
1.069318102454471564e+00
1.065442411469801343e+00
1.059861213419900583e+00
1.057509529786106128e+00
1.060635442711044707e+00
1.057301463756175286e+00
1.055471636669813584e+00
1.053541744023335003e+00
1.050327322642659045e+00
1.048664792365441523e+00
1.034687858585480846e+00
1.036271198003443805e+00
1.016207674801769656e+00
9.936619437050244752e-01
9.986586561188547373e-01
9.222829147424220775e-01
9.692552909641609649e-01
8.805181065335577761e-01
7.856164707731013719e-01
8.471546938433208718e-01
