9.675012733384742436e-01
1.027002780986229435e+00
1.479752253844618171e+00
1.499782019754276607e+00
1.526657559383769902e+00
1.550191988007179944e+00
1.536443975978223353e+00
1.550255823861138360e+00
1.550067969861889994e+00
1.548548338937513424e+00
1.553482450858955977e+00
1.551683113498089295e+00
1.552827349528554279e+00
1.553731986257416819e+00
1.553142722129584152e+00
1.553902329887984601e+00
1.553843074736597885e+00
1.553833756613244965e+00
1.554079710234649081e+00
1.553943799708467521e+00
1.554050397509570525e+00
1.554034737784084630e+00
1.553918914867991052e+00
1.554066167483932226e+00
1.553742704078102888e+00
1.553773798665412542e+00
1.553818344975036236e+00
1.552853386245727663e+00
1.553642506987239713e+00
1.552391419636393488e+00
1.551035549505605182e+00
1.553286372650090286e+00
1.546767196681725354e+00
1.548892351205947371e+00
1.547576392832175296e+00
1.525521641440038545e+00
1.522803904658886820e+00
1.503315211607620050e+00
1.510871572802047869e+00
1.505147054874002688e+00
1.518972039480666947e+00
1.555973654245640603e+00
1.575708595805541457e+00
1.620855470250896602e+00
1.620996725256193649e+00
1.687211335970291604e+00
1.687304935235811154e+00
1.669566708619239392e+00
1.527888789324186147e+00
1.546358428007756469e+00
1.407645453613236342e+00
1.346543229429666422e+00
1.301333283919835493e+00
1.245906169380703643e+00
1.377606321805307399e+00
1.567027662200344507e+00
1.711496402862589639e+00
1.838107535346099830e+00
1.989690625484256570e+00
2.145119684362308377e+00
2.237309403500733929e+00
2.444952791997145880e+00
2.455504273294570883e+00
2.421974125436210379e+00
2.361261485827331086e+00
2.334225474369418407e+00
2.302139929123529605e+00
2.260364373181518172e+00
2.245770969099305514e+00
2.201609416558531152e+00
2.182884403640090731e+00
2.164054913168963701e+00
2.139143622831292557e+00
2.144592256010888320e+00
2.132124280357859725e+00
2.124363863142372910e+00
2.139976275649356552e+00
2.127227337573057930e+00
2.142617258847456796e+00
2.169732789518721727e+00
2.174762311300212581e+00
2.232300652444060063e+00
2.258830347383459447e+00
2.297820552970891939e+00
2.354255918664769354e+00
2.356039309084899891e+00
2.378040485030788354e+00
2.150243926202852762e+00
1.906789301154401706e+00
1.761303788106270085e+00
1.654121492536851923e+00
1.552729996908888133e+00
1.443695723450893809e+00
1.340810871275745386e+00
1.299826556039539227e+00
1.230484406222835725e+00
1.315075314182576172e+00
1.621806770027359068e+00
1.645798572873708121e+00
2.113291629608390121e+00
2.596788753905813429e+00
2.675497686503573114e+00
2.784956607804190742e+00
2.814358007667037143e+00
2.876876771145725264e+00
2.988847999708637460e+00
3.059300936354925504e+00
3.108411627742652783e+00
3.188997442715378661e+00
3.215593667462272265e+00
3.249303422962256604e+00
3.282409681682046276e+00
3.274802294356160104e+00
3.296033217960304462e+00
3.292713346652524020e+00
3.276392004515621181e+00
3.276657829852000603e+00
3.252163320631983545e+00
3.219398254646021140e+00
3.187202227720733916e+00
3.121702973854596053e+00
3.101522317816936880e+00
3.044407327312979028e+00
3.004730008623754056e+00
3.005215610660535663e+00
2.970261144817095023e+00
2.967978238311938632e+00
2.978486252486414188e+00
3.005836755245174352e+00
2.990372541025399400e+00
3.012682637962869947e+00
3.019081057821741076e+00
3.009162339307150269e+00
3.017414605076774059e+00
2.993859277019573994e+00
2.914585927291181378e+00
2.875514805959695330e+00
2.799653654107009615e+00
2.720078429554932509e+00
2.656728369185934469e+00
2.476584878226852915e+00
2.356969355005417377e+00
2.222787162312171105e+00
2.096203596085216780e+00
1.832990844194478885e+00
1.538353226440819288e+00
1.445185049881364758e+00
9.693197179671999564e-01
8.696747501926469504e-01
7.762014915443451457e-01
5.102206950434323707e-01
6.469897102009940504e-01
7.305622276985447305e-01
1.065097380657433757e+00
1.743027542493331250e+00
2.122454244346538843e+00
2.891776158084820914e+00
3.055197399965845051e+00
3.163621568197087619e+00
3.345273160693809977e+00
3.274866948299314462e+00
3.232225514524334820e+00
3.169808539223700539e+00
3.102957853707469571e+00
3.055332695586630898e+00
2.986903181196183255e+00
2.932237917035038777e+00
2.880316646843329220e+00
2.817696784015985223e+00
2.759959279536575050e+00
2.706059091017934293e+00
2.653323937048768677e+00
2.611628116552244805e+00
2.566114247695637118e+00
2.536159841732268383e+00
2.506499036349047138e+00
2.478455803497788601e+00
2.457808271584920323e+00
2.438248396592133993e+00
2.418334344211772624e+00
2.404826469020598267e+00
2.388509748764395368e+00
2.379205241416512351e+00
2.378576507290965925e+00
2.372634728742315957e+00
2.378663055703923668e+00
2.387198778703807367e+00
2.371594452907238804e+00
2.379044427916516380e+00
2.380267218391528772e+00
2.376481046810952957e+00
2.397347750330914629e+00
2.392819405862427029e+00
2.403342645527136501e+00
2.415070542881095683e+00
2.406647561524474010e+00
2.421451623856649249e+00
2.396750834978129685e+00
2.391681319900590630e+00
2.394347191872767233e+00
2.369007687014248908e+00
2.381715956000518553e+00
2.384539795293540987e+00
2.385559300234360691e+00
2.414240684191322206e+00
2.413416847542856125e+00
2.435406600034105029e+00
2.457318598340108018e+00
2.460523405930586716e+00
2.499047626915027909e+00
2.510821124983694030e+00
2.537465823792428132e+00
2.589031240408907308e+00
2.609681738030379616e+00
2.666568292218939096e+00
2.706907946236335238e+00
2.739628364953516471e+00
2.805686824191990780e+00
2.833324905279454242e+00
2.845691107745347281e+00
2.874191960582765049e+00
2.853297863029584658e+00
2.839159183791036156e+00
2.678206264426468142e+00
2.657298527286116041e+00
2.391003887720849264e+00
2.248862065726380699e+00
2.178158465468939653e+00
1.857337709891672795e+00
1.848120059492567746e+00
1.747253109536031523e+00
1.590214690075557158e+00
1.745917542072313200e+00
1.589176919932556942e+00
1.878075844099120761e+00
2.110726983467709594e+00
2.325211022788596260e+00
3.062195696819991930e+00
3.052934929787481266e+00
3.261151359815023909e+00
3.143454136588369252e+00
3.124366050263988726e+00
3.053549513156811557e+00
2.893403927857709945e+00
2.865847671154968967e+00
2.741328949819976213e+00
2.663286001801113301e+00
2.663996116744791198e+00
2.564247976791232730e+00
2.596558328847004660e+00
2.603481501588244651e+00
2.590976850195987780e+00
2.680150460869348272e+00
2.758067341098672909e+00
2.887553800433861895e+00
2.922953493562409299e+00
2.976201967253358838e+00
3.003536641932164297e+00
3.020316189504973714e+00
3.055300228815353680e+00
3.068685261966155764e+00
3.092461276320194408e+00
3.118217722294263972e+00
3.127854932202716043e+00
3.100260886962462159e+00
3.059612131411132196e+00
3.025192596271010004e+00
3.106978528071487222e+00
3.113135238916528991e+00
3.168848674622958494e+00
3.222188045645001608e+00
3.248984729285185225e+00
3.312981850416413021e+00
3.333080193333951335e+00
3.367287328569896765e+00
3.402249478828001106e+00
3.414512586507358893e+00
3.455380485301686733e+00
3.451628233837638504e+00
3.448576525820346461e+00
3.423120145551299398e+00
3.357998824369609281e+00
3.292652431567178795e+00
3.215964339090952695e+00
3.127040232307027878e+00
3.027563162175244571e+00
2.923252809945446895e+00
2.850643781769018226e+00
2.751399100494261951e+00
2.667024544275199194e+00
2.604446009226115688e+00
2.528282156404199732e+00
2.491647500767932399e+00
2.446623669993934769e+00
2.418837071288690410e+00
2.407335649098608421e+00
2.378568607544623958e+00
2.375665050603312345e+00
2.364919188359159374e+00
2.349587082370760527e+00
2.360599567037447777e+00
2.347964887464757844e+00
2.359137188494335291e+00
2.384832441157022309e+00
2.398637257974732595e+00
2.443136610951549770e+00
2.473408843785547262e+00
2.509149238802861781e+00
2.560041827230350897e+00
2.588895821735260228e+00
2.618262240801894514e+00
2.600180743299286501e+00
2.568765693585076004e+00
2.530467373232609063e+00
2.349979309208800160e+00
2.265823158539208571e+00
2.101677859354688316e+00
2.026038571732811100e+00
1.786312639312803041e+00
1.746471322862152675e+00
1.695270348492119661e+00
1.598544852974021158e+00
1.613166503530790274e+00
1.517309695940597614e+00
1.454656907812849509e+00
1.421022107414995350e+00
1.133081708712607050e+00
9.961466541917207707e-01
8.666046406300408345e-01
6.311746759223484382e-01
5.797700835155972232e-01
5.959777596721960169e-01
4.953036286700556734e-01
5.488863495673721449e-01
6.977771281903843992e-01
7.906897474061250763e-01
9.325702340855346328e-01
1.079762963136540632e+00
1.194153760807074693e+00
1.318981853290728923e+00
1.520639925512396573e+00
1.583445851640232105e+00
1.742019016157860811e+00
1.767116037210543666e+00
1.762915260679642548e+00
1.811855399315075443e+00
1.802941968222845359e+00
1.807811660561327471e+00
1.828887375928121006e+00
1.819618533775213987e+00
1.802445106924056573e+00
1.794562320609783601e+00
1.778307431558004748e+00
1.768339648634804862e+00
1.761602017130866393e+00
1.750747882330077054e+00
1.740487795383148351e+00
1.736533854328892845e+00
1.716672674084717798e+00
1.706383083420613511e+00
1.695385991045528229e+00
1.645647815083141730e+00
1.635013497237732594e+00
1.587088915023175284e+00
1.575926967661916756e+00
1.552025017210353797e+00
1.548177217809197925e+00
1.544885391599442048e+00
1.537673264315238653e+00
1.537721600867813621e+00
1.534776083364232102e+00
1.533100348500934462e+00
1.532757374757729441e+00
1.531350387998760443e+00
1.531077110880965986e+00
1.530380052404689994e+00
1.530075663335358049e+00
1.529645503548968000e+00
1.528803416418378358e+00
1.529270223579931809e+00
1.527261798468541709e+00
1.527233242066332819e+00
1.527289847065920192e+00
1.521621283450671491e+00
1.525854672485619012e+00
1.518638241816431034e+00
1.510939388823744345e+00
1.522987301626585133e+00
1.487735555420240052e+00
1.500242143478786483e+00
1.498259130525323668e+00
1.408174345326989929e+00
1.505314020583651047e+00
1.353778229832308000e+00
1.250654124183869786e+00
1.350140050536650094e+00
