4.680734012360205920e-01
5.191627385114877535e-01
8.451033416150821598e-01
8.528488411433541305e-01
8.526725864169204527e-01
9.112372004250057778e-01
8.642942722921511667e-01
8.081360374113399914e-01
7.993713733680046785e-01
8.048336391257886469e-01
8.021810104499037530e-01
8.025702135182423147e-01
8.028061221872609954e-01
8.027191479536242014e-01
8.027335446327997781e-01
8.027341462480156453e-01
8.027331439455460682e-01
8.027333228129794884e-01
8.027333130402830585e-01
8.027333130402941608e-01
8.027333130402888317e-01
8.027333104457499147e-01
8.027333439836876749e-01
8.027334074545091624e-01
8.027310660990896185e-01
8.027405398057083641e-01
8.027347391995074410e-01
8.026023010396526880e-01
8.035443786275033862e-01
8.022542659068637727e-01
7.991049612645976241e-01
8.175585891598103894e-01
7.442427333817727142e-01
6.882160354705432193e-01
7.218433739233718338e-01
5.064406456527830169e-01
5.135808137451015609e-01
4.273247968533873120e-01
3.656104753111437122e-01
3.658716488737891459e-01
3.677493638641344820e-01
2.823276472745410159e-01
2.879318635390771264e-01
2.583579362044586825e-01
2.244115870133830959e-01
2.609216022756485343e-01
1.624214853859790864e-01
2.860497860056033237e-01
2.801790815834299675e-01
1.852439883573026580e-01
1.461569383787988119e-01
3.076823012915251565e-02
-8.655190979430073261e-02
-1.197977877166219729e-01
-2.983492819894696946e-01
-2.797243482488842026e-01
-2.443169246041776710e-01
-3.038802373983053307e-01
-2.580104100696469782e-01
-2.824334375205597714e-01
-3.344429072813233095e-01
-3.010670553809005057e-01
-2.712314390798704622e-01
-3.058437029393584194e-01
-1.668892363556214176e-01
3.295515623558772922e-01
4.109095360150788467e-01
8.577299562271545330e-01
1.086800139757937878e+00
1.617278256390895841e+00
1.330166423799554076e+00
1.202251392841585664e+00
8.808130997406036222e-01
1.057794372896527335e+00
8.278391508222131545e-01
1.387688505459812482e+00
1.467015494370357498e+00
1.236712114623313319e+00
9.135962161792060554e-01
7.938756871359071710e-01
6.495560580695535213e-01
6.276285180390227536e-01
3.947558642330266654e-01
3.413285209304756096e-01
5.399471605975267874e-01
3.154847894590381285e-01
3.078254602791294925e-01
4.456161130336189213e-01
1.562715215458997664e-01
7.429055390321213925e-02
2.312628460740348210e-02
-2.448525126149014852e-02
8.600975895407328431e-02
1.524299263880579680e-02
1.660189628342733370e-01
3.492692301640951680e-01
4.155733281922542321e-01
3.981717692506665518e-01
3.057092721557481130e-01
3.703511203970015209e-01
2.490516111160033796e-01
1.775863217176185394e-01
2.094760765661448088e-01
1.906356965586699648e-01
1.008142256476311782e-01
1.703463644088358819e-01
1.600385584709636266e-01
6.027247464139835059e-02
2.659623098225178880e-02
-2.046330413330534059e-02
-7.073226000740395758e-02
1.341928535153711632e-01
2.083106814852602184e-01
3.616599617959717072e-01
3.352251759957395327e-01
3.453755260200557231e-01
2.882964121782971012e-01
3.885274056252225328e-01
3.986673002497594931e-01
2.970579871207545963e-01
2.076931901726269680e-01
1.530486040858806684e-01
2.115886625664341880e-01
1.915431818022313160e-01
2.087572207569531324e-01
2.529580759147627700e-01
2.299099291906803177e-01
2.772498584226847362e-01
1.070645226862185218e-01
2.269839450020480487e-02
-8.901905179182004191e-03
1.174251393534299359e-02
6.175732326732123745e-03
1.445748868012151356e-01
1.978498763731542098e-01
2.183972021797112029e-01
2.304861894053291949e-01
2.325255430284369762e-01
2.415846174899057563e-01
2.247387585857897885e-01
2.388808676402070508e-01
2.711658449782022307e-01
2.624554419977023212e-01
6.594348600118238313e-02
1.027760653076044417e-02
-3.294674572407586544e-01
-1.602975454213791950e-01
3.005946970024387932e-01
4.433015659655545893e-01
2.445478190184705580e-01
2.107734092962841033e-01
5.451821616245020041e-02
1.327362974480338353e-01
1.951821123929687596e-01
8.803323624552028548e-02
2.503351634289608940e-01
6.396215000834035713e-01
8.950717482921718426e-01
6.861445394179138679e-01
6.125718248182789871e-01
8.232708958725489801e-01
1.007817605224798685e+00
1.084860081335188742e+00
1.153296113424447489e+00
1.142604426932773309e+00
1.099386269105461222e+00
9.280288579130695492e-01
1.375187897162030826e+00
1.624515844217879534e+00
1.664571236085693462e+00
1.521572643231969613e+00
1.272550018122454718e+00
1.146536307314376613e+00
9.674699437736324903e-01
1.191310263207666420e+00
1.275078474429488740e+00
1.248400254172473023e+00
8.350827256787556330e-01
8.181252302355478401e-01
7.672463325683066548e-01
7.088052091155438994e-01
6.444662646027312647e-01
5.602725904083697417e-01
4.933541777410531681e-01
3.852457925043388798e-01
2.630986126517921297e-01
-1.698106562336488823e-01
-1.600631334184993704e-01
1.210359892528678205e-01
1.854687162758877905e-01
3.623009128909163712e-01
8.233558123610575930e-01
6.120930351476172593e-01
3.224612472555989928e-01
5.202232594630109563e-01
8.617201380018228996e-01
9.546878731997522349e-01
8.836603586918896358e-01
1.101744158941625695e+00
1.009122412240692102e+00
4.659013355487378605e-01
4.169687356295836977e-01
4.931890071867048864e-01
3.923751015692351629e-01
3.747543998433681134e-01
4.110520406570443153e-01
5.455260430388908510e-02
-2.394519684577578467e-02
1.302420276033745550e-01
1.690579404949875131e-01
1.334703269445849938e-01
3.632687641411116442e-01
5.809987746799770703e-01
3.803684614662377617e-01
2.511302825833000574e-01
3.307677849809868564e-01
2.072733250154127627e-01
1.301066731229318374e-01
1.689464356804814549e-01
1.711075515398739200e-01
1.793483743437476463e-01
3.464029840231122037e-01
3.645292680449321310e-01
3.485415353903330571e-01
3.997178833436439427e-01
3.716243983180827493e-01
3.759975156384029460e-04
-8.083638840258336455e-02
-7.911116265667830771e-02
-1.477247442325756444e-01
-1.010932664848277485e-01
-9.326200717647599447e-02
-1.039518363126376299e-01
9.446191188896899127e-02
1.028001412914485713e-01
1.524715403637222633e-01
2.595448384248548179e-01
2.340382189535694102e-01
-3.205021762900471805e-01
-2.548296427915500151e-01
2.218545695507311288e-01
1.324860769668516181e+00
6.888606376915717977e-01
-2.667875928063511148e-01
-3.065117892676691991e-01
1.275349745342848395e+00
1.313384013622678648e+00
6.480717513391616169e-01
5.865188091852324703e-01
5.555784963782550712e-01
2.629148942363289110e-01
4.138993234372858043e-01
4.127596150048750134e-01
4.664213869092350140e-01
4.836196338144801987e-01
2.390525791319850213e-01
2.268913613770152660e-01
3.250066007283634040e-01
3.011306496303312041e-01
3.598062395774068167e-02
-7.895926061193059287e-02
-1.170324967547002881e-01
-2.514201820084209227e-01
-6.227504225901413226e-02
7.112769384994444000e-02
1.774274632499695525e-01
4.026694550538317818e-01
3.836654330230314103e-01
1.463384994780849158e-01
4.916433807328688538e-02
-1.992798476845015002e-02
-1.879835384255954672e-02
-5.570314176421477248e-02
-5.507483513026897870e-02
-4.843690141354674294e-02
-1.178905091507527203e-01
-1.315353720838251528e-01
-1.776353666421807698e-01
-1.602925507375744241e-01
-1.343171761414320431e-01
-1.104864715642375206e-01
-9.733410512313203644e-03
4.185690341104177092e-02
4.508492483046806498e-01
1.284539386343311662e+00
1.302692748404156386e+00
8.216524883690372594e-01
5.565356418258269322e-01
1.179235120598506548e+00
1.211015662955392092e+00
7.585103327869386902e-01
9.705512908975878483e-01
1.240900679470470003e+00
1.005318510634111595e+00
6.214763175338506862e-01
4.758215080498599536e-01
6.529606863971435526e-01
7.146698010006382606e-01
7.835070555885325083e-01
9.243273349354601542e-01
7.538922424185163784e-01
1.002013905316850417e+00
7.450424647673713485e-01
1.082870742290118038e+00
1.025745581057894373e+00
1.007446538037219952e+00
7.488714970376311175e-01
7.049705561410655186e-01
7.543914091463459481e-01
4.877279338526951391e-01
3.694980397019977381e-01
3.118370307857514234e-01
3.969854251758912489e-01
3.917251114103488252e-01
5.388556483740731817e-01
5.332897570402803655e-01
5.905592552389616889e-01
5.943036144813876875e-01
5.539841284358644202e-01
5.370001769845645923e-01
1.872195272020685530e-01
1.391689419313713871e-01
9.644949704701691329e-02
6.158760664906645643e-02
8.382993495878038326e-03
4.144162940172396725e-02
-8.120969850885043084e-02
3.162597792936387014e-02
2.368260154266150497e-01
1.473801485892462793e-01
-1.804450918022003081e-01
-5.757900364762569279e-02
6.702565977954071386e-01
7.837027111125899337e-01
1.309310180909354915e-01
-1.106287421843011320e-01
1.723989040020905417e-01
1.738390512832448942e-01
1.750361463387274386e-01
1.070581337431286834e-01
9.598177360299074701e-02
3.371129181920896056e-01
3.954525857873760764e-01
3.152268398774700220e-01
3.300233038469955194e-01
1.711539280864978751e-01
1.282713396101239911e-01
1.455337359369346384e-01
1.089671974859394016e-01
9.899752261499565609e-02
-9.167256709260801495e-02
-1.411167045071125004e-01
1.655033003161784366e-01
2.045911644837429197e-02
1.804619253169120197e-01
3.205453971384870093e-01
3.794514541883308723e-01
4.739489918777285427e-01
2.586092319293762376e-01
4.726905177373936784e-01
6.844527184365580830e-01
7.122786412649985133e-01
7.673587403516552996e-01
5.073008840196033820e-01
6.418137505661616338e-01
1.237745867528237564e+00
1.386209276538507895e+00
1.247518183844837036e+00
1.205957972472640138e+00
1.008942685646391224e+00
8.831474255938165374e-01
1.042553642056180063e+00
8.021157217132296458e-01
8.678675808162154004e-01
4.216905169075181314e-01
1.259359404966457763e-01
3.623122922737430085e-01
6.134325558875315387e-01
5.281806648870503995e-01
5.751572609458347474e-01
5.613877143915287915e-01
5.969744482035729272e-01
3.802328362462191191e-01
4.709443821249261752e-01
4.350526615708094069e-01
4.753788805326951139e-01
4.134529111123471656e-01
6.184337591053790106e-01
1.042502258949580041e+00
1.054153222255493905e+00
2.020508119083394560e-01
-1.742210758641712376e-01
5.979531617971853841e-01
1.319243511970089378e+00
7.507131972086867888e-01
-1.581652917456887186e-01
4.132594367180603134e-01
1.536654612513511431e+00
1.498115339385365896e+00
6.090098499889753381e-01
5.030741540235357245e-01
1.137206059801771696e+00
1.350115511085462794e+00
1.163910754114063195e+00
1.141126020108295780e+00
1.054926704825908779e+00
9.707437076377518625e-01
1.247620806413881400e+00
1.414694804472185652e+00
1.342169975854931474e+00
1.494817143102982193e+00
9.908644946808859988e-01
3.245970515832995451e-01
3.175639354729519193e-01
6.625155321495337368e-01
7.249182241488754119e-01
9.822854123022579931e-02
2.464030506124809949e-01
4.861893779937005444e-01
4.666620150422506330e-01
4.295379252330527864e-01
3.701927490723821990e-01
3.273632877587334677e-01
2.871473130582710698e-01
2.487788672259990674e-01
1.763541368423955646e-01
1.549669473275669396e-01
7.295802832948816707e-02
7.735097844217217467e-02
1.627350450268026938e-01
1.488072592494191770e-01
1.704536093831703902e-01
2.125764909542066927e-01
2.278149407252006708e-01
2.365320731137140753e-01
3.524969232158233767e-01
3.514543890728327180e-01
3.543974243857140882e-01
3.895643493963151793e-01
3.743712546259754248e-01
3.680638625911871742e-01
3.704301636831366373e-01
3.695904327823006930e-01
3.695730177502685176e-01
3.696684875348585364e-01
3.696485528062058989e-01
3.696501793636040589e-01
3.696482840079609034e-01
3.696681401252764898e-01
3.695791678870923302e-01
3.695533414623519697e-01
3.704608914935569319e-01
3.682535796616961399e-01
3.736083381864440667e-01
3.923686574930743687e-01
3.571923700025828041e-01
3.456381461106881603e-01
3.527395985645373488e-01
2.253930256744318406e-01
2.311419763542598704e-01
1.739314423641973306e-01
1.185842314655348034e-01
1.341966735721618620e-01
1.085186416861640690e-01
1.070153801263603738e-01
1.588718409844960822e-01
1.586683539639275331e-01
2.064661751611303331e-01
2.253609465188916305e-01
2.398880865996413370e-01
2.541095167765219376e-01
2.541476230463874386e-01
2.553690927653540776e-01
2.311468995949454985e-01
2.095693005545359588e-01
2.706122901547087234e-01
4.027789649392796711e-01
3.973054696614164993e-01
7.375244021871091293e-01
6.850912320311220993e-01
7.620626272728728834e-01
8.708434628984598191e-01
8.432002645563340115e-01
8.479215138748892322e-01
8.498840317985970616e-01
8.484653430159816434e-01
8.486675478820411289e-01
8.486756344419355003e-01
8.486612004402372955e-01
8.486647883452574925e-01
8.486646823658955396e-01
8.486646334229521749e-01
8.486646372197687027e-01
8.486646372197740318e-01
8.486646372197736987e-01
8.486646372197663712e-01
8.486646350447570875e-01
8.486646643406232648e-01
8.486646714189536311e-01
8.486631569784188756e-01
8.486700758943196421e-01
8.486606734698883825e-01
8.485874028163824523e-01
8.492118517239264364e-01
8.481446636237930381e-01
8.472167991911498941e-01
8.587826937304484654e-01
8.101979817901330261e-01
8.015629900575507172e-01
7.900433834590657733e-01
6.332499512334027747e-01
6.505011081434346476e-01
