3.105429798261017393e-01
3.188147843751676369e-01
4.666081929639568915e-01
4.920048204562992300e-01
4.755506919522423104e-01
5.010311531625298853e-01
4.894152604430081488e-01
4.912538496418017986e-01
4.959384203845203509e-01
4.913459913376434507e-01
4.942101882695110193e-01
4.939072079028637985e-01
4.931739969788569988e-01
4.942171192571318539e-01
4.936779722677805404e-01
4.938247991855515551e-01
4.939953886695021001e-01
4.938096751376591653e-01
4.939441312873399381e-01
4.939127318850352610e-01
4.938908309569989274e-01
4.939242091425498637e-01
4.938792671159394909e-01
4.938955220220946907e-01
4.938463310351746127e-01
4.938194254493794011e-01
4.938177082237890647e-01
4.936354588133019528e-01
4.936998499377290295e-01
4.934871950538577412e-01
4.931356817910003132e-01
4.934226920667653671e-01
4.922682630758167810e-01
4.922138551010398211e-01
4.920064608557395136e-01
4.873972780430318452e-01
4.844529915869522085e-01
4.815997172803321846e-01
4.762194524366987758e-01
4.712477257912307538e-01
4.711584459967644301e-01
4.551217542955161011e-01
4.550455903639820665e-01
4.512824445996602152e-01
4.345630005589837253e-01
4.468704444090194627e-01
4.286554765686023671e-01
4.258140495086327748e-01
3.986964524654894593e-01
2.747969863445315353e-01
2.431855613419744988e-01
1.623293198505445512e-01
6.507999150012551415e-02
4.360187832246349704e-02
-7.450889747721159417e-02
-8.629657644501598224e-02
-8.381073594065928389e-02
-1.251719873355875978e-01
-1.014866705007547582e-01
-1.172786423875014084e-01
-1.080595110253764479e-01
-5.887309554471666095e-02
-1.383147998206671336e-03
9.938647799148192519e-02
1.748588634942930264e-01
3.628183973128731310e-01
4.683673807389123755e-01
6.200319390395203634e-01
7.452061494068200620e-01
7.433669802110532965e-01
7.793938572682762578e-01
7.667647720650416776e-01
7.863438475552857465e-01
8.008716246414777640e-01
7.940156441361555517e-01
8.248002079700355038e-01
8.232554059711703065e-01
8.351765040884033819e-01
8.605908004708089365e-01
8.519079051268714231e-01
8.500690156080328297e-01
8.419982755457522394e-01
7.643784389714097793e-01
7.354167671290015029e-01
7.137405852378388982e-01
6.608730676886065414e-01
6.807324674898203032e-01
7.076221984346405813e-01
5.665747274857086957e-01
5.466380815664982906e-01
5.475235925043349106e-01
4.939745355872869892e-01
5.689692793622973532e-01
6.052569547361537072e-01
6.427258035122491719e-01
6.709012626942629787e-01
6.826729386301166880e-01
7.125684549568238602e-01
7.231151949415276503e-01
7.330238192331224312e-01
7.368196027208112620e-01
7.123218391584856812e-01
6.945960696171782356e-01
7.025694270642781625e-01
6.583654947665850132e-01
6.560540261504668180e-01
6.385579345499958759e-01
5.337879549708823834e-01
5.447357128031176110e-01
5.342045390077745370e-01
5.494463998356526879e-01
6.402933349809600827e-01
6.354141793965388807e-01
7.062390439414674148e-01
7.647561842871629656e-01
7.863106898348624085e-01
8.104718379632345204e-01
8.389545101539274130e-01
8.290868336195229560e-01
8.247025697473152617e-01
8.173952341646519848e-01
8.004614839011594540e-01
8.256129471143098808e-01
7.581978046959678696e-01
7.664890870535331358e-01
7.620963234090815108e-01
6.949046162881400424e-01
7.099051626089916134e-01
5.693265341924589329e-01
4.586098674197396363e-01
4.162363031776759592e-01
3.827612003500587834e-01
3.653339667822509962e-01
4.177044498055413890e-01
4.393760672891549035e-01
4.467261515811615236e-01
4.743143150778593720e-01
4.692176068246536880e-01
4.708923362673331225e-01
4.865580630513521854e-01
4.457698527662222188e-01
4.627363963047527173e-01
4.331654774451114687e-01
2.724875113755024780e-01
2.688331053075221355e-01
2.410314094953032171e-01
2.274875042208141795e-01
2.411427983824452337e-01
2.220317519422699282e-01
2.568663429899059603e-01
2.780971048592852379e-01
2.974761760379722730e-01
3.445965552980487789e-01
3.654870686578342021e-01
4.066993069022666329e-01
4.506597550110141848e-01
4.770528138682708641e-01
5.300338018737380530e-01
5.783713608065362832e-01
6.247559547730882068e-01
6.921933346348192462e-01
7.392190391970149266e-01
8.011845138711590764e-01
8.637782657421106958e-01
9.113488698204619265e-01
9.743704240762398605e-01
1.030942340516531885e+00
1.075154273769046709e+00
1.095621846626155360e+00
1.112900042425526426e+00
1.100484785653004671e+00
1.081388582328792536e+00
1.029782162825949365e+00
1.004018747970878866e+00
9.541845123844426846e-01
9.239600079058793991e-01
9.169921487866070642e-01
8.812841179006644099e-01
8.718939029499395144e-01
8.611724038592707409e-01
8.080640644249300619e-01
7.973413529469051131e-01
7.564242285187228187e-01
6.905940706169816368e-01
6.523583834241434287e-01
6.210246650510445887e-01
5.802567255271784408e-01
5.713305700228162864e-01
5.698307461453240297e-01
5.822325204072547056e-01
6.463436169745208071e-01
7.304050631523230086e-01
8.004222933748419422e-01
8.795093525343053997e-01
9.439184483708014106e-01
9.584240044281466808e-01
9.868609577722657900e-01
9.776847163531976470e-01
9.558314961275249377e-01
9.362211673328305617e-01
8.660889377613254503e-01
8.134141683518011368e-01
7.760669322386311020e-01
7.341666950577145911e-01
7.207786347262223892e-01
6.955975242524790048e-01
6.251523656251635197e-01
6.380480009190370172e-01
6.807900434258753464e-01
7.875068244319429756e-01
8.313549400948390122e-01
8.257481786392452117e-01
8.863473434186478483e-01
8.617055791764625106e-01
8.707012396672338950e-01
8.831445737455765332e-01
8.382554506301517216e-01
8.574685964057440213e-01
8.293691751236138554e-01
7.829250559669751475e-01
7.902742119236529916e-01
7.052159504348078922e-01
7.079908317013630104e-01
6.497957472147256608e-01
6.064971076165412978e-01
5.828653741305604985e-01
4.180882009237976149e-01
3.149319793747711316e-01
3.192366782942084313e-01
2.123117506720981762e-01
2.657343116824589790e-01
2.866541202692247658e-01
2.519644321037238788e-01
4.010233431083500277e-01
3.959558303855756356e-01
4.301729054518544371e-01
5.939146352278990015e-01
5.270873427789910526e-01
5.774278877320220271e-01
5.783011927387985418e-01
5.782554612709238651e-01
7.740114995989315627e-01
7.185675380013190061e-01
9.352060293847667127e-01
9.952948068141437288e-01
9.706298342658400413e-01
1.147719590845954318e+00
1.033125411423634565e+00
1.078512716476040634e+00
1.078204838312366576e+00
9.711424121231662099e-01
1.049443980652879471e+00
9.623910155487840346e-01
9.174737647822637232e-01
9.151441382618924480e-01
7.549363648701923335e-01
7.198778004636494643e-01
6.510478649954407615e-01
5.879728130594686908e-01
4.313672314604775071e-01
3.297673712525350243e-01
3.261422350097075706e-01
2.063628712403443310e-01
2.960474180326608806e-01
3.416790129543532117e-01
3.554845398684877700e-01
4.137762959520421280e-01
3.747012518682349969e-01
2.679699171124216850e-01
2.002725054963612195e-01
1.521852420776386161e-01
1.333999417031765389e-01
1.017190432709308423e-01
8.731126832349286881e-02
8.042044861674907397e-02
5.003995609948548584e-02
6.642707046853339736e-02
6.428992764436516905e-02
1.082940971435464028e-01
1.994302794201048834e-01
2.391039452473243121e-01
4.070742634619132772e-01
5.274884166104777394e-01
6.766400314252447590e-01
8.986109495993862550e-01
9.141051673306561653e-01
9.483983557528425923e-01
9.421396762252782775e-01
9.430985192814649309e-01
9.447885204259035552e-01
9.285115204681613221e-01
9.300829756636264101e-01
9.092854169603977743e-01
8.986788063647899172e-01
8.998222077542323838e-01
8.907058408845683894e-01
9.342239154777813859e-01
9.510726664366089267e-01
9.965919248352805848e-01
1.029687277085822972e+00
1.047567459892304820e+00
1.075196714173647816e+00
1.086915095921026753e+00
1.091726599540522757e+00
1.106348075709146395e+00
1.107090315754581722e+00
1.113056294666360468e+00
1.097987903553625522e+00
1.074805356970015779e+00
1.010572178071339255e+00
9.797981573772935882e-01
9.205774445140197937e-01
8.138841685999087527e-01
7.938184458855139791e-01
6.607045014192203247e-01
6.397635727722378318e-01
6.366386667837224955e-01
5.741733428218425139e-01
5.802895600258725084e-01
5.494459565162435055e-01
4.222946067132558601e-01
4.083500590340156666e-01
3.793929405497067364e-01
3.494983327753484748e-01
3.788646335667013032e-01
3.986431667569631521e-01
3.968817780084826219e-01
4.451308383546164760e-01
4.599405574826868626e-01
4.680643177817837564e-01
5.604389711663535500e-01
5.757847051321334231e-01
5.591481577013209803e-01
5.959907874477514689e-01
5.901503786093879045e-01
5.947184688283189136e-01
6.025578966931527392e-01
5.599349346067942212e-01
5.953028452781421453e-01
5.757065344379772576e-01
5.844957873569804896e-01
6.700399094135239819e-01
6.582247602984876433e-01
6.415742284256318317e-01
6.478137213473472711e-01
5.405145557456781935e-01
5.310264595893623429e-01
4.338915883868219581e-01
3.827392942991183489e-01
3.908698556988710604e-01
3.006180708491257292e-01
3.336411733061061535e-01
4.712844182237074242e-01
5.064561383831180930e-01
6.204539401414119748e-01
7.276703414425059746e-01
7.828470011869519407e-01
8.307405697219183427e-01
8.583368849022809943e-01
8.959465614304975567e-01
9.148641664755744474e-01
9.093694074670677363e-01
9.481362425292402252e-01
9.564087280995496876e-01
9.507820143190520712e-01
9.656014354375521691e-01
9.525764229485211843e-01
9.636574084353470848e-01
9.921046051650782571e-01
9.684158918141998473e-01
9.424789308435804758e-01
9.074155711946105818e-01
7.451995698676641133e-01
6.905765452062191390e-01
6.789342978079433433e-01
6.307109014093877919e-01
6.097433008394311793e-01
5.927466156251612883e-01
5.688987529422341316e-01
5.642334694454125277e-01
5.543475785941185396e-01
5.487478354526715840e-01
5.451786433765725137e-01
5.427167022746717251e-01
5.412475883806739940e-01
5.380184281985946892e-01
5.456534108748731793e-01
5.411771518513981416e-01
5.538033730630165241e-01
5.706784305383147959e-01
5.825168452022375654e-01
6.071921024738581307e-01
6.218437793439690608e-01
6.421639414167121807e-01
6.674272477828112615e-01
6.812366161708895973e-01
7.124653337852048240e-01
7.337916894295943848e-01
7.578387523830424355e-01
7.993092683625337980e-01
8.213600236569833513e-01
8.590400328146002851e-01
8.909135335699351899e-01
9.148424391416325463e-01
9.545682884232700172e-01
9.744482136337588862e-01
1.004461124139440109e+00
1.030600903132777635e+00
1.024693146517607456e+00
1.043318080742493326e+00
1.043743561969578515e+00
1.032813227723980543e+00
1.040184140423178638e+00
1.015654544945418181e+00
9.873306200659031084e-01
9.517329988878149294e-01
8.471785457398554042e-01
8.349102105932705298e-01
8.202137277590634268e-01
7.398596926039472388e-01
6.415469135979686710e-01
5.919498913311713739e-01
5.310485502080999343e-01
4.821734998814427575e-01
4.416671606419844687e-01
3.732296936437183854e-01
3.493042980359128413e-01
2.766132986660915227e-01
2.635583795932477935e-01
2.838771813595444282e-01
2.663999996729764508e-01
2.774634373988441594e-01
2.898884519746187660e-01
2.975755808787589052e-01
3.084631678899271146e-01
3.505883102444608546e-01
3.553384056116082879e-01
3.566795341147537823e-01
3.707257468407462175e-01
3.682196922331456568e-01
3.729833667889251858e-01
3.762584119755775780e-01
3.754070600120491541e-01
3.782329274915213202e-01
3.782528144391396063e-01
3.780692409834226497e-01
3.791864529464054057e-01
3.778472584516042732e-01
3.775197641982644958e-01
3.775688504470784412e-01
3.737660172830099548e-01
3.744546208410973742e-01
3.708173557491987182e-01
3.637439439151475273e-01
3.673492735189983760e-01
3.499007295448964827e-01
3.458631257875565135e-01
3.436778600030495623e-01
2.898716270318574262e-01
2.865983801523580565e-01
2.640440547214855105e-01
2.428209108863098042e-01
2.462590438419999805e-01
2.264480968571977171e-01
2.250108307938477881e-01
2.423842614255620476e-01
2.492546571840958403e-01
2.657669002253649770e-01
2.847425082388891915e-01
2.996740919433564798e-01
3.110858159635100928e-01
3.582887159272828415e-01
3.669785297686385950e-01
3.923879720324680576e-01
4.113488135462584627e-01
4.224765112031454439e-01
4.517511926065927996e-01
4.563764538927480574e-01
4.858684904944846061e-01
4.879388209679781374e-01
4.902487990329474910e-01
4.985665426451952875e-01
4.974562894542400304e-01
5.004003877668321554e-01
5.020612965690036678e-01
5.019715665472803678e-01
5.033266837133278937e-01
5.034974106093546009e-01
5.037289572269141313e-01
5.041369727724561711e-01
5.041416108691644249e-01
5.042556676905834978e-01
5.043682370487896360e-01
5.043135722120407616e-01
5.042652787983191720e-01
5.043778792104257613e-01
5.039959007365002464e-01
5.040125793080119099e-01
5.040045534878494493e-01
5.027716398485713167e-01
5.036610425280758641e-01
5.019977042854931737e-01
5.000574529211699870e-01
5.029130420673454394e-01
4.941185444285808304e-01
4.967710045464331925e-01
4.967425222887815184e-01
4.714768600718816094e-01
4.978343998877493570e-01
4.567083627152527248e-01
4.197562148327118603e-01
4.474748921869786678e-01
