5.717641590340190230e-04
6.934328152002582199e-04
3.395933000170458550e-03
3.404159917295629563e-03
3.419211020700003469e-03
3.833922090519703736e-03
3.512475842547641176e-03
3.640698219334818908e-03
3.655840157527790769e-03
3.593487017958037211e-03
3.643288098142850352e-03
3.624358147442204546e-03
3.621869516080438584e-03
3.631661691074180957e-03
3.624066766364060325e-03
3.626884764434662196e-03
3.627177754056742486e-03
3.625504401371987175e-03
3.626385563662040852e-03
3.625400151419307625e-03
3.624950158374059574e-03
3.624050033096091160e-03
3.622483209722413607e-03
3.621544150437221252e-03
3.617289166508791225e-03
3.614994915023137835e-03
3.610362389756897536e-03
3.597074806093625895e-03
3.596600844859476794e-03
3.571146989565089462e-03
3.543185148091947470e-03
3.547435587696354947e-03
3.432371937149110951e-03
3.427148520206069280e-03
3.368834513098229941e-03
2.977906505316091704e-03
3.102594107435652573e-03
3.025477414529780668e-03
3.402452536112912131e-03
3.481637578619554280e-03
3.522093336875086432e-03
5.481901284984050209e-03
5.616468638732874212e-03
6.092503072644295942e-03
6.246849692970238982e-03
6.581144352331051196e-03
6.592768290928020108e-03
6.199706991544839431e-03
7.110321985618900040e-03
6.217405503996155207e-03
5.143083383918982225e-03
4.972832936304033384e-03
-9.554831005622571160e-04
-2.723785001667086442e-03
-2.244831854758434254e-03
-9.732363412524355772e-03
-1.009461479681070251e-02
-1.555393513338362149e-02
-1.975237350224408675e-02
-2.188005224708663293e-02
-2.675099612665118864e-02
-3.549972380962179708e-02
-4.312959744967136827e-02
-4.231709359766155226e-02
-4.599164238167855606e-02
-4.427054504274222785e-02
-4.421074749215343769e-02
-4.508459051009949120e-02
-4.278323101253631022e-02
-4.282448671500240639e-02
-4.195555464885668273e-02
-3.885902230848353733e-02
-3.855657159987176813e-02
-3.629572066098726846e-02
-3.469078706466305340e-02
-3.394435877654548850e-02
-3.194970542037096906e-02
-3.085085747476932344e-02
-2.961761716506935288e-02
-2.733315648456669314e-02
-2.544919364264578918e-02
-2.211677839279609092e-02
-1.850858718249316984e-02
-1.478849477587313235e-02
-1.503714560865162045e-02
-1.001401121233744251e-02
-6.855013210849642512e-03
-3.472222389268853331e-04
4.568164153402951358e-03
4.635940845215243133e-03
5.399632325151231156e-03
5.696124561226569884e-03
4.762355146009727980e-03
4.489709065523245397e-03
-5.512498329720766973e-04
-2.617139817993143804e-03
-2.365267562219660474e-03
-6.746276943605206827e-03
-6.322634923777076255e-03
-1.128259097984113390e-02
-1.674300313906111615e-02
-1.855998103725340492e-02
-2.102608229998959716e-02
-2.239068112269237271e-02
-2.076419330443285416e-02
-2.220116324534929936e-02
-2.100010558155860144e-02
-1.896066827813158717e-02
-1.877379443837387529e-02
-1.645946058450948810e-02
-1.500223497583182651e-02
-1.414265783005317842e-02
-1.189756992646675768e-02
-1.112404749789801250e-02
-9.413070852187037027e-03
-7.899810040081330781e-03
-9.396234488892927714e-03
-7.370939738281264211e-03
-8.311230470108822710e-03
-1.157680443130998035e-02
-1.155712348840132360e-02
-1.463545271198381931e-02
-1.570409348332744981e-02
-1.380456042844522765e-02
-1.359370362937892089e-02
-1.053328341171622107e-02
-7.574362572882659128e-03
-7.259782362508259736e-03
-3.689334942037621363e-03
-3.081045924379420802e-03
-2.667328955210075160e-03
-6.849039967203244920e-04
-2.089393888861327576e-03
-4.354962558238037809e-03
-5.374068410316630573e-03
-1.290402647950940861e-02
-1.668062034632139534e-02
-1.521354131639055321e-02
-2.051197254647460499e-02
-1.875206196290920765e-02
-7.769831415002554503e-03
-7.491769876871522127e-03
-4.404272633140419307e-03
-1.028205143565262894e-03
-2.568607443873271567e-03
-4.187942457661560178e-04
-2.459932913644117137e-03
-4.554492409666514516e-03
-4.998809879436638855e-03
-4.951415170084642360e-03
-5.288824958182307932e-03
-4.144491008974160971e-03
-4.502221579718197753e-03
-4.808348143951623674e-03
-5.119476669701279216e-03
-8.627300189323939411e-03
-1.211287840637187939e-02
-1.366660015063819039e-02
-1.143771202739922443e-02
-1.004175923112803070e-02
-8.712638252926542537e-03
-6.195605041104411403e-03
-3.614092742337930882e-03
-1.793071604431219733e-03
1.339444338499111084e-03
5.816682276109675157e-03
9.161619014267983682e-03
1.303959711522369863e-02
1.542114538072967070e-02
1.830392010305730358e-02
1.572378937524115255e-02
1.234416490610464393e-02
7.628339409005464519e-03
-3.987583250320596122e-03
-1.254972646439334732e-02
-2.398353859414551273e-02
-3.132883084459268941e-02
-4.201943939162453706e-02
-4.553287051814125519e-02
-4.437404513301927700e-02
-4.788320236751926473e-02
-4.248850248417950642e-02
-4.057913368918054930e-02
-3.823922945696761611e-02
-3.405913840386173841e-02
-3.016614632219754427e-02
-2.665702135508594278e-02
-2.660131567277849995e-02
-2.376751249447250913e-02
-2.356329787333052289e-02
-2.203372809096378754e-02
-2.085325659776934501e-02
-2.128594745123773418e-02
-1.889707616325755207e-02
-1.971701557857199680e-02
-2.045468675744922110e-02
-2.110431793626253022e-02
-2.439957243977204995e-02
-2.484853741539036140e-02
-2.746737821564559923e-02
-2.987160588541098311e-02
-3.074306786790718254e-02
-3.543090376491323662e-02
-3.648198740856161554e-02
-3.831040310212301125e-02
-4.095751563675155416e-02
-4.117783483793203275e-02
-4.337569891489900797e-02
-4.452115127490501034e-02
-4.492381791537947838e-02
-4.730381701220476992e-02
-4.718328567840052168e-02
-4.832041481791785054e-02
-4.952994232701486699e-02
-4.599038592661553598e-02
-4.714883370965587683e-02
-4.442346488581426500e-02
-3.937400707687253171e-02
-3.754123450741153611e-02
-3.220637390050767879e-02
-2.939093687420445827e-02
-2.575139771194588298e-02
-2.135537229753270427e-02
-1.605869378028312866e-02
-1.350720914744220000e-02
-2.610990501428364207e-03
5.173615358522526885e-04
1.295171955287492465e-03
2.612362399652802189e-03
2.226734521353402035e-03
1.695946781993383067e-03
1.437381307961269929e-04
-8.215440383434992810e-04
-6.025935579885727819e-04
-6.680275222307995855e-04
-1.804596706463025124e-03
-1.942187025816437262e-03
-2.478753564934080625e-03
-5.960292400957223000e-03
-5.453700918077203363e-03
-9.473662789337491952e-03
-1.439638070396745233e-02
-1.666912347536873840e-02
-2.690210186225902578e-02
-2.888004270114331168e-02
-2.923401687250893471e-02
-3.256755640306382288e-02
-3.169157658431014102e-02
-3.171678727678901855e-02
-3.241025952046854702e-02
-2.352295777795818110e-02
-1.902810426517855674e-02
-1.609653236918594243e-02
-9.737344943528456961e-03
-8.736025882805000670e-03
-7.136039530976705583e-03
-5.626389376249936458e-03
-6.189579813468633340e-03
-4.118706402924573670e-03
-3.889391296083810103e-03
-3.729190656869639693e-03
-2.092481366278667321e-03
-2.306343927580424124e-03
-1.046500899570624709e-03
-7.724440722558706179e-04
-1.929778176822933948e-03
-2.466838644689947103e-03
-2.087145148061177354e-03
-1.697639083718282876e-03
1.842888362444631374e-03
3.355416759780414752e-03
5.308497100466315517e-03
8.647834284818625358e-03
9.325431967359553917e-03
8.523727512520718613e-03
9.202009096545360825e-03
8.176452963525260298e-03
7.135494826584935085e-03
5.041681146565892349e-03
4.158051842280518183e-03
1.287972382524887058e-03
-4.472661176989248082e-03
-9.116744346752971365e-03
-1.495931036974036329e-02
-1.953414480997194697e-02
-2.633372858189995253e-02
-2.991195394984875328e-02
-3.133522947295690197e-02
-3.422454711602076344e-02
-3.467045021260600074e-02
-3.425515361490964056e-02
-3.649472621122342580e-02
-3.550595340193851701e-02
-3.457521209450133137e-02
-3.419569591899702943e-02
-3.218561365281583098e-02
-3.124889016241572115e-02
-3.052689488091322317e-02
-2.840452224202800330e-02
-2.770030284634387302e-02
-2.654846508120702747e-02
-2.357098189848207126e-02
-2.399271631656900439e-02
-2.140419984100303680e-02
-2.106587289841883176e-02
-2.339937183603165577e-02
-2.185764638736645629e-02
-2.353788933029874256e-02
-2.393186823430305810e-02
-1.911854521737096912e-02
-2.109561972456857129e-02
-2.118533960384571396e-02
-1.680630573100217601e-02
-1.734730996121417596e-02
-8.829444877912371800e-03
-7.738933409972507255e-03
-1.954794664098053608e-03
5.041487839431216256e-04
3.971024282698550414e-03
4.547518502484106800e-03
3.904569421573287659e-03
4.710662905871809865e-03
4.951718876556921584e-03
4.734514400072178074e-03
4.860200007956151647e-03
6.318288701081671913e-03
3.743599175076537701e-03
3.856393801771807860e-03
1.568873552455526564e-03
-5.761247496602244292e-03
-7.999141824034571024e-03
-1.243191942428712241e-02
-1.802797506651764026e-02
-1.933957099683455277e-02
-2.565923575997599432e-02
-2.609260338223616874e-02
-2.275243635882590043e-02
-2.390781281855076934e-02
-2.268973904625916707e-02
-1.995166889860338494e-02
-1.899423526313993860e-02
-1.781205501297568328e-02
-9.677138225563389207e-03
-9.015875397335584157e-03
-7.401660851208319118e-03
-4.763675222596836130e-03
-4.426755948999223922e-03
-3.177943970552258700e-03
-1.346028841322942284e-03
-1.203349677514206672e-03
2.814821494848225776e-04
1.875183494127031602e-04
6.733100907002620688e-05
4.483749356258218003e-04
3.277505271555183181e-04
4.367659725353399496e-04
5.712705990730973602e-04
5.443937937876948668e-04
7.792531809954514159e-04
9.079844491246642432e-04
9.597009499225370773e-04
1.738175077469085407e-03
1.745456736405427353e-03
1.928938825194825932e-03
2.103150440361736470e-03
2.102108310491874067e-03
2.132827207870866253e-03
2.139889777115811659e-03
2.141217802330417329e-03
2.150369704785331723e-03
2.150796621913119051e-03
2.153056514942937229e-03
2.155140374422812900e-03
2.155276765279338404e-03
2.156249327525688701e-03
2.156425993351081521e-03
2.156450558441610956e-03
2.156481774842688298e-03
2.155737925052584898e-03
2.155634695759955314e-03
2.154180331626392910e-03
2.152194793678371791e-03
2.152025572851757901e-03
2.145108026202229359e-03
2.143148038234511579e-03
2.139231300022463155e-03
2.115372231882355243e-03
2.124824174633455250e-03
2.086239299385203843e-03
2.035732682601661993e-03
2.085485380700849087e-03
1.867295202869787528e-03
1.890883343887789659e-03
1.896538216952439650e-03
1.009196320712352473e-03
1.019564683124775861e-03
