1.236869283733014763e-03
1.562751346133384352e-03
3.143845057742980509e-02
4.072515980164479604e-02
3.052790437986307309e-02
2.287966695189163138e-02
1.624302355702822095e-02
1.624241754853098657e-02
1.624192068407891848e-02
1.624171212490200036e-02
1.624174033432920772e-02
1.624174033432781300e-02
1.624174033432795178e-02
1.624174033432898220e-02
1.624174033432924588e-02
1.624174033432918343e-02
1.624174033432901690e-02
1.624174033432903425e-02
1.624174033432933956e-02
1.624174033432838893e-02
1.624174033432832648e-02
1.624174033432866301e-02
1.624174033432901690e-02
1.624174033432916955e-02
1.624174033432917649e-02
1.624174033432880179e-02
1.624174033432779218e-02
1.624174033432874281e-02
1.624174033432893710e-02
1.624173760499135130e-02
1.624176300246212706e-02
1.624174936948246176e-02
1.624190321070554874e-02
1.688418175384341288e-02
1.639678659809461550e-02
2.140690544413863250e-02
2.108561430951742810e-02
2.206036230359049999e-02
2.206115331803064350e-02
1.935584247014652051e-02
2.139458379075565020e-02
3.007635882162322874e-02
3.142971069532773942e-02
2.735207208816724592e-02
3.531933137241044518e-02
4.133120867893542993e-02
3.818477572292438421e-02
3.938326679063895025e-02
2.151289915671603103e-02
-1.222569262495283755e-02
-1.481763995518321254e-02
-3.126490760845186765e-03
-1.504900177747283893e-02
-1.571040704691645598e-02
-8.519009061383487832e-03
-2.558587599574231163e-03
-1.234134098169729736e-03
-1.233562372840865066e-03
-1.233770709333918778e-03
4.922943127466017713e-03
3.812671241688498323e-03
-6.930984802745649744e-03
-1.000813873627096062e-02
-2.192194866645761145e-02
-2.155395963024995393e-02
2.292821521069416182e-02
2.949932156027467584e-02
7.718933625342216248e-03
-1.264873634375968635e-02
-1.820438678012365613e-02
-4.552716686602645974e-02
-4.081732986321904427e-02
-2.772292698259838650e-02
-2.063008065131025082e-02
-1.275565851221833157e-02
4.132717104241226402e-02
3.202362584661684608e-02
1.663712923565477050e-02
2.607175158461138426e-02
2.563439616652436748e-02
5.718443364124420336e-02
5.881031687615893150e-02
2.403411275152470342e-02
-3.694833455962179269e-02
-3.413099461824726372e-02
-1.161192716661542043e-02
4.500131779903104000e-03
-3.545606913386626074e-03
-4.356993908051491615e-03
-9.764180406001334023e-03
-9.272787800223300167e-03
-2.478504445184935567e-02
-9.485786643094018533e-03
1.601689291675214080e-02
3.079708989455121407e-02
4.919938694713554828e-02
7.434303956672649871e-02
7.677172131492140950e-02
5.277903910111421404e-02
1.647583414662680962e-02
-2.666671258634069255e-03
-5.032057122688922760e-03
-4.082899143881126708e-02
-4.219668279080763390e-02
-2.040319581068567034e-02
2.165124789194723329e-02
2.686079551352142311e-02
3.910258855287545438e-03
-1.306184568896050051e-02
-3.892560924380063930e-02
-4.470618992461850016e-02
-4.405263090314189695e-02
-8.630003115878268072e-02
-6.964960988139812237e-02
3.347441134960539577e-02
1.058065373679405730e-01
1.171124115320120729e-01
6.704873773125366587e-02
-5.133497164550644698e-03
-3.080562425886679626e-02
-1.015841183731951494e-03
1.218175243158936896e-02
1.772995427903381258e-02
2.783022042112443667e-02
2.590647674931840019e-02
3.669100297645820630e-02
7.272126354818314597e-02
7.932819367386240161e-02
4.368322905586492777e-02
-2.485726113246257418e-02
-2.828658994943779662e-02
-1.214190843762107293e-02
-1.051681301984497101e-02
5.565142121980609126e-04
4.340767295442441928e-03
1.086710382920978409e-03
1.087124858815514223e-03
1.086869253528098978e-03
1.087217669535496620e-03
-8.111699369806887145e-04
-2.148608689702696199e-03
1.513343090391141600e-02
1.556187957338173861e-02
2.014285218486496984e-02
3.148809033655766698e-02
-2.037775899462238374e-02
-5.540737420964647608e-02
6.220020088233825344e-03
7.262811684624065345e-02
6.748258578914390071e-02
6.633147127713581725e-02
5.348498731926677741e-02
5.104587190008704617e-02
4.936223546262779455e-02
9.041318738817102907e-02
8.986809270532061800e-02
7.881700707608542411e-02
9.857176713396448298e-02
1.051932326057263972e-01
1.124020079534899103e-01
9.342165202884267217e-02
8.592902691595392939e-02
7.913045618155552241e-02
6.886183401535111992e-02
9.324118617487608951e-02
8.770517534971709883e-02
3.370051892589562281e-02
2.900738597617726414e-02
-6.645545916755810686e-04
4.369885322985870148e-04
2.782439606120409165e-02
4.819090600259508250e-02
8.117417876611622563e-02
8.767959400702411699e-02
8.077321215108872188e-02
6.318058492176634178e-02
4.690421200231133930e-02
4.085291738449228077e-02
1.214373285183344663e-02
1.013125579436320589e-02
1.266792916479091841e-02
-3.616220610644219069e-03
1.741668694472690978e-03
2.415167736887319921e-02
2.955998567841762112e-02
3.157747763777386113e-02
3.756616110597868485e-02
4.402647375656981721e-02
3.109800979107431654e-02
9.563087537141117672e-03
1.876415709495049891e-02
1.185913625264564328e-02
2.159069225296508798e-02
2.329874702577017578e-02
5.257494915707577876e-02
7.214822501667711441e-02
8.143852850822284883e-02
9.270564420694887148e-03
-5.998100741584937168e-02
-1.185432404725202810e-01
-4.215841912806859298e-02
-6.811119415966522973e-04
-2.667045543293942219e-03
2.143080624094925030e-02
3.243723814678008827e-02
2.063502911655182293e-02
-9.032974418520831744e-03
-4.680745605904358675e-02
-2.137370458817442614e-02
2.380204680497216216e-02
4.523166761565788202e-02
6.440836823412242340e-02
9.472154800481408232e-02
6.611135851557940757e-02
1.495507768110660406e-02
-4.970859733726937062e-03
9.140781418885442558e-03
2.434990093071329881e-02
2.981472271106894167e-02
1.723099149790735529e-02
2.036674487393997160e-02
4.853538427936014005e-02
5.178415813358216990e-02
4.551248042203993871e-02
5.873279196924358070e-02
5.482101003826548441e-02
9.767909117676949748e-03
-7.459717181022352747e-03
-1.763796371613487145e-03
-6.078857527956338380e-03
-7.695221733227378038e-04
4.197268724013541595e-04
1.577606544785156880e-04
4.304439488689147490e-03
5.045738628526226857e-03
6.155725851061144213e-03
1.953457087035525078e-02
1.940898051654844220e-02
2.014968726475725030e-02
1.787694912133499375e-02
1.217550102206284811e-02
4.077670777704418131e-02
2.662663458673646816e-02
1.030444803939039623e-02
-2.698435337550353016e-03
7.821198255828956669e-02
8.830102455480777490e-02
-1.796644225824542765e-02
-6.161864828824609175e-02
-1.698145509320232727e-02
4.028581977459892022e-02
4.819114709963914778e-02
4.862353514588175357e-02
2.555471472212728079e-02
2.088459458683654402e-02
2.238674661995707776e-02
2.581375552263685119e-02
4.970737740598682453e-02
4.737831477457547097e-02
-1.419341699016029440e-02
-2.320909234077489849e-02
-2.561221267141896088e-03
-1.862110284213313249e-04
4.751606933405130330e-03
4.057864635202611259e-02
4.799818195794981757e-02
4.205673521309837015e-02
2.669758607370802811e-02
-1.120216126639263753e-02
-3.456468818502540108e-05
6.481051798058515799e-03
1.125085448025461669e-02
1.125151742193481082e-02
1.125179659359751110e-02
1.125115658310560721e-02
1.044488880419350285e-02
7.157706184188641560e-03
-1.476212429655076111e-02
-1.435881388263488510e-02
-9.974732271455691301e-03
-8.929879662774465460e-03
8.283323071886001046e-03
9.765459484482720207e-03
3.149521584656857220e-02
3.872412389472816574e-02
3.835705662965617491e-02
1.729832447598568176e-02
1.403515294694471748e-02
1.322221214716137912e-02
1.322241964034059393e-02
1.409202352177534381e-02
2.028987119583313195e-02
3.870588599235554039e-02
3.640453459930123592e-02
1.421798127171169067e-02
1.193038036622172046e-02
1.618740637230343601e-02
1.011817471767385151e-02
2.441514839921759758e-02
8.268775530773864874e-03
3.081659153180463240e-02
5.127595181741046587e-02
5.790393883770687117e-02
3.424280479629924351e-02
3.921677509447306365e-02
5.372015639569694551e-02
5.465867589532118903e-02
2.635128299869960930e-02
-2.031360843415846301e-02
-1.310580159495580710e-02
1.250187682377903141e-02
1.928676470429282336e-02
1.924700980571864006e-02
1.978890642895156718e-02
2.158550501833013044e-02
2.049902016841715843e-02
1.793511452354654145e-02
2.300796150868523668e-02
6.476976446952069366e-02
5.738989275095080639e-02
5.599688639410786706e-03
4.270671885910830995e-03
2.048351613522361031e-02
2.601664926073401357e-02
3.031095119996624759e-02
3.032753588340779752e-02
2.093252416762472062e-02
2.447268860929630030e-02
3.547290930834538780e-02
2.633143403526745294e-02
1.366675321110188968e-02
2.382900827649328188e-02
2.466715602081451936e-02
3.871943331407995403e-02
2.999213381888283028e-02
7.989967602552687162e-03
-2.262884595919080130e-02
-2.552428199789027324e-02
-1.565389878503125470e-02
1.848148183709316834e-03
8.299798924914140660e-03
-2.410860090848588547e-03
-2.920223226707435379e-03
2.645530336814262782e-03
3.102158732396483130e-03
1.695160827300012246e-02
2.250234861440588569e-02
1.761324568933535922e-02
1.828136711565781641e-02
7.096904559608427539e-03
-1.460616447794045418e-02
-3.272950003103031885e-02
-4.481947973949220593e-02
-5.907286307639307565e-02
-5.325872694853009404e-02
-3.263291287243111349e-02
3.322217279357140424e-02
1.002143800588038564e-01
1.171137681083303239e-01
6.704897471551933552e-02
-3.530353751682822287e-03
-2.088390861062758980e-02
3.394489605621511807e-02
4.775426577235206832e-02
3.075063752372741988e-02
2.591124418549566044e-02
2.551280010452086286e-02
3.922647574257157044e-02
2.556916317092098462e-02
2.705221027679897972e-02
5.627174925723136406e-02
5.181721019515356935e-02
4.189362624698228011e-04
-1.452199145496772294e-02
4.226264513064566068e-03
1.475216241133708861e-02
4.743606721869136553e-03
-6.615029929642371465e-03
-1.813959783517762533e-02
-1.159669762323779427e-02
1.112963945506881616e-02
1.112935930531896468e-02
1.113362938895850335e-02
1.113540235202349106e-02
1.113374714768704081e-02
1.113159618847935940e-02
1.114300323126685664e-02
1.438521202628545784e-02
3.253697551923766251e-02
1.232541775344715151e-01
1.216422502225139868e-01
8.534545633890575078e-02
8.535788276969222266e-02
8.534290042180893432e-02
8.533978568833062994e-02
8.534735110357427601e-02
8.534460768335440373e-02
1.000918662753413207e-01
1.026622566667773767e-01
7.947425061600106588e-02
7.210165945861160552e-02
6.695234517833295596e-02
6.694750791291649572e-02
6.694089320974658253e-02
5.645988934161702555e-02
4.441017262040571761e-02
7.687816278571220005e-03
1.292237202034797125e-02
3.702497752093245054e-02
3.702310885723204131e-02
3.703400768628294093e-02
3.703600311098365766e-02
5.251726233503260094e-02
6.175835560169107979e-02
3.970049461668608004e-02
2.145180283032522076e-02
-2.475519837748100735e-03
-6.803700006605572191e-03
-1.150650199530050925e-02
-8.872928692011726546e-04
7.410067480888042277e-03
1.238790963781716097e-02
1.289177409182930799e-02
1.289216224834730321e-02
1.289216953317921452e-02
1.452771541544708479e-02
1.372379904336116542e-02
1.106066348420798283e-02
1.024286619672665731e-02
1.185064783771206005e-02
1.185060387073222019e-02
1.185082619440179855e-02
1.185031006601654571e-02
1.443559959246215260e-02
1.463411875228511246e-02
-4.832593334565423587e-03
-6.125242412354261340e-03
-6.522687306127487178e-03
-6.523357071696516372e-03
-6.523286824779922846e-03
-6.523291176977791435e-03
-6.523288598568867565e-03
-6.523288598569075732e-03
-6.523288598568625571e-03
-6.523288598568799043e-03
-6.523288598568670674e-03
-6.523288598569251806e-03
-6.523288598568973383e-03
-6.523288598569207571e-03
-6.523288598568936086e-03
-6.523288598568706236e-03
-6.523288598568670674e-03
-6.523275441093182199e-03
-6.523354803489954563e-03
-6.523523715185032545e-03
-6.522608838941341795e-03
-8.546488366937702100e-03
-6.349417996751323401e-03
1.897986729335162173e-02
1.999202605873755256e-02
1.559816856411309557e-02
1.559909173731916128e-02
1.559850658386922537e-02
1.665381969824807767e-02
1.482667762798317405e-02
8.365986241174343252e-03
7.838054220731648786e-03
1.149230225803814058e-02
1.149207520649572246e-02
9.185843532437841172e-03
9.275201988086848731e-03
1.039862557892422094e-02
1.155174518483888593e-02
1.137352052498019107e-02
1.137370734566491189e-02
1.137355779123749508e-02
1.305588487014386345e-02
1.309545500443327383e-02
8.943973778613643205e-03
8.102831155924111739e-03
8.023538131393184725e-03
8.023354803435536753e-03
8.023339835331032635e-03
8.023340761363854240e-03
8.023341119085555459e-03
8.023341119085659542e-03
8.023341119085558928e-03
8.023341119085742809e-03
8.023341119086495679e-03
8.023341119086724663e-03
8.023341119086127918e-03
8.023341119086212919e-03
8.023341119086528639e-03
8.023341119085930159e-03
8.023341119085381987e-03
8.023341119085739340e-03
8.023341119086240675e-03
8.023341119086108836e-03
8.023341119085727197e-03
8.023341119086124448e-03
8.023341119086290982e-03
8.023341119086665682e-03
8.023341119086249348e-03
8.023341119085493009e-03
8.023344913920335206e-03
8.023314722771349855e-03
8.023255853213629926e-03
8.023447604137862524e-03
7.184164263163818689e-03
7.110509877222890782e-03
1.216052167895359006e-02
1.267361284590134800e-02
