8.056990042060281024e-04
9.149594268046673659e-04
3.569535360699386574e-03
3.634577792471700187e-03
4.119686176769920757e-03
4.594349858623207432e-03
4.096402307295566453e-03
4.367605941602334396e-03
4.330727554548049335e-03
4.261630077179630501e-03
4.339736160731185594e-03
4.300148707858306857e-03
4.305937059034222088e-03
4.317357781332640046e-03
4.305840307496018246e-03
4.312104802110734367e-03
4.311569127679553901e-03
4.310066817256623037e-03
4.312046182579874765e-03
4.311403898443997261e-03
4.311983561860240760e-03
4.312489448883440046e-03
4.313179708757001324e-03
4.314364986814681405e-03
4.314918230102017353e-03
4.318593006774672748e-03
4.319762834005595915e-03
4.323307019020172781e-03
4.334719737515592766e-03
4.331808563376263535e-03
4.354749197554015454e-03
4.375759101334354001e-03
4.362853894605433006e-03
4.471054483878016128e-03
4.448104202985021620e-03
4.467565546204198788e-03
4.613242396354477054e-03
4.617778337039417542e-03
5.030919185855462980e-03
5.251637025931574568e-03
5.304821432886405036e-03
7.112203939471372326e-03
7.450150739639602171e-03
7.391313197627554996e-03
8.373999381784676815e-03
8.653944232963015418e-03
7.668120389949734453e-03
7.217462092778781195e-03
5.374078938981217447e-03
1.103265349201735862e-03
-1.166312962304118521e-04
2.056900424315893472e-04
-2.448947453073030845e-03
-2.315234031491316714e-03
-1.733715338301091823e-03
-1.700484514310744537e-03
-1.316851043623390449e-03
-8.552090368876236019e-04
-1.476724593594298069e-03
-7.468240883456204147e-04
-6.972054887228703365e-04
-3.140217792304461457e-03
-1.993132803970511149e-03
-3.077597033561863850e-03
-4.121902426873718869e-03
1.193542435739433595e-03
3.291760416216735902e-04
-1.002782468200204974e-03
-3.177408671530781992e-03
-3.292566285940847198e-03
-4.204424875937811008e-03
-4.280055333927780016e-03
-2.294527105082668460e-03
-1.192048275627172584e-03
-5.924424095400491076e-04
4.294177072794641559e-03
3.981658575378885928e-03
5.515029050049078882e-03
7.895193409243772553e-03
6.661080951332663466e-03
8.859405149289107870e-03
7.674582108491624644e-03
4.655248407619183050e-03
9.906390564535349618e-04
-2.923165163670410696e-04
-5.012771506370597430e-04
-3.239509916173129341e-04
-6.667359461749403776e-04
-2.797744761157586841e-04
-7.629220493959061730e-04
1.041917936024221517e-03
7.538179474529908960e-04
3.018177251432501047e-03
6.692874853848112572e-03
8.025680243560321531e-03
1.061977911733103311e-02
1.212445246143044678e-02
1.115009215186289586e-02
1.038149199014342175e-02
6.937449052849050703e-03
3.401531644009303523e-03
2.033238594222659072e-03
-2.164067328327470233e-03
-2.015831666922565397e-03
-2.523624686999386985e-03
-1.060060084779840522e-03
-5.165249186906246352e-04
-3.694886371164859788e-03
-3.921085091722190975e-03
-6.475583337878217625e-03
-7.907507967003016974e-03
-4.949083648716689696e-03
-5.385349987950386642e-03
-1.833020849246579619e-03
6.027163078011605300e-03
1.011557648518820497e-02
1.151129163504519687e-02
1.170303543730066495e-02
7.928848351352055582e-03
6.117862383910474544e-03
7.286054418409173769e-03
6.570631534064983598e-03
8.191414805983886563e-03
8.207939885614305014e-03
8.097222598952086986e-03
9.234674754046504064e-03
8.457717430791706140e-03
8.285629384112969814e-03
6.325384896194877725e-03
1.078516025643625744e-03
2.664484311898183554e-04
2.707372514287148231e-04
-1.045764206947567831e-03
4.813188143448352734e-04
6.433011383703568248e-04
3.102512986761785108e-04
1.144595356135797923e-03
8.985576612871218729e-04
1.538743152489418196e-03
2.322619764115344508e-03
2.010423353377400156e-03
4.984065824071574197e-03
5.417978920826439782e-03
5.775132847627628338e-03
8.332519957506053648e-03
7.979018390674870106e-03
8.253104261928715518e-03
1.373170543824231427e-02
1.711943976234651943e-02
1.994582945109322700e-02
2.224914820223281020e-02
2.315424794185163768e-02
2.536420443830619473e-02
2.554497023812869055e-02
2.808358160683298646e-02
2.866093885453626505e-02
2.862162156950810721e-02
3.076991820769362299e-02
2.943536268880995316e-02
3.082909957406175516e-02
2.927334684467894355e-02
2.789133584789922626e-02
2.844748334270422174e-02
2.475470017814698775e-02
2.549336180871790425e-02
2.415301514425501062e-02
1.894858889129661522e-02
2.045427666951252568e-02
1.671660586647245178e-02
1.676476415417292587e-02
2.066562673734369943e-02
1.999266968350889642e-02
2.472681879042729763e-02
2.425669666356892323e-02
2.305692751278124938e-02
2.202690360077459025e-02
1.932956372418053598e-02
1.832999674979589322e-02
1.518170387774414945e-02
1.324228670200090774e-02
1.247438005286716917e-02
9.671017769228374208e-03
1.006061249641665781e-02
1.082855378044968522e-02
1.070475598201140084e-02
1.172818067435754674e-02
1.114117881743259542e-02
1.164259716499209396e-02
1.098865402494329097e-02
8.784554735664806824e-03
9.921103126469498629e-03
8.457838317288935218e-03
8.608396155119896892e-03
9.313178488683031622e-03
8.310922155709193904e-03
7.817201529934064697e-03
6.262613799121434163e-03
1.155327239448469996e-03
-4.158373490821304537e-04
-6.665187515022050549e-03
-3.570219958887022645e-03
-1.795109726306624897e-03
-2.355234149365714128e-03
2.574803395216748291e-03
2.765606648174710400e-03
2.707890039349749277e-03
2.704882086846812327e-03
9.204918715468934183e-04
4.328003795246026554e-03
8.836453910255389482e-03
1.081872373472753460e-02
1.259143376878300857e-02
1.486577602832356987e-02
1.322027058631558213e-02
1.123790896915209322e-02
1.035295649125754502e-02
9.415126856130672656e-03
9.616986702616056593e-03
1.002375224640865946e-02
8.717714268402549857e-03
9.098623200360089758e-03
8.661092076020613859e-03
8.970594309136699016e-03
7.797632974573395596e-03
7.828323547469397820e-03
7.380979430698838759e-03
4.114595867406211499e-03
2.946879038588911051e-03
2.698352198144340994e-03
1.255657443580138416e-03
1.891481764708872158e-03
2.028778805193054771e-03
1.864800324635775301e-03
3.114044758214093780e-03
3.572870404171787743e-03
4.051001550047310037e-03
6.276144185280702233e-03
6.128627377608577426e-03
7.612956105643286370e-03
7.920968186431119260e-03
8.243184747525047693e-03
9.748116075776878942e-03
9.125110598599380646e-03
1.048776741978279733e-02
8.695570809586036787e-03
1.121709344034012117e-02
1.159266603054759023e-02
6.278831333198666917e-03
5.699653727620481933e-03
6.681115255541679454e-03
8.407893925732186705e-03
1.016609200754325405e-02
1.118284717295063568e-02
8.671098990989610164e-03
9.014203022447923874e-03
7.537435160743899409e-03
6.574375185281867463e-03
7.236954907492322044e-03
7.113870043263727239e-03
2.971845637988705137e-03
2.309365398554602371e-03
4.358629183685375219e-03
3.853480929600369177e-03
4.679683700537074116e-03
9.163731756588081728e-03
8.378423054904375611e-03
7.995865944906400957e-03
7.572736982451777100e-03
2.761224209393938877e-03
4.123496125048222577e-03
3.564208239964969903e-03
3.243576618567980442e-03
3.354329843711663980e-03
3.157181788198785977e-03
2.539846537469418047e-03
2.016658736663951793e-03
2.166758415097158434e-03
-7.953429873865408995e-04
2.351536571510562173e-04
9.348517038081790523e-04
9.671468514841657276e-04
5.009936050126729580e-03
5.285857360988683099e-03
8.108155220739550473e-03
9.301321935489152704e-03
9.675091232581849859e-03
9.071725183956717148e-03
9.545438037878096332e-03
9.386932838423771991e-03
9.463804642842164189e-03
1.031746471266778951e-02
9.991486640256957638e-03
1.119177363919754073e-02
1.155714611486971174e-02
9.648976661760434725e-03
1.046480240032224285e-02
1.031341425297621628e-02
9.687153963768159459e-03
1.181743763274962535e-02
1.152874240016613962e-02
1.312303811731780658e-02
1.519326192707053623e-02
1.586137037420681448e-02
1.546555854668184293e-02
1.605786599450221078e-02
1.550839491850716963e-02
1.430703536843478188e-02
1.244386806522825191e-02
8.624569922666296129e-03
7.757100188850541388e-03
8.793259295924480551e-03
7.710892683992365791e-03
8.129517479337735469e-03
8.336141512441120824e-03
6.577778616228316909e-03
6.976400330658333836e-03
6.719477440167386656e-03
6.472549043308736122e-03
7.186062676558796838e-03
7.015649963701339753e-03
6.219414652418049638e-03
6.639340163584116390e-03
7.915525939757811144e-03
8.044878490864642434e-03
9.776170028691180333e-03
1.047043332531497409e-02
1.028770516432335989e-02
1.028171770451068341e-02
1.139520190112434245e-02
1.023104825021632636e-02
8.928924479665621000e-03
9.441749009369344858e-03
8.043138816242485084e-03
7.747618451634737807e-03
6.389665377400653365e-03
4.126411187594238722e-03
1.486425692088561359e-03
6.750388754295803730e-04
2.515888425289763454e-05
3.532680413108097058e-04
1.222607323883574161e-03
3.464659767037264792e-04
8.501748881825332534e-04
2.035162633724029065e-03
1.380842470689838414e-03
3.011226654678783934e-03
3.248086725287647070e-03
1.523386494402280671e-03
1.195066632602329515e-03
-4.910468056004038510e-04
-3.151858234538632009e-03
-4.880316409403319400e-03
-5.873543730179186378e-03
-5.437032667529644037e-03
-1.316529772292620790e-03
2.397826517700377830e-03
8.596833015597150213e-03
1.427074550413242292e-02
1.457517980709038645e-02
1.529786616769813687e-02
1.260567525380117126e-02
1.055490040759939768e-02
1.398242464954219805e-02
1.344777433682829877e-02
1.290398175735427318e-02
1.404279683032666828e-02
1.267213752164670498e-02
1.375680269558159606e-02
1.349136889101563465e-02
1.221793010782457230e-02
1.195409254895860029e-02
1.069970637743300132e-02
6.436097291709370199e-03
5.023908691844280322e-03
4.642610723888378199e-03
3.669147276676074619e-03
2.676348383360440883e-03
2.442810992810299370e-03
1.756935673677197628e-03
2.303552598182136580e-03
3.253471118588770715e-03
3.760940220378709148e-03
4.939335141882957199e-03
5.561447861675275148e-03
7.476523544102916044e-03
8.461198548198513997e-03
1.060070138717575383e-02
1.412535959431634319e-02
1.507409894809530818e-02
2.078916204871864015e-02
2.170499216424612993e-02
2.197675914792407426e-02
2.453569839257583457e-02
2.370361810459951576e-02
2.460547764417146677e-02
2.534009081130065774e-02
2.430505276057062097e-02
2.522493952305803269e-02
2.450801834324166373e-02
2.300931172421662868e-02
2.283202453416646738e-02
2.065526278928367029e-02
1.994523163391136861e-02
1.859778366662582366e-02
1.636296614844813535e-02
1.592954745293291563e-02
1.308653244292997710e-02
1.260376044693987951e-02
1.278389309999664394e-02
1.163136955293750906e-02
1.228321731450549362e-02
1.182519762015666817e-02
1.173380962234421045e-02
1.190580104807686078e-02
1.065978476272411157e-02
9.574993082899468932e-03
5.038133965855345550e-03
4.318722780998163376e-03
2.523254747120088834e-03
2.853032692192758978e-03
3.348639070912025426e-03
3.593309525812548276e-03
3.919363516251753513e-03
4.094039181265536273e-03
4.124158181619283145e-03
4.355416771106609963e-03
4.298474966697810387e-03
4.123974379639809909e-03
4.035762269273346706e-03
4.083525960272393895e-03
3.736979256994569371e-03
3.823635239074396706e-03
3.147963278327743381e-03
2.693625456725317127e-03
2.688184515539793727e-03
-1.327407599134785578e-04
-1.818810349036138556e-04
-9.559345375447583521e-04
-1.734491364023971020e-03
-1.759150385775835662e-03
-2.202612849140823687e-03
-2.358352632515076097e-03
-2.430298998952522705e-03
-2.590682007298657739e-03
-2.609333489555389421e-03
-2.639803526929951957e-03
-2.675416311410615949e-03
-2.631860949018403981e-03
-2.599077123302967213e-03
-2.574125486784057098e-03
-2.391171761574919976e-03
-2.332124620871621565e-03
-2.136515382333641598e-03
-1.664679505293781281e-03
-1.675281314768372210e-03
-7.302842506291071928e-04
-1.994659733440574956e-05
1.063160524202801018e-04
3.421149530948068129e-03
3.481946439032905603e-03
3.734904980594028548e-03
4.609759615331892810e-03
4.203338429590785727e-03
4.324141124771755523e-03
4.325666977781490036e-03
3.286909824737554043e-03
3.279566556825968399e-03
3.372420103222222541e-03
3.106829190761959802e-03
2.957461890321791756e-03
2.953952306514840125e-03
2.803968034773334818e-03
2.882630901532608723e-03
2.816283791224187018e-03
2.836319209321238200e-03
2.753526725041812243e-03
2.795889215825292720e-03
2.789792367760331876e-03
2.412058833788790525e-03
2.370265560128505949e-03
2.267459934351074256e-03
2.172498279611779180e-03
2.155792421541033108e-03
2.110250220588953934e-03
2.089368782391329109e-03
2.078701790687893271e-03
2.063817617254402881e-03
2.058596966004794162e-03
2.053428292466433387e-03
2.049280896760303713e-03
2.047510160996418669e-03
2.045630061550124910e-03
2.044619443073466495e-03
2.043893787396095559e-03
2.043785015876153043e-03
2.043519873541175310e-03
2.043483493612296021e-03
2.045198490269755157e-03
2.043974719737792420e-03
2.046967976520845320e-03
2.050749128596894566e-03
2.045570861766136776e-03
2.063819752818067590e-03
2.059640725401288251e-03
2.056444517722085408e-03
2.124015646110949396e-03
2.051291995965590174e-03
2.145035505443568941e-03
2.270385613973085245e-03
1.969058852602071502e-03
2.707911565369441713e-03
2.897244110788812360e-03
