2.892285910555144821e-02
3.114863511431171725e-02
7.122533945809568501e-02
7.281061503085144160e-02
7.017351379213934703e-02
7.633895687025715748e-02
7.120285727933442499e-02
7.243507476580121618e-02
7.273329892779174799e-02
7.151551661029351137e-02
7.223832457898576864e-02
7.192930023910093507e-02
7.203028583815704322e-02
7.215597445664043152e-02
7.233048340627798445e-02
7.292090538854625881e-02
7.263838033327918442e-02
7.438739470335456461e-02
7.473349145361210533e-02
7.481951852046506146e-02
8.166453702773775192e-02
8.156030514386863883e-02
8.550003230539547638e-02
8.729321019661319403e-02
8.758689172099050346e-02
9.300520126013850364e-02
9.060625873356914495e-02
9.627387141506321688e-02
1.039698584394093683e-01
9.466237147933651008e-02
1.253083198260904474e-01
1.232116910113353891e-01
8.717909806622012314e-02
8.848435333126851432e-02
7.073049299288458602e-02
6.213220183575798167e-02
4.082033807773502443e-02
2.774108241814919260e-02
1.830686109677510248e-02
7.637532207290702660e-04
-3.291820828116814694e-03
-6.190986834958904853e-03
-7.951327892832491320e-03
-4.530948031691269320e-03
-5.569535321108504827e-03
-6.122044309129517220e-03
-2.578543860718575387e-03
-5.503713231386277681e-03
-4.048907347410485823e-03
5.809575521099394520e-03
1.009363729676417999e-02
2.490598262421431230e-02
2.980931470440945086e-02
4.186778079652173079e-02
4.563199836556355166e-02
5.448901259988969681e-02
7.554350896285257078e-02
6.717250387222231667e-02
1.018318033661119726e-01
1.373606866689489614e-01
1.791562168609624472e-01
2.317790825164358637e-01
2.521406750131022778e-01
2.820569461808294376e-01
3.334644644332465102e-01
3.626039719189890209e-01
3.938242351720143142e-01
4.146373883323680176e-01
4.293236018392856956e-01
4.349714402135199109e-01
4.397865951124506623e-01
4.362107158489763048e-01
4.456380920280232916e-01
4.462013235458865967e-01
4.462495670062344155e-01
4.559281940140988976e-01
4.513747577264615174e-01
4.546033306756763204e-01
4.573752370069926743e-01
4.362158981393932100e-01
4.388613762347658431e-01
4.202814045600012927e-01
3.948015250950535071e-01
3.811600067098149802e-01
3.458694160593712152e-01
3.232190984229011410e-01
2.971101681915738757e-01
2.622248182528218452e-01
2.350342555089207086e-01
1.978820087344975442e-01
1.509352549486221717e-01
1.227808205794462121e-01
6.174981165865832400e-02
2.771777621505828321e-02
2.084868333306384713e-02
-8.565148346353202921e-03
-1.127243693233732913e-02
-1.817309215282403995e-02
-2.258552340805706354e-02
-2.454805859425016751e-02
-1.805256907525271126e-02
-2.902292776032755310e-03
1.201908239075564523e-02
3.776227854188133476e-02
4.883601851339285788e-02
4.207897092571650371e-02
6.460261779774506552e-02
6.178781318650330978e-02
6.883108701474563440e-02
1.489951521669396484e-01
2.387761208619108566e-01
2.489751489659522699e-01
2.628561991006885812e-01
2.622262408522770816e-01
2.393340263489581177e-01
2.169121226473576525e-01
1.786706264983776993e-01
1.339793700808954990e-01
1.062778087239018981e-01
1.336286259891434902e-01
1.133346392056168161e-01
1.230473068158941530e-01
1.254268651536143975e-01
1.062287063578862129e-01
1.113047872224378898e-01
1.047053263883483964e-01
8.990761337924851881e-02
8.322126705411929393e-02
7.300527027999895169e-02
7.743639006576949479e-02
7.074835999677897558e-02
8.477204225078761868e-02
6.982683813056367317e-02
6.638142872344196532e-02
4.736097883779522705e-02
6.463247641037106472e-02
1.375242513614028661e-01
1.659297566093382303e-01
1.971332685074799196e-01
2.351376666679410588e-01
2.410629650046742789e-01
2.614975197639778925e-01
2.676169677443353545e-01
2.742242226717007680e-01
2.863842191190040798e-01
2.883023672694288719e-01
2.978721385743963723e-01
3.043380996587033982e-01
3.098274073288690977e-01
3.190884883731684996e-01
3.145626787759914778e-01
3.177439535875548060e-01
3.121490051251800679e-01
3.018427541807913173e-01
2.743787808421139784e-01
2.601554573168133877e-01
2.301703051967591562e-01
1.964680142851600309e-01
2.019152350408965346e-01
1.335760796781645943e-01
1.302593312559972571e-01
9.775324908532211088e-02
1.026728946948621546e-01
1.222919842181695999e-01
1.171229799972646896e-01
1.412146736973230732e-01
1.434338273734740432e-01
1.601417232153579673e-01
1.626214874559719081e-01
1.568555949233903513e-01
1.611636986299108121e-01
1.588316237217693716e-01
1.563438645125207194e-01
1.545280072135411520e-01
1.537507578088402882e-01
1.435877925178635217e-01
1.410248786447347857e-01
1.123370083264915997e-01
1.046634979205800786e-01
1.115174744836426868e-01
9.781732149269550813e-02
9.048040691245634592e-02
8.688367225482063194e-02
8.184387652033034422e-02
8.338304880475565228e-02
7.494769319367203253e-02
8.067488238448250470e-02
8.549084300104527190e-02
9.294381435202830888e-02
8.350439263214365360e-02
7.519593234289806416e-02
8.358657892311843751e-02
1.187265780375425517e-01
1.413074933776667375e-01
2.308101449115537163e-01
2.968103009627441891e-01
3.451269042216302818e-01
4.173302120642650159e-01
4.091594823614032594e-01
4.198417402262698550e-01
4.209608812588506166e-01
4.144727334393571994e-01
4.144499635404433890e-01
4.064990875843624285e-01
4.058018673590241265e-01
4.051303798956265023e-01
4.013333549747172269e-01
4.040537597459506469e-01
4.051190772109631855e-01
4.059227647370841074e-01
4.066589662098584745e-01
4.060122923531520600e-01
4.058492927980011378e-01
4.050845639924585129e-01
4.030270397508999292e-01
4.019310859553439919e-01
3.987049632980637082e-01
3.948230808299787453e-01
3.907210229240313248e-01
3.818996599234263378e-01
3.720524382066424662e-01
3.403687490125331117e-01
3.170974658846051342e-01
2.844510455888988876e-01
2.525040284851138850e-01
2.033169451975994080e-01
1.624943413499038702e-01
1.114086223394301911e-01
7.548843942754653036e-02
5.559315887979326271e-02
5.225731872025443647e-02
4.805659972150219672e-02
5.262705711843311540e-02
5.406373273064526974e-02
5.254133451840632685e-02
6.465966534939998622e-02
6.526026742361346056e-02
5.131385974799328176e-02
5.394047792817957543e-02
6.034403991728366778e-02
5.495100381461340971e-02
7.565607134718907445e-02
8.406934603455711030e-02
9.351395472835137557e-02
1.226971152204714144e-01
1.254968377631490994e-01
1.349831835618520437e-01
1.413838955410333109e-01
1.337294118383959840e-01
1.361929259267550540e-01
1.365681520051195974e-01
1.349554408983623111e-01
1.363678996910104579e-01
1.371633231284987153e-01
1.375948939036003016e-01
1.383097401432998863e-01
1.433646617098891518e-01
1.437572895415650809e-01
1.486441415219146300e-01
1.501446548804646342e-01
1.521247154257643341e-01
1.564342610474993844e-01
1.559508814602524884e-01
1.622654840578522661e-01
1.655003758340845010e-01
1.655928540268509774e-01
1.833816110222066809e-01
1.797386382900872381e-01
2.027790955518179450e-01
2.754336485403426904e-01
2.806594833888232943e-01
3.017421782301427102e-01
3.117121623110102879e-01
3.074216865615494454e-01
3.171986999105419480e-01
2.969946513711645419e-01
2.723290217853871487e-01
1.551306609939358816e-01
5.247081749478997581e-02
3.651091125982085933e-02
-1.660855937213542161e-02
-1.890437163107335991e-02
-4.346750643274759768e-02
-6.678258020949981444e-02
-6.650020369798548270e-02
-9.315247486895611440e-02
-7.493926844583476132e-02
-7.277194122508266749e-02
-5.836446381764107127e-02
-9.872572838297618419e-03
2.705143001929953724e-03
3.443525939891465409e-02
8.349382075083783272e-02
1.108286762934552333e-01
1.913642630875839745e-01
2.491266119808966673e-01
3.278824602686448708e-01
3.480877056736900732e-01
3.678699164837850311e-01
3.839095527729363688e-01
3.948533807461498402e-01
4.060716663326405795e-01
4.184661469802425371e-01
4.218190193516310194e-01
4.268811197569848392e-01
4.247859629340396959e-01
4.196008927309964331e-01
4.159243513337093079e-01
4.061222387618541041e-01
3.974545401333352546e-01
3.848711872868486039e-01
3.683755764376889785e-01
3.460296006923594403e-01
3.255097943505279590e-01
2.921321288823640616e-01
2.618755117289522372e-01
2.164215687800870591e-01
1.738920642664938121e-01
1.226704885912551501e-01
1.103819883205034991e-01
7.465377902667579002e-02
8.182578923727551468e-02
9.034059819779531597e-02
8.322723763291139942e-02
1.195457569144321441e-01
1.160497332992246333e-01
1.000444919018700779e-01
9.783357061256953147e-02
1.181496996035750202e-01
1.363578518442292165e-01
1.354836058823120637e-01
1.464696007499896591e-01
1.167641477881750794e-01
1.196263386090383324e-01
1.726352622273513993e-01
1.603724000600382782e-01
1.640079062792742237e-01
1.550713128548461828e-01
8.913935024207902957e-02
5.037558295297014932e-02
-5.137956613889844287e-02
-6.155292541374474125e-02
-8.272396751867465425e-02
-9.192243187684025207e-02
-9.141204058196365778e-02
-1.062507170531115097e-01
-1.047612717480616296e-01
-1.110427604657148459e-01
-1.219088954913169348e-01
-1.193021597707840109e-01
-1.184467332214840241e-01
-1.054430739353711677e-01
-7.939758295144559719e-02
-8.256288111497232796e-02
-4.864246283458937420e-02
1.160114528328196754e-02
5.932751986558767315e-02
1.278393040832324912e-01
1.979084319656303492e-01
2.389081833386862974e-01
3.017049512410350798e-01
3.307739929859112027e-01
3.275111269993801200e-01
3.440402101611955699e-01
3.013516752833798051e-01
2.804661829729576672e-01
2.437001621997432477e-01
1.782417987809190307e-01
1.412697130366663278e-01
1.032392667463195579e-01
6.442004256679326191e-02
1.596947641185941097e-02
-1.253547389946893520e-02
-2.055592971433202465e-02
-3.735854840329017046e-02
-3.934830480863019814e-02
-6.832550705301589089e-02
-3.454824837792100367e-02
-5.432958363258112017e-02
1.604739833840292812e-02
1.180662519107832931e-01
1.721246670391758937e-01
2.402059223834517865e-01
3.031281515469243515e-01
3.254027088741275886e-01
3.722583894151102468e-01
3.809445378620148759e-01
3.875254919911732543e-01
3.907316994411381694e-01
3.945890996925577321e-01
3.966676063990965950e-01
3.986592512386223364e-01
3.993109328800731328e-01
4.007939669798655791e-01
4.005517211594769034e-01
3.995134378326644642e-01
4.003803561033374980e-01
3.955181208991568331e-01
3.937622556368273741e-01
3.866319584617752270e-01
3.769893343055042978e-01
3.704549926552225814e-01
3.533201765801002314e-01
2.981808593709053823e-01
2.570670620149947960e-01
2.124165164738556211e-01
1.682549575064460623e-01
1.350966902143297677e-01
1.193284118466715477e-01
8.766636265742944190e-02
8.210626027757836343e-02
7.213475122847876064e-02
6.325585446816925361e-02
5.220379777794023624e-02
5.086817243744308492e-02
4.858924282844187537e-02
4.544168968107928364e-02
4.547335868151682059e-02
4.336866989705302072e-02
4.291628347334978943e-02
4.274899885225579010e-02
4.028659725896356625e-02
4.245965906684592839e-02
3.957230219257718007e-02
3.799923627320880848e-02
4.649933423659229070e-02
4.546251296678146397e-02
5.355886209342055476e-02
5.899912980899202353e-02
5.431434189302376814e-02
6.622949610525534492e-02
7.021427267184619792e-02
7.681283762296438333e-02
1.067651338163210645e-01
1.087120809614908062e-01
1.170006456909323117e-01
1.144979424714788613e-01
1.103908778828119053e-01
1.091313294897356401e-01
7.081269769045553386e-02
6.678984066243545681e-02
6.554842240866477765e-02
5.416316840309061409e-02
5.606728842113660460e-02
5.293297823862713747e-02
5.058645027380503922e-02
5.130411937065006145e-02
5.033351921386201161e-02
4.959612868098936533e-02
5.104665709337507379e-02
5.054310064902260702e-02
4.678252021262242072e-02
3.939888197018067556e-02
2.842801279060373082e-02
1.899545888314239581e-02
1.959188308672615147e-02
1.516715323868703807e-02
-1.223792424066812677e-02
-1.233364984417720245e-02
-2.598812032856320786e-02
-3.283867686988756890e-02
-3.331138601498692675e-02
-3.929820258428006613e-02
-3.811464805142494860e-02
-3.742848442619788052e-02
-3.791247314455203216e-02
-3.042788366068524195e-02
-2.842343201760452395e-02
-2.037375249123458618e-02
-2.831499734925826701e-03
-1.127895389852006649e-03
3.056178428846370240e-02
4.054667898363975564e-02
4.796346161608861652e-02
7.305145111805486091e-02
8.586225371991934585e-02
9.367959287872795748e-02
1.382099400528570277e-01
1.345873570222601012e-01
1.428543759553716208e-01
1.459357056372860006e-01
1.359464397410307668e-01
1.403130290813937586e-01
1.078299697930426987e-01
1.067192055537977691e-01
9.730074495585462613e-02
8.849053373323789717e-02
8.429791098304371955e-02
8.122400870015972218e-02
8.000371003059511543e-02
7.855339950850026565e-02
7.770373325579491008e-02
7.719140680901305507e-02
7.667458701480193983e-02
7.641401638096788351e-02
7.619669574583226579e-02
7.602898824779580345e-02
7.593585909206078399e-02
7.584866265690182185e-02
7.579609599615974580e-02
7.575241653729952729e-02
7.571644311267594629e-02
7.569944568874513446e-02
7.565183431076905052e-02
7.564700548505065569e-02
7.561430722781845026e-02
7.551826793895041745e-02
7.558464036863730973e-02
7.537284853332006096e-02
7.527719266982951796e-02
7.543542315987333824e-02
7.453342012232484770e-02
7.503603528149968560e-02
7.453435875378341957e-02
7.223707030601675405e-02
7.537156781587467380e-02
6.949793419136622574e-02
6.806549100660649887e-02
7.199255608317324528e-02
