-4.280439799202315904e-02
-4.194256081771102068e-02
-5.645842635154772055e-02
-6.050858721217227537e-02
-5.286163011625745478e-02
-5.584955730472082602e-02
-5.383157748686127203e-02
-5.265590731742605252e-02
-5.324837469549590502e-02
-5.230550697588817743e-02
-5.229178253644962970e-02
-5.224748396060086009e-02
-5.199000565177113592e-02
-5.202586549324302034e-02
-5.194903965739359336e-02
-5.190044795343533995e-02
-5.190332132065655218e-02
-5.187143379175238739e-02
-5.186589721573225953e-02
-5.186331499770471809e-02
-5.185605022249845097e-02
-5.185976842207844217e-02
-5.186454804925774015e-02
-5.186770658431121700e-02
-5.188631492627082675e-02
-5.190274260321185718e-02
-5.192080466557413149e-02
-5.198684512394873003e-02
-5.200935036522057187e-02
-5.210308679416306848e-02
-5.228102881088229903e-02
-5.228388993566561449e-02
-5.274032699405559188e-02
-5.301073602655857753e-02
-5.310432537091622218e-02
-5.474507222020126573e-02
-5.357279516694886390e-02
-5.442407902239281003e-02
-5.234257735241240606e-02
-5.089294128562059372e-02
-5.244188747009403267e-02
-4.033872505235687467e-02
-3.778221258661802057e-02
-4.727246420411385097e-02
-4.721286346372638443e-02
-4.845132170067541211e-02
-9.214785413121912017e-02
-9.408958217176176253e-02
-1.093691674383899248e-01
-1.243129999562072041e-01
-1.270096507444687384e-01
-1.371237442969184539e-01
-1.364096259231502017e-01
-1.510753549221960923e-01
-1.499932147780911884e-01
-1.556399716994849580e-01
-1.853725221319097449e-01
-1.956335393445684245e-01
-1.912590110591205761e-01
-1.961765601250418656e-01
-1.996051329320439605e-01
-2.137460671907489007e-01
-2.151588831188604722e-01
-2.281648786168578580e-01
-2.371766559100458305e-01
-2.301518260926211645e-01
-2.397896571024178136e-01
-2.359109882351601295e-01
-2.254057896359960567e-01
-2.284629282931350813e-01
-2.093999786623053638e-01
-1.995534163182724197e-01
-1.920335353660977129e-01
-1.687292555139024708e-01
-1.649239884065754891e-01
-1.722371110651244042e-01
-1.737373442671272805e-01
-1.868902950990591616e-01
-1.995037456218454186e-01
-2.073098883602504106e-01
-2.253310981032158877e-01
-2.392715410580050772e-01
-2.505916971589601250e-01
-2.489766454907330895e-01
-2.482973294381850549e-01
-2.430265782136773467e-01
-2.313733324834571503e-01
-2.135215575171481861e-01
-1.937536757445186275e-01
-1.877502968361088320e-01
-1.691280540585189951e-01
-1.649188058690773118e-01
-1.553764393970920032e-01
-1.435814810961850707e-01
-1.405473154119591950e-01
-1.092321003689876446e-01
-9.863430235182324424e-02
-8.837392542223015957e-02
-6.272063447896997213e-02
-6.034945654683639138e-02
-4.257210463038998971e-02
-4.191477598391676190e-02
-4.849342774687370045e-02
-4.412521127968283691e-02
-4.752765868852440456e-02
-5.602845694860530273e-02
-5.982618293864405690e-02
-6.485125513111519857e-02
-6.881444913313147782e-02
-6.964235584180603067e-02
-7.457031685944201516e-02
-9.445891636843384287e-02
-9.168300030126529110e-02
-1.172041886235407615e-01
-1.139412362917040233e-01
-1.475627426677756648e-01
-1.911246618326790658e-01
-1.737188438248363498e-01
-1.659053963216044203e-01
-1.707604010392556049e-01
-1.442594853913329866e-01
-1.460654318815425290e-01
-1.237111627048615853e-01
-1.009883299883276575e-01
-9.232393756433293630e-02
-8.030147516677337005e-02
-7.491791950960073609e-02
-6.319915113097727966e-02
-4.914425273091224677e-02
-3.868329258724199221e-02
-1.592659772707256602e-02
-4.736645626567798778e-03
-6.365703603944026200e-03
3.191085842343089132e-03
1.124399700787784458e-03
1.327442454530898888e-03
6.809122108440875121e-04
-7.238284336519222421e-04
1.795712700461677552e-02
2.383605718090691175e-02
4.309655829123891502e-02
2.617324993700605867e-02
6.442018612971203706e-02
5.165025235995098635e-02
3.782211525826899290e-02
5.689778116710100808e-02
-8.699456658982120116e-04
2.152702105143415937e-02
2.521557043440382853e-02
1.686250622427933749e-02
4.827553465187398724e-02
2.723186918261654571e-02
4.007825917574436847e-02
3.917491468534729099e-02
4.429069621013492254e-03
1.121926837201141572e-02
8.058881186229070737e-03
1.379267414066496188e-02
2.181831199070586452e-02
1.894757146254650443e-02
-2.454286033265612454e-03
-1.119106927143598967e-02
-7.570125344558825513e-03
-2.209840429376653398e-02
-2.221710692165899947e-02
-1.189375199745078618e-02
-1.656758674489926947e-02
-1.941701659864320320e-02
-2.142135648726623681e-02
-4.977483231968035660e-02
-4.582088614402685806e-02
-4.961293812240791939e-02
-4.613924298116688777e-02
-4.927667548878308240e-02
-5.627342086684045119e-02
-6.459632322860198173e-02
-8.738812381936147955e-02
-1.009140913893909197e-01
-1.315929393675890069e-01
-1.464781841230730353e-01
-1.737935423876714180e-01
-1.716300443646656959e-01
-2.142715889422423248e-01
-1.992076178270342779e-01
-1.429652133800604630e-01
-1.326251639101387603e-01
-8.879410514830449186e-02
-7.968149956805763157e-02
-6.706392081318035547e-02
-5.301511093578097772e-02
-6.215473890305232840e-02
-4.831534845086897512e-02
-3.863361668015942441e-02
-3.318543422758485351e-02
-3.493910952829267641e-02
-3.662524081473268051e-02
-3.919327021979093079e-02
-3.775353437639462906e-02
-4.615769612273067785e-02
-4.600445999651700535e-02
-4.191012653052235415e-02
-4.492490486867731225e-02
-2.202597405677741982e-02
-2.232732255486432130e-02
-4.461898764650314153e-03
-2.082339283587978512e-02
-9.202303017912327743e-02
-1.008958564947408099e-01
-1.029978389137869710e-01
-8.655436074528077839e-02
-7.429727798972896036e-02
-4.998895955983870265e-02
-4.367444940490794458e-02
-4.623658256179704468e-02
-3.845467502173737645e-02
-5.719428339153392882e-02
-6.881933806971804457e-02
-8.369805493847579103e-02
-9.311467831535527595e-02
-1.037877265260858523e-01
-1.169188829411140496e-01
-1.194966047626987438e-01
-1.279641969542320290e-01
-1.283739808108879110e-01
-1.316632959909642131e-01
-1.346048134573247512e-01
-1.336316727359604384e-01
-1.347161573632960907e-01
-1.355422476492683659e-01
-1.339045507005683922e-01
-1.392604089477437190e-01
-1.401966237148242200e-01
-1.377315190293563196e-01
-1.426988550446404713e-01
-1.371202324681620177e-01
-1.316038232523936147e-01
-1.154340949737582833e-01
-1.091333935642934821e-01
-1.011760841236691161e-01
-8.114433890445210684e-02
-7.930155832280647021e-02
-7.203526795876596944e-02
-7.271514974569842638e-02
-7.363630224484869757e-02
-7.355536554225937385e-02
-7.624953735582164216e-02
-7.801720532690947785e-02
-8.209000819599782117e-02
-8.413067434075419126e-02
-9.155547362509844356e-02
-9.650248643747469379e-02
-1.024842419281798700e-01
-1.167595208787921279e-01
-1.184824573650732349e-01
-1.317763402281066087e-01
-1.337527275957663409e-01
-1.309533380186045926e-01
-1.375412007472154030e-01
-1.305826279239339638e-01
-1.303179258339436375e-01
-1.286443523279341972e-01
-1.170585399066950694e-01
-1.131910970147304990e-01
-1.043129704102238042e-01
-9.370619760793988395e-02
-8.899137680064628242e-02
-7.920657059430824543e-02
-7.629641191984090631e-02
-7.882890266023399872e-02
-7.639188445024319707e-02
-8.182371803413815425e-02
-9.747041945162360221e-02
-1.002819033503801055e-01
-1.072200203662892759e-01
-1.125093967086905622e-01
-1.069010415180270956e-01
-1.046039937807409365e-01
-1.035935268825571021e-01
-1.076776953217220001e-01
-1.060996760389080751e-01
-1.286689794547684895e-01
-1.245422917770767357e-01
-1.605241073835951549e-01
-2.022077404457398586e-01
-1.976066164355731181e-01
-1.892365031373485773e-01
-2.085555999915224001e-01
-2.122156510989514910e-01
-2.288314755804556344e-01
-2.336336895694987037e-01
-2.358460383343652378e-01
-2.390688681886697919e-01
-2.359003552349585586e-01
-2.326059312917470312e-01
-2.321066619679595933e-01
-2.251736711658751666e-01
-2.189089485055876749e-01
-2.173364305701009636e-01
-2.015443118316556648e-01
-1.961893159692443822e-01
-1.840892613273866218e-01
-1.548135572490968448e-01
-1.426238553939415399e-01
-1.230478655581187936e-01
-1.070809203708849716e-01
-9.948314529006638263e-02
-8.164308456655205992e-02
-9.791544907289150002e-02
-1.153582006972994206e-01
-1.345386243924177605e-01
-1.439294216624920630e-01
-1.559708110497555200e-01
-1.573414901303082369e-01
-1.481979678708254533e-01
-1.579762222555796125e-01
-1.502017191103227900e-01
-1.459575636585379588e-01
-1.662405730333685050e-01
-1.264559973469756571e-01
-1.420365934389682394e-01
-2.043142777840368518e-01
-1.756686686809081355e-01
-1.832947015807842306e-01
-1.881314403104407673e-01
-1.780337099867562167e-01
-1.820769359358859751e-01
-1.744231408353047741e-01
-1.753094713932963344e-01
-1.625917259848809471e-01
-1.551517086132367940e-01
-1.534318180154660705e-01
-1.008404292274497349e-01
-1.019223442264812485e-01
-8.844116242758545687e-02
-8.203416797839241381e-02
-8.970507322279433482e-02
-8.137387951085253701e-02
-7.917589847258788005e-02
-7.066229664298778745e-02
-6.476522792297342845e-02
-4.303672454051171714e-02
-5.320393452632964093e-02
-1.424420910158679110e-01
-1.516073718489921451e-01
-2.094459902931878337e-01
-2.030693572316022988e-01
-1.913830160931830615e-01
-1.899243103129334420e-01
-1.750541930932897616e-01
-1.645962985803366418e-01
-1.515155532106991498e-01
-1.356001868316754622e-01
-1.318889035989856684e-01
-1.355815541848614803e-01
-1.385605027445037107e-01
-1.520420464463841381e-01
-1.662434328936729933e-01
-1.671322467889678753e-01
-1.806988049393682405e-01
-1.905099089155662395e-01
-1.913738076022107881e-01
-2.061130384969803442e-01
-2.042000181242293877e-01
-1.981244503811896984e-01
-1.980151511685313837e-01
-1.781733178409176943e-01
-1.642568891212475291e-01
-1.423043957211186927e-01
-9.287680999603573073e-02
-6.939741832285233059e-02
-3.216619699810541883e-02
7.497654063511858397e-03
1.504519374430985865e-02
3.482132901071872261e-02
3.613163805889218344e-02
3.022822340340415581e-02
3.079044122886542140e-02
2.313762332243163647e-02
2.771804692605043391e-02
2.624895977179853707e-02
2.544711874965442655e-02
2.876784465587851891e-02
2.782598128274689497e-02
3.010299409838387494e-02
3.333901517397609010e-02
3.788031594317854689e-02
4.666563608228340571e-02
4.381226774861367995e-02
4.598812207372667687e-02
4.556522795002915932e-02
-9.496880920129112738e-03
-2.062412906883837396e-02
-4.816518780639005709e-02
-7.843737385790297556e-02
-8.171927194015095319e-02
-1.102521597212150345e-01
-1.095631705993515975e-01
-1.216976878712250631e-01
-1.286422341523266177e-01
-1.305204889872682017e-01
-1.333775077584017643e-01
-1.320645302560336520e-01
-1.330989283032299186e-01
-1.333295916757619437e-01
-1.329267458532000512e-01
-1.332759863117169430e-01
-1.329720910192315753e-01
-1.325118030014546811e-01
-1.324929438083710942e-01
-1.314525626596040886e-01
-1.305631146640987006e-01
-1.301968037750955709e-01
-1.267340803700559571e-01
-1.264200901151461831e-01
-1.242768463136327828e-01
-1.351845178854772511e-01
-1.344418760643453503e-01
-1.359228312590772814e-01
-1.387989273022692815e-01
-1.396809828592392166e-01
-1.360753440419679161e-01
-1.356843514654441363e-01
-1.196795599510494384e-01
-1.197139801513638357e-01
-1.069217421076934516e-01
-9.428015996133606857e-02
-9.432717771129890683e-02
-5.094712780698188587e-02
-5.047451192607075449e-02
-4.002328558368968559e-02
-2.789384744980977562e-02
-2.782000730132938929e-02
-2.117266669779727106e-02
-1.906251539201047826e-02
-1.788662973166514278e-02
-1.570819992626760683e-02
-1.683659590758615140e-02
-1.680288135663770416e-02
-1.652098729332357463e-02
-1.742421845665109367e-02
-1.870441762717765452e-02
-1.878325033241608211e-02
-2.191748669665647201e-02
-2.474408775048314579e-02
-2.495899881356022573e-02
-3.668500509261289622e-02
-3.670468297411399322e-02
-4.068250722774371941e-02
-4.500913202314386213e-02
-4.503062312203102990e-02
-5.143020138479261621e-02
-5.181582547503395947e-02
-5.269438984836904982e-02
-5.434509489887254935e-02
-5.430815261251785431e-02
-5.493326975612446150e-02
-5.526103068996044559e-02
-5.532108647330272189e-02
-5.556119070097417789e-02
-5.560157830193376144e-02
-5.566630960750520996e-02
-5.572433139142819042e-02
-5.568366318914859392e-02
-5.576996608737827543e-02
-5.566303795004797633e-02
-5.560829083436105019e-02
-5.578350750626745458e-02
-5.517227899930976509e-02
-5.556214737460656028e-02
-5.540231762325793091e-02
-5.362523783708520592e-02
-5.628165792102492182e-02
-5.222961814282806037e-02
-5.033349520649085113e-02
-5.294183484997089240e-02
