5.349756824107127157e-04
5.710391892041276991e-04
-2.692750133816372419e-04
-5.377763588218537495e-04
2.781317608451849615e-04
3.726645864056677662e-04
1.639240493642330930e-03
1.837073279006845887e-03
2.206263206412417081e-03
2.632507964658954789e-03
2.727010970450367399e-03
2.957364294352868989e-03
3.087855043741850446e-03
3.160626059805022193e-03
3.261812995591459752e-03
3.306611419518154255e-03
3.349100010068891721e-03
3.384450492100879362e-03
3.400753890890428986e-03
3.414810526210084515e-03
3.419825895444030157e-03
3.418312190381387911e-03
3.406165333233551924e-03
3.392905121635450289e-03
3.365641209281988819e-03
3.320744601677614889e-03
3.288875329083552207e-03
3.198569847101979773e-03
3.115220720908214343e-03
3.036073548306248739e-03
2.788781487050570173e-03
2.704300865491241802e-03
2.409431844374432859e-03
1.888446270293882116e-03
1.920185827621667630e-03
8.173000645686562737e-04
7.659759957052836429e-04
4.645019630560150116e-04
-9.096238192820690275e-05
-1.425149023515364256e-04
-4.522139910979322140e-04
-1.422027783328886751e-03
-1.807331381289671622e-03
-1.890227482136643943e-03
-2.601956494368985739e-03
-2.859732326036499260e-03
-2.772072795926390758e-03
-3.266195656237651842e-03
-4.206382797165350053e-03
-4.450281525041853252e-03
-6.117973630389306368e-03
-6.740240938402485699e-03
-5.878395222545160052e-03
-6.076102194478675243e-03
-6.585254236326724270e-03
-7.155506184136079494e-03
-1.044340754843511333e-02
-9.313593477418008124e-03
-7.879345616389626245e-03
-6.953309425263272912e-03
-3.029929700142179258e-03
-1.956185499647761141e-03
1.013310111818948971e-03
7.429407916548081206e-03
9.391487580477248312e-03
1.954975831599353731e-02
2.481993037838008120e-02
2.483086125294943491e-02
3.115273119788586342e-02
2.993083925910084570e-02
2.758755882929844749e-02
2.897524210363906783e-02
2.316393177143066806e-02
1.978121385262694015e-02
1.765648879703162269e-02
8.586734135177147634e-03
7.200514710881055283e-03
7.152735934117835509e-03
4.928051238918402556e-03
7.039566523197706219e-03
8.081124281993843500e-03
7.435160404884075605e-03
9.507835260118934276e-03
9.277622676996302026e-03
1.018098808118983803e-02
1.042654504619246365e-02
1.097181567754112672e-02
6.459733974839749343e-03
6.549923417244715371e-03
4.599022528214983391e-03
1.480033777202526468e-03
3.332243306005257515e-03
-7.881199854310996702e-04
-6.955774809863751436e-04
3.651676148392452807e-03
1.369916969082445252e-03
3.478638086453232636e-03
3.671124661964054754e-03
2.205377295426665888e-03
1.658761578357967770e-03
4.799972124240573673e-04
5.331997477333208328e-04
9.578881449340925607e-04
4.088966686816502085e-04
-4.239582415140091126e-03
-8.015858852504994386e-03
-2.206064097171865288e-02
-3.264748748418028895e-02
-4.659855904766788126e-02
-6.392883363382764750e-02
-6.637808592237126604e-02
-8.039965534669936409e-02
-8.555381200762632310e-02
-8.912828888367094193e-02
-1.116393625826752473e-01
-1.149437683256310655e-01
-1.279432247401061096e-01
-1.423345335996240302e-01
-1.430572687638287932e-01
-1.623709091334480104e-01
-1.652176799648964467e-01
-1.693071136970562829e-01
-1.752667322482977796e-01
-1.696952696668274085e-01
-1.605116684401878824e-01
-1.556736955532415645e-01
-1.351375982409404042e-01
-1.192248393534225265e-01
-1.100485535086031530e-01
-8.222233557857058783e-02
-7.899692794834653475e-02
-6.507162893688213379e-02
-5.685301556722249794e-02
-5.590375997443593203e-02
-4.511899773642051581e-02
-4.328788656387352884e-02
-3.968545268931736314e-02
-3.428841154233580601e-02
-3.398735506019796848e-02
-2.997114280399497746e-02
-2.827166195539516230e-02
-2.756997485648530338e-02
-2.468574310918963954e-02
-2.440648342636917573e-02
-2.170024277076916530e-02
-2.020951052939672088e-02
-1.788942747228891919e-02
-1.295350574911055541e-02
-1.206470277227771060e-02
-5.008260450367498992e-03
-2.518325970514193827e-03
-1.974139975350020556e-03
4.658031918083062025e-04
8.855093656940362865e-04
-2.210998567348869751e-03
-3.124612366709980551e-04
-1.687593996213157901e-04
1.267266846564421177e-03
3.599292694428543344e-03
3.478254293651070542e-03
1.154130565313044726e-02
1.256984458394558302e-02
1.487278795757806908e-02
1.830710975582593505e-02
1.880012343794862373e-02
1.937176954224100606e-02
2.211753156007582183e-02
1.997134934014408933e-02
1.942093163872050943e-02
1.729948736055537256e-02
9.172031757699601606e-03
8.364044538229918266e-03
3.390597252003781526e-03
9.415054577545684412e-04
-1.559210593549406566e-03
-2.184015772555381735e-03
-3.939899225466590021e-03
-6.777867890026027624e-03
-7.911993777652951559e-03
-5.962826670497484854e-03
-5.884357938094454763e-04
1.072451739482286042e-03
9.270012435461636585e-03
8.890890835160961472e-03
1.122525796027252012e-02
1.232111426743811959e-02
4.707363753672802985e-03
3.153344983230395304e-03
-1.094325958701435585e-02
-1.619632134731094006e-02
-2.484165879981911976e-02
-3.688590684917907037e-02
-4.052385987699337611e-02
-5.282232187333565226e-02
-5.325180010410891784e-02
-5.475852248887692897e-02
-5.702872414317039507e-02
-5.243739517060465316e-02
-5.306588630748525215e-02
-5.326492848099022293e-02
-5.158295485817689097e-02
-5.285139666268469372e-02
-5.237028448285628579e-02
-5.278246582162975098e-02
-5.330714876208800246e-02
-5.414799595395011766e-02
-5.494762792763249054e-02
-5.595700648065288219e-02
-5.896610042675941993e-02
-6.045509939333067184e-02
-6.244081723475658485e-02
-6.415992823388230737e-02
-6.558039778533610031e-02
-6.669773350276343715e-02
-6.732273490867886345e-02
-6.686444727494240958e-02
-6.531000246298965251e-02
-6.328508385500813960e-02
-6.127047500000142033e-02
-5.804618610444910176e-02
-5.276991357787164799e-02
-4.805084709217383176e-02
-4.169868152905242820e-02
-3.661045005905912142e-02
-2.889352179555608469e-02
-2.349538288256040539e-02
-1.808892984276035121e-02
-1.456389114844845560e-02
-9.484626625220371476e-03
-9.192578268826480034e-03
-5.003554179412475662e-03
5.651430226829974547e-04
1.832277529363525882e-03
1.271478306931071028e-02
1.352102771190786742e-02
1.559314913541958239e-02
1.971842080601374919e-02
1.651995633693276178e-02
1.980244617974015464e-02
1.371270967044623673e-02
7.936180056598799576e-03
4.986320793003660816e-03
-1.145362344679018603e-02
-1.522351692703280759e-02
-2.291658338493724953e-02
-2.786619946763303074e-02
-3.023573108335820409e-02
-3.473656361789906333e-02
-3.838362024023540819e-02
-4.410065527984724509e-02
-5.351197249664328692e-02
-5.727626566318587409e-02
-5.986508045805655209e-02
-6.134056651892401402e-02
-5.978730984554257027e-02
-6.037155574928960988e-02
-5.741318083261971045e-02
-5.291646278731233777e-02
-4.318966221319087140e-02
-3.084347672125295481e-02
-2.668067011071518016e-02
-1.923440554363446339e-02
-1.461612886783193732e-02
-1.098758578501642102e-02
-9.010168160701010481e-03
-5.386483870609705057e-03
-3.615740807609677150e-03
-8.541206348289520894e-04
-2.696867873843372589e-03
-1.375331326526829830e-02
-1.700642558033659338e-02
-2.662780079980480233e-02
-2.774092168289969337e-02
-2.707275975087214057e-02
-2.729969981663575573e-02
-2.122423776707598950e-02
-2.347519171465119181e-02
-2.066316323667673899e-02
-1.678124700293098098e-02
-1.790984632206254687e-02
-1.296422103502964732e-02
-1.302882696569050702e-02
-1.345158134363467345e-02
-1.157542948093659430e-02
-1.278163574784589238e-02
-1.256637676195023444e-02
-1.281303926670976021e-02
-1.406885489451100042e-02
-1.422707049980463656e-02
-1.480266320847570261e-02
-1.663922103525228638e-02
-1.752225031539470651e-02
-2.036764259684934603e-02
-2.401269437418575292e-02
-2.592102404984931996e-02
-3.063674219442327762e-02
-3.366092930281518181e-02
-3.794645334095052280e-02
-4.134092884142824553e-02
-4.141963287187688803e-02
-4.079886221957084586e-02
-4.109942198131406876e-02
-3.876984238108535652e-02
-3.812647902691389257e-02
-3.587390717918705063e-02
-3.305444873105724268e-02
-3.153505052316452062e-02
-2.678923523375476012e-02
-2.437847103372150354e-02
-2.346936453736007261e-02
-2.042483597873451934e-02
-1.752227127805988660e-02
-1.590963545864142181e-02
-1.266678523164403193e-02
-1.007881753054841109e-02
-8.630458478129928584e-03
-5.686988973381700355e-03
-3.988931731843574705e-03
-3.350704564894225936e-03
-2.390320932621821815e-04
1.587595320544977736e-03
2.280457231759302344e-03
1.047088499390282090e-02
1.151083376603600529e-02
1.430293556802486599e-02
1.775297643557134653e-02
1.844780755649742116e-02
1.921903635904550350e-02
2.208943992758955269e-02
2.007872502721296318e-02
1.972460254852378275e-02
1.781924155696152853e-02
9.706170259622764335e-03
9.320286428686151356e-03
4.403995455952764218e-03
2.064853510808215345e-03
3.720257332858886647e-04
-9.253591341347895943e-04
-1.558138790831676982e-03
-2.679640650039238643e-03
-3.956207467817403518e-03
-4.241550947040500889e-03
-3.967051728179305133e-03
-9.027789100646386880e-04
4.109238018729163161e-04
-1.468252432209498195e-03
-2.459910997646508422e-03
-8.328038501156558374e-03
-1.583162024794277506e-02
-1.976256298307356440e-02
-3.559527931266442957e-02
-4.303708593859846554e-02
-5.099754092695403529e-02
-5.392130128908356052e-02
-5.908086013484715321e-02
-5.753431997335728409e-02
-5.645572786964315332e-02
-5.634481610134998292e-02
-5.384916260422187989e-02
-5.386846678032299746e-02
-5.186238245720668771e-02
-4.733591385209678232e-02
-4.702236634941223820e-02
-4.102680165395259509e-02
-3.765636123983765599e-02
-3.857311899119073711e-02
-3.183851676282477283e-02
-3.242544408291775371e-02
-3.312659396451070326e-02
-3.106232551677025333e-02
-3.256671231727564092e-02
-3.078031651892509588e-02
-3.113618219173142423e-02
-3.341530637454308977e-02
-3.227772493410498850e-02
-3.589547272858201188e-02
-3.610556805821741461e-02
-3.310615742087743424e-02
-2.956256755927000671e-02
-2.279171292355033906e-02
-1.587114832869979467e-02
-7.944445852620217116e-03
-3.117409492720887333e-03
8.088956490398183444e-03
1.126335255769549473e-02
1.456413834070521482e-02
1.863290572314020566e-02
1.916952137373743523e-02
2.182042874776424571e-02
2.338853404372344402e-02
2.271649589182740334e-02
2.570489402210490715e-02
2.427130616245726236e-02
2.344866549780650830e-02
2.770695800315878948e-02
1.835234141029530933e-02
1.470709514803922660e-02
1.317301536087298920e-02
5.624728045448898830e-03
4.077194794245583495e-03
-2.516257379118866985e-03
-5.387468265592124973e-03
-2.828064664193114929e-03
2.105636044342688515e-03
2.457532619288475655e-03
1.029008300623179308e-02
1.097058015363675323e-02
9.169946192594764789e-03
1.019496302082596208e-02
5.546469809161393323e-03
7.420976907578098313e-04
-5.125981519225541842e-03
-6.654258769079626941e-03
-9.946497534969320903e-03
-1.108270259435266587e-02
-1.248932802359602710e-02
-1.539311270504786430e-02
-1.588571313758074810e-02
-1.825493286835963222e-02
-1.969239679683303795e-02
-2.048758542692463713e-02
-2.263638853146356794e-02
-2.177703621962188626e-02
-2.120367750811658417e-02
-2.064984419941698693e-02
-1.914851708399059257e-02
-1.862902584262765213e-02
-1.717345754310233008e-02
-1.594609192497153591e-02
-1.516292341988606865e-02
-1.334790343022649629e-02
-1.332647908279644376e-02
-1.270905199586533189e-02
-1.089730556783436582e-02
-1.246824710664998746e-02
-1.061137577163853880e-02
-6.000903909257369190e-03
-7.749597579975104830e-03
-5.101292156037501822e-03
-3.781862067051472431e-03
1.330699293740125383e-05
1.136228199750647858e-03
3.629911553393144990e-04
1.047153521307299731e-03
2.425484752040941289e-04
1.743482872718712159e-03
-2.387539392479418477e-03
3.520385044709919910e-04
2.598201081682082608e-03
1.784160329850162938e-03
1.443803893622717938e-02
1.753934418437106540e-02
2.466256065923562446e-02
3.789001546004322485e-02
3.906931394535171492e-02
3.938879031449309120e-02
4.417597324770868722e-02
3.820834820242344915e-02
3.519464797204872181e-02
3.518405057690932730e-02
1.772701899483752550e-02
1.749307808111637275e-02
1.437568851195929892e-02
8.479323103610139981e-03
8.187094468279905099e-03
5.904931085924653225e-03
3.263066839190357192e-03
2.966770579927004072e-03
3.313106793160130580e-03
3.250413091329063409e-03
3.653230904422833433e-03
3.748946060620522887e-03
3.872085144093124088e-03
4.114583239073486484e-03
4.161719177042395856e-03
4.424790315821033881e-03
4.636597740346569754e-03
4.716095041490341554e-03
5.377723688673881862e-03
5.387859487306121721e-03
5.778244352630884650e-03
5.939719105828689116e-03
5.768560757299136428e-03
6.636580734841521396e-03
6.565971849357362528e-03
6.746080303176383956e-03
6.984279769653579939e-03
6.965135647639772443e-03
7.095477209250366374e-03
7.145839272430941705e-03
7.165772846359604736e-03
7.219724266856928328e-03
7.231192872091495374e-03
7.250661875340900717e-03
7.267003556527827472e-03
7.271565259171641413e-03
7.282204865423270827e-03
7.281579491368640050e-03
7.286001958746955373e-03
7.286885208752375519e-03
7.273020219940589878e-03
7.287922256052165211e-03
7.259696317881310194e-03
7.244724323511934384e-03
7.279957106385285225e-03
7.155130906770577892e-03
7.230150353948587745e-03
7.200965462580101971e-03
6.895657370924982918e-03
7.349009145692438245e-03
6.710728663867755912e-03
6.494712944883565195e-03
6.878887433686191322e-03
