-1.782366212983883536e-01
-1.945599731567153323e-01
-2.377495339082959513e-01
-2.636666070134429107e-01
-1.879125404610490213e-01
-1.550302108285210034e-01
-1.403932161907275045e-01
-1.403932161907257281e-01
-1.403932161907260889e-01
-1.403932161907242293e-01
-1.403932161907273934e-01
-1.403932161907320009e-01
-1.403932161907277820e-01
-1.403932161907264498e-01
-1.403932161907265053e-01
-1.403932161907282816e-01
-1.403932161907235632e-01
-1.403932161907231746e-01
-1.403932161907305298e-01
-1.403932161907281706e-01
-1.403932161907285037e-01
-1.403932161907245346e-01
-1.403932161907283371e-01
-1.403932161907275045e-01
-1.403932161907296139e-01
-1.403932161907267828e-01
-1.403932161907271436e-01
-1.403932161907267828e-01
-1.403932161907240628e-01
-1.403932161907271159e-01
-1.403932161907290588e-01
-1.403932161907282816e-01
-1.403932161907234244e-01
-1.437080220218047433e-01
-1.454426686683968628e-01
-1.180236493751733451e-01
-1.163662464596364049e-01
-1.128969531664494041e-01
-1.128969531664474335e-01
-1.186433969661559867e-01
-1.195959802060393568e-01
-6.442733717397822191e-02
-6.155411527412868455e-02
-5.964894879435591463e-02
-3.044392180847770371e-02
-2.214310794987401146e-02
-5.757718481568202540e-02
-7.217969830862341896e-02
-1.237262788412483439e-01
-1.278027215669724770e-01
-1.096290403020677567e-01
-7.204671571934803675e-02
-5.487946756609207027e-02
-3.431907002496201869e-02
-4.437399411246772951e-02
-6.240271951608596795e-02
-6.240271951609309420e-02
-6.240271951609217133e-02
-1.073215701681070472e-02
-7.160711265525333651e-03
-7.198206836975386269e-02
-1.426964367293536429e-01
-4.268138181850481550e-01
-6.339174629006151251e-01
-5.274260179521177427e-01
-1.130193834149120780e-01
-1.338541398300991704e-02
-4.685195544017106001e-02
-4.685195544017724950e-02
-4.685195544019473551e-02
-4.685195544018471575e-02
-4.685195544017950464e-02
-4.685195544018922603e-02
-4.685195544018257163e-02
-4.685195544017579233e-02
-4.685195544017818625e-02
4.483222271089706140e-02
1.243672537803170441e-01
2.973248255569916343e-01
2.514827364814382626e-01
9.241267434262442904e-02
9.241267434263766845e-02
9.241267434264671676e-02
1.412950760361268432e-01
1.525055465543206923e-01
6.601353089360217918e-02
4.376188571247669606e-02
-5.929566775328706102e-02
-1.937735895840670131e-01
-1.768152709831724845e-01
-1.405486671618140330e-02
-2.428690153172359534e-02
-3.265459456054890103e-02
-6.567335501523467733e-02
-7.029111821283465233e-02
-1.308573767886120898e-01
-1.143479965612655830e-01
-1.051124701660680894e-01
-1.037850638902894779e-01
-9.365158906273189643e-02
-5.287279308259375254e-02
-5.887011484862005734e-02
-1.039751857784149830e-01
-1.124846075874274681e-01
-8.157120148421298511e-02
-1.018949125629353553e-01
-1.018398427769508091e-01
-8.842495246812173693e-02
-7.508255803445018639e-02
-5.061028624948027410e-02
1.748368373714353705e-02
-6.077315134619956649e-02
-1.288644263106417387e-01
-1.569147065893470583e-01
-4.075204551174554241e-02
1.314290939571496619e-01
2.023469796265384146e-01
2.406534493891691884e-01
1.280290239104272809e-01
-6.128949471944554472e-02
-1.856440932541459365e-01
-2.108766932234665548e-01
-1.938867497445880550e-01
-9.153214585449256924e-02
-7.017902647014316597e-02
-1.000884472604568615e-01
-9.598973186330035656e-02
-1.411201139307327601e-01
-1.309010297081507901e-01
-1.390984605024513932e-01
-1.390984605024530307e-01
-1.390984605024559173e-01
-1.254775870485005107e-01
-1.128890679769323779e-01
-6.691450403208577813e-02
-6.597834756715867388e-02
-1.070371064280135759e-01
-1.962290047326151199e-01
-2.001023013285674612e-01
-2.133136718167778778e-01
-2.357035948816427473e-01
-2.079325485183474709e-01
-1.854451425565394607e-01
-1.465198090378402318e-01
-1.323118292106692240e-01
-5.043708661457609738e-02
-4.750983030904935150e-02
7.134821204994633292e-02
1.384372214009883806e-01
1.196475009429595893e-01
4.601049993629019452e-02
-8.816751876580870839e-02
-8.816751876581814529e-02
-8.816751876582015757e-02
-8.816751876581037373e-02
-8.816751876581632730e-02
-8.816751876582296088e-02
-8.816751876581774283e-02
-8.816751876581846448e-02
-8.816751876580253278e-02
-8.816751876581502279e-02
-8.816751876582257230e-02
-2.463966344164474631e-01
-3.086022520288656534e-01
-2.178633809454981474e-01
-1.387488231201894906e-01
-1.433758789534492380e-02
-1.433758789534337469e-02
-1.433758789534625259e-02
-1.433758789534800814e-02
-1.433758789534412062e-02
-1.433758789534166772e-02
-2.119851889319724139e-02
-3.617041087576331805e-04
-9.141989885443456421e-02
-8.798943335550897527e-02
-1.296630629243857302e-01
-4.356332085932101278e-02
-5.728963794969934437e-02
-1.110643786311157205e-01
-1.559829366418347685e-01
-9.486573997968764799e-03
4.401149349506752739e-02
5.241582601377547251e-02
1.299801513134655161e-02
-1.475495170740534212e-01
-1.682066993697665380e-01
-1.276177919359945401e-01
-1.024033981857746661e-01
-1.209063970299940061e-01
-1.398868842600159978e-01
-1.186079647686945765e-01
-9.807982561226895324e-02
-8.131865977008004287e-02
-7.919165664845505270e-02
-7.919165664845574659e-02
-7.919165664845399799e-02
-7.919165664845573271e-02
-7.970685869981389282e-02
-7.787910680035027566e-02
-2.920700312786419714e-02
-3.235100298140006908e-02
-6.044170201666688308e-02
-6.240825714865431972e-02
-5.417947091139533461e-02
-5.274833914438625815e-02
-5.677717339711268324e-02
-5.677717339711216976e-02
-5.677717339710982442e-02
-5.942068915267018775e-02
-6.034074970835266727e-02
-5.983481894192871353e-02
-5.851306106414806002e-02
-5.667293995278314955e-02
-5.667293995278314955e-02
-5.667293995278353813e-02
-5.667293995278176177e-02
-5.667293995278421120e-02
-5.667293995278373242e-02
-5.667293995278572388e-02
-3.973720163564881114e-02
-5.397371131532371219e-02
-7.751829949492133887e-02
-8.473887636901801523e-02
-3.633382590889908115e-02
3.230643309497010368e-02
1.071264715156825115e-01
1.091606921002816061e-01
9.459919397849213263e-02
2.598483018561321620e-02
5.654577934526403352e-03
3.585687636380636978e-02
2.538082559971915203e-02
-6.560899789376183067e-02
-4.240586818329888930e-02
-1.345941558134741978e-01
-1.509839616996686285e-01
-1.283215319554618650e-01
-9.379381311955098388e-02
-9.223334509379576629e-04
4.032265815325151298e-02
-2.226189568754399078e-02
-2.650330950547547318e-02
-3.929139521023198439e-02
-5.381881558998827947e-02
-1.384255754855124865e-01
-1.366237762246782506e-01
-8.636193295701154182e-02
-1.072849894632585122e-01
-1.545361759339169139e-01
-1.566746862709873789e-01
-3.070146038693975510e-01
-2.605822236023015437e-01
2.768708476719712597e-02
1.045583702090391587e-01
2.169164278838931967e-02
2.169164278839267462e-02
1.458420519077613664e-01
1.458664580130801802e-01
1.700162046593394205e-01
1.079410000996541552e-01
1.078921878890047176e-01
1.078921878890030939e-01
1.078921878890030661e-01
6.965109816509197638e-02
1.119315326320542980e-01
2.026717258563351665e-01
2.217922707182837239e-01
1.372314017843699885e-01
1.372314017843747347e-01
1.372314017843775102e-01
1.372314017843756229e-01
1.372314017843729861e-01
1.372314017843655753e-01
3.189042382398463160e-01
2.726053311067761498e-01
3.170811311639722650e-03
-8.766560691609930067e-02
4.932207350032803174e-03
-1.209071530586272453e-01
-9.406016333066077872e-02
-2.922860046049968394e-02
3.369107974383361154e-02
2.300284780083714647e-02
-2.066265281697673983e-02
-1.648211849051746114e-01
-1.863240586616365102e-01
-1.592304980041264195e-01
-1.598760837589223993e-01
-7.409789555647337822e-02
-1.580470134545162997e-02
-1.843144259662876649e-02
-9.598619636819143153e-02
-1.233579539450622153e-01
-1.063203568569525553e-01
-5.115986531506332841e-02
-5.212244804828643219e-02
-9.000651009791557633e-02
-9.864722099847761383e-02
-1.296298955556071109e-01
-1.256812040091795368e-01
-1.251916738915480054e-01
-2.019126642253972481e-01
-2.071126775438930367e-01
-1.776308561166290989e-01
-3.207446137344979742e-02
-4.337053388203791771e-02
-1.636117066361246486e-01
-1.834801507424683453e-01
-2.127981966743769660e-01
-2.214444517499054577e-01
-8.295972402037819771e-02
-5.443162489284025796e-02
-3.713911474178211575e-02
-3.713911474178335087e-02
-6.518914461961029805e-02
-7.817679973579588770e-02
-5.877059000477614925e-02
6.821868911705776441e-04
8.143321453460944381e-02
1.792859451080457134e-01
1.565720641295301196e-01
4.702062930740009278e-02
4.702062930739779600e-02
5.330250795606646802e-02
2.451770588717949381e-02
-5.634915868681218687e-02
-3.935203516034482124e-02
4.506666486685802220e-02
4.628828224871233549e-02
-1.255986612433258875e-01
-1.445958296071053473e-01
5.459167519321891232e-02
1.224235570786080807e-01
1.429995633063338434e-01
1.108041961250549740e-01
1.910771315415892707e-02
-1.272268455380251746e-03
6.363775217050339191e-04
6.363775216951491395e-04
1.640376909038832390e-02
2.556255751062859807e-03
-4.097535218773941390e-02
-5.152915676785919941e-02
-6.579543688119084133e-02
-3.443625631776493085e-02
-8.335593051321291136e-02
-1.056333306552872664e-01
-1.368083378732867506e-01
-2.131511243217319995e-01
-1.406055468822366983e-01
6.048946533612829107e-02
4.477899494307120004e-02
-4.823185640537355767e-02
-5.708676958169412591e-02
-2.622460171028791892e-02
-1.439415018090834178e-02
1.006411612908889204e-02
-7.262910017647826455e-02
-9.664311514547331561e-02
-5.331218790589688228e-02
-1.174265422442070765e-02
-4.355937132703063819e-02
-3.004793842531059550e-02
5.880807425942860545e-02
1.080085900376244745e-01
1.383382786508525475e-01
5.015931064934173178e-02
-1.541851518912846775e-01
-2.086052959453152389e-01
-1.115430340050682506e-01
-1.026935961164215372e-01
-5.834383645245646427e-02
-2.269849634288223506e-01
-2.435609188436352879e-01
-3.032212044348014390e-01
-3.635829890735903236e-01
-4.028512281694956454e-01
-2.491931752800282673e-01
-1.966913521300876766e-01
-4.367020135250342106e-02
-4.982523502445621033e-02
-1.151519274151314859e-01
-1.183059501997087426e-01
-1.057500497156605157e-01
-9.318949040570759235e-02
-4.502884125271595928e-02
-4.039586511647802469e-02
-7.962546767069125786e-02
-9.230141364466547260e-02
-9.354563770845149284e-02
-6.532866983984070286e-02
-6.532866983984196574e-02
-7.092163328474612727e-02
-6.267889701863865737e-02
1.202455695952197277e-02
-1.475471579350787904e-02
-1.344016003429270023e-01
-1.982894842142115532e-01
-6.434594093249361435e-02
1.425034420217218545e-01
2.023469796265396636e-01
2.406534493891667459e-01
1.075917474495340503e-01
-1.320510577704284427e-01
-3.026602618284117696e-01
-2.116580848857871622e-01
-4.198437557530847880e-02
-6.251301123256626166e-03
-7.947226965973086185e-03
-7.169010656458630476e-03
-6.873119493838419913e-02
-9.141729453046398834e-02
-8.805328398449992211e-02
-9.296602324554199825e-02
-6.155522781305435009e-02
-8.387237539882042014e-02
-1.190188105788950595e-01
-2.019754971845657832e-01
-1.905435776570831574e-01
-1.492983722431078519e-01
-2.328276033164245751e-01
-2.014107594746968599e-01
1.060266454439658113e-02
1.322526304968674182e-01
1.114802125877895900e-01
4.745570521441500739e-02
1.616349928477268244e-02
4.020578360853170607e-02
4.020578360852661293e-02
4.020578360853334365e-02
4.020578360853511307e-02
4.020578360853586941e-02
4.020578360853347549e-02
4.020578360853451633e-02
1.049215089346084706e-01
1.608593263200136514e-01
2.184510789505867967e-01
1.860932162875515716e-01
7.421758151672774861e-02
7.421758151672572246e-02
7.421758151672609716e-02
1.673094893626740909e-01
1.465814107686980450e-01
-3.331479919353828867e-02
-7.986075311650726871e-02
-3.840459592857453641e-02
-3.840459592857323190e-02
-3.840459592856697996e-02
-3.840459592857143473e-02
-9.639722387020975558e-02
-1.277899382399663442e-01
-1.468286270711186281e-01
-2.181734513338639755e-02
1.423323682070215535e-01
2.513154714806831169e-01
2.033079874972131829e-01
5.794182954526541510e-04
5.794182954609565376e-04
5.794182954704117563e-04
5.794182954619393668e-04
5.794182954608214460e-04
-1.162519100972837643e-01
-2.413781717239654179e-01
-5.138267924642366813e-01
-4.554111282678574013e-01
-2.051586050145023654e-01
-2.051586050145097484e-01
-2.051586050145116080e-01
-2.051586050145105256e-01
-2.051586050145068063e-01
-2.051586050145091100e-01
-2.051586050145111084e-01
-1.930212062472145551e-01
-1.810452504298094289e-01
-3.940159945962113525e-02
-1.208755393118618980e-02
-6.541421649455060432e-03
-4.477754418090409971e-02
-1.638099754053564394e-01
-1.439366635472685285e-01
-9.738324640283325950e-02
-7.017062787018045478e-02
-7.773863159770254272e-02
-6.641972848427994680e-02
-8.873827666654211799e-02
-1.134021669372423380e-01
-1.205468193318220832e-01
-1.502261795331905625e-01
-1.403539874477611193e-01
-1.352425974872997205e-01
-1.221935461897992042e-01
-9.954617918387013986e-02
-9.954617918386847453e-02
-1.017327730605239455e-01
-1.003894674038629253e-01
-7.092546436454956471e-02
-6.983216742622182227e-02
-7.251877873954515330e-02
-7.251877873954509779e-02
-7.251877873954555576e-02
-7.251877873954470921e-02
-7.251877873954552800e-02
-7.354892978799155989e-02
-7.214402379944531707e-02
-5.061846622899014714e-02
-5.010339070476763773e-02
-5.291320268185899234e-02
-5.291320268185902009e-02
-5.291320268185967235e-02
-5.291320268185918663e-02
-5.291320268185888132e-02
-4.812468327569500298e-02
-4.684860574029276609e-02
-7.234481288515964836e-02
-7.473907258824102895e-02
-7.729122765904698766e-02
-7.729122765904800074e-02
-7.729122765904908321e-02
-7.729122765904804238e-02
-7.729122765904683501e-02
-7.807234940398495582e-02
-7.910489062811995598e-02
-1.298087367201678777e-01
-1.294181758476985744e-01
-1.273530933994280190e-01
-1.273530933994285741e-01
-1.273530933994292957e-01
-1.273530933994298786e-01
-1.273530933994273251e-01
-1.273530933994278802e-01
-1.273530933994291292e-01
-1.273530933994292125e-01
-1.273530933994273806e-01
-1.273530933994282688e-01
-1.273530933994298231e-01
-1.273530933994285741e-01
-1.273530933994285463e-01
-1.273530933994297121e-01
-1.273530933994282133e-01
-1.273530933994279080e-01
-1.273530933994296011e-01
-1.273530933994273528e-01
-1.273530933994264647e-01
-1.273530933994269088e-01
-1.273530933994286296e-01
-1.273530933994291570e-01
-1.273530933994297398e-01
-1.273530933994301007e-01
-1.273530933994297953e-01
-1.273530933994277137e-01
-1.273530933994286851e-01
-1.273530933994286296e-01
-1.273530933994285741e-01
-1.273530933994290459e-01
-1.269152932622885643e-01
-1.275159948114297781e-01
-9.918900211711209614e-02
-9.865642751334929850e-02
