-3.644457952690512842e-02
-3.771434801387434088e-02
-6.563620418138860213e-02
-6.817113714086385501e-02
-7.035845119023353966e-02
-7.507355924615309595e-02
-7.198678127855179243e-02
-7.383319452088538126e-02
-7.404761004122553669e-02
-7.356020445047030398e-02
-7.421088999697031396e-02
-7.403687378369047667e-02
-7.408040755210437700e-02
-7.421263762830350441e-02
-7.414816497697537812e-02
-7.420121878793145553e-02
-7.421138872653279539e-02
-7.420118613922491169e-02
-7.421758730031269291e-02
-7.420862638670588929e-02
-7.420629833290966204e-02
-7.419982793077829764e-02
-7.417931620070838949e-02
-7.417214043658662548e-02
-7.412734676807831991e-02
-7.408681707576224296e-02
-7.405643053201990678e-02
-7.388928669231534241e-02
-7.385659603686833830e-02
-7.365600947704337154e-02
-7.319125144016526419e-02
-7.331023869982714047e-02
-7.216790973341744020e-02
-7.148939898589118380e-02
-7.164796754582895832e-02
-6.663923815051236987e-02
-6.595725524259216099e-02
-6.432179478423853680e-02
-6.193630423074864000e-02
-6.048805026385394717e-02
-6.045245352585879028e-02
-5.378569997748247622e-02
-5.074821561655090685e-02
-5.304562098546641846e-02
-4.683612340801140972e-02
-4.513494785641188056e-02
-6.201315284898161612e-02
-5.714878423137927099e-02
-6.867804660316093046e-02
-7.050891598840394736e-02
-5.254164369739493246e-02
-5.169289488801492860e-02
-4.695090613330293872e-02
-4.454562088335917158e-02
-4.806730459424198715e-02
-5.243581609094547652e-02
-5.160826575810534278e-02
-6.360622192196660474e-02
-6.160337462423023935e-02
-7.103645697744190302e-02
-1.051439498685503154e-01
-1.193078088211516757e-01
-1.464645689035467269e-01
-1.569433501550074883e-01
-1.468079172891691708e-01
-1.269883890047213137e-01
-1.104754171887354364e-01
-1.026867113405765808e-01
-8.260297384778131358e-02
-7.467353969248273493e-02
-6.214154536627691794e-02
-4.498995314653495697e-02
-3.952646352239903849e-02
-2.016728159340634707e-02
-8.834414899389568532e-03
8.998151381879558597e-04
2.261241010009946983e-02
2.548422790146867220e-02
3.974795191944630740e-02
4.549090098971389495e-02
3.933490159255331742e-02
4.807918787205614497e-02
3.981340704606256553e-02
3.683208782970431860e-02
3.671263364938697621e-02
2.036189307003856419e-02
1.635561444066598383e-02
-7.816054364207726708e-04
-1.876855546151125209e-02
-2.767375223669259893e-02
-3.133226917220140184e-02
-4.110928017404046064e-02
-4.328867327145941024e-02
-5.609384537646341928e-02
-5.763303394776458921e-02
-6.865334788441858349e-02
-6.773026654421365755e-02
-6.843580733526265225e-02
-6.985475420966200111e-02
-6.854822402533737591e-02
-7.083135226320491640e-02
-6.947667196699823522e-02
-7.934791446003607029e-02
-8.322345011091747402e-02
-7.395254550735096133e-02
-7.879861985009148362e-02
-7.646378284706788209e-02
-6.111119808443679635e-02
-6.023480477868511235e-02
-5.466322131972184417e-02
-3.529862364558042365e-02
-5.102044176408271348e-02
-4.264037241841180798e-02
-3.760005913951110224e-02
-1.852385651788537174e-02
3.327824626621832607e-03
-2.067019660080594151e-03
-2.360911885267906116e-03
-1.516251570968132900e-02
-3.723488727137438947e-02
-5.062445805711573293e-02
-6.732042296716660157e-02
-8.248494192706223860e-02
-8.349535148482380154e-02
-8.851337967003311546e-02
-9.205384880020675564e-02
-9.181686886432252614e-02
-8.585315786204680832e-02
-8.431134418430236144e-02
-8.539815598326379320e-02
-8.227169091711360183e-02
-8.479253685555629416e-02
-8.502828046231725168e-02
-8.262641494912809081e-02
-9.564519755122907751e-02
-9.843575552657191086e-02
-1.081758399339606547e-01
-1.371781042396512107e-01
-1.361789505174727521e-01
-1.436821716624550049e-01
-1.501513773056664947e-01
-1.262496482458693170e-01
-1.191755520177031347e-01
-9.813424433456123530e-02
-8.363663464981388462e-02
-6.007932808214742904e-02
-6.128538825657008776e-02
-3.810828631627552476e-02
-3.923359908487668302e-02
-4.589847139026622530e-02
-4.826338709405825905e-02
-5.541898867074430968e-02
-6.119757396525156434e-02
-6.461859334454018999e-02
-7.193931945869953826e-02
-7.550231137032670237e-02
-7.971958167383207117e-02
-8.633048100361633004e-02
-8.828072639779813158e-02
-9.417275102417829724e-02
-9.915997291458913954e-02
-1.004159435932864414e-01
-1.078220567872393287e-01
-1.078429897563315809e-01
-1.077004925720846384e-01
-1.078169342731630370e-01
-9.522564256150829742e-02
-9.442076522163511676e-02
-8.691369271741977709e-02
-8.203476620589161827e-02
-8.031354704071153039e-02
-7.564537826828024447e-02
-7.625211661538830454e-02
-7.301106898712129978e-02
-7.524213010300329074e-02
-7.395328481383249553e-02
-7.352164566966400139e-02
-7.425957656934528694e-02
-7.104723077878359605e-02
-7.142230315328290668e-02
-7.307218533013451478e-02
-5.536601720258823439e-02
-5.495729377004879290e-02
-4.339096977025639484e-02
-4.678191227034410316e-02
-7.698159552996916566e-02
-7.877981736730869933e-02
-8.150967982686731228e-02
-9.197002066183634916e-02
-9.172942014431799407e-02
-9.915008265885189020e-02
-9.632593256608537602e-02
-9.614824305013168482e-02
-9.251957154409150286e-02
-9.024295779135999007e-02
-8.801118119609996349e-02
-8.652549672566578476e-02
-8.367892136287430338e-02
-8.037761634562105850e-02
-8.037734995126394333e-02
-7.085779164921865436e-02
-6.963964958827696672e-02
-7.141935769905913278e-02
-6.908904665116655242e-02
-6.502420797000454944e-02
-6.452399746136644465e-02
-6.317290131291783406e-02
-6.216849745208399142e-02
-6.084326384627730677e-02
-5.965261887692770160e-02
-5.923389366862434613e-02
-5.468754986555163233e-02
-5.396517027406086409e-02
-5.183909087248286113e-02
-5.012789340225821261e-02
-4.878861370364918904e-02
-4.728168716299653573e-02
-4.522609119739338240e-02
-4.258927884549592452e-02
-4.070975529198737897e-02
-3.467709722170400632e-02
-3.084781022319593030e-02
-2.650187580616215899e-02
-2.152227465562000369e-02
-4.818551818627612657e-03
-2.354123366587799679e-03
6.791116462151209482e-03
4.243840421381358217e-03
4.059946760337993996e-03
4.899710289312427143e-03
-6.172232295837213820e-03
-7.315850547369725544e-03
-1.927729248558614217e-02
-5.019824915033436336e-02
-4.736980588602818926e-02
-6.504084888854705371e-02
-6.666120082363644062e-02
-6.127318222907299217e-02
-7.115141459496703014e-02
-5.888113040262019093e-02
-5.841155313752706413e-02
-6.415776001180675814e-02
-5.615844558878940740e-02
-6.665381833496222819e-02
-6.927869347458855132e-02
-7.895625751521406777e-02
-8.784916932259570488e-02
-8.490481883118944362e-02
-9.069995751462432698e-02
-1.030550851593276113e-01
-8.436864300665911087e-02
-8.796586903310799066e-02
-6.421014771437276447e-02
-2.627122127204578259e-02
-1.168654239809227471e-03
2.000365320114219289e-02
4.094160587791330352e-02
6.490226656215654366e-02
7.271486104680932594e-02
8.210349582042444916e-02
8.202561370200103785e-02
8.560971069607486994e-02
8.774123751103277136e-02
8.694352440154395900e-02
9.051087958188323845e-02
8.946369731775670464e-02
9.072363149565068619e-02
9.212589410848998073e-02
8.730109251552414795e-02
8.880355559707768520e-02
8.503878259722641442e-02
8.094665622738521360e-02
8.094926130254395669e-02
7.245957219393914239e-02
6.953644379757759064e-02
6.268892776528611765e-02
4.810461759084502797e-02
3.877925426143567084e-02
2.775760338988688888e-02
1.406507764425234119e-02
6.018166616784742344e-03
-3.800179974001833497e-03
-1.458951416531027376e-02
-2.849482300557703435e-02
-3.956676628704463433e-02
-6.383465462565839077e-02
-7.719718948306547590e-02
-8.524440653701538528e-02
-9.365035130318186130e-02
-7.392525700496956065e-02
-6.502617701544449735e-02
-6.225873730778935106e-02
-6.365497536064690376e-02
-6.685447971019532754e-02
-6.559659145936543034e-02
-6.537053198641787355e-02
-6.482822878687596879e-02
-7.529080741894199347e-02
-7.659065285737071127e-02
-7.589986980404941908e-02
-7.779062225278805809e-02
-7.749961635949052796e-02
-8.128203290012298021e-02
-7.819035689856380922e-02
-8.221722682728446752e-02
-7.579109996134548999e-02
-7.484199995636763025e-02
-1.081200875086600621e-01
-1.012250828860772334e-01
-1.107097621455576386e-01
-1.181031748943970616e-01
-8.566178149222895832e-02
-8.381473425611035699e-02
-6.100336107444943867e-02
-4.955121735287194851e-02
-3.868942166540428884e-02
-2.073673329699583096e-02
-1.060844527379715962e-02
2.164514063795277415e-02
2.662457569233584592e-02
3.763041757533010234e-02
4.005341484152731557e-02
3.447026436598610299e-02
3.576012170972089899e-02
3.047907025563274114e-02
2.439886298223744102e-02
2.168605052532593738e-02
1.710290282489944011e-02
1.350780717611315893e-02
1.562387208111965832e-02
6.386300138214531102e-03
5.273659489194581530e-03
2.682133778234405130e-02
2.460468361516887290e-02
3.088816383065418752e-02
3.161507026040090429e-02
1.596652809091650416e-02
1.640118487097935035e-02
8.666769559848346016e-03
-2.435621170893661862e-03
-1.312910444710355812e-03
-1.610737783768378256e-02
-2.194255860817083056e-02
-2.907425649573874490e-02
-4.586188200177010454e-02
-4.535143582039537213e-02
-6.314738812917800037e-02
-6.642094241832216528e-02
-7.565391737273793882e-02
-7.782832036703773992e-02
-7.224101560118151300e-02
-5.220623128794134316e-02
-5.334733279725865918e-02
-5.408861047092431568e-02
-4.615080651182988658e-02
-5.008589329030751353e-02
-4.559375628855869694e-02
-4.184445406678168056e-02
-4.728140519620699367e-02
-4.157360684107901105e-02
-4.339955534110927216e-02
-3.716743008473544219e-02
-3.622932240785966401e-02
-3.747912130569238526e-02
-3.030496794522906726e-02
-3.551152881493490482e-02
-4.058444932441315767e-02
-4.547636771936058864e-02
-7.310222991731345210e-02
-8.235859932845923659e-02
-8.887284365370842765e-02
-1.062246173344736228e-01
-1.043018938510144322e-01
-1.193772863836146392e-01
-1.257311345583213003e-01
-1.292215088580603854e-01
-1.395003326360823304e-01
-1.404532680529850530e-01
-1.351781585109494421e-01
-1.355654538415158594e-01
-1.026049852875276225e-01
-1.013130820355683526e-01
-1.037980197395756976e-01
-9.082954197767695304e-02
-8.795749375749371823e-02
-8.455809525208178579e-02
-6.988957399279334404e-02
-6.658160569081433833e-02
-7.042268594631917455e-02
-6.123813415247043868e-02
-6.280449150967398753e-02
-5.437075554572011471e-02
-5.100601324981181295e-02
-4.801263271826122087e-02
-4.686579072850553807e-02
-3.625218478281346662e-02
-3.671254271452670248e-02
-4.542741551024147978e-02
-4.704121427796929822e-02
-1.954695825101182213e-02
6.092174119712970336e-04
-4.348321430547386415e-03
-4.526148039783096542e-04
-1.943087156532055659e-02
-3.246164179301237046e-02
-4.878769580735287104e-02
-6.029254740939032908e-02
-5.125608760339418757e-02
-5.150644229981149458e-02
-5.104742126923247220e-02
-4.717631062327385522e-02
-5.860075593488853901e-02
-6.381234898845962455e-02
-6.728474774985586382e-02
-8.290306138249251000e-02
-7.961051918236783376e-02
-9.481755100593669550e-02
-1.013254624795023595e-01
-1.179613309630700435e-01
-1.177606151076002611e-01
-9.368906240388377715e-02
-8.672853839172681156e-02
-6.273572169671937093e-02
-2.785594456006104322e-02
-6.997845667258489714e-03
6.408992798014304451e-03
1.533796770536446571e-02
1.946860625129982758e-02
2.707043732666614133e-02
2.956460977315114591e-02
3.553803296833384084e-02
3.774062460825088755e-02
4.269759365465075618e-02
4.766513584919586377e-02
4.781797522506896908e-02
5.765881929599966926e-02
5.430837066944396024e-02
5.532015330834117589e-02
5.332598926019403718e-02
4.576628906426136179e-02
4.660276730664665579e-02
3.744534286790538596e-02
3.310261972774002082e-02
2.928949488036047127e-02
1.467939557342740065e-02
1.087043110181204995e-02
6.630127758636141736e-04
-9.314697644096920151e-03
-1.064071305729219485e-02
-2.235367971628506728e-02
-2.394562475829716680e-02
-2.590289195564290242e-02
-3.387112040467218921e-02
-2.434549852518789331e-02
-2.832289259040510904e-02
-2.992688630253445559e-02
-3.511485257791849279e-02
-4.554389894844286524e-02
-5.009370396482347443e-02
-6.277934490286221636e-02
-7.204678625757501842e-02
-8.091212516677864786e-02
-9.638978974505976738e-02
-1.022267851814405021e-01
-1.145163226220003716e-01
-1.204636202753687074e-01
-1.181319918270586633e-01
-1.238422450644141304e-01
-1.209188937219663890e-01
-1.207607768537834747e-01
-1.202183933612689659e-01
-1.169422722775616541e-01
-1.154690850949660202e-01
-1.109233848062628897e-01
-1.087395695095308146e-01
-1.020103668926925916e-01
-9.803531555943352516e-02
-9.579430674062415496e-02
-9.042846584526553766e-02
-1.013359175441688187e-01
-9.403932137342489728e-02
-8.440733159353069892e-02
-8.248216979777862889e-02
-6.782503805339631930e-02
-6.988077594750034816e-02
-7.171342958461768280e-02
-7.297780765412865966e-02
-8.847346217434930160e-02
-9.401538213808373345e-02
-9.612502921104296161e-02
-1.006303697238314643e-01
-9.756584999568261585e-02
-9.325387044501792788e-02
-9.170379799711222968e-02
-8.744908030353752693e-02
-8.632838566414570425e-02
-7.679290979071144718e-02
-7.509465396075433452e-02
-7.268552925986693225e-02
-6.925686639749654983e-02
-6.749070356066989851e-02
-6.598378193743709152e-02
-6.266289838363375830e-02
-5.982634216520381354e-02
-5.912398636165416832e-02
-4.948663273700387721e-02
-4.946549074009921887e-02
-4.757416471440299027e-02
-4.523829182209566924e-02
-4.575947961294331290e-02
-4.427985800180653242e-02
-4.514712410707202167e-02
-4.526970251737293810e-02
-4.484002482491979830e-02
-4.987788967662940692e-02
-5.016567220044708397e-02
-5.213513173439245085e-02
-5.366371828774885860e-02
-5.468482951195234587e-02
-5.562106988938005786e-02
-5.727622607489560314e-02
-5.922226214114684195e-02
-5.949012066828769651e-02
-6.515746682418234459e-02
-6.514929840594016475e-02
-6.602066050097551986e-02
-6.735841266138338501e-02
-6.728452987908346838e-02
-6.783576474672661782e-02
-6.808200519528471995e-02
-6.813643212591474763e-02
-6.833270758767170938e-02
-6.837464062818077171e-02
-6.842485068610693055e-02
-6.847838198376900165e-02
-6.848991935747188176e-02
-6.851272274941391793e-02
-6.852465492953019321e-02
-6.852779146851961656e-02
-6.853506234306734612e-02
-6.853290141857087958e-02
-6.852868740351296395e-02
-6.852955688941865520e-02
-6.850686508772156624e-02
-6.850038043081219108e-02
-6.848478339337439602e-02
-6.840682420474193670e-02
-6.843133197355742714e-02
-6.829823043597636756e-02
-6.813867547759930310e-02
-6.826149998063192614e-02
-6.756810024672048332e-02
-6.763372696370409387e-02
-6.754015395068450889e-02
-6.514786268747393971e-02
-6.723454537928588715e-02
-6.344760892675238573e-02
-5.851830502848208437e-02
-6.107250365946533671e-02
