9.502639733800512765e-04
1.011431361786498681e-03
9.523594009720995519e-04
6.137086182405601187e-04
1.735623975337578003e-03
2.095554058593013160e-03
3.394853764256765705e-03
3.749830689530516022e-03
4.171828076823818829e-03
4.622919573226723540e-03
4.773730521728519229e-03
5.008639391625574477e-03
5.155785130798376005e-03
5.242335981843566396e-03
5.343233426487060261e-03
5.395830023791146901e-03
5.440362767731979354e-03
5.477093648763271989e-03
5.496911804497211194e-03
5.512595815480300816e-03
5.521282428805794444e-03
5.523181816944668435e-03
5.516585929676023729e-03
5.510304372832405297e-03
5.489408462754947517e-03
5.458805397021522163e-03
5.437471154767543544e-03
5.362050788961806626e-03
5.309976263680260024e-03
5.240118684343337413e-03
5.035360471814459039e-03
5.004594629422036423e-03
4.703528406723412117e-03
4.313940872468353255e-03
4.380569859534083621e-03
3.240722726492590612e-03
3.432998651045660998e-03
3.121371768531182225e-03
2.990422156171782062e-03
3.304176055440689614e-03
3.004111418964537823e-03
3.769764362032375100e-03
4.023501086144991822e-03
3.519781340453917700e-03
4.344409899514219651e-03
4.394969329168345665e-03
2.314846377990802031e-03
2.656190484923949199e-03
1.267050467167915931e-03
5.612549816746095115e-04
1.952644741518833223e-03
2.514662701850375534e-03
3.514005729898446537e-03
8.542200982096266951e-03
8.507755227421911690e-03
1.023011921152468945e-02
1.143468452007407980e-02
1.021277433688030055e-02
1.008485658110075400e-02
9.104081651319510457e-03
5.329281255181765424e-03
4.705971874846635004e-03
7.363897587253022035e-05
-5.383477532995386769e-03
-1.021281992452306026e-02
-1.373755608764420065e-02
-1.622167676272139730e-02
-1.610889553043484690e-02
-1.885216648744737072e-02
-1.901025498291548585e-02
-2.106811838206613594e-02
-2.357300456373918190e-02
-2.423205849262245054e-02
-2.913239321829289713e-02
-3.035965692896737400e-02
-3.431271752113336515e-02
-4.011717843178708165e-02
-4.052861635444464372e-02
-4.904684365608648344e-02
-5.012919556125217807e-02
-5.021422479647224407e-02
-5.464748034344569377e-02
-5.066404740978088656e-02
-5.090394092919759556e-02
-5.018131104931922160e-02
-4.170576704280240521e-02
-4.059383768673274773e-02
-3.340845852583157471e-02
-2.549969521129569899e-02
-2.482913672371028432e-02
-1.335279607175309489e-02
-8.826424527615167950e-03
-5.375383756429530195e-03
4.113913982244892919e-04
2.243228560280049241e-03
-8.550574721580961454e-04
-7.885934450316992668e-05
-1.216370630677571945e-04
-2.961500616898575023e-04
3.745801501600214156e-04
3.950751666257663365e-03
3.808753411858363611e-03
6.521348713232634139e-03
7.424532641179340704e-03
7.793113432055956934e-03
8.902214301611803549e-03
7.775555666027850026e-03
6.717444706266489235e-03
6.428827368689596020e-03
6.215436369689119125e-03
8.560154542949440989e-03
7.929580281156263510e-03
6.883914993172471873e-03
5.551471289464196199e-03
2.927895504682660917e-03
8.435136145877647398e-04
-5.378223761272706883e-03
-9.288824521104056819e-03
-9.129437650647144464e-03
-1.453476915039969737e-02
-1.273538350213985169e-02
-1.171234520855391967e-02
-1.156218714569710350e-02
-6.153538507065873728e-03
-6.191397321560659570e-03
-2.274968852501800098e-03
-5.679636548748906400e-04
-1.996254638646272409e-03
-1.149309805625123738e-03
-1.076430178016511870e-03
-1.575614061571522975e-03
-1.008240328768064567e-04
4.466050044926970510e-04
2.663166494209751696e-04
5.990864524099989361e-03
7.646049351983993415e-03
7.278553694952484554e-03
1.168620391420924394e-02
4.545947503120041991e-03
1.032649213183181678e-03
-1.526828920559714217e-03
-2.269709964650777276e-02
-2.672358529182978018e-02
-4.343797392298283377e-02
-5.217594285276973970e-02
-5.802042563868264891e-02
-6.300459447954617764e-02
-6.549647633342547959e-02
-6.755373593481556194e-02
-6.749100330099092049e-02
-6.772358336682438029e-02
-6.927721384720021691e-02
-6.914854706209580537e-02
-7.035068533156302317e-02
-7.143710677797368569e-02
-7.179202669960635386e-02
-7.357051238485426414e-02
-7.440189600790172997e-02
-7.548195378492925101e-02
-7.774989081434344196e-02
-7.830251153948558640e-02
-8.072125879583816332e-02
-8.294516622930572791e-02
-8.356714029144052258e-02
-8.794794076232989588e-02
-8.846388705352836723e-02
-8.853508209800044215e-02
-8.902468800119320291e-02
-8.670949421773577193e-02
-8.388548385821870124e-02
-8.115735176509228377e-02
-7.559924566880515950e-02
-6.988986641789107779e-02
-6.488128904345979997e-02
-5.554323051257547411e-02
-5.012458967001609533e-02
-4.467969581722461281e-02
-3.785875736774829692e-02
-3.340113396231578213e-02
-2.916515371260956085e-02
-2.556955374439751419e-02
-1.848407200663973460e-02
-1.443583180890652476e-02
-7.134936989369853114e-03
-4.574569396822589229e-03
-2.739392633813002298e-04
4.007365280305516357e-03
7.799369580476893556e-03
1.884076760523704583e-02
2.380026479841225451e-02
3.078156015004693963e-02
3.143961606575313567e-02
4.093138778568820163e-02
4.393110408694346491e-02
4.392256986014925202e-02
4.691516043493856869e-02
4.565842639951368798e-02
4.143106231736445183e-02
4.121675619460364592e-02
3.408700824780899752e-02
2.539982466925584659e-02
2.640318405590340312e-02
1.998847445547177488e-03
-1.575234101702650867e-03
9.895314856632248315e-03
2.860713553250954135e-03
3.665749425284376556e-03
5.568239269091096628e-03
2.224024672852182617e-03
3.995025795738930616e-03
3.325030399332258753e-03
1.579990887342100055e-03
1.590966162964104966e-03
-2.513703732787678121e-06
-1.176693090509494354e-03
-1.734429397071827680e-03
-3.445482868885331451e-03
-5.360541381130748406e-03
-5.787359632034951018e-03
-1.028527549902950346e-02
-1.222092793860817331e-02
-1.411488567671615076e-02
-2.668708724581980718e-02
-2.844814664269047430e-02
-3.722725725318447310e-02
-4.311080542578826780e-02
-4.341433994018534942e-02
-5.136365207806340566e-02
-5.378251730070505998e-02
-5.842575161957079544e-02
-6.946574090972032489e-02
-7.463254113393105738e-02
-9.616950949939694071e-02
-1.088978835714402571e-01
-1.119774545262970655e-01
-1.250514813413734216e-01
-1.221916542376801362e-01
-1.241602963096137824e-01
-1.253298434387142279e-01
-1.167819932179077203e-01
-1.138444918233058323e-01
-9.783290794693254300e-02
-8.159293513674895082e-02
-5.548889835388655378e-02
-4.420090474956271664e-02
-2.970049754740070394e-02
-2.086063041225423229e-02
-1.632397342827337020e-02
-1.096174178329115123e-02
-7.847205393694347414e-03
-7.014860263524840336e-03
-4.637505705683353865e-03
-5.839839729360866288e-03
-1.152452130723583337e-02
-1.310487501187859553e-02
-1.689819891808580846e-02
-1.944695381603997464e-02
-2.288718859237734438e-02
-2.551474380786744253e-02
-2.634152652345483209e-02
-2.771342087172217958e-02
-2.910579446047168936e-02
-2.977609645795221277e-02
-3.232442339793715341e-02
-3.437771941544162657e-02
-3.583096539477133996e-02
-4.094505607723338686e-02
-4.225226587617134100e-02
-4.578791616856589530e-02
-4.877508557713443327e-02
-4.995082905532646084e-02
-5.314478976513795777e-02
-5.432793077374701435e-02
-5.565648357922705486e-02
-5.793208411998011786e-02
-5.772454996327427285e-02
-5.914793331487282202e-02
-5.902477175532110792e-02
-5.595245228415490768e-02
-5.603282484726186674e-02
-5.196972499059435147e-02
-4.857266691439038331e-02
-4.450400695875667001e-02
-3.844324755051121284e-02
-3.539552671385675503e-02
-2.661202109365719964e-02
-2.272961234341010217e-02
-1.448946211462963894e-02
-1.056281393793008158e-02
-6.149849021287561758e-03
-3.156624405652066426e-03
-3.978599431710282304e-03
-2.197462063982906933e-03
-1.321892993800942440e-03
-1.186666365250496581e-03
3.158758733708132670e-03
2.466206747539754791e-03
2.084177494641333093e-03
2.871121588344224818e-03
-1.010462593200768403e-03
-3.336016477970554653e-04
-1.657586776179673224e-03
-3.951172768659022908e-03
-3.478297702112997936e-03
-2.893093774424130085e-03
3.608533647676534506e-03
5.450613333447178709e-03
9.689757954368747456e-03
1.197733704904793695e-02
1.284797631415802305e-02
1.404683290632597129e-02
1.449032766042062000e-02
1.270133117324238718e-02
7.421057952216383001e-03
4.040922059407144745e-03
-2.162009168996139891e-03
-8.564487601817208015e-03
-1.645623108300234283e-02
-2.636332071913961156e-02
-3.062764832441688956e-02
-3.707764536866720723e-02
-3.997632349978134242e-02
-4.171880050116057864e-02
-4.532289739381015897e-02
-4.703522934179672071e-02
-5.022583068640552872e-02
-5.172994604862212603e-02
-5.424284093978117005e-02
-5.960334073295127377e-02
-6.236450775578548933e-02
-7.009204752037817565e-02
-7.531591410916170515e-02
-7.872305299374091070e-02
-8.305616634941286047e-02
-9.098953807874252120e-02
-9.407689018617088061e-02
-9.915185225731443230e-02
-1.024420785959538338e-01
-1.011164453277505204e-01
-1.014904026966316763e-01
-1.004089013042866046e-01
-9.397397892078457327e-02
-9.083240271661574550e-02
-8.162719185561546908e-02
-6.238815269913720873e-02
-5.349914527415416260e-02
-3.663421828801780716e-02
-2.953283624512386546e-02
-2.119093967645515816e-02
-2.304751177397161219e-02
-2.285209596836916546e-02
-2.951277993846676551e-02
-3.181863785417044649e-02
-2.967124834966502686e-02
-3.263529668604365358e-02
-3.017738225177524908e-02
-3.159721716579114853e-02
-3.118505105004164626e-02
-2.860968506972564121e-02
-3.019583515079066541e-02
-2.636750711531930108e-02
-2.501670993540349233e-02
-2.448811679320957863e-02
-2.042014836817926393e-02
-2.183571727201324628e-02
-1.840355480681230005e-02
-1.593528848035554932e-02
-1.436563251259094683e-02
-3.751385346791094848e-03
-1.520803788913245970e-03
1.791685382257703031e-03
7.173900021310845865e-03
7.629857673242475963e-03
1.384407588724615584e-02
1.523054364784910165e-02
2.049892368935447157e-02
2.459420040037006358e-02
2.569337229900911512e-02
3.614802724762330305e-02
3.487904090233209797e-02
4.182496244747239966e-02
4.422830186534874863e-02
3.534340770922681646e-02
3.830178287900245365e-02
3.427967329367447719e-02
3.207569960169068951e-02
3.074522867670326925e-02
2.525465208340103504e-02
2.210859473981177312e-02
1.229497095424151969e-02
1.054922911843279680e-02
9.434442462593299952e-03
6.961314132762983463e-03
6.858378127100002442e-03
5.366910110514973818e-03
8.569613158858983490e-03
8.484335511420488390e-03
6.901077547667766425e-03
5.699402854947523481e-03
3.723134972067569139e-03
-5.263438099128036783e-04
-4.704213733736295304e-03
-8.300355535086234582e-03
-1.032660787991180468e-02
-1.157056382526870132e-02
-1.170034463408557539e-02
-9.118824999125717257e-03
-7.749154466278970581e-03
-6.199858257288213235e-03
-4.144933890659418564e-03
-3.853005516916320570e-03
-2.301715559688850572e-03
-2.530518879291989310e-03
-2.708927468196530887e-03
-9.765029045645852055e-04
-1.716498709595269158e-03
-2.562315826126402001e-03
-7.147875412208533515e-03
-1.287211675402265276e-02
-2.222187090221147340e-02
-3.538943779652823501e-02
-5.298413028432882865e-02
-6.137325827817075030e-02
-8.084164697529509780e-02
-8.765887787290273236e-02
-9.335425544938026621e-02
-1.032154652870466705e-01
-1.031492650996595206e-01
-1.065130973442649093e-01
-1.076270394452977508e-01
-1.060249900119465682e-01
-1.065871607836470364e-01
-1.019207941601202455e-01
-1.003314204300092966e-01
-9.462707246751195234e-02
-8.696703837184463493e-02
-8.398271262133848170e-02
-6.926840427878712403e-02
-6.595142244684552846e-02
-6.076458143486873631e-02
-5.348530750262540240e-02
-5.279320629732003195e-02
-4.842521701094039399e-02
-4.584544952400979034e-02
-4.539809866082672452e-02
-4.230538657557391530e-02
-4.244795661000695663e-02
-4.283983392863512790e-02
-4.271178355990191966e-02
-4.499098885960244737e-02
-4.777578067971014614e-02
-5.003940815824015759e-02
-5.623602171952097467e-02
-6.219462867334975970e-02
-6.357726426669127462e-02
-7.000060269224898934e-02
-6.874016808492247610e-02
-6.974303961339187174e-02
-7.075969518196990882e-02
-6.742881721324883726e-02
-6.832562964689857521e-02
-6.440811538926621838e-02
-6.149901044779611248e-02
-5.953509212299590292e-02
-5.152569097096608430e-02
-4.871029366096790714e-02
-4.458617688507070242e-02
-3.942734899718143560e-02
-3.738688778553386771e-02
-3.274480948694111909e-02
-3.009594099176775978e-02
-2.710030088852329738e-02
-2.374787610091938853e-02
-2.184229663251301481e-02
-1.850211918678001943e-02
-1.758235156660254220e-02
-1.619320799647623599e-02
-1.045443923936669600e-02
-9.238080710296650566e-03
-4.745308288231979248e-03
-2.681877546752371288e-03
-6.770445755733966878e-04
2.995707553363451646e-03
6.721744770008830118e-04
4.088267688774409499e-03
6.815977537652047856e-03
6.265455987100025485e-03
1.775541350164549712e-02
1.939755043315498015e-02
2.262575662593178244e-02
2.669192112539640546e-02
2.480171245740591876e-02
2.795569899467907279e-02
2.648921176880260353e-02
2.409136364449824749e-02
2.523330919085016097e-02
1.813383884756902473e-02
1.833881527440588480e-02
1.698162591753410444e-02
1.463089401520261540e-02
1.453526509627091172e-02
1.326591380872674079e-02
1.229924556261303287e-02
1.158948046777406003e-02
1.100542964681826621e-02
9.450371076554255068e-03
9.242097267163840862e-03
8.575369496183536319e-03
8.113671111679340506e-03
7.845915750063842814e-03
7.446449767287451407e-03
7.300888194761039930e-03
6.765621487991810463e-03
6.715025382891539989e-03
6.469658045737585253e-03
6.544467518662734282e-03
6.624828312286864911e-03
6.594771710944903782e-03
6.775832555689890666e-03
6.824717878663955073e-03
6.970338566823706429e-03
7.342064147826546719e-03
7.319204460081022920e-03
7.944680012738132568e-03
7.904383150251716519e-03
7.972983029844595004e-03
8.141160824209420915e-03
8.113995637417168241e-03
8.185735854407884260e-03
8.219606271869909359e-03
8.223605679959661643e-03
8.255119321630807055e-03
8.261318284911790474e-03
8.269931966646262497e-03
8.280328563134950123e-03
8.282718735286194456e-03
8.288223714248062549e-03
8.291379965702297405e-03
8.293199642424458479e-03
8.296695125846614144e-03
8.297212984607789388e-03
8.300137589686467157e-03
8.303194640709525218e-03
8.301477740104900790e-03
8.311263237736099194e-03
8.309665388201751060e-03
8.310210156808484766e-03
8.337988227686384674e-03
8.309827068796328542e-03
8.350049941977187237e-03
8.386340985304850670e-03
8.292238110851748306e-03
8.514464909810816329e-03
8.390168455247905277e-03
8.328430547900519607e-03
8.994771681088239990e-03
8.025232380546781785e-03
8.987224918547500468e-03
9.474206616273964793e-03
