-1.017546246251081190e-03
-1.160185706884924502e-03
-3.504922331753465570e-03
-3.526916801222308717e-03
-4.162811623478550674e-03
-4.559720662572520899e-03
-4.148892499953943207e-03
-4.433777724190606645e-03
-4.393873824887485971e-03
-4.352442338442401477e-03
-4.428443259607823743e-03
-4.394761350569200906e-03
-4.406526410932827716e-03
-4.417586761591821114e-03
-4.409086158348755544e-03
-4.416289664378630561e-03
-4.416102696869599227e-03
-4.415449120202899827e-03
-4.417472052546144931e-03
-4.416883880125066497e-03
-4.417322974467103799e-03
-4.417540348936789367e-03
-4.417464850287694707e-03
-4.417758969416108947e-03
-4.417217542837026389e-03
-4.417960944769716743e-03
-4.417356754233442949e-03
-4.416280680975272557e-03
-4.419457095858739248e-03
-4.413718118191556003e-03
-4.416576520509602616e-03
-4.422075780305968415e-03
-4.398300026395905379e-03
-4.431866631636961068e-03
-4.407952955852681431e-03
-4.353467098577775904e-03
-4.420509524003109550e-03
-4.417349151280453544e-03
-4.619019672646216754e-03
-4.699394137894280163e-03
-4.704179749815017540e-03
-5.604510018868736482e-03
-5.395376265870590639e-03
-6.144850864434409782e-03
-5.674814682761474341e-03
-5.765519203022487910e-03
-7.209555838825247413e-03
-7.133641094545074487e-03
-8.515525639115135298e-03
-8.969836418386861743e-03
-8.219960083503063952e-03
-8.141874625887461983e-03
-7.129619204889326226e-03
-5.845329835859509014e-03
-5.717644104036625693e-03
-5.557283011688637572e-03
-5.226167423124832359e-03
-5.819691741048137884e-03
-6.263649791504879473e-03
-6.248201688088297380e-03
-8.860479242576003653e-03
-8.469585813951437461e-03
-1.013464242786330655e-02
-1.314546289086430432e-02
-1.626547851645733164e-02
-1.794309151867069102e-02
-1.890728837561005821e-02
-1.774336403607001261e-02
-1.849512475631727784e-02
-1.776651813703920141e-02
-1.805771190992626687e-02
-1.866918545351681918e-02
-1.838993001878384131e-02
-2.051115507440153668e-02
-2.053634131618469610e-02
-2.264199593802573504e-02
-2.568364522026185537e-02
-2.578400790015158636e-02
-3.174291150008091977e-02
-3.219491093858010272e-02
-3.251541833668156883e-02
-3.533697463375296000e-02
-3.293959406231242171e-02
-3.337115012871276487e-02
-3.302350432934655911e-02
-2.769354001884383881e-02
-2.720590238457523680e-02
-2.318346063087484837e-02
-1.891976625349482688e-02
-1.943811566569784294e-02
-1.273668692442019718e-02
-1.050964097932669504e-02
-8.771388273444967812e-03
-5.352269851879676819e-03
-4.740440046273688285e-03
-7.222718829066202342e-03
-7.323148722333378685e-03
-7.846155189815653269e-03
-8.099363087070422101e-03
-8.296068245130742286e-03
-6.341653896151020625e-03
-6.437941857339240376e-03
-6.664218787861908057e-03
-6.240713122591060730e-03
-6.328625601136911132e-03
-6.046893566951568391e-03
-6.934692682269186573e-03
-7.133805349684895630e-03
-7.725780135963604758e-03
-7.367256929859969383e-03
-6.079130696949219120e-03
-6.007618733355734805e-03
-7.268992508940416014e-03
-7.377051582839659269e-03
-8.802668937261681065e-03
-1.037093851639557182e-02
-1.512154351160758733e-02
-1.831208752928949537e-02
-1.816220610397725060e-02
-2.196127490540985758e-02
-2.074577228652014702e-02
-1.940857022487298134e-02
-1.876659179092921015e-02
-1.465464059562640413e-02
-1.392993740326048044e-02
-1.031045379939711515e-02
-9.350143199413381637e-03
-8.144944199749931321e-03
-7.885562681764079693e-03
-7.777849519141942849e-03
-7.589049044200761596e-03
-6.993181837651895986e-03
-6.867005422632580652e-03
-6.514348086482898634e-03
-3.596839660163424039e-03
-1.476095474123833694e-03
-1.276258769985048110e-03
1.492306225481133215e-03
-1.924945173229107446e-03
-3.679041227588546181e-03
-3.981440107670414404e-03
-1.698585467683565858e-02
-1.842098788461417336e-02
-2.616318966810696200e-02
-3.019574085573261887e-02
-3.128407131087682091e-02
-3.292499836594350165e-02
-3.242528783848740159e-02
-3.237121854429433898e-02
-3.219699434216292261e-02
-3.141891389064602191e-02
-3.215692820314789563e-02
-3.179621049102329677e-02
-3.187731950256543489e-02
-3.228515364855761433e-02
-3.208793086503538422e-02
-3.247849113450421155e-02
-3.274679576088633526e-02
-3.279363870577631235e-02
-3.342364020283537795e-02
-3.367917161375389573e-02
-3.403644788926728920e-02
-3.500016060977665516e-02
-3.505298973940457891e-02
-3.581940649907454366e-02
-3.590213156950740336e-02
-3.449285469292202172e-02
-3.445821966738522868e-02
-3.344629313621650529e-02
-3.213354333839348737e-02
-3.152912573191335444e-02
-2.983501889434773610e-02
-2.806060368266830377e-02
-2.688796262995563416e-02
-2.405803520665374812e-02
-2.264309910855314897e-02
-2.206263753681399209e-02
-2.009837612874836033e-02
-1.922775487916213860e-02
-1.891374621893365457e-02
-1.866550645673332315e-02
-1.495905265949393215e-02
-1.431733727453794042e-02
-1.137677411683869766e-02
-1.082293990425358191e-02
-1.109183369509727721e-02
-9.871417020331956990e-03
-8.567279189210503729e-03
-4.736101803291112820e-03
-2.787913298028389664e-03
-2.087913610790313127e-03
-3.680243869625214430e-03
-1.430061451704987699e-04
8.704584800837726827e-05
-6.645552791574014552e-04
5.431172687666281727e-04
-4.314485819468499958e-04
-1.375380843786759262e-03
-7.826375240037985580e-04
-4.170959954299807704e-03
-4.782280995717010444e-03
-4.081520026115455224e-03
-1.989368387759473528e-02
-2.084684887061160133e-02
-9.837540211906019294e-03
-1.237606576775856365e-02
-1.177806691218091784e-02
-9.282395887601857173e-03
-1.042596474129620088e-02
-8.683077446081887557e-03
-8.433370856205366084e-03
-8.196795512323787336e-03
-8.023133016122837441e-03
-8.524724286581592675e-03
-8.610996933349140264e-03
-8.676693445934403198e-03
-9.095560726272527291e-03
-9.601650014278052467e-03
-9.391678310484817202e-03
-1.114078107725359652e-02
-1.145775674176768844e-02
-1.167515617969856756e-02
-1.833380624226572247e-02
-1.902422630031331066e-02
-2.192569101697696560e-02
-2.371158203154778363e-02
-2.292758637914659933e-02
-2.405188246994478113e-02
-2.543879003743321904e-02
-2.577915417509711593e-02
-2.909091797616988190e-02
-3.292238937319742764e-02
-4.314047304662779747e-02
-5.063798470566750753e-02
-5.048065328346881125e-02
-5.577449035529061239e-02
-5.452308746281014917e-02
-5.446521008134717207e-02
-5.598348959302922728e-02
-5.241352545274854946e-02
-5.163306381410547041e-02
-4.579715248631705676e-02
-3.744971541579940333e-02
-2.561209481544484551e-02
-2.185717841868282246e-02
-1.458488254996008135e-02
-1.209857745359792063e-02
-1.000474425644332956e-02
-8.771395541842103710e-03
-7.502737150897866893e-03
-7.838231440205387091e-03
-7.030033741480790598e-03
-7.920925737418959764e-03
-1.296859453205851873e-02
-1.405511398468128892e-02
-1.626550141674831806e-02
-1.789554813017046539e-02
-1.956608251181365249e-02
-2.076206233358640629e-02
-2.069183541147812805e-02
-2.088806902280654354e-02
-2.124387793892934528e-02
-2.102948594386325892e-02
-2.208301228802199423e-02
-2.285504919129301496e-02
-2.315320768646396410e-02
-2.612431001973533964e-02
-2.646509853661040135e-02
-2.834056891776742110e-02
-2.983400820965719652e-02
-3.021190486110233997e-02
-3.178959001470727658e-02
-3.237987404325527729e-02
-3.287408472276481114e-02
-3.419413487040700445e-02
-3.415982918380117139e-02
-3.471064676641104352e-02
-3.489904325571822896e-02
-3.266154825165733938e-02
-3.277559687748992506e-02
-3.089615011170850425e-02
-2.848395127651935296e-02
-2.682171225823772737e-02
-2.435263453609376808e-02
-2.311628812146575979e-02
-1.903346721135330474e-02
-1.753109400500041035e-02
-1.284304063337932816e-02
-1.142038719294972103e-02
-8.736605067102599237e-03
-7.868306811981294960e-03
-9.212303727805581238e-03
-8.348386514926770668e-03
-8.393448116052908137e-03
-8.131352353563074328e-03
-6.069321812476824451e-03
-6.225724630788768629e-03
-6.999716788166947083e-03
-6.980060990162048444e-03
-8.333026846974274024e-03
-8.220584530325012601e-03
-8.976303468311571526e-03
-1.018312253427736645e-02
-1.086984318570711865e-02
-1.000358345048975653e-02
-7.239655325385842624e-03
-6.089661805663296179e-03
-4.768858722602617450e-03
-4.486297636089393165e-03
-4.879024389334013848e-03
-4.170670009773803748e-03
-5.602006128202814336e-03
-6.075705640177652030e-03
-8.646803294411630272e-03
-1.015425233747553613e-02
-1.117150277524898462e-02
-1.331805447410432455e-02
-1.714259369462586835e-02
-2.097222613434249899e-02
-2.278767867771942790e-02
-2.556052049246962041e-02
-2.623641113855095311e-02
-2.621812357308257735e-02
-2.698417435506987594e-02
-2.736415240045957098e-02
-2.775204881476711280e-02
-2.744690345403042603e-02
-2.782523848680802658e-02
-2.966073942279614031e-02
-3.038652739103180414e-02
-3.328611539925706297e-02
-3.413790157471816022e-02
-3.516350845720080109e-02
-3.588626563273912551e-02
-3.877948404857546605e-02
-4.042483412568374790e-02
-4.158566833099396065e-02
-4.377268019266369187e-02
-4.253800731046497585e-02
-4.319524669991382793e-02
-4.374996648525503878e-02
-4.094194708042257075e-02
-4.173679455601236182e-02
-3.793837918805673809e-02
-2.862829470329396678e-02
-2.519257664999521862e-02
-1.782858949765202261e-02
-1.448993669896581939e-02
-1.063704851534100736e-02
-1.319402508968321903e-02
-1.514203985249951492e-02
-2.141701832730429078e-02
-2.425490004024367929e-02
-2.262926668787111628e-02
-2.486430375768651849e-02
-2.366698668620870194e-02
-2.488075465830520000e-02
-2.490692930371224065e-02
-2.391743407592132609e-02
-2.519834246118175802e-02
-2.311419719269398182e-02
-2.267816567442119957e-02
-2.232852203858115211e-02
-2.059899952973599790e-02
-2.209742139738919003e-02
-2.067679525681418579e-02
-2.045185163569555875e-02
-1.985495276261215261e-02
-1.321609464874130141e-02
-1.249964342324783213e-02
-1.189764198250629554e-02
-9.798476933085177240e-03
-1.084100937263586181e-02
-8.007269387371746677e-03
-7.738250329128623997e-03
-6.220787250251844612e-03
-4.840678747120187933e-03
-4.604762623540883948e-03
-1.138074431763758630e-03
-1.288879085797319272e-03
1.876219172157040510e-03
2.130490173327820487e-03
-1.193401701038924144e-03
-6.482848639768118079e-04
-1.249985745676369074e-03
-1.545426078974034261e-03
-1.962394949581073612e-03
-2.958864502439104496e-03
-5.375943139158418510e-03
-9.098308372395821908e-03
-9.785091492277613739e-03
-9.425253640884936890e-03
-9.908996040679782236e-03
-9.867117672381704035e-03
-1.000476570825259426e-02
-7.575468349559640047e-03
-6.760263418134340382e-03
-7.984524483620247803e-03
-8.645896403634414223e-03
-8.883652264034230805e-03
-1.197697521291298320e-02
-1.535514108088207631e-02
-1.783850440581862679e-02
-1.944450902597914116e-02
-2.006492457820294867e-02
-1.956466199300032141e-02
-1.720994367462486824e-02
-1.518547517824337355e-02
-1.362242832293886034e-02
-1.155321695739593493e-02
-1.094945897117668640e-02
-8.514751585510689502e-03
-8.578296499148537618e-03
-7.912213033737519260e-03
-6.039650619277847458e-03
-5.375668513394051343e-03
-4.480513846543156091e-03
-6.600100500834535540e-03
-8.046579955309978577e-03
-1.179221765546876327e-02
-1.926666571003923106e-02
-2.695271492963470170e-02
-3.064296520304733706e-02
-4.128745677541112435e-02
-4.613533421147536506e-02
-4.817541525201934904e-02
-5.757210422502794661e-02
-5.749103637085337115e-02
-5.984759255708158032e-02
-6.187488696513695347e-02
-6.090451879223431758e-02
-6.192541969422932224e-02
-5.973729952163733814e-02
-5.931936932185535860e-02
-5.607741703731378147e-02
-5.199447100459660132e-02
-5.051328438753423244e-02
-4.003336741978558155e-02
-3.845279881251559978e-02
-3.511921708595089342e-02
-3.062321894017231566e-02
-3.065296919981828905e-02
-2.795942267184259311e-02
-2.672986862698053384e-02
-2.651285851518410397e-02
-2.467992143578126574e-02
-2.501044006174799744e-02
-2.509981415754019424e-02
-2.500722516928109013e-02
-2.637745672518233830e-02
-2.775437533462931511e-02
-2.920945188951810934e-02
-3.316948757975349271e-02
-3.700990087644197984e-02
-3.760682819434577051e-02
-4.147289789657990222e-02
-4.046682707688625119e-02
-4.072483938403570480e-02
-4.125873438167307339e-02
-3.903413522485599252e-02
-3.955973881366991324e-02
-3.706871101481282876e-02
-3.520830468032244004e-02
-3.410612779589798638e-02
-2.862710902231781207e-02
-2.706908540346487924e-02
-2.542118271477965957e-02
-2.263704874453394134e-02
-2.215589702510316339e-02
-2.035440143439335922e-02
-1.925195702049988661e-02
-1.826511657064220501e-02
-1.723713418530873481e-02
-1.628784800114361012e-02
-1.545438198447579570e-02
-1.587992364928331873e-02
-1.602537309686448419e-02
-1.320953756737818473e-02
-1.258645264964048174e-02
-1.100767596864645967e-02
-1.016100999466887714e-02
-7.835862989206033788e-03
-7.230821237740320609e-03
-6.622939583896747355e-03
-6.144317145157634011e-03
-5.292424986786062151e-03
-4.980641807527332390e-03
-2.162239933072206566e-03
-7.167527688833903038e-04
-1.810983256635774865e-03
-2.201549012997209773e-03
-2.949379369290034986e-03
-2.910312732391452141e-03
-3.265853263583921168e-03
-3.530413958919869331e-03
-3.595919361621009985e-03
-4.026263837981045209e-03
-4.062494131484251265e-03
-4.020073533292901902e-03
-4.139275685051358941e-03
-4.109946371332061192e-03
-4.136517228196518250e-03
-4.140845244983240060e-03
-4.149092888683252045e-03
-4.150380657496195030e-03
-4.086316927807006130e-03
-4.067178945043550646e-03
-4.122767251753312046e-03
-4.081914055288448154e-03
-4.111742284623481729e-03
-4.178571128419815428e-03
-4.067945098231314470e-03
-4.284350201328573741e-03
-4.260388632138593576e-03
-3.907016689557314161e-03
-3.820942608126769342e-03
-3.627239458165638225e-03
-3.521247614402668417e-03
-3.398927221365697846e-03
-3.302008923384729729e-03
-3.192121307263188004e-03
-2.914245875945051505e-03
-2.912291760564597858e-03
-2.468358017806769437e-03
-2.511624118283707543e-03
-2.488333328991119628e-03
-2.392173764371147149e-03
-2.417099060383240319e-03
-2.385365275675781216e-03
-2.370851066361570093e-03
-2.373200285977808063e-03
-2.361087647028152405e-03
-2.359902799308479741e-03
-2.358070869092734716e-03
-2.354879587051454150e-03
-2.354693773677289052e-03
-2.353481315122745755e-03
-2.352742346015331953e-03
-2.352401050501555686e-03
-2.351853930176764709e-03
-2.351433579191192398e-03
-2.350820134649961313e-03
-2.350459529451054668e-03
-2.349221880261338075e-03
-2.348122537258224684e-03
-2.347251079815746311e-03
-2.342735295487371854e-03
-2.341913822680946524e-03
-2.336377712361142021e-03
-2.323543683120182779e-03
-2.327287077513702854e-03
-2.294873241025678374e-03
-2.276035297106355614e-03
-2.283462693200594574e-03
-2.143512305815235743e-03
-2.192297647283003408e-03
-2.080992823046560417e-03
-1.644125027939182405e-03
-1.756835408008043361e-03
