-2.632157416157116653e-02
-2.383675376059516543e-02
1.759004770237416679e-02
1.789272801784134309e-02
-6.879488358996254174e-04
-1.418540418790535489e-03
-8.396068213504708291e-04
-2.779596479181079861e-03
-2.793402021304016228e-03
-2.542619780858796329e-03
-2.566687113161867685e-03
-2.566687113165036591e-03
-2.566687113164239486e-03
-2.566687113163438477e-03
-2.566687113161565843e-03
-2.566687113163898613e-03
-2.566687113164642375e-03
-2.566687113163437610e-03
-2.566687113161598803e-03
-2.566687113164187878e-03
-2.566687113161529414e-03
-2.566687113164829726e-03
-2.566687113163111048e-03
-2.566687113164053870e-03
-2.566687113163015205e-03
-2.566687113163230310e-03
-2.566687113162740251e-03
-2.566687113163383833e-03
-2.566687113163897745e-03
-2.566687113165351010e-03
-2.539998699189201237e-03
-2.753325838632384500e-03
-3.221293538476055051e-03
-2.250694482175975494e-03
-5.074837310816950747e-03
-6.910618644218713413e-03
1.088344661737846580e-02
1.200723032329157301e-02
1.672359334667007300e-02
1.789544608388093927e-02
1.777680703470138970e-02
1.738605584544868077e-02
1.822003221544321594e-02
1.377713815635809268e-02
1.236055808402219611e-02
2.783746280627007533e-02
3.004499622204036963e-02
3.371155765994868908e-02
3.544472715879200958e-02
3.788955262671970387e-02
3.961607241723545669e-02
7.090138646726423799e-02
9.020349463414652214e-02
1.008516367638867539e-01
8.687211096235490648e-02
-9.943666417050247078e-03
-2.205035380027316541e-02
1.643879052558580925e-02
7.784755026790299293e-02
1.400422721575619034e-01
9.762722020137211409e-02
4.318436504714193852e-02
-1.046189975117656074e-01
-2.004962003631797496e-01
-1.459294682776396401e-01
-2.323029600704203668e-01
-7.229886345639534306e-02
1.239814162025754951e-01
2.743311897452181958e-01
1.832526621229594310e-01
1.321183653884842601e-01
8.319731202807777171e-02
8.254340101925895790e-02
7.846654813055845001e-02
7.735687524005434301e-02
7.667655842343129580e-02
7.528087370021463443e-02
7.521475021639499603e-02
4.505270424772894050e-02
4.396716321720075399e-02
3.461464818310493186e-02
5.168187698753151649e-02
5.645505830153323829e-02
1.097556385325600958e-01
1.262016796033013366e-01
1.100874310883729751e-01
3.396160475985405408e-02
-1.111321015693088748e-01
-2.039072020138320562e-01
-1.187554042412930638e-01
-1.114325013919326146e-01
-5.821594989619577332e-02
-3.799933329079455829e-02
-5.837667032891503266e-03
4.627204111240770801e-02
2.472152709446125488e-02
5.121226904272933173e-02
4.930056019607808454e-02
-3.291524833374565723e-02
-5.431321696617652517e-02
-5.243468649352276550e-02
-8.822182181539717227e-02
-6.128857742240578776e-02
-4.747093574205420163e-02
-3.605941503390764497e-02
-1.008301568596370323e-01
-1.340724756425324404e-01
-1.804312239763295467e-01
-1.499460137448868635e-01
-7.102321125629865173e-02
3.578587297539700257e-02
8.509297253773334679e-02
1.423370311391334297e-01
7.368829436890324269e-02
3.204967830640950699e-02
-8.420427543044795016e-02
-1.254012036042715106e-01
-1.076661932190747795e-01
-6.434325993813709565e-02
1.756095894118540890e-02
-5.050677605296970477e-03
-2.556982523509204047e-02
-4.950206309722020998e-02
-7.230666877948990767e-02
-8.482002546433292656e-02
-1.121701907351788097e-01
-1.029974675096370085e-01
-9.495159041448653081e-02
-3.890892388436966581e-02
4.311088331201817087e-02
-6.288446769378737422e-03
-8.286509881230767760e-02
-1.281277779946832507e-01
-1.217020423127848083e-01
-2.072352707299899427e-02
-1.895548918383528451e-03
9.101473230292685124e-02
9.314404535344662783e-02
4.953452516318277571e-02
6.491425692148693194e-02
5.530736168416167109e-02
1.337838434072158127e-02
7.598395356972329276e-03
2.080889136528618621e-02
1.790219330260401503e-02
1.737310533684057953e-02
1.915034386422833843e-02
1.091182803779099705e-03
-2.760640783825833201e-03
2.383766329408102888e-02
3.251132915109389981e-02
4.307697227250724403e-02
4.799587631538806271e-02
5.837551281060809893e-02
6.573778510024864963e-02
8.581117375417871007e-02
7.020823536751791272e-02
2.013256306509820376e-02
1.639076132168518912e-04
-1.264360101562909608e-02
-8.948370636617390683e-02
-7.643842140348088010e-02
-1.053735365414762426e-02
9.549366405567765240e-03
3.205751640774431171e-02
4.367915159919093238e-02
4.970805717023994014e-02
3.385882547681723365e-02
-5.783357880903864864e-03
-1.215332749376394142e-02
-1.112365493445384608e-02
-2.290493867152786078e-02
-4.030470027376619607e-02
-5.832753389994430049e-02
-3.346141661094360897e-02
-1.341085517420639028e-01
-2.099878404215705374e-01
-1.220786680207857078e-01
-2.860628995609759695e-02
3.120188132245221846e-02
1.175987824671217430e-01
2.870790185320475918e-01
2.386461189082040302e-01
4.065295414957758036e-01
2.366532371158524828e-01
1.120552120170424104e-01
9.067273004911692580e-02
8.751584903104429880e-02
5.085909292161731876e-03
5.128294829248010445e-02
3.385071662910459078e-02
3.581982449765144794e-02
-2.473033054408920253e-02
-3.450830299665337553e-02
3.701800874240932133e-03
2.292872885443041422e-03
4.335563582009880484e-02
4.372154790866867452e-02
3.942156783783028196e-02
4.148777697983869334e-02
-7.786758679712465527e-03
4.486637823328474758e-03
-2.277913558325937032e-02
-2.226388436749170488e-02
-1.019274871862512616e-02
3.844494916471748874e-02
2.862872419077964331e-02
2.617992970907423445e-02
1.096084351473787522e-02
-2.752506303336244020e-02
-6.890009461359035414e-02
-1.113793268854010032e-01
-1.668836356159192347e-01
-1.677981020377363186e-01
-1.479535038523553392e-01
-1.956836405203208895e-01
-1.744170580498301537e-01
-5.076218385741729927e-02
-6.467764896435614086e-02
-8.300237174434541010e-02
-4.239757356329876270e-02
6.910352832853852538e-03
-1.596614580289964364e-02
5.361542976155012075e-02
5.750031453206300852e-02
1.559483321987636117e-01
1.368441941951108187e-01
6.634656882541845047e-02
1.478648629287806354e-02
7.538681721679557635e-02
1.173434908073004435e-01
1.970954642110588906e-01
1.919591762862968287e-01
1.411619613193264566e-01
1.190097436783087714e-01
4.435166271488807932e-02
-1.592112256763075773e-02
-2.681590499694602725e-02
-6.183266283874938596e-02
-4.206897112501926939e-02
-4.413264872417231588e-02
-3.379417618812581570e-02
-2.137454776820894159e-02
-9.458453595739983732e-02
-1.138045672413937892e-01
-7.949796422736245260e-02
-8.833957414418977527e-02
-6.784003173954490651e-02
-8.687026348096265824e-04
1.980107721210739788e-02
2.569668866156471845e-02
5.515997568332321049e-02
5.609521159455974071e-02
4.086705650814663471e-02
2.075251377633178379e-02
9.440686973405763849e-02
6.463617841063197533e-02
7.832165864256626642e-02
6.225998190864406173e-02
1.442851467709333098e-02
7.605985819124704700e-03
2.100654518504038032e-02
8.956489943519380451e-03
1.413053334168949335e-02
3.452651529063068686e-02
4.642588450756432450e-02
5.375706187034877404e-02
7.322485936971895315e-02
5.839646712389569283e-02
2.247068094657656348e-03
-1.679133545865264462e-02
-1.483577987065625922e-02
3.256786629345814060e-02
3.161716079346725550e-02
3.374088475564078482e-02
3.871162021731961583e-02
3.630185878670549871e-02
4.411208582382140225e-02
1.091007251184790139e-01
1.092175395728046949e-01
6.539009579665144845e-02
4.881841035609022633e-02
4.186841048079413541e-02
4.581139818096471861e-02
6.419904591101716074e-02
6.056657875916845318e-02
7.259588833838102884e-02
8.998601923013489767e-02
1.096203585104972011e-01
9.584740267449233520e-02
1.238759818462941836e-01
1.163226950476743821e-01
9.229815139812524993e-02
9.401772184301601665e-02
7.037378513516963363e-02
-5.897188807082547057e-02
-5.740668094602637689e-02
-2.690078142362658034e-02
-1.575398310512864455e-02
-5.600925765579387733e-03
-2.705878885803921635e-03
-1.495307970256079880e-04
2.754473573965184746e-02
6.394164620037839919e-02
1.003815017400106480e-01
1.306890640044134910e-01
1.619044401286261203e-01
5.307467524154670102e-02
1.921822168770202094e-02
-8.588313207165509944e-02
-5.668670854937862824e-02
2.719834765595961074e-02
3.367459283290576838e-02
-3.070345456229071901e-02
-9.987983608849858308e-02
-2.048809180371287120e-01
-3.185684467496895378e-01
-1.393171717573570834e-01
1.486258942937832839e-01
2.844144577513000316e-01
1.717752765350824551e-01
1.226205028253463669e-01
7.978264945954201270e-02
7.398591153509337381e-02
5.620540812104805189e-02
4.724034087382859154e-02
4.007767095516590744e-02
4.585694718617480681e-02
6.329538952556022779e-02
6.306314969578337426e-02
6.399916997185753353e-02
6.487063630342330967e-02
6.576363556326973725e-02
6.319992373705668465e-02
7.574193831667229426e-02
9.150685464461300045e-02
1.361071146801436649e-01
1.229233088780412458e-01
1.101637458175311057e-01
5.736982805502750804e-02
-1.114232275695618835e-01
-1.010223080662776829e-01
-8.072779308366303391e-03
8.929980760904299153e-02
1.358161828913222458e-01
2.828530531291624794e-01
1.910980822906215293e-01
1.512605585125275376e-01
7.655631414164176807e-02
-1.698819765386882716e-02
-3.690838507881976510e-02
-3.647966458436897874e-02
-4.426927961710962200e-02
-6.107305128306219494e-02
-3.215105152192580806e-02
5.788897865523930097e-02
1.052023775812085948e-01
1.365313532691881659e-01
6.398061316146833044e-02
3.420224450196657218e-03
7.754261977619684998e-02
-1.465052738086546069e-02
-1.254215189713691614e-01
-1.704820039066183568e-01
-3.423285860189979185e-02
2.161391895012894013e-02
5.591981496895426229e-02
8.245829156944133043e-02
1.209359557278583408e-01
1.011069064741506318e-01
4.983533352002136180e-02
3.354687937044373985e-02
1.881249599122007329e-02
7.236201685892382218e-03
-3.779997802888512837e-02
-7.084570413946492118e-02
-5.818452540714072474e-02
-7.121857622890780115e-02
-5.616982243165694749e-02
1.745785541939499225e-02
3.655244905225413926e-02
7.392982847279666592e-02
-1.228907519923809998e-02
-1.044951882567012186e-01
-7.108105965832134387e-02
5.847789599462653934e-03
2.095963949710609106e-02
2.989693899254055806e-02
-8.587446623191750950e-02
-7.943920199268918181e-02
1.294817769220794057e-01
1.924051792026822971e-01
6.276675254237572277e-02
4.737974761705658622e-02
5.102895060831946078e-02
4.430322607156775283e-02
4.477976559265415407e-02
4.523807536842554267e-02
4.518216833069133714e-02
4.518216833069096938e-02
4.518216833069121918e-02
4.518216833069109428e-02
4.518216833069110122e-02
4.518216833069058774e-02
4.512498232524034952e-02
4.533547781417184008e-02
4.608380547751583095e-02
4.523718713755912196e-02
5.068438955405175916e-02
5.613691864857697084e-02
2.868865220171411615e-02
2.643916637405534578e-02
1.407595187776355256e-02
1.313537060863393183e-02
9.787248596498205125e-03
7.620533288241838898e-03
1.280865827497929509e-03
-5.922327518596952334e-02
-5.920355088757108669e-02
-4.703306059979566606e-02
-5.090492723302424138e-02
-4.892872669161289073e-02
-6.584786067793582665e-02
-6.868957784624585283e-02
-5.066932398224301137e-02
-4.299038124155318830e-02
-3.552054388839006455e-02
-3.418141890027787122e-02
-3.339769043697780188e-02
-3.115558350323515205e-02
-2.559892478864825294e-02
-2.296590613392301972e-02
1.397988916951305345e-02
1.206325569212313500e-02
6.211723215918360172e-03
9.985953280221318909e-03
8.537471245289873084e-03
3.680311033092383780e-03
2.866271129792227410e-03
3.874766346370672569e-03
3.536159366617505108e-03
3.590155906568532306e-03
3.668560872569168359e-03
3.659474320406458109e-03
3.659474320406962914e-03
3.659474320407852827e-03
3.659474320407181056e-03
3.659474320406235631e-03
3.659474320406497574e-03
3.659474320407040977e-03
3.659474320407415677e-03
3.659474320406891790e-03
3.659474320407086513e-03
3.659474320407308558e-03
3.659474320407553154e-03
3.659474320406579974e-03
3.659474320406063894e-03
3.659474320407626012e-03
3.659474320407496775e-03
3.659474320406579974e-03
3.659474320405700035e-03
3.659474320407275164e-03
3.659474320408341586e-03
3.659474320407561827e-03
3.659474320407457744e-03
3.659474320407360166e-03
3.659474320406628112e-03
3.659474320406341883e-03
3.659474320405717383e-03
3.658596068986918678e-03
3.661073161092776636e-03
3.741661507163173295e-03
3.480079514265608034e-03
3.433404460266141316e-03
4.251664091654189931e-03
-1.581826488740671567e-03
-2.374026041120472046e-03
