-1.121828461399865251e-02
-1.037102562399916557e-02
-8.592533481017137001e-03
-9.776255137716568372e-03
-1.784782639268220339e-03
-1.253094480816147049e-03
-1.219726022139139450e-03
1.236622658049339133e-03
9.394675951530692248e-04
1.631394336341253880e-03
2.193322874593797711e-03
2.173015371710913714e-03
2.535306104916053901e-03
2.636709611371687752e-03
2.701577533149334288e-03
2.825549717761161820e-03
2.845536720645981330e-03
2.887162966246480805e-03
2.915620656473045906e-03
2.912275470730008552e-03
2.919508737063409350e-03
2.903955859032955177e-03
2.869760072330940128e-03
2.848496784929954641e-03
2.766365111551375572e-03
2.688230281607166192e-03
2.612687561231924471e-03
2.354385691443557430e-03
2.260229091743578764e-03
1.934889703455730265e-03
1.313833486988565937e-03
1.324991016890369718e-03
-9.675901429294429638e-05
-9.179895563305741878e-04
-1.075221954761241975e-03
-6.219509654500194294e-03
-6.858329547037512325e-03
-8.587988635414978839e-03
-1.081972176469962917e-02
-1.197744606080863861e-02
-1.303635979457011540e-02
-1.640455044731265605e-02
-1.675822704988857645e-02
-1.867048080455031150e-02
-2.062954159786102581e-02
-2.089215147292391300e-02
-2.469337113102375650e-02
-2.554744566669022582e-02
-2.550364925302157915e-02
-2.640516865920111006e-02
-2.511704106847668233e-02
-2.225343077257474489e-02
-1.963959335075096679e-02
-1.713234675546854158e-02
-9.357710736022550185e-03
-6.734805121378480142e-03
-1.687429455509207015e-03
1.436881118804224367e-03
8.124138925520871246e-03
1.173022955940355126e-02
1.562704785434818056e-02
3.014040073044251672e-02
2.608330672815267412e-02
3.644405175719826750e-02
4.342885200311300681e-02
2.611701205015825450e-02
4.356803081221078539e-02
6.808116181162247871e-02
1.057068638134869287e-01
1.051918157190517844e-01
1.203500396191929112e-01
1.225733784159629414e-01
1.148357420453534616e-01
1.250993332715206741e-01
1.140829314365599673e-01
1.114022516746208669e-01
1.135244198396156146e-01
8.769824608022809553e-02
8.447336881865795399e-02
5.758791221883563516e-02
2.481228975280181520e-03
-2.055994949891400830e-02
-9.137368769673344382e-02
-1.253731391138139528e-01
-1.226928692834037965e-01
-1.453914130999091614e-01
-1.245628003415459040e-01
-1.227420340397092219e-01
-1.415758297595215986e-01
-1.370577763573256336e-01
-1.344180725681771160e-01
-1.362258913471993405e-01
-1.151750518933586653e-01
-1.001825288684285303e-01
-8.986278828562488386e-02
-7.037257461402296466e-02
-7.249208557472031078e-02
-6.736657172425518370e-02
-6.701688939520034083e-02
-8.221405274062315582e-02
-8.769845355764246952e-02
-8.692395659246035522e-02
-9.248135682156624626e-02
-8.379973708993687653e-02
-8.972004088893768825e-02
-8.017599629959637486e-02
-7.222576241672817865e-02
-8.354542435198997197e-02
-6.715715541851374759e-02
-5.531440746443724854e-02
-3.529664601022249742e-02
-5.128936916346825414e-03
1.293180011015605639e-02
3.595862098267398749e-02
4.694848277898788780e-02
5.789702008493594759e-02
2.972957102018258801e-02
1.950792897802220566e-02
-7.723592632173315042e-03
-2.478884540385180996e-02
-1.171212934326794353e-02
-1.264157104563738872e-02
-4.062001311192074693e-03
3.622879682078201935e-03
-1.381549101135672031e-03
-8.416228402943209605e-03
-1.596508492664389794e-02
-1.901390830178367394e-02
-1.546339925646459355e-02
-5.795063512923074277e-03
-7.536982507370674350e-03
-1.380676515675924310e-02
-1.251365101774013985e-02
-3.186688037351147196e-02
-3.672511679336246809e-02
-4.439511241462341939e-02
-5.463407090978138897e-02
-5.804921787189041421e-02
-7.350768111897292012e-02
-7.310346423536956406e-02
-8.962381148050985180e-02
-1.060165348122823342e-01
-1.075693273508744191e-01
-1.731069819068546123e-01
-1.688720938001845306e-01
-1.607230288318457490e-01
-1.716683034203065061e-01
-1.568160611444775754e-01
-1.741726109243116882e-01
-1.450129162995401066e-01
-1.261014701634948221e-01
-1.093192517947614850e-01
-8.380275699567374392e-02
-7.747821016191563936e-02
-6.070913321981709354e-02
-6.065581516035151166e-02
-6.479127894667800758e-02
-5.987278571865360666e-02
-7.952803101731777125e-02
-7.597576603492710301e-02
-5.974449373394455365e-02
-5.506946703186051811e-02
-1.059490082230684325e-02
1.971274885616192130e-02
4.233698125139668395e-02
7.793975630870612903e-02
9.294334318730249067e-02
9.612465020086607970e-02
8.776127962728272336e-02
6.655774301460347375e-02
2.859756590225182374e-02
8.188758243992885766e-04
-3.722876495518118861e-02
-4.880020662557821298e-02
-5.801145828933207405e-02
-5.821647570914571801e-02
-6.947098673976870309e-02
-7.442466332139571761e-02
-8.005673177534840257e-02
-9.643434970704117815e-02
-1.038663620435300861e-01
-1.253729785842078726e-01
-1.504707591802653954e-01
-1.571076092227119969e-01
-1.907400970476037516e-01
-2.120502002290273746e-01
-2.399892314648452152e-01
-2.727354258515769514e-01
-2.839252524888569162e-01
-3.076575570606019383e-01
-3.239440836822773395e-01
-3.223138739646763673e-01
-3.305241352483974104e-01
-3.482256984043539116e-01
-3.498817349875763538e-01
-3.368858643529372143e-01
-3.322997206708256934e-01
-3.460578653368393542e-01
-3.323983883415644880e-01
-3.553831762111136494e-01
-3.411725440950904575e-01
-3.164916255501495357e-01
-3.091300502989102750e-01
-2.491498969914093531e-01
-2.144120741959586740e-01
-1.896484105783738938e-01
-1.500132640914702553e-01
-1.487864604796494961e-01
-1.379786141690730883e-01
-1.105112268178512491e-01
-1.033177708888068369e-01
-1.184064188872088752e-01
-1.037462161253093623e-01
-1.218318326994942968e-01
-1.324559039235277125e-01
-1.350194596714055784e-01
-1.461512936028626641e-01
-1.399805154401805862e-01
-1.224545095059423883e-01
-8.992751418203402680e-02
-8.252471686442103271e-02
-4.746272050482273908e-02
-4.221486444984549891e-02
-4.703472705763551281e-02
-3.533243857759062190e-02
-4.183933382605913714e-02
-5.051813247094794762e-02
-5.588914494646417958e-02
-5.729528728569702190e-02
-5.119379945837763957e-02
-5.202558920555300226e-02
-4.871553576711534772e-02
-4.878279608384461508e-02
-5.697809355778428453e-02
-5.342744252613575162e-02
-8.179981199959021620e-02
-1.092945624999109855e-01
-1.195125753406393460e-01
-2.039471967325404700e-01
-1.869252978315535385e-01
-2.096306622059524449e-01
-2.119448725835731961e-01
-1.886416861184959382e-01
-2.046182413528641608e-01
-2.096113184206891966e-01
-1.738756124174452855e-01
-1.885332649292786600e-01
-1.871389346635154993e-01
-1.817362369990530024e-01
-2.009500888763263438e-01
-1.727118372387033141e-01
-1.764652381498834355e-01
-1.595147010143761479e-01
-1.323477511008086527e-01
-1.313714140023839183e-01
-8.461515511278247526e-02
-8.102695399769174744e-02
-7.302640099112908678e-02
-5.810388679690987879e-02
-6.861084827775412731e-02
-6.075973778341274556e-02
-5.126072652144726682e-02
-4.776851699950268593e-02
-3.889000837228955010e-02
-3.335823023231923590e-02
-3.393406265890058782e-02
-2.559757233064870879e-02
-2.232632889924915723e-02
-3.105448623623646709e-02
-2.336856500586718954e-02
-2.186292946497194259e-02
-2.153956836263992355e-02
-1.636697810391044006e-02
-1.666271721015904692e-02
-1.180537489887285331e-02
-8.714851490023727346e-03
-7.915111276110716604e-03
3.720476863617408828e-03
-8.893821551419177351e-04
1.751292607676467952e-03
-2.107844418150694402e-03
-1.016377477024620057e-02
-8.690817355088337193e-03
-3.218211317285077366e-02
-2.068247727623832855e-02
-2.271316212396211343e-02
-2.568176091850017662e-02
-1.534101869447947013e-02
-2.070542621456312668e-02
-9.624089574056419322e-03
-3.172932540703127940e-03
-1.023423007613301350e-03
2.350199396054533998e-02
3.006666639069198801e-02
4.481484141976734004e-02
7.064039370477825930e-02
7.326135598725251608e-02
1.126589494138084124e-01
1.582845427710037056e-01
2.056631592561189437e-01
2.304878735893337027e-01
2.551076758990173388e-01
2.635899968039259189e-01
2.722905288413031144e-01
2.745343112985469958e-01
2.690149464001662660e-01
2.606623017140338172e-01
2.226405181303534320e-01
1.948345502364010051e-01
1.611719764180088998e-01
1.484066932162537988e-01
1.279801041156179708e-01
8.951349130932950704e-02
8.227935318317665392e-02
3.769582341140563508e-02
3.204491209615346892e-02
2.209564562774049556e-02
1.542373546149445988e-02
-8.809385586643105059e-04
-6.812133419808881832e-03
5.560486850815859507e-03
-8.785258818719499097e-03
-6.219251310024657281e-03
-1.380101257624904293e-02
-4.258722451302274226e-02
-5.024440961653614535e-02
-8.864299705749303926e-02
-9.692009522195434157e-02
-1.205465493804890459e-01
-1.325342600641524204e-01
-1.090126999906656652e-01
-1.170992008950678676e-01
-1.426330237702179704e-01
-1.416591612704692360e-01
-1.600198993001015202e-01
-1.751460169073248418e-01
-1.849266814214243215e-01
-1.977831631703019788e-01
-1.881667409367804022e-01
-1.800652439463179544e-01
-1.668976595992526790e-01
-1.437418879919270531e-01
-1.307603019495943708e-01
-1.214245926554531757e-01
-1.048697996725551640e-01
-6.942419741248752330e-02
-6.983850997602053523e-02
-4.589893334566627625e-02
-4.376663363633408188e-02
-3.793250916909050863e-02
-2.047270753527410947e-02
-3.517615463087227917e-02
-1.190066875388413187e-02
-2.053593483399825115e-02
-5.123503229633275674e-03
3.723722294129995503e-02
2.043606820122619017e-02
3.042641953048320913e-02
1.214361144950242694e-02
-2.377395732715471138e-02
-3.728809892763329525e-02
-6.903664452273711172e-02
-7.530284760423855417e-02
-9.255566147319253811e-02
-1.044085636733317057e-01
-9.478052392938926540e-02
-9.673169667852998810e-02
-9.747605650391270860e-02
-8.588232433755468853e-02
-9.145876436480887550e-02
-8.984551426490500203e-02
-9.572420380674559470e-02
-9.527360743345086869e-02
-1.014995692098321217e-01
-1.122580361739402427e-01
-1.172272481096974794e-01
-1.350868136757114035e-01
-1.412634213344750311e-01
-1.529520227940961152e-01
-1.625896549241036548e-01
-1.646740202108502305e-01
-1.754211473340985539e-01
-1.779104684598603603e-01
-1.820694029617580811e-01
-1.902246052334497506e-01
-1.895565561468388061e-01
-1.975917082799332758e-01
-2.018881041584828506e-01
-2.040779645397681197e-01
-2.179166504753373146e-01
-2.239601355833489293e-01
-2.263546350944997676e-01
-2.402793577651646528e-01
-2.378504012457176575e-01
-2.448302360894308027e-01
-2.533518042857489383e-01
-2.438796669034607734e-01
-2.562773246061139099e-01
-2.458536222995665321e-01
-2.292533536329705302e-01
-2.220363749787620522e-01
-1.799821457494777399e-01
-1.625678508681637213e-01
-1.379706777180561006e-01
-9.835387023660199790e-02
-8.933528532300755165e-02
-6.096659559245534016e-02
-4.824835491231668771e-02
-5.830723712825304494e-02
-4.333190373905146386e-02
-5.307256961521987504e-02
-5.858542426204466080e-02
-5.582044723624669802e-02
-7.416819676756120083e-02
-7.998112538828264229e-02
-9.399764874928874525e-02
-7.407283947072113017e-02
-5.596028252101373224e-02
-3.052379904923763904e-02
-3.265598468373981378e-02
-2.684748272560765273e-02
-2.805173276487592932e-02
-2.605563183337905944e-02
-2.445843270934627139e-02
-2.158128670081828002e-02
-1.852120689181632404e-02
-1.697751251630330582e-02
-5.740014348379951503e-03
-3.509755662046236662e-03
-1.004634445825300631e-03
5.972361739472066729e-03
6.463836371230575507e-03
1.332572997714331561e-02
1.924121655396537900e-02
1.979567735356290575e-02
3.734245838070135437e-02
3.810729342472221615e-02
4.586749415297351057e-02
5.164706968490909850e-02
5.315742451578497896e-02
5.764863681471030232e-02
5.939462899284576880e-02
6.092412517265931304e-02
6.284852598866857987e-02
6.348375280268911403e-02
6.436519167145914044e-02
6.506457879170782221e-02
6.508571269014225280e-02
6.541948332337518823e-02
6.544633376172301342e-02
6.466994851993219939e-02
6.500253280650131193e-02
6.373327243628977568e-02
6.233336107110152430e-02
6.308749129285146084e-02
5.815258406086395992e-02
5.855184738219907509e-02
5.700703930821870991e-02
4.389656938972133493e-02
4.200557827691535351e-02
3.120785043089777458e-02
2.599073786564667921e-02
2.097534572581226386e-02
1.207244746275615982e-02
9.953024694053623153e-03
-6.408456768423409847e-05
-1.497899918727786574e-03
-1.457982055558877839e-03
-4.157114840900553998e-03
-3.734434503404067580e-03
-4.370702788567189592e-03
-2.377979706343617827e-03
-2.034089317215623770e-03
-1.853821681189427853e-03
-9.950717537617797051e-04
-7.336180748332023606e-04
2.832735970078250221e-04
4.185979966208266002e-04
1.851839194453095425e-03
1.868386304019508878e-03
2.149565725002144240e-03
2.536268397887812484e-03
2.538997268631634600e-03
2.725541921977136725e-03
2.812402292607102915e-03
2.844662488516605612e-03
2.919399450925866564e-03
2.940867798107089318e-03
2.966096643142032349e-03
2.990475506421791472e-03
2.999067090723096796e-03
3.011780310627382683e-03
3.019692004416455952e-03
3.023851669242583803e-03
3.030162044940012955e-03
3.032923511599817500e-03
3.034686708669975981e-03
3.041247151527114168e-03
3.038798968195755880e-03
3.044053544718320486e-03
3.054293103833895066e-03
3.038416113334433365e-03
3.071582465308596559e-03
3.065845080313831308e-03
3.038580718976954722e-03
3.162058955515854950e-03
3.025934795592514701e-03
3.123901933531374273e-03
3.356540271239819104e-03
2.801470810172254720e-03
3.796548786783785108e-03
4.189127660236789674e-03
