-1.589587311329983613e-02
-1.512446367395951612e-02
-1.722418335455444191e-02
-1.891726255436831580e-02
-1.061212165733334614e-02
-1.077049115522323713e-02
-9.825027322683263856e-03
-7.573181642964415226e-03
-7.805784652011369881e-03
-6.910964025118978421e-03
-6.446343210570104100e-03
-6.378456497695272377e-03
-6.001361964031140701e-03
-5.911769180566416731e-03
-5.813012269104333649e-03
-5.693598911632727876e-03
-5.663348996028878639e-03
-5.608933076382345735e-03
-5.574777282078000225e-03
-5.558045688316662521e-03
-5.536306882136520467e-03
-5.524910954178445521e-03
-5.516852396948087288e-03
-5.509217292946414803e-03
-5.502531674874998509e-03
-5.503059635450491954e-03
-5.495614484563194485e-03
-5.491542534709328328e-03
-5.503506583227695328e-03
-5.474334261845504451e-03
-5.497097667940429797e-03
-5.504487994987830590e-03
-5.419271847479724229e-03
-5.570464389446487009e-03
-5.421704036385234515e-03
-5.364045405768192061e-03
-5.886077778702235482e-03
-5.566850752115906804e-03
-5.510215898396620716e-03
-5.341026016896721455e-03
-4.322253963704702703e-03
-4.610331093502745975e-03
-2.716123969225649800e-03
-1.216534012376778006e-03
-1.791542957817586447e-03
6.076709871652758235e-03
6.954216899877765229e-03
1.137312216867185149e-03
-1.132478539069683337e-03
-2.133300176599676155e-03
-2.422525272374798783e-02
-2.279650364651617314e-02
-4.188905296286610930e-02
-9.555945909282625994e-02
-1.077106519323283440e-01
-1.642915261767193824e-01
-1.878889766481205981e-01
-2.061420960195765040e-01
-2.141125686410650930e-01
-2.076453765872115498e-01
-2.167171351588018935e-01
-2.092195178600674277e-01
-1.992387470126834870e-01
-1.924305391252970898e-01
-1.804657308824353656e-01
-1.691115590422957449e-01
-1.445004125373379744e-01
-1.089621278001768612e-01
-7.490635018396230027e-02
-7.185715012214116681e-02
-3.626261766591065000e-02
-3.683560189958287601e-02
-3.240550262773599782e-02
-2.082296180129891358e-02
-2.352012870419869367e-02
-1.910798709751845847e-02
-1.706477414984692437e-02
-2.060244221620489286e-02
-1.921325806825840629e-02
-2.228951832624641999e-02
-3.044959481476032168e-02
-3.095897729025548148e-02
-4.881500660382484535e-02
-4.805898794614406333e-02
-6.364444314897887978e-02
-8.691993528183244999e-02
-1.127483964053820342e-01
-1.536357805259173648e-01
-1.966711644199816422e-01
-1.929411227441296950e-01
-2.085063077291771649e-01
-2.041553583159890495e-01
-2.058099410965029130e-01
-2.176565006673783498e-01
-2.104388270003554606e-01
-2.255156923925965007e-01
-2.338631337845949731e-01
-2.377727354074220811e-01
-2.658126153882895970e-01
-2.665042171127893766e-01
-2.642466440341993961e-01
-2.655588385272092955e-01
-2.725879382178931776e-01
-2.957484327832622384e-01
-3.179002230359183057e-01
-3.210669969499282406e-01
-3.172456289510123817e-01
-2.792727641748166678e-01
-2.762849546225633612e-01
-2.448930994129708272e-01
-2.382217328028044534e-01
-2.442156180184448799e-01
-2.321247849389166396e-01
-2.445021320511937823e-01
-2.475190503158299915e-01
-2.438800795648990993e-01
-2.282615805601690417e-01
-2.222444391632933391e-01
-2.022941855809023970e-01
-1.832499782025796553e-01
-1.766804429416111710e-01
-1.622382325210130205e-01
-1.574567234940278948e-01
-1.590181712428412331e-01
-1.480080006069900977e-01
-1.529040007291110892e-01
-1.477405444070489793e-01
-1.422531128672510914e-01
-1.497762060284280605e-01
-1.155753587979881369e-01
-1.096588165209713972e-01
-8.382784965961134760e-02
-5.116406124235100411e-02
-4.569440846157472869e-02
-2.179893892472286807e-02
-1.544326745311106440e-02
-1.592322732061777699e-02
-1.294323427114121156e-02
-1.436521280317905498e-02
-1.742128730044563076e-02
-1.610973119911268334e-02
-2.166548212954311908e-02
-2.047124395460601237e-02
-2.073204729886115455e-02
-2.258316973129635696e-02
-2.149091684540660810e-02
-2.293005216698717347e-02
-2.332829189988480656e-02
-2.254694448161471965e-02
-2.615548070452219931e-02
-2.726293148334830302e-02
-2.233717320153073491e-02
-2.276006928165151544e-02
-2.063182736559266914e-02
-6.099105251003903924e-03
-2.788279063213498516e-03
3.409100568315629777e-03
1.830008353064043261e-02
1.711065948056660763e-02
8.581389826320460004e-03
-1.923440689511474871e-02
-3.561177923680900609e-02
-4.349596124371413186e-02
-5.653357414967846717e-02
-6.968755481809926766e-02
-7.499751297173111453e-02
-8.761425633005867630e-02
-9.365198457541383525e-02
-9.198967784880218712e-02
-9.991982035514071492e-02
-1.012804928350045236e-01
-1.002206332499784858e-01
-1.127094884858709650e-01
-1.044801367187382646e-01
-1.100895846246826154e-01
-1.106867897396173195e-01
-1.068203562914394888e-01
-1.189895664275070070e-01
-1.148594885251474351e-01
-1.246699737535977848e-01
-1.444723904866812569e-01
-1.542141699149284229e-01
-1.903198070135475595e-01
-2.131355978130957673e-01
-2.345541024834487120e-01
-2.705431079743500500e-01
-2.841464473868394736e-01
-2.813537078259106261e-01
-2.966069546894488651e-01
-2.895096238053079807e-01
-2.846135207245095722e-01
-2.858898355125448765e-01
-2.876542875570516911e-01
-2.858779565582243998e-01
-2.915177344126033132e-01
-2.906545942613072975e-01
-2.967994379265568305e-01
-3.057520783694029354e-01
-3.059370097100451713e-01
-3.212506240961175985e-01
-3.299176939395452868e-01
-3.376258727234217050e-01
-3.677676734856338836e-01
-3.784500128192610502e-01
-3.849059758048550828e-01
-4.070651716353774763e-01
-4.004279755905530980e-01
-4.099430762562758512e-01
-4.136374752461074999e-01
-3.916141532957178595e-01
-3.925551791126691836e-01
-3.531959948993804721e-01
-3.156065065202215969e-01
-2.911471320832546006e-01
-2.463302878166969412e-01
-2.102117595345547318e-01
-1.813406462999989088e-01
-1.066197081541371411e-01
-8.128859758551129633e-02
-5.872794436510062749e-02
-2.256559496092909456e-02
-6.839489184697660623e-03
-6.167496365386715418e-03
1.013043967244453385e-02
-2.609645690024492252e-03
-2.649831671316954865e-02
-4.336927194079545633e-02
-9.066614257231933593e-02
-1.384827514958249517e-01
-1.392548310785363674e-01
-1.689138578574769789e-01
-1.731346727727119394e-01
-1.816855944102154785e-01
-2.147706694205658851e-01
-2.245104209424472197e-01
-2.395407025534678769e-01
-2.654951423144338296e-01
-2.636459650403245591e-01
-2.757290635610423757e-01
-2.759199941536261691e-01
-2.647312250166881098e-01
-2.692469567648599349e-01
-2.545049232990272414e-01
-2.396809510356228134e-01
-2.332651204343299256e-01
-1.944957843430771827e-01
-1.723689128985513852e-01
-1.264338485041353877e-01
-5.722909266048525900e-02
-2.807958209063839486e-02
-1.253784732993406224e-02
1.816626266446977334e-02
1.829404809138284946e-02
2.266169136847046885e-03
-1.457874805959512993e-02
-1.733819559118726650e-02
-3.377126985060277531e-02
-1.521310775334539823e-02
-2.009248271327349067e-02
-2.693781010050958630e-02
-1.845080343479236010e-02
-2.372374200862968283e-02
-2.257068180581579125e-02
-1.907656823779069893e-02
-2.536009213761232159e-02
-2.111862957188436266e-02
-3.133752318670825904e-02
-4.391942745524164693e-02
-5.190706349213780602e-02
-6.868802242106851474e-02
-6.173346784521396846e-02
-6.651722398059178865e-02
-5.576844068069494037e-02
-5.229269529945243522e-02
-5.142947283094244371e-02
-4.039466357350789821e-02
-3.886314577890162547e-02
-3.415430998379453270e-02
-1.330000487728326755e-02
-9.327464838316094214e-03
7.559022851941724075e-03
1.238287172438048457e-02
2.290027695650097631e-02
2.850561705518860067e-02
2.715035097463819672e-02
2.996661095938989161e-02
3.047309853998895340e-02
2.025441212556771189e-02
1.820260435584034053e-02
3.633226149795999640e-03
-1.739491123078024115e-02
-3.161559532306843640e-02
-5.586204432265327174e-02
-8.270337252557420638e-02
-1.046292167272948603e-01
-1.428047869361961375e-01
-1.627689257308799209e-01
-1.857557104150492078e-01
-2.009337826996791532e-01
-2.239475351670686676e-01
-2.341470790291058091e-01
-2.475242159698571864e-01
-2.592264561856051364e-01
-2.617025419942838882e-01
-2.740369538425193596e-01
-2.761778947473814139e-01
-2.799622316331807914e-01
-3.000330955761683072e-01
-2.989497223411345384e-01
-3.158486946440822729e-01
-3.028728216921905414e-01
-2.872552125933247047e-01
-2.801572855661887962e-01
-2.529530729296345926e-01
-2.445928218042243696e-01
-2.046152084574526242e-01
-1.810380558274045093e-01
-1.429948727440207290e-01
-7.928920231215397241e-02
-4.646011632603753994e-02
-4.153785309311399526e-02
-7.310137015509191559e-03
-7.174474243600350958e-03
3.753301065067309733e-03
1.785875534409269924e-02
1.824632196222824090e-02
3.504832074104106271e-02
3.706264801376349394e-02
4.044653496994114750e-02
4.631744001847497294e-02
4.626183361897588664e-02
5.156623980870534557e-02
5.086640225711803326e-02
5.432042359576089857e-02
5.911537355549034006e-02
5.177440969284946570e-02
6.419619958169031637e-02
5.254458419333912084e-02
4.367560208075859512e-02
4.514201381415040154e-02
1.965972409010241506e-02
3.577892654599852673e-02
6.739240942803473300e-02
9.507636626128504465e-02
1.123542524951541000e-01
1.463825918573171958e-01
1.202275913560688497e-01
1.029378415575288030e-01
7.359422835064544088e-02
3.809881378349075365e-02
6.751330258601351102e-03
-3.123025175447229768e-02
-7.237395386347610093e-02
-9.091233726990187447e-02
-1.242300141395008134e-01
-1.547877516636633755e-01
-1.628326264158891645e-01
-1.902223380749096249e-01
-1.877416802164807164e-01
-1.900073315958210329e-01
-1.966400495851655938e-01
-1.871048176556966980e-01
-1.958815303308324707e-01
-1.920155602740097334e-01
-1.912218816135081989e-01
-1.941340317157657092e-01
-1.886173829983394945e-01
-1.833122621035744582e-01
-1.807423329471674611e-01
-1.701454179963989288e-01
-1.641442046387889819e-01
-1.558522868260238947e-01
-1.418414951694514647e-01
-1.350573740055290572e-01
-1.221034916003464338e-01
-1.124686168774891998e-01
-1.031451532248542635e-01
-9.048303215481097450e-02
-8.131349503745737006e-02
-3.605120261639695178e-02
-1.439170209129429778e-02
2.544308099402297837e-02
1.295737260594210724e-02
4.906376941739958204e-03
3.807670592745541344e-02
-7.419980816987995983e-03
-2.224559151028732140e-02
-3.016331096590253724e-02
-3.797788268069653139e-02
-2.491987992219885789e-02
-2.897615607071426722e-02
-1.291016970953201386e-02
-1.373738275304180710e-02
-1.121969999241281997e-02
5.804700819400432149e-04
-4.273508408553687381e-04
4.969952149020019118e-03
8.689896518340010576e-03
9.479460615202906296e-03
1.327845442902103081e-02
1.495777509820799336e-02
1.659460256114621279e-02
1.983216272012544579e-02
2.126731540198938120e-02
2.391934332345297190e-02
2.838664066208382991e-02
2.929202752527612988e-02
3.617382286482979242e-02
4.151902352887185815e-02
4.286942546703848000e-02
6.129209589676769265e-02
6.214814776735769208e-02
6.534254717142558289e-02
7.202741689517547230e-02
6.987590360403728162e-02
7.376795238556652090e-02
7.440758636988270558e-02
6.861127876308435736e-02
6.879257345352583763e-02
6.581771562421971644e-02
6.403506275812687054e-02
6.218486558706915607e-02
5.978860815861061079e-02
5.878355468261651368e-02
5.329566511067281714e-02
5.143284723931474539e-02
4.811525702779601010e-02
4.341532821283350385e-02
4.170308202713025186e-02
3.626617782820693026e-02
2.968267353994123378e-02
2.872065709067802425e-02
1.396464377724221731e-02
1.382100255416193399e-02
9.177348829273226580e-03
4.002633100720970859e-03
3.872998670508200503e-03
-3.162972496582710288e-03
-4.030503156885971612e-03
-5.290302839328500130e-03
-7.366846981432083850e-03
-7.545560292171680714e-03
-8.409143172993994997e-03
-8.921894070525628398e-03
-9.093279088251672582e-03
-9.450683068124791919e-03
-9.581548323369545178e-03
-9.697477726561133660e-03
-9.816665437153400744e-03
-9.862594814942102217e-03
-9.918612596163145154e-03
-9.955475431145107551e-03
-9.976194698219736229e-03
-9.998119711406192392e-03
-1.000986527985476410e-02
-1.001899941289627165e-02
-1.002577286550365189e-02
-1.002946344098231725e-02
-1.003200020801636554e-02
-1.003140077149234678e-02
-1.003218055239289870e-02
-1.002759656424677751e-02
-1.002174831245053813e-02
-1.002072194412509387e-02
-9.998267632886869566e-03
-9.993737933392036338e-03
-9.977845010036370116e-03
-9.912475785645157023e-03
-9.939811084359713445e-03
-9.823796250128868229e-03
-9.719806537328895893e-03
-9.821736088266546164e-03
-9.292176052625068447e-03
-9.442141032861403951e-03
-9.302322153356853279e-03
-7.565175969543153599e-03
-7.606592280322704847e-03
