-1.100742954743557864e-02
-1.127992795392419520e-02
-2.000869753222807648e-02
-2.578470619985970616e-02
-2.621220171414571226e-02
-2.187649584264429389e-02
-1.711724511909305455e-02
-1.699194670889011063e-02
-1.670718069035323147e-02
-1.659151482505468594e-02
-1.660566243563012939e-02
-1.660395966491814632e-02
-1.660368978233746698e-02
-1.660381026581314243e-02
-1.660380013529099211e-02
-1.660380022366221217e-02
-1.660380039748611189e-02
-1.660380037043637791e-02
-1.660380037160323966e-02
-1.660380037161450842e-02
-1.660380037160923139e-02
-1.660380037147491522e-02
-1.660380037470294418e-02
-1.660380035263736564e-02
-1.660380035959149042e-02
-1.660380148930058405e-02
-1.660378688265921887e-02
-1.660382745866339702e-02
-1.660397282825116019e-02
-1.660235339965618687e-02
-1.661705400096287130e-02
-1.664045345461502914e-02
-1.668371970615899549e-02
-1.730082322528544297e-02
-1.763979947401558140e-02
-1.873713386275187992e-02
-1.854063363665581568e-02
-1.796817085295822694e-02
-1.778391067765117822e-02
-1.928898325429666619e-02
-1.986602883195708741e-02
-1.364744544196124475e-02
-1.262068317259797297e-02
-1.212737328258121222e-02
9.337350126485744525e-04
-6.323598156211378621e-03
-2.578092201021247448e-02
-3.144729218333819354e-02
-4.012457994565216818e-02
-4.815006453167317707e-02
-8.235786678876758082e-02
-6.914270005460017299e-02
2.339461830661433706e-02
5.678540006912142363e-02
4.684746327820141915e-02
3.606621456502651785e-02
2.182305195383444155e-02
8.070944936574229664e-03
7.764714885918399222e-03
-4.932944345302041171e-03
-1.016367042266129624e-02
5.124938616508063240e-03
1.513488894947967803e-02
3.089727707929441902e-02
3.778642021900396192e-02
3.747515022211622693e-02
2.877895279871271056e-02
2.641468252833768099e-02
3.044507622935627850e-02
2.880922190520811277e-02
3.128955775666868860e-02
9.813999859731019348e-02
1.006209890417420760e-01
9.987619554232859964e-02
1.062722690621768495e-01
1.079592104889993270e-01
1.018648316348545468e-01
1.127495685308484569e-01
1.157463926765135431e-01
3.771308689697609740e-02
3.348129687731730281e-02
1.370166981923438311e-02
-1.255589206044400996e-02
-1.697203827252968117e-02
5.353653552103748887e-03
7.194912740156786043e-03
5.336427716408481507e-03
-1.572132924186293856e-02
-4.234771609325440472e-02
-4.206873968969965932e-02
-4.007410572197888515e-02
-4.886921001370347906e-02
-8.260653528888239894e-02
-6.936745767968706400e-02
2.325878045423265816e-02
5.518329096237589021e-02
4.252151406638457476e-02
3.694349402657785830e-02
2.024681770073511952e-02
6.368402193661026021e-03
3.637305542427202078e-03
2.682701972335558085e-02
3.096954390377514715e-02
1.052882713788494753e-02
-2.434964630216853929e-03
-2.170812105473100481e-02
-2.192070318661101108e-02
-2.537292318999280830e-02
-2.757764654260096496e-02
-2.450305441052533922e-02
3.796156274856680134e-03
3.712143027207935771e-03
-3.287574298547777350e-03
-7.329370536700441016e-03
-3.465976164649840069e-02
-3.329513573797996534e-02
-1.994685148099649419e-02
-2.363597449925191468e-02
-2.539332177548958569e-02
-2.463341577130213813e-03
1.095591554690911358e-02
2.069310315027050873e-03
1.528738075992749175e-03
7.745394941048565525e-03
4.856992682648898427e-03
1.132097197812117345e-02
1.844805293072120100e-02
2.845424290519983981e-02
2.387205853208290360e-02
2.359304319290041543e-02
2.114717911998464234e-02
1.396177099742363509e-02
1.175888782614208095e-02
2.230269742333883948e-02
1.865622537958640942e-02
-4.226927386114644712e-03
-5.153351645188443061e-03
-3.820093408516497639e-03
-1.193232944152688990e-02
-1.056921283157145376e-02
-1.532012343784609244e-02
-1.302708554774327857e-02
-1.658731326221760116e-02
-2.546319029803517653e-02
-2.340533393058589345e-02
-2.699441515094166272e-02
-7.785284210756071186e-05
3.104147034700429492e-02
3.416581038855835001e-02
2.560031173365779483e-02
2.377435978780465323e-02
8.179282605608495169e-03
2.904024675987204422e-03
1.130286296287757227e-03
4.425304365079214819e-03
2.302411480580535824e-02
3.350571749426147633e-02
6.102355681672444465e-02
2.175410871440327035e-02
-1.644385849927567722e-03
1.872941677968970389e-03
-4.179104399930036462e-02
-3.892908764150557199e-02
-5.268630320667309214e-02
-4.713980952004352687e-02
-2.003097216636340328e-02
-9.983575532053179033e-03
-4.713860250143970913e-03
-1.083873141411948772e-02
-1.971231935300128343e-02
-2.527350114357603678e-02
-1.547694984710526467e-02
-3.130081478629758059e-03
2.974739625139447702e-02
3.428209353467129294e-02
1.951618803577320066e-02
6.864826703773943724e-03
-2.154785430137838229e-02
-2.945671577349920356e-02
-2.525444785071808904e-02
-3.023519835690678323e-02
5.531621915196771253e-03
2.097919549264970138e-02
5.475636195096730136e-02
7.422558469538521886e-02
7.564320799911404547e-02
6.490397347630071090e-02
2.522891381892800045e-02
1.878916544689062870e-02
-3.290353670126447416e-02
-3.638705185874565456e-02
-2.946977811590799357e-02
-3.038738270175984219e-02
-3.156582588604928824e-02
-3.019783180768370601e-02
8.846806118918198666e-03
1.180859769563815526e-02
1.474522324023154647e-02
1.885504017630649370e-02
1.637299033876024601e-02
1.716376571691461544e-02
1.583988515720795645e-02
5.539472783071975465e-04
-4.381978781675814377e-04
8.515485198087969576e-04
-8.760283541525253894e-04
-6.981741013321809009e-05
4.958805745454823461e-04
9.027363485026231472e-04
2.516965058827018258e-03
7.653208256796325409e-03
1.121184562841761809e-02
2.053951062586330603e-02
1.883945651255929457e-02
9.894017794438540736e-03
3.605533831285197537e-03
8.711903892812645437e-04
-5.109295491618362148e-03
-2.873714673864401648e-03
2.040659825194692314e-03
3.326526462494804829e-03
-9.403088813493996542e-03
-1.077082042248275577e-02
-1.629307859389613703e-03
-4.252396808531307311e-03
-2.027081314621119110e-02
-4.068654316596085480e-02
-4.515612509216737624e-02
-3.932329388948239274e-02
-4.412617041007532714e-02
-2.383263453492948103e-02
2.730624742126673207e-02
3.430121908053560681e-02
3.045089380988009325e-02
2.571886798331016882e-02
-1.235213392132906637e-02
-2.132954879112334765e-02
-4.806170090251549523e-03
-3.695699935697154947e-03
-2.647558260541037212e-02
-3.219976990928330451e-02
-3.540395245327177670e-02
-2.407538732146279059e-02
1.060055668100670818e-02
1.784957368305539055e-02
3.431188325134136574e-02
1.930829757842008124e-02
3.444609896577539160e-02
5.980634051217631475e-02
7.140347355099196935e-02
4.175917758004760866e-02
1.179880153078817842e-02
7.348210081645185172e-04
2.316162125299902133e-02
2.548020916002284933e-02
2.322740932260576943e-02
1.737681826626171280e-02
1.665329795151031245e-02
2.002669686997743392e-02
1.997093696749787511e-02
1.706230756067704871e-02
2.176551068926447369e-02
2.246133901463023136e-02
2.997133499734713422e-02
1.164118178177827104e-02
-2.316384368082515660e-02
-2.252290177690146125e-02
3.918828383864914749e-02
4.775449815365785666e-02
3.719182614206529430e-02
6.500602936771128493e-02
6.633855718846132232e-02
3.507933642624765785e-02
2.305460931857346990e-02
1.117417775372116055e-02
-1.218136570657324738e-02
-2.028994978188875670e-02
-4.822809743183773673e-02
-4.025196285933994172e-02
-2.629971380809576625e-02
-3.314715134636509603e-02
-2.648547108113695481e-02
-2.238148338063343165e-02
-2.480139140019205560e-02
-1.833097962225816932e-02
3.092061057032779656e-03
1.148753198169574948e-02
9.976156865424584338e-03
1.457549744526664103e-02
2.213291896265953337e-02
1.681807223355003683e-02
3.544641611250037849e-02
3.493824634335575968e-02
1.699505314283145802e-02
8.193389965571843542e-03
3.692262897209201439e-03
2.544637900136630148e-04
2.847074845989313327e-04
-1.354127453042564076e-03
-3.004186917905958109e-03
-5.973658982537371522e-03
-2.521013241756077036e-02
-2.615471982757297531e-02
-5.144739270593046837e-02
-3.945309203630203987e-02
-2.302073783569932863e-02
-1.931991294643798859e-02
3.468658676027135818e-02
3.021386776101771254e-02
-1.488884242287118360e-02
-1.046512215894356349e-02
-1.026771268061157059e-02
5.071759606582662908e-03
6.247405069486737690e-03
9.643554279836668089e-03
9.265400185193613941e-03
4.936251708937113881e-03
2.188233076316990853e-03
-2.535616540442919148e-02
-2.357977364700777553e-02
-1.780013696208207485e-02
-1.889733942865872221e-02
-1.914643336002507315e-02
-1.856408159222175738e-02
-2.977128125118025381e-02
-3.356743144583401034e-02
-1.376658198608373719e-02
1.641040382070686580e-03
2.152186894994473354e-02
3.465194206513468045e-02
3.031847207343099648e-02
7.509474622822203890e-03
6.645020019051109395e-03
-1.138805262294205131e-03
-2.796938042536078334e-02
-2.778584333615909813e-02
-1.333454798703151423e-02
-1.411916725996452751e-02
-1.386350268833367802e-02
-1.271494447403817563e-02
-1.837318542600362495e-02
-1.471311564420542915e-02
1.912103134109171404e-02
2.201557702122991164e-02
1.508865522644204336e-02
1.633867963806864138e-02
1.642768872498040142e-02
1.541416691795029735e-02
2.402138841627890140e-02
2.331298658069035079e-02
-4.263146632100617284e-03
-8.466141866647488093e-03
-7.674208132255240684e-03
-8.566315199664095714e-03
-8.525402466770944446e-03
-8.436360095140555543e-03
-8.650787220493956486e-03
-8.906593415753264256e-03
-8.687025084777172390e-03
-1.617958483684274820e-02
-1.600644342751125770e-02
-1.042120271153695356e-02
-7.023554377355368736e-03
-3.565726147040762777e-03
-3.248446677711330517e-03
-7.795829796417323362e-03
-9.334996523150989461e-03
-9.620370384234439021e-03
-9.799789826713164662e-03
-9.834805712536634145e-03
-9.834653998564178018e-03
-9.835023369809186775e-03
-9.835074876038412892e-03
-9.835050711799804557e-03
-9.835050351385933934e-03
-9.835050503141453543e-03
-9.835050462459186960e-03
-9.835050465204346962e-03
-9.835050465658924310e-03
-9.835050465619863541e-03
-9.835050465508733686e-03
-9.835050468143206187e-03
-9.835050450669628047e-03
-9.835050430297658311e-03
-9.835051589804669550e-03
-9.835039339255583976e-03
-9.835065814164130685e-03
-9.835330515396529041e-03
-9.833382861899999175e-03
-9.844273296090579745e-03
-9.874617379440904508e-03
-9.716265557151633828e-03
-1.009325554495021926e-02
-1.011123793544785321e-02
-4.466286571493513838e-03
-4.300976829961301699e-03
