6.502655756200541315e-02
7.022619363871301923e-02
1.433666125649615819e-01
1.485056744475205803e-01
1.472874130541972082e-01
1.600047458941842304e-01
1.513464852110735226e-01
1.549544652358711416e-01
1.559211646618654246e-01
1.538339552291884127e-01
1.556715107286418820e-01
1.550633254882687051e-01
1.549877805293979893e-01
1.554381309646850895e-01
1.551287446482075560e-01
1.552832732487003931e-01
1.553171432527398477e-01
1.552489809774250940e-01
1.553210696116894829e-01
1.553013181814696664e-01
1.552972370287918347e-01
1.553201092127312333e-01
1.553077841026407335e-01
1.553030729587449310e-01
1.553298141590080117e-01
1.552938434055614603e-01
1.553040011550033406e-01
1.553540800951036804e-01
1.552124292684901596e-01
1.553811438493036823e-01
1.553126774139043653e-01
1.550346143508779251e-01
1.557349843289867197e-01
1.547914999534543978e-01
1.551773715607157322e-01
1.567661920608273696e-01
1.551202452365675610e-01
1.604023537171355152e-01
1.533005238033558482e-01
1.565420478125775228e-01
1.548500820071148365e-01
1.346555064469304730e-01
1.432450554568580059e-01
1.171264903802319290e-01
1.212015362816463576e-01
1.238083582974178198e-01
6.862589804219702827e-02
8.669850822033847715e-02
4.036762263348161323e-02
2.982349146633542572e-02
8.450332855993498982e-02
8.591002145725777639e-02
1.339369513126604516e-01
1.607125679919866601e-01
1.638402987119835785e-01
1.732791400008650007e-01
1.802000300182692027e-01
1.698416470004858181e-01
1.772005033566223797e-01
1.667798175340956535e-01
1.323076621792121932e-01
1.084817088665834678e-01
9.200978843656622275e-02
6.800169518671259072e-02
8.277664488250946473e-02
1.022320749264816891e-01
1.163411888203581823e-01
1.272928559787660785e-01
1.420464168119046910e-01
1.504606369059234283e-01
1.604427678316518446e-01
1.721472534592136117e-01
1.776592765944612073e-01
1.891381722351784811e-01
1.979227499172479809e-01
2.030223231414921836e-01
2.165962185371714532e-01
2.187910751481320637e-01
2.233449618495702282e-01
2.257503993127016051e-01
2.198146905847525590e-01
2.219918973442949195e-01
2.174989168776035320e-01
2.145817536276053705e-01
2.135510976131427818e-01
2.067321647257115425e-01
2.024845423465583827e-01
1.959242465862968130e-01
1.888961304329348501e-01
1.817209232849744671e-01
1.925689877178060894e-01
1.976492168747008282e-01
2.138962112981045716e-01
2.142647203684275026e-01
2.238015588588510296e-01
1.994079115968590554e-01
2.088287212303391593e-01
2.006046516198050633e-01
1.995799925063531932e-01
2.117106126935522359e-01
1.777530995194542551e-01
1.760900455396701980e-01
1.857711979456506957e-01
1.887585942389192750e-01
2.235045374728374390e-01
2.279534346146496471e-01
2.267071723768138980e-01
2.369064743117981764e-01
2.336285687065562666e-01
2.403407548734579624e-01
2.404562547541200246e-01
2.470564840399978035e-01
2.366421327786024653e-01
1.954003047220899958e-01
1.589028184241582098e-01
1.560961375425510278e-01
1.213756673420146037e-01
1.382363989209963451e-01
1.255889317611867950e-01
1.002824987070428386e-01
1.177890411954207323e-01
1.014465126655755695e-01
1.102504582739394084e-01
1.352840961488019633e-01
1.358005478833532176e-01
2.009453061470014845e-01
2.065058013714537177e-01
2.262870246120137763e-01
2.423271736789294195e-01
2.247180952646654628e-01
2.321827184177538139e-01
2.258901242740878335e-01
2.105566960282313493e-01
2.066576681076540689e-01
1.831718197588750319e-01
1.462373862017552761e-01
1.448853331244928655e-01
7.910954909324806328e-02
6.219873775279801537e-02
5.295485909668950358e-02
2.512746313925934977e-02
-2.960860128270085059e-02
-8.219940352281415730e-02
-1.266560511831968661e-01
-1.860065573475468692e-01
-2.568580828519426706e-01
-2.744310916776349640e-01
-3.282010150223670930e-01
-3.348112451580272375e-01
-3.392198917882154330e-01
-3.399685485417542896e-01
-3.427509887601473126e-01
-3.434854931386365218e-01
-3.447154992833285636e-01
-3.464852869473893371e-01
-3.466478371146230475e-01
-3.489468734692534047e-01
-3.492312634449963871e-01
-3.505359127505235373e-01
-3.527819769862909904e-01
-3.520675878515328039e-01
-3.558060066535829180e-01
-3.562625082057412906e-01
-3.575343531718977452e-01
-3.646798302295823913e-01
-3.662601478745466932e-01
-3.768085039168656003e-01
-3.823667858286013965e-01
-3.849982841354363527e-01
-3.921749886203748092e-01
-3.925876124336428186e-01
-3.916581473023502125e-01
-3.939096842407195376e-01
-3.853608941756505035e-01
-3.779740201377601583e-01
-3.668779904338997366e-01
-3.432873800778732942e-01
-3.329299880115694776e-01
-3.064300622017284703e-01
-2.875148865248599028e-01
-2.663706466969035791e-01
-1.915830602212766909e-01
-1.602394816080646711e-01
-5.665357059383378802e-02
-7.993679240415031695e-03
1.026177591385569465e-01
1.939124212345468279e-01
2.351650919629695580e-01
3.551361804177794457e-01
4.027684315066367149e-01
5.056728117567831360e-01
5.149051437642001572e-01
5.913450744555845962e-01
5.757642729745899857e-01
5.917181480843519692e-01
6.055263658617805467e-01
5.894674030891841054e-01
5.952805169910133642e-01
5.782917402327955037e-01
5.670590852389645331e-01
5.444698349458706454e-01
5.262803524170647229e-01
5.074460838025901532e-01
4.889488438059721997e-01
4.648382381848644163e-01
4.523824779338281865e-01
4.379647588871782293e-01
4.257128279962751893e-01
4.145512482486730099e-01
4.004081215526626991e-01
3.948002007457745988e-01
3.755391924414058225e-01
3.701772315293873072e-01
3.619734880627719642e-01
3.482838112493733540e-01
3.495457585818553814e-01
3.371161864962917143e-01
3.275435590764166904e-01
3.348593041144037885e-01
3.045042091133440820e-01
3.126553836183355028e-01
3.033737011091837132e-01
2.348501700544602944e-01
2.304219064667532846e-01
2.190520270846106621e-01
2.206889864157725589e-01
2.113031692879755175e-01
2.124461931686470462e-01
2.029539331963589599e-01
1.879406037868138757e-01
1.755690162163431323e-01
1.314722292041292928e-01
-1.157231820514786555e-02
-1.195886224164069978e-01
-1.253127505093014349e-01
-1.726281804600053038e-01
-1.652582626773287378e-01
-1.764496467230889931e-01
-1.955434050575007299e-01
-1.815313778913857090e-01
-1.954167470776647653e-01
-1.788224659051059762e-01
-1.469142676478120690e-01
-9.601144493197973084e-02
-3.537995965481854216e-02
7.710835437187356367e-02
1.370464254073052168e-01
1.985492798522352498e-01
2.473857620117405898e-01
2.674881693981394082e-01
2.851794160971706238e-01
3.018497137938125352e-01
2.977465878642022168e-01
2.885145706845432811e-01
2.875314113652054360e-01
2.866639701912888638e-01
2.847802559441902637e-01
2.897449277346468843e-01
2.859705658852920163e-01
2.919237330392190910e-01
2.893638461223915215e-01
2.810142867985077064e-01
2.827277660931410974e-01
2.695018750102597949e-01
2.640580692622399028e-01
2.569135991705980837e-01
2.371721638563095147e-01
2.332331560512272972e-01
2.146939278374417059e-01
2.040354066262917709e-01
1.953572416802990819e-01
1.764310695908236359e-01
1.718377995447185336e-01
1.528094290113884424e-01
1.387081521609077883e-01
1.273185830503196225e-01
9.615465015028197560e-02
8.175922206380266399e-02
5.769709549514761421e-02
3.102943101212774987e-02
1.770641046103602068e-02
-1.262966688449252382e-02
-3.011741557926687907e-02
-4.768101302838469863e-02
-7.015995464111171587e-02
-8.495954788602327890e-02
-1.015321980030908650e-01
-1.011493682201711208e-01
-1.088932073800709249e-01
-7.807941309093131832e-02
-7.047605732195107164e-02
-2.761109644169417246e-02
1.957695684711978357e-02
5.568605654323129095e-02
7.048940054228473862e-02
7.722772349774754963e-02
8.154446324322400796e-02
1.261654365007173761e-01
1.312063692370540602e-01
1.457970343173355943e-01
1.510201824000191595e-01
1.704952635696701246e-01
2.139115808927320728e-01
2.501450940964370373e-01
2.670777500213537548e-01
2.685603778673419373e-01
2.765247765575591932e-01
3.006120128254452517e-01
3.270597333553331154e-01
3.970717529497517773e-01
4.145165405412275517e-01
4.891564662187563584e-01
5.083913052511506159e-01
4.488410731376309415e-01
4.542054095266724323e-01
4.093347504068117759e-01
3.506626169064600007e-01
2.952896432249805247e-01
2.255407365410875831e-01
2.080935325196350272e-01
1.854749352286569064e-01
1.569960112521605056e-01
1.459622385816376766e-01
1.199884395459154818e-01
9.410715206855177484e-02
8.347485060455421546e-02
4.550179822562108040e-02
2.599334220551306057e-02
-1.667139744450914750e-03
-5.338018418419151340e-02
-1.130345464601542754e-01
-1.905046440891547399e-01
-2.996227027099580553e-01
-3.447916667066164842e-01
-4.858226888612683925e-01
-5.142674367594630702e-01
-4.953804411332011215e-01
-5.263593202147007766e-01
-5.032063396747485928e-01
-4.939837142248496571e-01
-5.029714333473600529e-01
-4.620290929079246545e-01
-4.624013774261094278e-01
-4.347526018888353549e-01
-3.570442111519450679e-01
-3.305033760032951573e-01
-2.077731997326569824e-01
-1.376991765359080744e-01
-4.914441422534174958e-02
-5.620262515666252234e-02
-1.193911272271370311e-01
-1.365599209810391401e-01
-1.111882218900124702e-01
-1.606874290163543273e-01
-1.205757988413189014e-01
-1.443329714929615371e-01
-1.782400901852619068e-01
-1.344000029630465776e-01
-2.194726916538235761e-01
-2.483005677252187182e-01
-2.549220901768651792e-01
-2.651963400840325336e-01
-2.696194284623831261e-01
-2.691732092494068529e-01
-2.794116789795179079e-01
-2.779631297060462525e-01
-2.814480953245330208e-01
-2.840093748990265010e-01
-2.636138161946998126e-01
-2.590294779451862150e-01
-2.170222630321755053e-01
-1.729031484208424507e-01
-1.352730478361979516e-01
-3.863176271358260971e-02
-3.060832263568053629e-02
5.275047416582936965e-02
1.093590021146032404e-01
1.445839148766885074e-01
2.726827270639471390e-01
3.182366614025668450e-01
4.658766770875462648e-01
5.248615518896946330e-01
5.628630862032111271e-01
6.101812661890675393e-01
5.900788305030950642e-01
6.001456342405977473e-01
5.438909059355027109e-01
4.815551341054151724e-01
4.528689467755222520e-01
3.782989819402634013e-01
3.605363638934581672e-01
3.485308606825787137e-01
3.227110602758119784e-01
3.022828585553047898e-01
2.924340553480013205e-01
2.774143761737022373e-01
2.668718567558298616e-01
2.605905929055920001e-01
2.465203499962177747e-01
1.713670962923930507e-01
1.474708062851373958e-01
1.321285352750530273e-01
1.142238958015755201e-01
1.052903981035988729e-01
7.801365278220839805e-02
6.188490870668553190e-02
5.848210712811110351e-02
3.059622688704186771e-02
3.284748404528760324e-02
4.798335019515305444e-02
4.002526026820735217e-02
8.406530498632566739e-02
1.080358124762000882e-01
1.302307061174696190e-01
1.791658176695951066e-01
1.699351132591628288e-01
1.769047871482622714e-01
1.589148541669067050e-01
1.711094916093979235e-01
1.384696150560972283e-01
1.339032637384662827e-01
7.854309248067750659e-02
1.085510885198006786e-01
1.001940907149385940e-01
1.089004481777125777e-01
9.952788743097139290e-02
4.660624612997482652e-02
3.325430018606961163e-02
4.311735826094661994e-03
-2.090922545907656846e-02
-2.762916966383233836e-02
-4.689779985528157863e-02
-4.780810886723844272e-02
-5.373052637047510266e-02
-5.005714810811755233e-02
-4.348397434562024239e-02
-3.754096173163307126e-02
-1.238946013361916405e-02
-4.684368536220739204e-03
8.299695750981175846e-03
2.210392266949899945e-02
2.334471867032816839e-02
3.275150094911732923e-02
3.201114622595588322e-02
2.943493254173358900e-02
2.703370020375575611e-02
1.234470274715884774e-02
5.747760390627988485e-03
-1.507286813925621215e-02
-2.726956654301336200e-02
-4.975841922537831835e-02
-7.701074992157426469e-02
-9.404969107912530824e-02
-1.418776884796451032e-01
-1.580606844399190802e-01
-1.673400286119408331e-01
-1.693419817060562993e-01
-1.740763125632132646e-01
-1.740473340502805277e-01
-1.725073469064706544e-01
-1.736215543446125165e-01
-1.686999255349827809e-01
-1.659134327844200285e-01
-1.629300232867441078e-01
-1.530166498970344235e-01
-1.489706137992224122e-01
-1.440687042331791901e-01
-1.374506130989227304e-01
-1.352806347409404308e-01
-1.319833954535679088e-01
-1.280392468700562170e-01
-1.284444172878441148e-01
-1.266936096564420799e-01
-1.249725863741920490e-01
-1.289797380804258708e-01
-1.268054550645693612e-01
-1.299774825942153489e-01
-1.315744933455915144e-01
-1.266119115287282215e-01
-1.179047052342286628e-01
-8.460693943095839997e-02
-8.792659754074529793e-03
4.489584069286808865e-02
2.105378628366437743e-01
2.770655849416519545e-01
3.651055973990426917e-01
4.026960654154488339e-01
4.493865385569311144e-01
5.241133355482869849e-01
5.752373967969210966e-01
6.159155742488398033e-01
6.265743807191125336e-01
5.927974995360396626e-01
5.882256594222465829e-01
5.534870880699601647e-01
5.403216064753574299e-01
4.724190474251209748e-01
4.610508406231976219e-01
4.547738976073348871e-01
4.308371367230837135e-01
4.289111030717347450e-01
4.189380918690209787e-01
4.096671905694418414e-01
4.013301014442385850e-01
3.962244607788969475e-01
3.824970200549988597e-01
3.780508453133578639e-01
3.676525122521450140e-01
3.598220340325875566e-01
3.477756353448305249e-01
3.429846729932382599e-01
3.237315243234375473e-01
3.070349895773061277e-01
3.017785042741573664e-01
2.435238012781533734e-01
2.381404816973573813e-01
2.204641277090343410e-01
1.998862705998519229e-01
1.968644013276146520e-01
1.828018763347491749e-01
1.777059557470493656e-01
1.698140183299469419e-01
1.650851492298914536e-01
1.632043161064943015e-01
1.621692816017217820e-01
1.612946832599386482e-01
1.607534779165109007e-01
1.603383565450298698e-01
1.600142017913882275e-01
1.598065592617316788e-01
1.596359874556351477e-01
1.595162606069495670e-01
1.594312836605025763e-01
1.593627549511792973e-01
1.593169989603735182e-01
1.592771820983699682e-01
1.592493041265369558e-01
1.592268683753068625e-01
1.591965738779136386e-01
1.591886225635878727e-01
1.591532809590090192e-01
1.591188688652700189e-01
1.591237089009088779e-01
1.590060592237928783e-01
1.590088105967797649e-01
1.589521641943516805e-01
1.586402853000086210e-01
1.588594770087857766e-01
1.583048371335478433e-01
1.579202771523804949e-01
1.585276344970213691e-01
1.560707410756662361e-01
1.572065403721252808e-01
1.565410497793016942e-01
1.501904409873977275e-01
1.581849827833592126e-01
1.452913975558182136e-01
1.391761023557898658e-01
1.475275559145852178e-01
