1.418072699833028763e-02
1.436828962743738961e-02
2.515130536529412014e-02
3.216911200686444622e-02
2.993791520111961299e-02
2.428228835183231585e-02
1.790295966145652104e-02
1.790256840447652237e-02
1.790181844957606724e-02
1.790147220775989076e-02
1.790151879708406016e-02
1.790151879708521201e-02
1.790151879708424057e-02
1.790151879708546528e-02
1.790151879708553120e-02
1.790151879708466384e-02
1.790151879708414343e-02
1.790151879708465343e-02
1.790151879708584345e-02
1.790151879708649918e-02
1.790151879708499691e-02
1.790151879708387281e-02
1.790151879708421975e-02
1.790151879708517038e-02
1.790151879708554508e-02
1.790151879708555202e-02
1.790151879708404628e-02
1.790151879708487548e-02
1.790151879708429261e-02
1.790150358782104795e-02
1.790163278700009075e-02
1.790174970020347311e-02
1.790166695240663630e-02
1.998411699451910564e-02
1.961750392639459786e-02
1.944577082244904054e-02
1.840422997457819010e-02
1.913651943717881165e-02
1.913710339329270302e-02
1.362116537485921243e-02
1.229674541443644478e-02
2.082070037419767733e-02
2.357819803632480241e-02
2.622861883740957092e-02
2.137530373404060435e-02
2.083229348846014906e-02
2.102701249954338006e-02
2.345531900196957953e-02
2.969202902051132353e-02
3.992804985817501734e-02
6.311008273345530828e-02
9.419953061480064449e-02
6.484787532561440970e-02
-1.630462897773514094e-02
-7.181575332487628860e-02
-5.642961960146461453e-02
2.760381765116639782e-02
4.694217344348704246e-02
5.168721081672781464e-02
5.668462759871188694e-02
5.101319636459068080e-02
4.781191473937428105e-02
4.531715917183598563e-02
5.295911943300828095e-02
5.509995793810733983e-02
6.792293767480146738e-02
4.425039953392184700e-02
4.371007433588546681e-02
7.963131913196559719e-02
9.238528948079832714e-02
8.490711628190732163e-02
8.493775371480860592e-02
8.493123446661561549e-02
1.421545809465412091e-01
1.577972573061572903e-01
1.034414681448088263e-01
5.281088608976251819e-02
2.706111098148935440e-02
5.279058825764717383e-02
4.753565931198924788e-02
-3.124618991695418679e-02
-4.646142772648478858e-02
-1.901675012432517062e-02
-1.430246661900264060e-02
-8.006882804428362352e-03
-3.271322946424919109e-02
-3.172735491826922383e-02
1.298978936256030454e-02
2.534329612289160441e-02
2.337826898074414281e-02
2.939754660227695757e-02
4.099936018936340548e-02
8.414433996216619249e-02
7.444445264624748038e-02
-6.265823802404123406e-03
-2.105247851526760930e-02
-2.498814531068383263e-02
-1.624301159841363973e-02
9.925765405902505639e-03
-2.596587816096125492e-04
-9.448509229739895899e-05
-2.218919506988781959e-02
-3.876086019537607064e-02
-5.890668020673490296e-02
-3.451486010331372700e-02
2.772952373584088026e-02
6.096711774287577601e-02
1.623538229347891784e-02
-2.629929254739990160e-02
-8.669349606226260663e-02
-1.147266329211928948e-01
-6.504611983464714253e-02
1.247507319232737943e-02
2.819878852051481768e-02
-3.771314874130232003e-02
-4.299966516584807774e-02
-4.642348803530843560e-02
-6.223949408733503441e-02
-6.194847936439022706e-02
-5.338407672708614382e-02
-4.105046316530433503e-02
-4.303510330751261770e-02
-3.052102295258993930e-02
-3.273570756328286063e-02
-2.757295187064626174e-02
-2.531331685190648523e-02
-3.184954532631099205e-02
-2.637361930467547674e-02
-3.897987487053761885e-02
-4.975465245708082795e-02
-5.318190661727473234e-02
-3.448990315396608525e-02
-9.753928994279780287e-03
7.002657297477892819e-03
4.961285711803498782e-02
3.923969737085367809e-02
7.034973972574599770e-03
7.037369657364474403e-03
7.005115647786811298e-03
-2.598815668220750413e-03
-3.468175512051842324e-02
-9.686689352340417669e-02
-9.207677335712144417e-02
-4.484067479859283473e-02
-3.409629074757413586e-02
9.242465356463496905e-05
8.576791308830000043e-03
-2.349745624415174039e-02
-2.841414454055496419e-02
-2.654570546087978156e-02
-2.126528235967375599e-02
-1.141787556937629185e-02
1.020963131414810016e-02
2.481802040789651137e-02
5.415840950955297384e-02
4.334864240070700203e-02
1.413177036175856938e-02
1.413086345188505413e-02
1.786127120212342018e-02
1.502692239942630438e-02
-1.999024062507235092e-02
-2.185789405260610968e-02
-1.619253869312943170e-02
-1.619480944685634111e-02
-1.619522669385170532e-02
-1.619441922072803464e-02
-2.698422053894534642e-02
-3.157444987630378397e-02
-1.854282809223187570e-02
-1.129464433327068661e-02
1.461846837086916429e-03
5.586706604010965903e-04
-7.624836489873760767e-03
-7.863906774075443001e-03
2.182528648885978528e-02
2.464839969316175161e-02
4.721629034491930943e-02
1.131412262719549283e-01
1.473354762973182741e-01
8.791016132969929620e-02
-3.935613669645882801e-02
-6.270687416746260900e-02
-3.626367584370328301e-02
-2.489537053889856119e-02
-1.628808910840600851e-02
-1.378785899503373602e-02
-2.142455886169904958e-03
-3.446227301158768771e-04
-5.340446034739336836e-03
-5.339168290960183069e-03
-5.340344304870241372e-03
7.465590179746663980e-03
8.315604685877012181e-03
-1.665883884179530580e-02
-2.305878709472455532e-02
-3.068402135333996028e-02
-2.120077702291442087e-02
-1.314992885617361634e-02
-1.018703381358238361e-02
-2.915790834630057476e-02
-2.915550207484837036e-02
-2.916039903030852656e-02
-2.916458707916565543e-02
-2.916096985998829771e-02
-2.915984131386623046e-02
-2.916879243681197442e-02
-2.465278888978440081e-02
-3.815290993697376815e-02
-6.767371166655430925e-02
-6.994144051865996969e-02
-4.294597739752874233e-02
-4.294778474033043164e-02
-7.067914634278144037e-02
-7.978930087845564900e-02
-4.795822412929371531e-02
-3.409115674535032059e-02
-1.584556521344913232e-02
-1.583686244093138532e-02
-3.502896312514435038e-03
3.839396809772479668e-03
1.655274614963466243e-02
1.038921559606863568e-02
3.642383640674048007e-03
7.460789743428954904e-04
-7.371671914778860947e-03
-1.133907493086760629e-02
-2.185559069783300432e-02
-1.250511312166631937e-02
4.406432890919940309e-02
9.094821416015018423e-02
7.434581919129069905e-02
-3.703231222418246985e-03
-2.771980581207000166e-02
-2.980787352489322126e-02
-1.784792743280762262e-02
-8.541299276696502976e-03
-1.136466290507756605e-02
-9.781780784197707107e-03
1.228369782633342670e-02
1.369601487566299639e-02
3.889282313990490708e-03
1.708845154285645960e-03
3.810357711498571758e-03
4.181073960593849684e-03
3.406935363597527779e-03
-6.480989522658828911e-03
-1.885109623331106959e-02
-2.221330707924666636e-02
3.196816644881358277e-02
4.782675337812593991e-02
7.113392955871664092e-02
8.486870252828848660e-02
7.180730337887179793e-02
5.145418944003685158e-02
3.765802524676065133e-02
4.190506533152743573e-02
7.067165491745915074e-02
8.930126998524580417e-02
9.641595741435307620e-02
5.562520810587152573e-03
-6.466251258084536324e-02
-6.430422911756257520e-02
-3.669527613820640355e-02
-7.197339141665970268e-03
1.748027862165565244e-02
-1.503992758643390645e-02
-4.602057768184025788e-02
-1.890720041006444321e-02
4.437331252746365418e-02
4.358793050911839717e-02
-2.630301507276945963e-02
-8.669106427927698866e-02
-1.147313829787373340e-01
-6.504826067479436980e-02
-1.247006203598353263e-02
2.440417882299655058e-03
3.172787280519848065e-03
1.036230888603669950e-02
2.056367607008157197e-02
2.026242572451146182e-02
1.778290554245182814e-02
1.178751363724064166e-02
1.238341459773880868e-02
1.238135017036437989e-02
-2.331918982224337987e-03
-1.260353901208132246e-02
-6.196604419855574440e-03
1.154540614472459367e-03
2.171750887012547857e-02
1.216833552769480686e-02
3.780491200731773277e-02
9.592081773757871188e-02
1.173309624105285109e-01
6.650635015176338538e-02
6.558616016222955369e-02
4.964456972626844766e-02
-4.372739000180738723e-03
-2.156781703521790106e-02
-1.033886379002423375e-02
7.015612308795153573e-03
2.129619046264294088e-02
2.376614694777529416e-02
2.376972336635016503e-02
2.377052138531533451e-02
2.377590224648701983e-02
2.187535043381394831e-02
3.245245177203815584e-02
5.492709140005260643e-02
5.001287382282128963e-02
-4.784190041470477890e-03
-1.626285476218007967e-02
-1.310139558333647813e-02
-4.133105555971157766e-03
7.449188611290453836e-03
1.482158216269842226e-02
2.170112444971021917e-02
3.157154576425074549e-02
2.788729614534761828e-02
1.413017437599526499e-02
1.412817621837140006e-02
1.786051545105276500e-02
1.502712208264970865e-02
-1.999024062507197622e-02
-2.185789405260634213e-02
-1.619253869312870658e-02
-1.619480944685680948e-02
-1.619522669385158389e-02
-1.619441922072807280e-02
-2.698422053894553030e-02
-3.157444987630337457e-02
-1.854282809223141079e-02
-1.129464433327084620e-02
1.461846837087417764e-03
5.586768369078725684e-04
-7.624713248626421511e-03
-7.864372001230530984e-03
2.182036679236685345e-02
2.405946455779825466e-02
2.969075701618164101e-02
3.992923760647512643e-02
6.311151497987500802e-02
9.953777554153629692e-02
7.424059692794976462e-02
-5.325536478529256657e-03
-7.624158314529182190e-02
-7.706389029481963693e-02
-4.523428366512712712e-02
-1.952761913405975935e-02
3.117172620923172599e-02
4.899021797085455904e-02
5.416948248583201841e-02
2.068415968002716709e-02
-2.665356517110380186e-02
-1.405604983830559609e-02
9.116238218431233636e-03
3.203006670076063295e-02
2.060820933794191290e-02
6.741030688221723820e-03
7.126081269011421034e-03
1.914576378007247504e-02
2.261536546518712679e-02
2.187066066837102182e-02
3.246044691885411476e-02
4.354778469150253489e-02
6.159756599567067781e-02
2.987408766415309419e-02
-3.851916287047601334e-02
-5.073269519715457865e-02
2.046597267475511531e-02
3.253699104194908431e-02
4.458771041743721936e-02
5.054115615660890320e-02
5.333011202612167323e-02
5.681673534942754955e-02
7.010876533930222865e-02
8.847599127646262052e-02
9.473423955199507251e-02
6.255851758195182799e-02
5.015446201026303730e-02
3.121480689546777751e-02
-8.607196438608208031e-03
-4.455460289259844525e-02
-2.713961428141859963e-02
-1.267721019540854650e-02
9.808428339426460141e-03
1.471226625202334999e-02
-1.886559229896260341e-03
-5.582585823257148368e-03
-8.107472588331251021e-03
-8.108600049551986308e-03
-8.108735709258274235e-03
-8.107812545626759751e-03
-1.246862739009615452e-02
-4.987858811963875871e-03
6.952987873573998612e-03
2.453351625948035691e-04
-3.141733756586478910e-02
-2.457577307947706943e-02
-3.795758021868356202e-02
-3.179682723807611411e-02
3.006769014881069749e-02
8.528982265761356207e-02
7.665716242970746497e-02
-2.156726954282131483e-03
-3.043146620084205556e-02
-2.208120259952248837e-02
-1.447446140090190986e-02
-1.710827412675836393e-02
2.267257736391763926e-03
2.819603685569402676e-02
2.641124751624957662e-02
7.046900015723716638e-03
-3.143901029326513774e-02
-2.155711658306790762e-02
-4.229448636336045203e-02
-7.329339883984130506e-03
1.826668428179080775e-02
3.333389594534933581e-02
5.889466900578991387e-02
6.323267103822893809e-02
7.864875386791936318e-02
9.163617265256329691e-02
8.590275331163504946e-02
6.918206411857140414e-02
6.040694173530355288e-02
4.634649533932810178e-02
4.632990657500160592e-02
5.262887747676106565e-02
3.926390254271046321e-02
-5.629957143556685306e-03
-8.793071052434046214e-03
1.793497032987084044e-02
5.320859738912505667e-03
7.202061365017280344e-03
1.387684700136039388e-02
3.014865550436365838e-02
3.116987196513270122e-02
4.149205376510911591e-02
2.617284234436541290e-02
3.495217640658297709e-02
2.257948116681411654e-02
2.167314393361084029e-02
2.324295087989574141e-02
2.323847749771875901e-02
3.926481542305144956e-02
3.436872686794033988e-02
-9.358174837122553921e-03
-1.736681566606184529e-02
-3.730273996489602562e-02
-4.832945794985620686e-02
-2.105375822103270136e-02
-1.755343917529077159e-03
3.557054792527183928e-02
7.209399813087677411e-02
6.987847435772724658e-02
3.933765933028725986e-02
3.933984654875598980e-02
3.933710428952933574e-02
4.779932042271702736e-02
4.637649695179245357e-02
2.988612844921911815e-02
2.565458728124122081e-02
2.849980541545932625e-02
2.849875950759861096e-02
2.849901978164930128e-02
2.849830221960539950e-02
2.999450548030252114e-02
2.969631453000505864e-02
1.292576529374297838e-02
1.217762908922599696e-02
1.277361890235884437e-02
1.277258790730881159e-02
1.277270415625489375e-02
1.277274414351349703e-02
1.277277791618333484e-02
1.277248769039428244e-02
1.277205204666889693e-02
1.277200654516052157e-02
7.524500337851300694e-03
5.664214522887972385e-03
5.059688895276142837e-03
8.569294982806207814e-03
1.265442890516105430e-02
1.114686962933616327e-02
1.070421058730803079e-02
9.977225836482523161e-03
9.977093419322258586e-03
9.977029264632345656e-03
9.976988252113619046e-03
9.976993676759322166e-03
9.976993676759336044e-03
9.976993676759431454e-03
9.976993676759700336e-03
9.976993676759486965e-03
9.976993676759676050e-03
9.976993676760128812e-03
9.976993676759908503e-03
9.976993676759533802e-03
9.976993676759056753e-03
9.976993676759271859e-03
9.976993676759887686e-03
9.976993676759400229e-03
9.976993676759035937e-03
9.976993676759346452e-03
9.976993676759597987e-03
9.977001676290292095e-03
9.976930167955930587e-03
9.976857829041802656e-03
9.977362084217863622e-03
8.905266974874185074e-03
9.729506203915013959e-03
1.659944893963508777e-02
1.633291156653549070e-02
