2.093596584469912258e-01
2.185872351502700373e-01
3.506031960740778608e-01
3.715338364546644234e-01
3.603683685746027487e-01
3.841710576918737630e-01
3.714598995400064108e-01
3.745560538229334990e-01
3.780531311624037993e-01
3.735703711250744075e-01
3.764029561854219663e-01
3.757579879254488997e-01
3.745692156863299482e-01
3.757111071179111694e-01
3.744445842862472729e-01
3.732824585002362250e-01
3.745102885338930654e-01
3.702688566714968932e-01
3.699760030997535365e-01
3.700477793547904404e-01
3.546665213085716806e-01
3.527975589725980132e-01
3.395247793781736023e-01
3.353768590333837119e-01
3.286297554369301821e-01
3.252783358507174705e-01
3.204970448719148823e-01
3.110873116509082492e-01
3.150576565299973986e-01
2.918802385705725477e-01
2.855201591418622398e-01
2.678258217418663101e-01
1.614957918354918420e-01
1.536603831858863733e-01
7.926989277840501558e-02
5.895915887426174395e-02
9.241712942218865967e-02
9.731138936613037416e-02
1.111311537794184429e-01
1.434947750026960012e-01
1.439112657369857606e-01
1.579012257028678534e-01
1.568732386392690248e-01
1.422010898971505233e-01
1.404271003042527055e-01
1.330037602087132675e-01
1.165739713544167722e-01
1.061890952774481867e-01
9.275774918096113542e-02
4.772758447817852800e-02
2.497604384160952845e-02
5.376323250331859968e-03
-2.772098672334354433e-02
-6.148483051521777543e-02
-7.807871525276049995e-02
-1.360553073441221894e-01
-1.123794526859565462e-01
-1.053119338313274755e-01
-1.261763539544855928e-01
-2.298929133101176581e-01
-3.074779288224134266e-01
-3.836943582819333232e-01
-4.663388557469492213e-01
-5.006335862619064603e-01
-5.610574844185270971e-01
-5.877480797903513743e-01
-6.174032713902140035e-01
-6.242656477935004666e-01
-6.256384388269676800e-01
-6.243614701534897504e-01
-5.983520406793554347e-01
-5.915784512201587297e-01
-5.880251559458089528e-01
-5.689756498521771899e-01
-5.757066710792813069e-01
-5.599401633501455144e-01
-5.601130689558134756e-01
-5.693414195426138580e-01
-5.653930903850996614e-01
-5.927647018317723226e-01
-5.994953186929203870e-01
-6.167522938352170137e-01
-6.516555952797229434e-01
-6.694780038483388873e-01
-6.933190584532396006e-01
-7.205908781828200826e-01
-7.351052585555550856e-01
-7.500742290846369453e-01
-7.673241881155715705e-01
-7.552386596440885391e-01
-6.665186597418069070e-01
-6.275602447353774149e-01
-4.643584775898959016e-01
-3.417413748994865275e-01
-2.078815533401844884e-01
-5.867568262746512830e-02
2.784267675682676468e-02
1.989232596050288238e-01
2.342570184393815980e-01
2.002136910033616712e-01
2.196418610140751237e-01
7.850327802125287024e-02
5.244368921467159467e-02
1.393041243394681494e-01
3.589639854062042640e-02
9.471340458325550049e-02
1.262977675817745062e-03
-4.592737331016231994e-02
-2.392557711422099026e-02
-8.437209672753678835e-02
-2.896432999092863891e-01
-2.933447822159595542e-01
-3.487929303849174323e-01
-3.694592550827085486e-01
-3.010725527108997768e-01
-3.077322600569699085e-01
-1.825037492693526997e-01
-8.632750687778069365e-02
-1.574880974651635818e-02
2.332104243526531007e-01
2.743574927134707075e-01
4.058664737573287606e-01
4.651929842947677418e-01
3.324922503036989996e-01
3.747662620266390410e-01
2.915919632088391777e-01
1.517074888893395201e-02
-1.110300736748844608e-01
-2.198289863438558367e-01
-3.149592674582704088e-01
-2.953450249567385333e-01
-3.425738212653551829e-01
-3.054756773855852314e-01
-2.662526408631798458e-01
-2.114361626593154742e-01
-2.462043203712465100e-01
-3.197071169948768610e-01
-3.736320707605330083e-01
-4.179542790020692178e-01
-4.777686297272036864e-01
-4.839452678269778874e-01
-5.047915776577027724e-01
-5.104954757724282643e-01
-5.149447472522699076e-01
-5.264545194711736098e-01
-5.275995213006723361e-01
-5.339593589016305986e-01
-5.424040790119983857e-01
-5.462576777706507070e-01
-5.573386746444537465e-01
-5.507000435212686673e-01
-5.492489268727843710e-01
-5.447497447783506974e-01
-5.220690439883517442e-01
-4.926442249951735741e-01
-4.704468593703088342e-01
-3.900059246026140736e-01
-3.376263373543949009e-01
-2.244316052602346456e-01
-1.269443341794532776e-01
-7.319413007215697098e-02
1.178342847409740574e-02
8.138241455089817444e-03
-9.840803562034575180e-02
-9.550111881405903835e-02
-1.868771600017666845e-01
-2.151531200266483812e-01
-3.038262754764141094e-01
-3.365733666894915599e-01
-3.372086968553457131e-01
-3.763337434436739848e-01
-3.825455136005577739e-01
-3.651320294947721368e-01
-4.009741697357025458e-01
-3.636244297756523469e-01
-3.078397119440928198e-01
-2.757763514522683090e-01
-1.472050963085947684e-01
-9.056860512623854387e-02
-5.133552915194817060e-03
6.681021341456097606e-02
2.141429739127359011e-01
2.595840445738255009e-01
2.885573170965020640e-01
3.218438059743816138e-01
3.327692171595399984e-01
3.680224523270334558e-01
2.977716147175827888e-01
2.796149474278223357e-01
1.893835605020751656e-01
-3.913141017027010893e-02
-8.472676863609759912e-02
-4.550624877987412970e-02
-1.110809638719106179e-01
-1.855999253099855084e-01
-3.062256997710501860e-01
-4.066408697475468736e-01
-5.309920251840444250e-01
-5.335913421869569184e-01
-5.543697041205624121e-01
-5.588628375815681837e-01
-5.555668034939365008e-01
-5.586948603173914618e-01
-5.475474576179648611e-01
-5.513133704830015525e-01
-5.460133851341759659e-01
-5.406186252991196373e-01
-5.421231966677411140e-01
-5.314958367109203774e-01
-5.297416098138345575e-01
-5.221803511191162039e-01
-5.137049856174327189e-01
-5.114010518986555898e-01
-5.023294969002407573e-01
-4.975460833159929264e-01
-4.937459167422738049e-01
-4.846254822417636610e-01
-4.815091276957160771e-01
-4.737966010079013301e-01
-4.630700594429891792e-01
-4.558944383363355835e-01
-4.320788935547372200e-01
-4.159344594350359303e-01
-3.972202337287509266e-01
-3.729859827106331016e-01
-3.387114032109979078e-01
-3.043684056045652953e-01
-1.658997809119236444e-01
-6.322815396866650339e-02
-1.162417392975428898e-02
1.759735179756363732e-01
2.048928652897058778e-01
1.709502042351931372e-01
2.348875732402665173e-01
1.920905108061575495e-01
7.472443214607024653e-02
2.663993297885263595e-02
-7.121952373354778487e-02
-1.358757973191683510e-01
-1.077940509266195335e-01
-1.115978903256174687e-01
-8.942663664897781972e-02
-7.306011629300721011e-02
-7.075835912752814760e-02
-2.422320101436902309e-02
-1.308481358185106802e-02
1.275851815536067566e-02
3.281507474886149328e-02
6.890635108732534597e-02
8.612836701152699892e-02
9.496077898611272883e-02
1.211631856700980669e-01
1.293597207278003314e-01
1.488459243398116416e-01
1.752949831262241021e-01
1.840429837996942486e-01
2.185212012957402083e-01
2.241012748910391761e-01
2.198676696021252819e-01
2.219775311917007166e-01
2.231800663826168096e-01
2.104582536346727428e-01
1.984370405041363528e-01
2.069948559290853973e-01
1.516615067911299131e-01
1.580978418405240560e-01
1.221136387509440535e-01
-2.279947248479345309e-02
-7.568798738586285380e-02
-2.961353246651888260e-01
-3.087517439124347063e-01
-3.445214494713091380e-01
-3.723254416215476814e-01
-3.557552746143944900e-01
-3.800012819713050050e-01
-3.506120122179297582e-01
-3.134114572425654721e-01
-2.325493172354849980e-01
-1.577130470486864389e-01
-1.557686322963101611e-01
-1.190946515572161857e-01
-1.160531219910481276e-01
-9.996422659735579308e-02
-7.625755684649539179e-02
-7.010027181174180444e-02
-4.329610919455305351e-02
-3.634592034559704088e-02
-2.484097985481435039e-02
-5.649422313136330531e-02
-3.624556575089020460e-02
-1.338530545183151954e-01
-1.978416568630798067e-01
-2.512859373569074628e-01
-3.261171581938435704e-01
-3.961703040942953225e-01
-4.818886958958471523e-01
-5.639245824275738173e-01
-5.615868907496557316e-01
-5.863015585575904742e-01
-5.745630364878202556e-01
-5.801601337224908672e-01
-5.806763787957647249e-01
-5.684703800976521615e-01
-5.719615610956202412e-01
-5.551447704016303497e-01
-5.495191826285685810e-01
-5.413983898126006888e-01
-5.225528869238533769e-01
-5.191889170114729612e-01
-4.972063815958814859e-01
-4.805243766850642029e-01
-4.632361150847288389e-01
-4.188353325854100584e-01
-4.000267453793254768e-01
-3.431584338752157182e-01
-2.910412334434614445e-01
-1.710573744427098530e-01
-2.302607908452468724e-02
1.279030545429553078e-01
2.660671063772920286e-01
3.488036301366241876e-01
3.481023078421930927e-01
3.671614557572657755e-01
3.550257135195317160e-01
2.752240735426911278e-01
2.242732856133912711e-01
-4.394151616344387640e-02
-1.294263963889495106e-01
-8.567430310438267638e-02
-1.262730977314668601e-01
-2.005488911336782143e-02
-1.184863601478872708e-01
-1.157449368525971800e-01
-1.521973256987897150e-01
-2.845443988848347927e-01
-2.880402859892639000e-01
-3.082047128239606693e-01
-2.974176792637072131e-01
-2.297385544843620064e-01
-2.006469405876211698e-01
-1.272476118225904229e-01
-1.293220773085768105e-01
-1.158891602601432314e-01
-1.119991527658348862e-01
-1.082302272611585653e-01
-9.204437524757508315e-02
-9.158194447550144224e-02
-7.528554301931719706e-02
-5.554525151125572213e-02
-4.257019897006325548e-02
-1.163422742118134026e-02
-2.580495848841166118e-03
-7.055694677561393652e-03
2.993884169759047226e-02
8.304272640870268007e-03
-3.022486207309810213e-02
-6.024140284319828148e-02
-1.231509592353087074e-01
-1.761471012674277192e-01
-2.458253525807677087e-01
-3.183792368552449403e-01
-3.622804401381654049e-01
-3.956525844984974394e-01
-4.243895963748317013e-01
-3.543797695308090745e-01
-3.312150716718112453e-01
-2.223960951853683754e-01
-9.678642810311041678e-02
-2.289973125526378883e-02
6.753337522908900437e-02
1.483446699324880436e-01
1.901655392032853553e-01
2.416662019394993921e-01
1.422954640829530437e-01
-1.541180966849815814e-02
-1.448168459922456464e-01
-1.252423411194426850e-01
-2.101545247297167129e-01
-1.742917566652115169e-01
-2.319118152743760153e-01
-3.470774426618011277e-01
-4.096180113696442637e-01
-5.090583013762435272e-01
-6.126260021128064892e-01
-6.376753071677654372e-01
-6.940190548539748594e-01
-7.046574982304381063e-01
-7.027645925138046312e-01
-7.095943723134796599e-01
-7.083595672173967905e-01
-7.089895689877548923e-01
-7.120744500201668936e-01
-7.088901509597029804e-01
-7.130157799580374434e-01
-7.100217377715222211e-01
-7.091682526589166979e-01
-7.082160128882768468e-01
-6.950418762507630799e-01
-6.849444272541811429e-01
-6.594777053924096855e-01
-6.331908851564577168e-01
-6.084541938983012432e-01
-5.685606763809165631e-01
-4.665910850689337641e-01
-3.984245994078313702e-01
-3.451059846571472578e-01
-2.437983635780059666e-01
-1.842885457991779719e-01
-9.817236228638738516e-02
-8.211097934854687252e-03
2.805909936124682119e-02
9.047784852264101341e-02
1.147107318348720151e-01
1.801866890972676494e-01
1.850234849655099656e-01
1.845299868427899281e-01
2.049173088376946006e-01
1.945551663329668224e-01
2.008021261047126527e-01
2.012457387685593346e-01
1.903272402442413580e-01
1.952867478441773774e-01
1.780817561967688034e-01
1.677453053119969950e-01
1.634886644211463735e-01
1.162514986087482549e-01
1.157460430323276335e-01
1.041971319285772274e-01
1.063800864941505109e-01
1.010249905164990608e-01
1.076713932180258654e-01
1.507386884217674361e-01
1.574145502019054788e-01
2.269213061171379275e-01
2.561994171698787626e-01
3.027677309903566427e-01
3.200372036864270187e-01
3.387222236958305488e-01
3.561889859417612381e-01
3.228418194132625652e-01
3.230972475726371917e-01
2.978311304794532544e-01
2.907138425602679432e-01
2.764435524393957233e-01
2.780822615551134525e-01
2.664625126539018063e-01
2.488496775002493056e-01
2.770435036302090759e-01
2.076327378855383488e-01
2.260750010569849977e-01
2.022368319271350967e-01
-4.503216114166001816e-02
-1.037521214515237239e-01
-2.105430612897839504e-01
-2.403238350324534978e-01
-2.541875674068321822e-01
-2.809262370904863637e-01
-2.333915017038913631e-01
-2.138631574640562638e-01
-2.007280828010654938e-01
-1.684571793128344652e-01
-1.576874520772018617e-01
-1.403780481777849032e-01
-1.184427137762853049e-01
-1.051677008120069645e-01
-8.749087809559603912e-02
-5.917427459640857423e-02
-4.537384834666364358e-02
-1.366966518006570812e-02
2.777489316671613584e-02
4.036361531037357953e-02
1.102319163794704820e-01
1.254570396420216505e-01
1.414971180323038313e-01
1.756190911543178690e-01
1.883763245064427050e-01
2.043319165096664225e-01
2.439921633628280573e-01
2.474275980782719986e-01
2.584219720686048438e-01
2.702726394678494626e-01
2.744324544497912521e-01
2.866094599807019749e-01
2.873985157497949139e-01
2.951183645719588911e-01
3.167746138342488749e-01
3.176973016304412423e-01
3.521702514091129554e-01
3.522280652514986343e-01
3.546564124710986365e-01
3.638542133363227293e-01
3.619515977921370919e-01
3.652956646905874405e-01
3.669142530804301860e-01
3.666909131721388659e-01
3.681691727016286886e-01
3.682550789739392205e-01
3.685063789484628871e-01
3.688950067711923020e-01
3.688903641843869763e-01
3.690238704950878357e-01
3.690317627728011973e-01
3.691087584384129539e-01
3.689147387404286271e-01
3.689285624823738785e-01
3.689286606076137010e-01
3.681161158196213923e-01
3.687252085235757093e-01
3.675711313516802359e-01
3.662710210407714162e-01
3.682411196058151814e-01
3.620767114792378116e-01
3.640462058782466537e-01
3.639686088893714921e-01
3.459937601359183157e-01
3.652059756415749758e-01
3.353481298694304114e-01
3.086678624896644907e-01
3.286219207673287679e-01
