1.207733821968035894e-02
1.166718687453966417e-02
7.449036837144972292e-03
9.884034396432152605e-03
1.006633933401504186e-02
8.166066619555436071e-03
5.234430029467016486e-03
5.233816477975703797e-03
5.230202258642904604e-03
5.228282088411156762e-03
5.228520276842373200e-03
5.228518350864522039e-03
5.228517933326901242e-03
5.228518088110416240e-03
5.228518078836602752e-03
5.228518078837788435e-03
5.228518078834708434e-03
5.228518078835862892e-03
5.228518078836308716e-03
5.228518078835593143e-03
5.228518078836117897e-03
5.228518078838489264e-03
5.228518078837607157e-03
5.228518078836117029e-03
5.228518078836396320e-03
5.228518083320577575e-03
5.228518002784202263e-03
5.228518315138642319e-03
5.228518724409443597e-03
5.228403212711413110e-03
5.229480777053477011e-03
5.229651693763794768e-03
5.231139826747814407e-03
6.652470382149592090e-03
5.767916589309253841e-03
9.377751960926050678e-03
8.666558476445871892e-03
1.043319493392154060e-02
1.043046112033920066e-02
9.545769216916147326e-03
6.718415133589721033e-03
4.138374922508502099e-03
4.574667539711012136e-03
1.025400736314383866e-02
7.319158765165686975e-03
8.758154078966127673e-03
2.120341448092635805e-02
2.267417397352074204e-02
2.216021163821253054e-02
2.380214791478806047e-02
2.641931296769894910e-02
8.330922003554518812e-03
1.374714042178688984e-02
4.346619200652824394e-02
5.144506527993009809e-02
1.679924287665549715e-02
5.567896407893192789e-02
5.592193245101306082e-02
9.031279348455631406e-02
1.230261868605879577e-01
1.312137067000100910e-01
1.149907971750759317e-01
9.864889637153298474e-02
6.402696906639333829e-02
6.234698645210235562e-02
3.993291311487344453e-02
5.242069054025329244e-02
7.828595488060079155e-02
7.363391827566566350e-02
7.204869172899457108e-02
2.704655050866116781e-02
2.709772487636468927e-02
2.688499467913704408e-02
3.526162790143148179e-02
4.383852455006721077e-02
1.710980874101651616e-02
5.088367349709667364e-02
4.373765726500725842e-03
-1.107098366040521059e-01
-1.310410599482699778e-01
-9.990489560979878836e-02
-9.335333225052239170e-02
-3.641366340793052853e-02
-1.730308717112114675e-02
-5.214812275871396133e-03
1.484106885922158343e-02
2.449403213863609804e-02
4.874222444084654743e-02
3.874840338971664161e-02
1.946421452796058202e-02
8.604932508333010266e-03
4.278398883744509093e-03
3.314010684244887706e-02
3.984647920625730005e-02
3.431337734827427655e-02
3.560543869227930647e-02
2.030831557914588095e-02
-5.865375052087480715e-05
-8.120998700197586476e-03
1.668362434018941243e-02
3.971248651867800156e-02
4.245264987470006440e-02
4.120253266894279010e-02
3.392306896888215573e-02
1.446443638435464425e-02
-4.618960439822937698e-03
-3.652060768814817393e-02
-5.652328207899741386e-02
-2.792256231970283512e-02
3.544998739251978281e-02
5.444615051291069874e-02
1.480397063653830260e-02
-2.572776384068386005e-02
-3.827237446577446550e-02
-9.632546445159295354e-03
-8.034473224915093803e-03
7.917330745609318411e-04
-1.257413730845778968e-02
-1.129458708370845339e-02
-1.768664199294633617e-03
-5.940725621958175065e-03
1.285978952381427749e-03
1.906373548435407253e-02
2.451830534367222328e-02
1.452401955748845556e-02
9.973261898663701372e-03
2.823456930823347796e-02
2.423705509328186181e-02
-2.020024018446467742e-02
-9.035763063602743339e-02
-9.008505887513458543e-02
8.798813316569918663e-02
1.254377256198168922e-01
1.313710347269829992e-01
1.524177969669620880e-01
1.451155969041177940e-01
1.209773964178697397e-01
1.211396697611197837e-01
1.211836636500319420e-01
1.339500831027621852e-01
1.752053897854324860e-01
1.873809150482521335e-01
1.809610984724676908e-01
1.380916172540721243e-01
1.174288512229367670e-01
3.419630751909419342e-02
1.393878756952461259e-02
4.582112036507075131e-02
2.834914155184135170e-02
-4.308122600341456054e-02
-3.839547846794513775e-02
-3.578212307108711611e-03
-4.149104357002450505e-02
-3.683600142484461798e-02
3.882196363441153819e-02
5.774697835594935769e-02
4.860443092775525165e-02
4.862460825250018021e-02
7.415528444217914239e-02
7.200423343967377043e-02
6.602680580175719627e-03
-6.183359520861428892e-03
-1.936587127536747686e-03
-1.988300732072153035e-03
-2.001548231453156249e-03
-1.993586030659807908e-03
-2.092197602223060809e-02
-2.781656255861488652e-02
-1.608502973534298511e-02
-2.231653882030789227e-03
1.543323844779133369e-02
1.174575608101960898e-02
2.931307448315989550e-03
6.422645949525924297e-05
1.408965298701025416e-02
3.189483536676090622e-03
1.462129131217212996e-02
6.852684761285161852e-02
8.431622230172447496e-02
7.628489390152014271e-02
4.922614217643933587e-02
4.157877583369268271e-02
6.851301891639767841e-03
3.445558244008685694e-03
-5.003370008529584197e-03
-1.710834842173745984e-02
-3.231032265684204152e-02
-2.564873543815902879e-02
-1.442535372630831571e-03
-1.451766210332152470e-03
-1.427248874731084326e-03
-1.334935943669080796e-03
-4.969825411789986422e-03
2.164747503633542708e-02
2.164752330423408422e-02
2.241375822441391344e-02
3.217139451481452334e-02
7.118324364096363654e-02
7.447722934528391847e-02
5.510606346617054341e-02
5.520217610089925980e-02
5.509569826498762757e-02
5.504994983021255922e-02
5.504462882781015892e-02
5.500371448325497986e-02
5.521264159509874092e-02
5.352225389153515700e-02
7.403905993991009848e-02
1.366694766613746892e-01
1.377996565989381694e-01
9.690235937901056640e-02
9.683900075736152913e-02
1.377802946928444738e-01
1.124980315106376971e-01
5.364805565552088068e-02
3.292403473662939423e-02
8.325011497751712286e-02
8.320096863160415801e-02
7.406516328710312236e-02
1.061968901120979025e-01
1.126050487344469192e-01
1.171855890566957520e-01
4.334763114584797017e-02
1.304532399497758226e-02
-7.717666775501044740e-02
-7.248436384746521910e-02
-2.965207530531515506e-02
-2.751305636920570521e-02
1.703520426529763973e-02
3.645685926295563761e-02
4.111577200122016468e-02
7.057575295662965598e-02
6.238883516280917252e-02
1.658343125400383710e-03
-6.670620806528151057e-03
-7.168684660443207105e-04
-1.103352924632665030e-02
-1.024496372625701042e-02
1.920623904168611285e-03
7.063504821438969759e-03
-1.478446430868566100e-02
-3.296466710527306415e-02
-3.629777478733080785e-03
1.929688714004873171e-02
6.432670089695030624e-02
7.106992122310466786e-02
6.756779969880125081e-02
1.368402796514321396e-01
1.453340608431249459e-01
7.585105570590831847e-02
-1.044145418654269797e-01
-1.437702846530247158e-01
-1.063339175154675020e-01
-1.676980508185346996e-01
-1.957637419248166588e-01
-1.435799142060609768e-01
-1.372261873188118098e-01
-1.458896556845437342e-01
-1.090467881696083746e-01
-1.612536979503528985e-03
5.116663242178462467e-02
6.642936985452996268e-02
8.746659782243641768e-03
-1.393975249089623829e-02
3.120374207017516822e-03
4.611099938564351686e-02
4.523610979084408817e-02
3.125725743235001353e-02
-3.616962409763688907e-02
-6.268405494682768864e-02
-2.789794920130841266e-02
3.541860869747635171e-02
5.440771696513931055e-02
1.482813908445991535e-02
-3.458289765331840071e-02
-3.833431854706988162e-02
2.183524327229230746e-02
2.788691309257676845e-02
2.578608393646049379e-02
2.171670121911412760e-02
-3.550652498952856957e-03
-6.923597214522809323e-03
1.332684675507404782e-03
1.301479371715298650e-03
-1.414009957327978621e-02
-2.400026728577929133e-02
-4.545705833503781330e-03
3.100043911346901833e-03
2.305409115165653680e-02
-1.012862041996121301e-02
5.701185830446308181e-03
6.860671834668836955e-02
1.280433558101218561e-01
9.176154084445213577e-02
2.541885116575865605e-02
1.665214948635629702e-02
-7.000054633916706799e-03
4.165428742868079043e-02
1.107050718651970966e-01
9.384330382801178705e-02
7.894866761948111933e-02
6.765250914453777020e-02
6.755461724109892985e-02
6.767564930724533079e-02
6.773937442588796876e-02
1.042784801601701061e-01
1.272757435673498305e-01
1.093332410027726825e-01
5.791134153005396412e-02
-8.379010864873046027e-02
-1.024568333664248598e-01
-4.597459694896791765e-02
-2.579564994494144489e-02
-7.810226422975946776e-03
-2.532789285970402440e-02
-1.495114320279305152e-02
6.047931172906138853e-02
6.927280387651689464e-02
4.863464440625724083e-02
4.864752263238319996e-02
7.415989847913059818e-02
7.200199069351481684e-02
6.602688025950527104e-03
-6.183361076611525349e-03
-1.936587927445092110e-03
-1.988300614128064945e-03
-2.001548231454725740e-03
-1.993586030659790127e-03
-2.092197602223064973e-02
-2.781656249853032767e-02
-1.608503038303159272e-02
-2.231653917107252229e-03
1.543324588179578218e-02
1.174441671723567594e-02
2.937052614540099256e-03
8.241447283912482931e-05
1.406755801353480433e-02
1.406980642638184370e-02
2.215989946602209965e-02
2.381818618037307572e-02
2.642196238505237216e-02
2.438980579049706415e-02
3.170061171149656659e-02
3.938745259970558715e-02
4.908347954132095264e-02
1.359928182271650556e-02
-2.635670896026482551e-02
-3.099794607673869024e-02
-1.688425669951546318e-02
-1.387991559648392263e-02
1.863229244603867643e-02
1.534069570741457625e-02
-1.478378261395718466e-03
1.162592665995430818e-02
-6.080987911687555682e-03
4.166743332905208097e-02
1.102004924141221226e-01
1.469393961306297847e-01
9.409841160229702461e-02
7.950233262170924853e-02
6.676056811388145218e-02
1.042041797345959336e-01
1.274202679576547648e-01
9.021715494245580169e-02
8.508482962497528057e-02
-5.583085370149823770e-04
-5.667431313412790023e-02
-3.149587968286095274e-02
2.927663200665821253e-02
-3.911279278633404688e-03
-1.092451557059502254e-01
-1.786174840492253391e-01
-1.712304985344060282e-01
-1.203668901471268843e-01
-1.209278120572360449e-01
-1.049595568331626178e-01
-1.464489195952832223e-01
-1.359429016652293210e-01
-7.697353698944787992e-02
-1.137427982502078362e-02
2.335778684182370293e-02
5.336263400128080092e-02
3.665588516878979380e-02
3.720863293622581058e-02
2.725138253138769534e-02
1.700397773334732035e-02
-8.405490134645700676e-03
-1.064576512913416491e-02
-6.682827024681793626e-03
-6.703374449109730099e-03
-6.700253043062411908e-03
-6.684635600553805873e-03
-1.709295597718149887e-02
-5.314070645798377179e-03
5.887036459779905993e-04
-1.192452683228468514e-02
-1.098423081747417623e-02
-7.712260397799708400e-03
1.041074663668982610e-02
1.689128715149923812e-02
5.966833298632307631e-02
6.250439818697853256e-02
5.544565549952418237e-02
5.347758660818287269e-02
4.492621061123220488e-02
-9.145258605714516598e-03
-2.282011342246100319e-02
-3.016283733860765370e-02
-6.130854414523680823e-03
3.143214651349451882e-02
7.046523388173492330e-02
4.853689531155197523e-02
-3.777625153570906592e-03
-5.315691674708421938e-02
-6.194586985259469686e-02
-1.401351423345434909e-02
6.162121119195959618e-02
1.048086205526425063e-01
1.552297673826172619e-01
7.780383482866302935e-02
-1.658348716852936777e-01
-2.714426349494575286e-01
-1.470603515371284586e-01
-1.240753599972073684e-01
-8.981764225770216825e-02
-9.222057036281595954e-02
-9.213844109675654870e-02
-1.278349448645646758e-01
-1.186025153977898067e-01
-8.025147740220894832e-02
-6.229182840583586539e-02
-8.089091732392655887e-02
-6.571417489523534439e-02
-9.851268827837487974e-02
-1.750555113035031918e-01
-2.036679450756658238e-01
-7.487399692927763917e-02
6.392937882557284124e-02
8.454444467763846949e-02
-2.419750212733231057e-02
-9.545200301247030138e-04
1.552213029513581539e-02
-1.890113635830817373e-02
-1.879790399168347267e-02
-3.488824374780447046e-02
-3.807092279656571626e-02
2.502857893153275989e-02
3.300435661924711050e-02
4.466216645726436146e-02
4.996124353710620913e-02
2.487887661981637993e-02
1.547838645010821829e-02
3.064869821617771661e-03
1.216570251654837398e-02
1.554652083567575893e-02
1.941831945785870220e-02
1.943019295379353958e-02
1.944025521638224549e-02
2.426898480165223457e-02
2.898923540069256802e-02
3.808475007085734831e-02
3.568003132384299503e-02
2.622956674916185338e-02
2.623916035344136047e-02
2.623685313957212564e-02
2.620784222038904238e-02
3.257283179172899140e-02
2.958120245606837839e-02
-4.881766259559532778e-03
-8.065758806994890312e-03
-2.094017300433436042e-03
-2.120550948099383850e-03
-2.115196491750587042e-03
-2.110968390188651747e-03
-2.110949327559799148e-03
-2.115044547707209399e-03
-2.121000862007410819e-03
-2.111149967670534946e-03
-8.361305259416938751e-03
-8.704266581835137795e-03
4.314364425376303845e-03
7.538657444883864814e-03
8.199839830476529992e-03
6.583831053080568861e-04
6.079681195905119358e-04
6.817508404987349113e-04
6.762023215626221124e-04
6.768890770985007237e-04
6.769467102065821222e-04
6.769383144557539461e-04
6.769388044281813774e-04
6.769387942870062598e-04
6.769387893233066696e-04
6.769387896145926536e-04
6.769387896148156740e-04
6.769387896149867611e-04
6.769387896143012201e-04
6.769387896140159665e-04
6.769387896148273834e-04
6.769387896156103942e-04
6.769387896137386276e-04
6.769387913808852780e-04
6.769387631756311734e-04
6.769388463534458528e-04
6.769390214842840696e-04
6.768972429202726364e-04
6.772279808438249693e-04
6.775527610735519388e-04
6.791139407296034429e-04
1.161481696328138394e-03
1.347421877024557266e-03
3.483192710231597898e-03
3.115932464622929183e-03
