-3.759312644840478307e-02
-3.935018251243459220e-02
-7.272438740080887365e-02
-7.491399476014996839e-02
-7.964453990064852829e-02
-8.696036643475235639e-02
-8.405513505514897177e-02
-8.766912200248297427e-02
-8.852726983771372349e-02
-8.827866925374996954e-02
-8.965733697688574311e-02
-8.955221743161277670e-02
-8.958859032504555564e-02
-8.993332621825468609e-02
-8.957746329510420102e-02
-8.909961165081463352e-02
-8.935999363776880866e-02
-8.775616823045276349e-02
-8.714629433560630578e-02
-8.724862001925443034e-02
-8.151039404749357842e-02
-8.173380239045366369e-02
-7.905583626882171921e-02
-7.772386833635057390e-02
-7.784551861456506794e-02
-7.594469342523464672e-02
-7.717894940982446272e-02
-7.651002347627997024e-02
-7.540370575665483743e-02
-8.010773748502607317e-02
-7.414295841044116209e-02
-7.510080551902192925e-02
-9.227650486335865765e-02
-9.211686745206650040e-02
-1.010272729732968888e-01
-1.065145946906164709e-01
-1.127241191270787340e-01
-1.183885325763047031e-01
-1.221032727068665780e-01
-1.258376661040675470e-01
-1.286838893021858832e-01
-1.305126353812154361e-01
-1.326664952228520378e-01
-1.314296313398771732e-01
-1.319115888197763264e-01
-1.324709328270491093e-01
-1.290156777489017692e-01
-1.301812614478534413e-01
-1.276954020781761734e-01
-1.185472736989476722e-01
-1.117075398592873720e-01
-1.026137987527245971e-01
-9.194938757896296833e-02
-8.059266233142901859e-02
-7.547730848083142319e-02
-5.607285799944016630e-02
-6.294277120752669874e-02
-6.920069396481749735e-02
-6.094848909699526751e-02
-7.095661256055478538e-02
-5.345109079003538405e-02
-2.701485911086289396e-02
-1.920629083518287164e-02
-5.744848027203404246e-06
1.503889844939157276e-02
3.068215024352217643e-02
6.308925741008153398e-02
7.478818613411862548e-02
9.236025115944881958e-02
1.093736034940359231e-01
1.119148107330457942e-01
1.225204630089784669e-01
1.389185525971442237e-01
1.425764394837262805e-01
1.633776912519163960e-01
1.768681540492474946e-01
1.895877721004806116e-01
2.210882414368249838e-01
2.373265047919985715e-01
2.456111376107351085e-01
2.683398826370276824e-01
2.644847706191466030e-01
2.635996574469472442e-01
2.541335663573904280e-01
2.207775014900326960e-01
1.992088508905742184e-01
1.658300967714518848e-01
1.307100890173097385e-01
8.616218951895332490e-02
4.695782042068885609e-02
2.738599393993306971e-02
-4.814418118386651173e-03
-7.900984178033400307e-03
-9.911342664524404322e-03
-8.749731143593692233e-04
1.722688880156544519e-02
1.519063777490541403e-02
1.503304920967855896e-02
2.444328587567322440e-03
-3.053604121350054698e-02
-4.010192576878986170e-02
-7.216296297274021887e-02
-8.585047803298818947e-02
-7.532599278269480614e-02
-6.888884079345795886e-02
-6.835310792233036115e-02
-5.002971590714212768e-02
-4.676287093055273014e-02
-5.241635305328847666e-02
-3.903160863743472542e-02
-2.889262106382844888e-03
-2.118310537106845443e-02
-2.081996503882343683e-02
-3.409048394537701060e-02
-6.685263464647812903e-02
-8.017327883022598578e-02
-1.015961031667590858e-01
-1.169941478598060386e-01
-1.188713592620724430e-01
-1.301736453935835591e-01
-1.321378214945037322e-01
-1.162067787615236047e-01
-1.167704955585233961e-01
-1.138319627158642516e-01
-1.107855958538733476e-01
-1.073432759107684070e-01
-1.108542753121087437e-01
-1.107607034524548534e-01
-1.098170072130666280e-01
-1.307937167568165582e-01
-1.236212651050229844e-01
-1.053142482702233290e-01
-1.075018205899448825e-01
-6.271891627077001707e-02
-3.992943865908363255e-02
-2.638973954328601920e-02
4.673572089407500296e-02
6.580686453720088758e-02
9.374319828891722328e-02
1.268231445484387376e-01
1.268382162816630576e-01
1.491162016014753733e-01
1.510620465232343501e-01
1.525388381095155732e-01
1.641817686776189111e-01
1.582371088303497764e-01
1.643273660951130033e-01
1.644612354607184745e-01
1.575890810359126259e-01
1.581509236205316249e-01
1.477842059134194808e-01
1.412442083963981188e-01
1.320581474122488053e-01
1.175277038916575367e-01
1.020960077715782205e-01
8.808959077320065167e-02
6.974259925950945793e-02
5.249750358770267911e-02
4.774873306716594795e-02
1.059128990248434619e-02
9.327866384165410182e-03
-1.948768225114906605e-02
-2.321481659274031786e-02
-2.428375650062108287e-02
-3.836389243698366813e-02
-3.637460984341320952e-02
-4.083379388763518081e-02
-5.990080583579540652e-02
-6.246524517493760170e-02
-7.372881051833787835e-02
-8.130916369840479607e-02
-8.352383683896140443e-02
-8.988379586366379570e-02
-9.487153257653790916e-02
-9.269936249991336807e-02
-1.022311300640371678e-01
-1.016847196787188379e-01
-9.914707024725460949e-02
-1.013593090047003875e-01
-9.693940067013583073e-02
-9.822240734129179807e-02
-9.776170499845604489e-02
-9.699955338852493669e-02
-9.224982958261257471e-02
-9.118496246587717846e-02
-8.822116920318175126e-02
-8.456446357954736093e-02
-8.040800583270152346e-02
-6.647288242229090760e-02
-6.516283739061459745e-02
-5.583493301844272283e-02
-4.134919731865665388e-02
-7.481382291826550734e-02
-5.565622474286122112e-02
6.601872456566690653e-03
3.259936112217105136e-02
6.933261888990663313e-02
1.095148340756008087e-01
1.084015033285048168e-01
1.248968586364071903e-01
1.229421288615132335e-01
1.169063333235148688e-01
1.195871916362705456e-01
1.074561369407597278e-01
1.071053749329597821e-01
1.005653614038852783e-01
9.024935979685737297e-02
8.846645420130100357e-02
7.511735235776111075e-02
7.005887179609042448e-02
6.603401610384730669e-02
5.605979086663488709e-02
5.479952675946758028e-02
4.802377560647341087e-02
4.230106315918347182e-02
4.083661425469313488e-02
3.295398676523339510e-02
3.056294988483670635e-02
2.656980200317539051e-02
1.879508153309830329e-02
1.737418805761712509e-02
8.244172881575830697e-03
4.028106032291938268e-03
1.395328643317620462e-03
-7.402575148620703198e-03
-9.252263193873329003e-03
-1.803771277026855469e-02
-4.170333056036771430e-02
-5.652413547527339321e-02
-6.969238981424344392e-02
-8.591838193129573698e-02
-8.936235071502779403e-02
-9.414806498399004575e-02
-1.035370717605782198e-01
-1.076323432099924177e-01
-1.224578606911142648e-01
-1.280650969772348380e-01
-1.499747966850109027e-01
-1.558053176263765327e-01
-1.660443470475935213e-01
-1.666657000685912715e-01
-1.738985382833747317e-01
-1.703611681273282941e-01
-1.681136924521411391e-01
-1.666007083602496497e-01
-1.584403629507332434e-01
-1.556667786835294331e-01
-1.530338967562506203e-01
-1.356856252080894942e-01
-1.337382295547124567e-01
-1.267130918255825467e-01
-1.168794885484770035e-01
-1.146018895765574114e-01
-1.046958354935028090e-01
-9.812039926352328356e-02
-9.392770104120491681e-02
-7.960960097631231136e-02
-7.541229804101265422e-02
-6.714507740778305478e-02
-5.931403983064468394e-02
-5.373853632108448186e-02
-4.605065164148819390e-02
-3.846335230695257373e-02
-3.041271527444791914e-02
-2.133702364583471567e-02
-9.190460727086739029e-03
1.694808089666948901e-03
1.515020989039850795e-02
2.093535624771710249e-02
4.934014227932933400e-02
5.043173217670451208e-02
6.122705904674220073e-02
6.156174733513705699e-02
5.723000367653782033e-02
6.165048118621573037e-02
4.760195394799927177e-02
4.285012302479269258e-02
2.976874798948523151e-02
-1.667032797322220636e-02
-1.182938778144686752e-02
-3.710051185262447371e-02
-4.313901865513495443e-02
-3.302784729339154624e-02
-5.358047749504687984e-02
-3.607904202684383138e-02
-3.740706034810761804e-02
-5.142261298812405429e-02
-3.035051475253997336e-02
-5.419543579911902803e-02
-4.921799869674226696e-02
-4.403657913204469393e-02
-4.873065232041740025e-02
-9.335032306124728049e-03
-1.759696473692144367e-03
4.677042351445923757e-02
1.122939031193237180e-01
1.509630309004232063e-01
1.940347458032592454e-01
2.254528805611990261e-01
2.471632419705816763e-01
2.773514811241197253e-01
2.863455014999576886e-01
3.054988761359271332e-01
3.117224276248978243e-01
3.060817261999643768e-01
3.060500488916801376e-01
2.971059981724539778e-01
2.849634459430577804e-01
2.779041991161429470e-01
2.575534591374435966e-01
2.417673299394017816e-01
2.219397388919994996e-01
1.920145386110025665e-01
1.742515291237083930e-01
1.385521106259568480e-01
1.089199624688092782e-01
8.291969103145768738e-02
3.991305586935486177e-02
2.174193392329064681e-02
-1.245351617357501502e-03
-3.141286389188904099e-02
-3.985187010858413925e-02
-5.297219083734316936e-02
-6.291277365265340871e-02
-6.891965745590050707e-02
-7.299385356307150352e-02
-7.525492813266604353e-02
-8.110267616897556819e-02
-9.170144515811261277e-02
-1.130432101521899324e-01
-1.264767280433115593e-01
-1.359500475453989110e-01
-1.701463886497704414e-01
-1.742933228775724874e-01
-1.722918439009705205e-01
-1.823259517919655626e-01
-1.794696799492054018e-01
-1.937522454379460024e-01
-2.055180471353400540e-01
-2.074072371907711154e-01
-2.293311201389770237e-01
-2.375904885866979566e-01
-2.480145665625294871e-01
-2.530001632740896400e-01
-2.541269313494854964e-01
-2.565256064895680144e-01
-2.550747841876291888e-01
-2.545415176067139518e-01
-2.463712645760933184e-01
-2.395096826133910062e-01
-2.342855824657697483e-01
-2.149826987369037601e-01
-2.159366700222163649e-01
-1.868274439423250333e-01
-1.814513006812592255e-01
-1.971679837465242779e-01
-1.792919770117216427e-01
-1.726880114466521621e-01
-1.610281026312301855e-01
-1.062143641506200775e-01
-8.269703717648638208e-02
-5.403167801089732436e-02
-4.045044997261880437e-02
-5.133599038920926005e-02
-4.887110798794910838e-02
-6.665921710241060061e-02
-6.695296372515985306e-02
-3.851650671087559347e-02
-3.249848453163127482e-02
-1.385677552290974501e-02
-3.888469204796713742e-03
-2.937613069171566768e-02
-3.854101064893894479e-02
-6.585856227949862807e-02
-1.062300856418260803e-01
-1.191061435386154693e-01
-1.397061801480145582e-01
-1.467702397007313031e-01
-1.618125532640733444e-01
-1.286965536215627093e-01
-8.942973821835599468e-02
-5.297038278684200463e-02
-2.563380795405961060e-02
-1.725359262390106915e-03
5.124383663323029900e-03
3.135035648003086511e-02
3.475592440999127758e-02
3.839617023433732762e-02
4.295750308244764698e-02
3.568038642990011694e-02
3.756623085609828161e-02
3.402814262857637578e-02
2.741815375563256760e-02
2.808606448198909186e-02
1.985060879948972665e-02
1.501873637909601281e-02
1.223300965939619518e-02
-5.668489114631870482e-04
-5.461560839892027307e-03
-7.541407990191265759e-03
-1.807063758087899472e-02
-1.619416914338182162e-02
-2.066360066164077067e-02
-4.169190867651781374e-02
-4.156147671192302051e-02
-6.006011095965103908e-02
-8.862309280104059550e-02
-1.064547968751946710e-01
-1.541063522936041708e-01
-1.705445963161697220e-01
-1.781881416788637096e-01
-1.800129031606395869e-01
-1.857714073442464642e-01
-1.635161470309717813e-01
-1.657560945151514420e-01
-1.612575743980072251e-01
-1.546662123571211633e-01
-1.563617400452864958e-01
-1.528882828382368830e-01
-1.522459132114162839e-01
-1.541266541286842318e-01
-1.523815045501463461e-01
-1.557862833362087529e-01
-1.588855416381250718e-01
-1.575188677291743389e-01
-1.697323103431945535e-01
-1.668431553041602455e-01
-1.729965202384980971e-01
-1.748860087881504433e-01
-1.713298978593578437e-01
-1.778726261536318354e-01
-1.693135468548567779e-01
-1.700875454202597781e-01
-1.718608896250967133e-01
-1.646468648957207792e-01
-1.693018466635724251e-01
-1.582046696813285136e-01
-1.493318142745988786e-01
-1.490649753281228507e-01
-1.172477888701398130e-01
-1.166954705909066248e-01
-1.109075745044075384e-01
-1.018481752255482875e-01
-1.035644231040658836e-01
-1.001258734802367295e-01
-1.002795351215136077e-01
-1.028457797735368995e-01
-1.045518587624805346e-01
-1.100504983606859361e-01
-1.165151484917296976e-01
-1.249393802450488727e-01
-1.368913538595917523e-01
-1.414079732221309726e-01
-1.701713153311069648e-01
-1.783920933982950652e-01
-1.964453399636358621e-01
-2.090743534138949644e-01
-2.176446115125167113e-01
-2.244384493498523536e-01
-2.197479261474640511e-01
-2.226686224684087667e-01
-2.196275528233237184e-01
-2.166685777586074835e-01
-2.113899053249535254e-01
-2.054318179633598529e-01
-1.986399962498286154e-01
-1.833934836927355594e-01
-1.784389808683987111e-01
-1.569114257209820451e-01
-1.345485659867560191e-01
-1.311782256531331681e-01
-7.248192596728081361e-02
-7.261091440814282372e-02
-5.845353794072892517e-02
-4.078423664716693264e-02
-5.003779739858021935e-02
-3.739225518027194245e-02
-5.013022849039584783e-02
-4.900365481187834993e-02
-4.445951041423539668e-02
-5.167707140358589191e-02
-4.947230909823260858e-02
-5.144412121259116927e-02
-5.892733173824917653e-02
-5.990520037001341447e-02
-6.575754944452677497e-02
-6.767293186496863011e-02
-7.401830654535340726e-02
-7.562999207817711067e-02
-7.696795083511039082e-02
-7.914401109846218307e-02
-7.959445859664088241e-02
-8.052453015956839710e-02
-8.117711394003809811e-02
-8.144379650140021187e-02
-8.186763985931046206e-02
-8.206666086761743584e-02
-8.222381293382188816e-02
-8.237391536037870499e-02
-8.244645637601907828e-02
-8.250715719548358529e-02
-8.253855293701214957e-02
-8.256633539853583392e-02
-8.252782424337144762e-02
-8.252176180262317529e-02
-8.249199797340635298e-02
-8.230257383791073078e-02
-8.236323890947951087e-02
-8.206577048590459056e-02
-8.173089335677793943e-02
-8.198545057003689407e-02
-8.065747154862709656e-02
-8.085261220522661774e-02
-8.066671385522709847e-02
-7.689324407556401286e-02
-8.040738096689364900e-02
-7.463304099654546886e-02
-6.897305774495544883e-02
-7.283855124855916074e-02
