1.118731526439845948e-02
1.209783727981510702e-02
3.351788090992521146e-02
4.183685067984562606e-02
3.279975336400403618e-02
2.559313189157256044e-02
1.851028733827108502e-02
1.850618872590940531e-02
1.850232334100710557e-02
1.850057938024654569e-02
1.850080461782010327e-02
1.850080362074535759e-02
1.850080342609247003e-02
1.850080350500819121e-02
1.850080350019591216e-02
1.850080350019586359e-02
1.850080350019591563e-02
1.850080350019505521e-02
1.850080350019592257e-02
1.850080350019632502e-02
1.850080350019634584e-02
1.850080350019484704e-02
1.850080350019562073e-02
1.850080350019525643e-02
1.850080350019579767e-02
1.850080350049785119e-02
1.850080349475752978e-02
1.850080352487985802e-02
1.850080347110686155e-02
1.850078944837582270e-02
1.850093679933842439e-02
1.850066135022719258e-02
1.850223072533154975e-02
1.894816138040180190e-02
1.823226991098459565e-02
2.480849105525310960e-02
2.458472296323775327e-02
2.601697087382180001e-02
2.602030493525491275e-02
2.463353407216335722e-02
2.513731696005067420e-02
2.710180853393428374e-02
2.779282859196816058e-02
2.679102335093049708e-02
2.115049993797476699e-02
1.834625684510757943e-02
3.568429818180178514e-02
3.850484850190925845e-02
4.411675893373270124e-02
4.612612273360007509e-02
4.810200350748707054e-02
3.739669688336173109e-02
3.639532426175234175e-02
3.243896655317132088e-02
3.534721750719047734e-02
3.127480073796247428e-02
1.468774114958143126e-02
-4.410248745768278805e-04
3.603800324866789084e-02
5.453827530439756682e-02
6.655913129078627755e-02
3.812943509886394106e-02
4.553240898867430553e-02
7.622178971532725389e-02
8.201986760074993221e-02
7.115342409795162582e-02
9.794608438492619085e-02
9.225659025027072024e-02
4.258729627233949488e-02
2.280916432572194577e-02
3.316065606065724675e-02
4.431567371741253203e-02
4.788839713550382265e-02
2.430603177349317107e-02
2.486474580638304080e-02
9.329627138728494029e-02
1.010918335424621367e-01
9.340052293059405986e-02
9.344361557959805775e-02
1.025982285372577935e-01
1.057887231175969056e-01
7.822109840240502876e-02
7.363482091383261041e-02
6.722458786137107400e-02
6.718962783473252098e-02
7.630933289665167707e-02
8.693343303445155712e-02
5.830261894589443272e-02
6.278461383141999141e-02
2.265427775894550411e-02
-3.693229228980906415e-02
-5.906497596504345360e-02
-2.480331017535450724e-02
-1.782932577553680148e-02
-7.369839249774257257e-03
1.222168299217313639e-02
1.469629295085298284e-02
1.140984726556132714e-02
1.081926538178250123e-02
1.330930570884919506e-02
2.800503755888198235e-02
2.830477591555589922e-02
2.333630805200076833e-02
2.602860762540397735e-02
2.780500684647815857e-02
7.569187418106144982e-02
7.005041400041139843e-02
1.508992073458448498e-02
1.486249045758569406e-02
8.421807212911181645e-03
1.418829512614736693e-02
2.978176400650565589e-02
4.486157435681555755e-02
3.209076478376628877e-02
1.071295426108353870e-02
2.159877660535940332e-03
2.147309094893010573e-03
-1.118198294455480593e-02
-2.552862431605876919e-02
-2.105632602787266272e-02
3.402787622989347088e-02
8.992594942270748515e-02
1.157729404582208549e-01
8.136648140225141712e-02
3.043054671337187128e-02
-6.104730099181059251e-03
5.674712514514897166e-02
6.872893653945524872e-02
4.329607336304416160e-02
3.241005217018048945e-02
5.453797228677395408e-04
3.146611610731985496e-03
2.504446920143055255e-02
2.503040501677778265e-02
-7.175214494962871975e-03
-1.729829832492451452e-02
-1.403289798203519612e-03
1.470621490748205175e-02
4.993215496559908623e-02
5.540943502716445118e-02
6.875940542073200046e-02
6.135744884013632355e-02
2.129256781519771671e-02
2.132927597807625364e-02
5.109369093301020098e-02
6.562944973762037393e-02
7.355395455767882451e-02
8.444458687358666338e-02
9.911744828089173731e-02
1.451858475786232394e-01
1.641915925037918667e-01
1.429829833450490251e-01
9.103227667803054368e-02
2.417978190754188281e-02
2.972398352273170497e-03
4.718024218075052290e-03
1.411950797449182740e-02
2.308969261129371550e-02
1.755062387239654867e-02
1.902866303727556579e-02
4.454146863486349583e-02
4.731560731475519671e-02
4.436176859735935230e-02
5.036697390866153728e-02
4.859123148236190598e-02
1.302219140617142876e-02
1.172131185754584672e-02
2.298489468203570099e-02
2.368440581456157309e-02
1.128766090666228489e-02
7.954563429517759465e-03
1.521987100697076885e-02
1.901122983902221036e-02
3.078072196924687767e-02
1.368843930597200553e-01
1.419451399586647566e-01
2.918835256004993425e-02
8.803744738217017529e-03
-1.384513113047819606e-02
-1.266888212652968540e-02
-6.326117950939596189e-03
-6.415357275641428957e-03
-1.855396577323910334e-02
-1.911239234605519727e-02
2.650664234629979132e-03
1.823755861934235958e-02
6.025607856850449112e-02
6.188632804869814014e-02
2.584692802068646114e-02
1.394274873202965004e-02
1.193301098588180932e-02
5.215304608321262754e-03
-4.897452589482020543e-03
-7.381421852177329776e-04
1.719368021390118434e-02
2.408187818562137691e-02
2.601730345014982224e-02
2.780372458980696210e-02
7.568987783649447354e-02
7.005269455452919902e-02
1.532998866138621415e-02
1.100003251417569668e-02
2.112619545072453101e-02
1.764912382812781205e-02
1.352268791264396239e-02
5.774289209185739201e-03
-3.791992623648277657e-03
-3.633663621029722306e-04
3.290627906243510925e-02
1.394953657972199286e-02
8.337934837584425399e-03
1.146145906976994526e-02
2.488220983854103410e-02
5.666960477690416442e-02
7.629239943665165613e-02
6.476643591801431454e-02
8.747774439754993359e-02
9.705161754263316731e-02
6.570894447675255934e-02
-1.465316396503962490e-02
-2.577655634730830272e-02
1.567276955711429526e-02
-3.548615982270619199e-03
-1.190825248855837196e-02
-1.363631796331201892e-02
-1.367088246165349026e-02
-2.440708171572778321e-02
-4.432360212535891436e-02
-4.564181869625989069e-02
-1.767157052769646047e-02
6.820802685809129913e-03
-7.670733927248916430e-03
-6.321135165486005620e-04
8.062881326648492150e-04
-5.416665427993429087e-03
-1.141316528777300103e-02
-1.139192491709804800e-02
-1.036365720088872414e-02
-1.035069183748950003e-02
-4.156775707148166986e-03
5.251622651345352714e-03
5.700073485430799669e-02
5.391707836922126490e-02
3.511470855955688142e-02
3.514565896316754201e-02
3.512268078011334532e-02
3.511209553506986630e-02
3.511497158457418249e-02
3.511549208291079444e-02
3.511285771773939302e-02
3.510389836173241629e-02
3.514164693367932690e-02
3.171795859117960970e-02
3.580784771959339557e-02
9.419539330042393799e-02
9.591525928810715196e-02
8.778006664216274346e-02
8.785963710813346483e-02
8.779178377557594892e-02
9.946357916062745219e-02
9.985679405276878806e-02
4.620639307426455122e-02
3.416501183502632100e-02
2.158041110508455637e-02
1.208936264903387285e-02
2.263658859351707492e-02
1.295334981786767752e-02
-6.852511188422337994e-03
-1.450537731066190925e-02
-1.378309623390496647e-02
-5.688153461357985281e-03
-9.869304288359389069e-03
-9.381939127964131209e-03
-7.509049066014020050e-03
2.331546762384166744e-04
2.491532166599336184e-02
2.529211213158197649e-02
1.898755165695950251e-02
2.902156602950132364e-02
4.033250837245820619e-02
3.209117911205974089e-02
1.071030348005728300e-02
2.160762837699524864e-03
2.159418996043168705e-03
-1.117810742564165176e-02
-1.075599571016763560e-02
-5.951882572008111369e-03
6.240455962872252203e-03
3.047288546842503651e-02
2.517719372980195200e-02
4.225399553099534744e-02
3.740737067717020414e-02
3.435092823830192960e-02
3.436046149465686594e-02
3.434844832628410061e-02
3.434940935799817713e-02
3.434121262187269513e-02
3.433375822497702207e-02
3.438869144979115472e-02
3.023583217098909856e-02
4.913267122936561260e-02
9.818522358421789831e-02
9.082297724047616594e-02
2.889799386863082121e-03
-3.502291074020945361e-02
-5.175282300112459682e-02
-5.066132058617616590e-02
-2.521698790943059654e-02
8.271142962921031530e-03
1.936814743758468946e-02
4.403342211772894553e-03
6.120911251341990336e-03
4.545365217400464813e-03
3.542266848747724958e-03
3.543907091011804650e-03
3.539931155922651160e-03
7.625169242665440911e-03
5.805496347642974571e-03
-8.056245507520615884e-03
-1.539593974696661614e-02
1.010560965912752317e-02
1.610302055572054207e-03
5.477926461915087926e-03
7.312660659861407175e-03
7.310830609928942354e-03
7.312446266748055292e-03
7.312183968852659435e-03
7.312382392911087430e-03
7.331310465486038340e-03
5.829396704752375091e-03
1.584348089043571134e-02
8.566299038513736086e-02
8.903441929708094671e-02
1.072279053905326601e-01
9.916933729237015216e-02
-3.951466249791058330e-03
-1.387478796375439527e-02
-1.141566578360254935e-02
-1.613627164083113533e-02
-1.274442281603165895e-02
-1.600866510573292073e-02
-9.929448129495936984e-03
-4.481687578938015732e-04
1.036607579795970416e-02
6.102986486671218430e-02
7.042229789430128062e-02
5.944064133293230912e-02
4.924647758961830241e-02
3.106769363399468353e-02
3.771494801017365173e-02
3.638764645065611925e-02
1.289196938736181068e-02
6.772335109832099999e-03
-6.484110153432415605e-03
2.965094656959523390e-03
1.935362366850790217e-02
3.400038678572762235e-02
1.511384644239456045e-02
1.512495387472743112e-02
3.405715156576395036e-02
3.375571477558906436e-02
6.291101289154075148e-03
-2.272372824352562881e-02
-5.561047516769185989e-02
-5.533144932149083178e-02
-2.191588926162496911e-02
6.290901519015845711e-02
9.065876119733815020e-02
1.117020870066867538e-01
9.435970962346364177e-02
6.687288054456667907e-02
2.734921034141299043e-02
2.197747973861353607e-02
6.245925647240738697e-03
5.813562251487173517e-03
2.517116054317234536e-03
-1.170328776833066617e-02
-7.108590376913147962e-03
1.114528504133656915e-02
1.114023016792532218e-02
1.115949538108742395e-02
1.114565200743077543e-02
1.120195902723679533e-02
4.593153666165178568e-03
1.816988952509099309e-02
8.589494392673169276e-02
9.991335162793123226e-02
6.337484665890157076e-02
4.207377863406257246e-02
4.571834428666374239e-02
1.100017480625467420e-01
9.607146487584816708e-02
7.803544260752791339e-02
5.306331798950217338e-02
4.261360945567638919e-02
-3.098425668494189655e-02
-1.849450579643128340e-02
3.876009810637414104e-04
3.029534350876176164e-03
1.220982515440932614e-02
1.322236109973707295e-02
7.912056953584604285e-03
7.914632691104475301e-03
7.913330588553015021e-03
7.912179398926596705e-03
7.912338922161938487e-03
7.912339048344617376e-03
7.912142361206441973e-03
7.913817026666818133e-03
7.914299961869288719e-03
7.903808839624801991e-03
1.441306001562687143e-02
4.354596161826653281e-03
-3.187263380662311990e-02
-3.513106876075652862e-02
-1.501366014525457038e-02
-1.502549322945828138e-02
-1.501117922415866508e-02
-2.608901838741782206e-02
-1.976594453033770835e-02
1.445913069354650728e-02
2.000183574985321330e-02
7.356092167133618416e-03
7.363406066118346333e-03
7.358346715506334720e-03
-2.265361583403584581e-03
-5.655644692201709615e-03
-1.312515193431949313e-02
-8.318399603452224580e-03
-1.530941377622342323e-03
-1.532390409775242395e-03
-1.526701335837976669e-03
-1.522617763467164253e-03
-1.516466965447232961e-03
9.162905771986286363e-03
1.356345749815568609e-02
3.892239256398867531e-02
3.358859123448322548e-02
2.478263069977333991e-02
2.478880381804161870e-02
2.478489203556150100e-02
2.478408227263894509e-02
2.478095982147178467e-02
2.844805042551203783e-02
2.838526776331386225e-02
1.744146404349115193e-02
1.560808368564301288e-02
1.572928968160199406e-02
1.399025992721096567e-02
1.353635357250366870e-02
7.504483163994414563e-03
8.371250693671155457e-03
9.280062979713565863e-03
9.278573236211356060e-03
9.279286828210451046e-03
9.279506881885920058e-03
9.279476115108117526e-03
9.279476324764437609e-03
9.279476342920901788e-03
9.279476332404166736e-03
9.279476333089517817e-03
9.279476333089594145e-03
9.279476333089359957e-03
9.279476333051385126e-03
9.279476333589355835e-03
9.279476333015391348e-03
9.279476323948022964e-03
9.279477999534446048e-03
9.279467792136373433e-03
9.279424874879147953e-03
9.279383949840605897e-03
9.229246076030499582e-03
9.122739214812870118e-03
9.084239934622031706e-03
9.218873021756911201e-03
