-9.726014274919730918e-03
-1.103935116183301507e-02
2.882550606892330530e-02
4.151485553409874768e-02
3.588729478786385763e-02
2.659303235151403572e-02
1.721162143567351796e-02
1.721162143567303571e-02
1.721162143567193936e-02
1.721162143567194630e-02
1.721162143567230712e-02
1.721162143567324387e-02
1.721162143567232447e-02
1.721162143567188385e-02
1.721162143567147793e-02
1.721162143567284142e-02
1.721162143567272693e-02
1.721162143567166875e-02
1.721162143567302183e-02
1.721162143567221692e-02
1.721162143567209202e-02
1.721162143567075628e-02
1.721162143567362204e-02
1.721162143567259856e-02
1.721162143567260203e-02
1.721162143567218569e-02
1.721162143567219263e-02
1.721162143567249100e-02
1.721162143567268876e-02
1.721162143567182140e-02
1.721162143567215447e-02
1.721162143567180058e-02
1.721162143567207467e-02
1.721162143567217875e-02
1.637756834500403436e-02
1.735749107013959125e-02
2.776429084239565026e-02
2.818131738773097666e-02
2.622147193745680283e-02
2.622147193745845428e-02
2.622147193745684446e-02
2.622147193745697977e-02
2.622147193745742386e-02
2.726607282674476870e-02
2.457200228085052590e-02
3.766769523340001650e-03
3.244469078696668365e-03
8.632610170485209913e-03
8.632610170484465717e-03
8.632610170485546450e-03
8.632610170484328674e-03
-7.944071856829196601e-03
-9.930124731932899948e-03
2.394953763639327826e-02
3.223787865004912323e-02
3.953087328405199830e-02
6.027806682663033183e-02
5.722284759039238111e-02
5.945061691488644912e-02
7.415141339523251274e-02
2.487509299377081012e-02
-4.978512510359391074e-02
-9.301831365875962154e-02
-5.784231576257679863e-02
-2.671020691848457682e-02
-3.694469783376926747e-02
-2.286132521805488843e-02
2.329622129637353573e-02
4.459485461691429370e-02
3.093429767672696215e-02
3.029378400666139781e-02
2.412913625993705694e-02
2.152981090112686402e-02
2.152981090112750934e-02
2.152981090112792567e-02
2.152981090112773138e-02
2.152981090112730117e-02
2.152981090112744342e-02
1.547547802931009339e-02
1.318211669144273880e-02
1.207035410899464679e-02
1.509752054490301823e-02
1.968424322063693638e-02
2.181191882644516536e-02
2.842897436401935207e-02
6.687322571306197894e-02
6.363089282345256448e-02
3.739345963668853912e-02
2.018797341119555125e-02
1.440231647548142514e-02
1.639611319297082717e-02
1.996775975667874209e-02
4.025305397493113280e-02
4.025305397493016135e-02
3.567187804399619272e-02
5.357298688106256618e-02
1.891216591724653381e-02
2.528568501478629937e-02
7.321751915508062369e-02
8.534863129630558543e-02
-5.935200023726815502e-03
-5.894774815064564993e-02
-5.408698800614208241e-02
-1.734454706537460339e-02
2.609582245584585528e-02
2.163709934017182118e-02
5.986282037982079696e-02
8.003931221957172326e-02
4.907831200845098191e-02
-8.065256792305161571e-02
-1.043984507549387125e-01
-1.808635442821534406e-02
1.310870456802447001e-02
4.249737726991655029e-02
3.079016305094992023e-02
-1.892260424834286622e-02
-3.234520958052982537e-02
1.040533278763747585e-02
1.035886519153437005e-02
-4.507298083174156311e-02
-2.391127331025204653e-02
-1.799876965653552513e-02
-1.420568954035407840e-03
-4.680279689966178672e-03
-4.680279689965399781e-03
1.897022639499757260e-02
3.362804938527461790e-02
4.097778713143891693e-02
-1.425829070956073814e-02
-5.763295545522680030e-02
-2.336835383973756217e-02
1.003211195393527259e-03
-1.796443296958489047e-02
-1.627976556685786433e-02
2.966468466412973751e-02
3.901891513839399889e-02
5.190626064977531262e-02
3.861007937390047856e-02
1.990161842537203213e-02
1.454653104643615323e-02
1.080235869734098852e-02
8.270740641007658794e-03
1.094828433047488614e-02
1.843662902866364042e-02
1.843662902866379308e-02
1.843662902866370287e-02
1.843662902866271755e-02
2.647813206390504243e-02
2.737968218824684413e-02
1.328029147907339690e-02
9.259539961453684687e-03
7.456439712769312791e-03
-6.131374026380761490e-03
-1.316219597061312960e-02
9.014463404530060394e-04
2.438107475920851461e-02
4.877393763867221566e-02
7.945392497839020782e-03
-1.004412187965963293e-02
-3.976256838821140560e-02
-5.988342742876618524e-02
-5.131443758237209246e-02
-1.945291163508913474e-03
4.419747590102122460e-03
1.214448165671422331e-02
2.145269351194691032e-02
3.696914430507365623e-02
1.702230141236536418e-02
-3.751959901363761257e-02
-1.846024821658298343e-01
-1.510674556659976908e-01
5.346831388051068168e-02
2.700108310200489137e-01
2.415702739265563059e-01
1.380428606771712807e-01
6.478329094412114963e-02
8.623480164746713528e-02
8.623480164746691323e-02
2.388580904919762604e-02
4.453988285813995779e-02
1.396204137891665642e-01
1.707949100883024429e-01
1.294867624704170717e-01
1.532564890419011172e-01
1.456895393054389864e-01
5.948461211288007949e-02
4.759974882713801508e-02
6.273364830006442072e-02
9.680596921434676816e-02
1.056728486382449289e-01
6.263363250455591946e-02
4.559747204741486371e-02
2.654585029419186115e-02
1.249414241310864426e-02
5.884380552933255425e-03
6.543312005646678350e-03
3.464672776781130281e-02
3.464672776781042157e-02
3.464672776781070607e-02
3.464672776780976238e-02
6.692784516628748695e-03
2.324140484495228805e-03
3.950769515549880373e-03
1.792774114114011400e-02
2.666502920540923111e-02
2.666502920540877314e-02
2.666502920540827701e-02
2.799522658227030988e-02
4.264684952600396317e-02
4.765616179338329206e-02
6.854436967942398318e-02
3.287938951413742206e-02
-1.932536759099928204e-03
-1.942595053489198226e-02
-2.053308453469238071e-02
-5.259496918466483040e-02
-4.129088614432636223e-02
1.299645382899003269e-02
2.410124232549770706e-02
6.240187706133666634e-03
-1.305652467693624742e-03
1.087415951874269419e-02
2.096049734747726032e-02
4.373506865885860156e-02
3.415992733146743648e-02
-2.321959812186626462e-02
-2.338093044733984688e-02
-2.792675465573460358e-02
-1.323544490066557409e-02
-5.609273171333484242e-02
-1.070959459994928337e-01
-1.990464070306928179e-01
-8.203319447366670680e-02
7.853566833528044522e-02
1.213014238641889758e-01
3.665239065770653504e-02
1.051358371313790008e-01
1.111747997463204130e-01
6.491769860274521076e-02
3.851152849288829588e-02
2.655488313178523338e-02
1.442973365581279831e-02
7.198765050971112078e-03
-1.206168228210235428e-02
-2.772799497957824724e-02
-3.151751108064703571e-02
-3.794891525008333572e-02
5.507382936349714680e-03
6.030103338334462382e-02
8.609351565725634203e-02
6.309627441801610170e-02
5.519580278193765392e-03
-6.359604302404794386e-03
2.559379237583808350e-02
2.718708218098178989e-02
3.349531028742865069e-02
2.854934212252115827e-02
2.558623235201427232e-02
1.617516978444430778e-02
8.270740641007091540e-03
1.094828433047470573e-02
1.843662902866452166e-02
3.027005712208835977e-02
3.067368056917612121e-02
2.068809068911056648e-02
6.102652135074430016e-03
9.626074036639018297e-03
2.127063559592822298e-02
1.791835860444672759e-02
3.817630179386891000e-03
-5.345794277437529397e-04
3.308740194827991966e-03
1.418752186198062731e-02
1.418752186198065680e-02
1.418752186198055966e-02
1.418752186198092569e-02
2.086195335150808905e-02
1.746951920740837799e-02
-3.107630934877622046e-03
-2.497680602096128116e-03
3.793940377467879682e-02
4.168366672034782422e-02
3.213009897111351182e-02
3.060938973835241120e-02
2.813359048834599904e-02
3.661164768017547561e-02
3.727459137634343139e-02
1.214612001731051570e-02
-8.747053849933621172e-03
-7.914035823986382417e-03
4.415363447810787684e-02
5.248070711377252756e-02
4.816289627720627547e-02
6.130689874069913253e-02
6.404855146205155891e-02
4.115826162534550609e-02
3.672195840447171206e-02
3.141080484340882245e-02
4.167368149865163796e-02
1.166704161074984675e-01
1.198226421550867005e-01
1.922361475195327393e-02
-7.658106545095680860e-03
-3.573030834762469521e-02
-5.993859224787403267e-02
-7.183008673515840770e-02
-1.058968778783593717e-01
-6.623512284526911209e-02
-5.035399238560925306e-02
-3.957821601877952594e-02
-3.241403254583603843e-02
-2.676456985270584538e-02
-3.823764864572933714e-02
-3.277096208919161313e-02
-3.798242664758873927e-02
-2.762050533456643711e-02
-4.874975504415313132e-02
-1.969205019717646180e-02
3.450018701099387408e-02
5.530306825999865145e-02
2.905974155331624703e-02
3.380875575710327874e-02
2.785220638619554517e-02
2.951001647473289191e-02
3.255143494025568990e-02
3.378933456525905904e-02
3.213009897111362978e-02
3.060938973835280325e-02
2.813359048834712661e-02
2.813359048834662701e-02
2.813359048834630435e-02
2.813359048834598863e-02
2.813359048834603721e-02
3.661164768017614174e-02
3.727459137634388936e-02
1.214612001731036305e-02
1.823303812426115608e-03
1.207461770367949938e-02
5.260549877987216044e-02
4.671189771435940719e-02
-4.960217358995989284e-02
-6.782495445996560013e-02
1.024123235210203618e-02
-8.974426126376283328e-03
-1.188208368566370104e-01
-2.247455079601028416e-01
-1.173109746161440509e-01
-1.573660618451955609e-02
2.802566413998585845e-02
-1.021540767425763684e-02
-5.445442913181511996e-02
-1.598009664869042834e-01
-1.844447569687803490e-01
-9.596671405366656582e-02
-9.596671405366798135e-02
-1.164331282339050866e-01
-7.914695659003219419e-02
1.681497140051254058e-01
2.106342123064127159e-01
1.069812724805160459e-01
7.804090485476368466e-02
-7.134806883105416532e-03
-4.935178360330484681e-02
-7.993282938960696860e-02
-4.453580539038372310e-02
-2.089649131560108314e-02
-3.388065313601836687e-02
-2.740672875696982883e-02
-2.804336354870385836e-02
-2.804336354870282794e-02
-3.318921047154058113e-02
-3.679562908727705001e-02
-5.236275553413659301e-02
-4.978983207271842071e-02
-4.257699484124277678e-02
-4.302350645180996053e-02
-5.421059021356473134e-02
-6.075262019260682655e-02
-7.570476293416091018e-02
-3.117144469802956078e-02
-2.781035468399528534e-04
-2.383901441346953157e-02
-6.637314599440917451e-02
-4.118127146417083218e-02
5.624993035023281851e-02
4.539254468437121243e-02
3.070857415060061421e-02
3.157765142959222809e-02
-6.641747599843311235e-03
-5.453466379191537067e-02
2.206121454623887618e-02
5.146071824841310510e-02
8.432923467533624817e-03
-1.720190520498252919e-03
-3.012617125599566324e-03
-3.012617125599540736e-03
-3.012617125599072361e-03
-3.012617125599207669e-03
-3.012617125599349049e-03
-3.012617125599062386e-03
-3.012617125599127005e-03
-3.012617125599617498e-03
-3.012617125599461373e-03
-3.012617125599346014e-03
-3.012617125599442291e-03
-3.012617125599800511e-03
-3.012617125598967844e-03
-3.012617125599114428e-03
-4.723169836332091406e-03
-6.376226658295318026e-03
-6.934120143278463093e-03
-6.078843787912108394e-03
-2.772730143986848646e-03
-2.772730143986677775e-03
-2.772730143985723244e-03
4.467003901536689692e-03
6.189656869549485345e-03
-9.503864004312608318e-03
-1.312373102707363980e-02
-1.656903696310053214e-02
-1.656903696310070909e-02
-1.656903696310067439e-02
-2.776090223991717690e-02
-3.115371154691323058e-02
-2.139802687617421706e-02
-1.580209423776578540e-02
-9.016475623773856710e-03
-9.016475623774005896e-03
-9.016475623773211392e-03
-9.016475623773643339e-03
-5.548502134974349700e-03
-3.168529630126805125e-03
1.467178261712523066e-02
1.293779587272540950e-02
8.177850863030314277e-03
8.631666419794117515e-03
8.570876725449932607e-03
1.024401987480452574e-02
1.001711209642259029e-02
1.013869148511087684e-02
1.013869148510883854e-02
1.013869148510893048e-02
1.013869148510994009e-02
1.013869148511045530e-02
1.013869148511006846e-02
1.013869148510958967e-02
1.013869148510907967e-02
1.013869148510914732e-02
1.013869148511017775e-02
1.013869148511061836e-02
1.013869148511032867e-02
1.013869148510954110e-02
1.013869148510946998e-02
1.013869148511004244e-02
1.013869148511064092e-02
1.013869148510960876e-02
1.013869148510942834e-02
1.013869148510924967e-02
1.013869148510928263e-02
1.013869148510982733e-02
1.013869148511017081e-02
1.013869148511048479e-02
1.013869148510988805e-02
1.013869148511004591e-02
1.013869148510996264e-02
1.013869148510993662e-02
1.013869148510969376e-02
1.013869148510970417e-02
1.013869148510961049e-02
1.013869148510993662e-02
1.013869148511032693e-02
1.013869148511000080e-02
1.013869148511005805e-02
1.016915446469695769e-02
1.012749239323828924e-02
8.910368225058664521e-03
8.875139868662713580e-03
