-3.854645061612366197e-02
-4.034616492438669599e-02
-7.437773198054933865e-02
-7.654611340385406026e-02
-8.170887114648900384e-02
-8.922828585628367337e-02
-8.649886591880204256e-02
-9.031252045987553378e-02
-9.126148614057801034e-02
-9.119154826859138252e-02
-9.270218061685497890e-02
-9.269998516344093997e-02
-9.307645830895244776e-02
-9.349408280637533375e-02
-9.350808685518804952e-02
-9.373468262264024464e-02
-9.382318980616842496e-02
-9.386073962806437687e-02
-9.394023965852509039e-02
-9.394225014352253211e-02
-9.395548951762233703e-02
-9.394963937736652837e-02
-9.390162392561181293e-02
-9.387892224974571376e-02
-9.377415608676492598e-02
-9.366579631473816170e-02
-9.357612967662819192e-02
-9.323947070104762758e-02
-9.311013220731170770e-02
-9.272367581566845485e-02
-9.192191001125071814e-02
-9.193987800108051334e-02
-9.026221868986746000e-02
-8.917478032465053772e-02
-8.908253128458062942e-02
-8.309040613458507085e-02
-8.212091119417010143e-02
-7.963803627042631561e-02
-7.653946565145350323e-02
-7.477330572694931843e-02
-7.357404813543173827e-02
-6.726333013063436062e-02
-6.326135123443195341e-02
-6.375414933473536050e-02
-5.915280235517049456e-02
-5.413514660347734653e-02
-6.667116018361683716e-02
-5.435710949784020724e-02
-6.492578120717053258e-02
-5.940375880198742187e-02
-4.488533200926909245e-02
-4.605912427756517213e-02
-4.714485413990733217e-03
6.713263334541981486e-03
7.174710893965370422e-03
6.360647689287818318e-02
5.987106472705617383e-02
8.434587334563641015e-02
1.022214372995500359e-01
9.221356621337886694e-02
1.146446214607138858e-01
1.143033366391345562e-01
1.472617049389704225e-01
1.438909918538820998e-01
1.394189967123342089e-01
1.384186341596053138e-01
1.150521400301491026e-01
1.090789587591937670e-01
8.981933932294897116e-02
6.695240999632719181e-02
5.689606560127166701e-02
2.579504048095847268e-02
1.154294970460015279e-02
2.840234192541072136e-03
-2.033543716423645564e-02
-2.322603621555251185e-02
-3.848733455214373156e-02
-5.189872881853230951e-02
-5.430251184349670079e-02
-7.213402089680855112e-02
-7.371123866268289304e-02
-8.080443512344051560e-02
-8.891570302695413208e-02
-8.425951538382825401e-02
-8.368034611407240697e-02
-7.357928025770978098e-02
-6.589040118736540219e-02
-7.399604420883265643e-02
-7.422121605131172528e-02
-7.790064185469347535e-02
-8.146324518671341219e-02
-8.451736779684992928e-02
-8.627836620051268501e-02
-8.433273310338570972e-02
-8.788510270612698294e-02
-8.618616709260823461e-02
-9.741310942431152808e-02
-1.181704650143465540e-01
-1.165506728412773751e-01
-1.405435228167340733e-01
-1.531911337839488851e-01
-1.465156998275510825e-01
-1.560273339609437593e-01
-1.621437923274762216e-01
-1.705267014883278254e-01
-1.739851144356014401e-01
-1.709400990020284727e-01
-1.839056290040233521e-01
-1.781407834999134410e-01
-1.851492175278882935e-01
-1.975420323571606129e-01
-1.920831194005663822e-01
-1.981194511801954161e-01
-1.889975094737009476e-01
-1.747580081988797940e-01
-1.624879878883494499e-01
-1.472082439043204682e-01
-1.412464059328796817e-01
-1.275437428488387370e-01
-1.284067990293047135e-01
-1.181482019572946407e-01
-1.218690735436503136e-01
-1.327153391486129985e-01
-1.240952310114512569e-01
-1.247939837360800275e-01
-1.297346142509394062e-01
-1.181196186505332202e-01
-1.205532327825052513e-01
-1.104021154000456306e-01
-1.090797648434380096e-01
-1.109921057322111881e-01
-1.014138302677578818e-01
-1.080210755146280982e-01
-1.136414310932302718e-01
-1.171193589690013304e-01
-1.464834547780674567e-01
-1.557834263246856421e-01
-1.568694697576075159e-01
-1.757167098800098137e-01
-1.660727612896512051e-01
-1.565460350909652909e-01
-1.517007538978707160e-01
-1.331494602856919673e-01
-1.372194124157918582e-01
-1.054755862765477531e-01
-1.041040709869285458e-01
-1.106366153868256347e-01
-7.219692115901635288e-02
-9.926179586970698687e-02
-7.548609662710739632e-02
-7.472878514007734452e-02
-1.284002079300508858e-01
-1.108182682598104762e-01
-2.142245823360412749e-01
-2.406432176514496923e-01
-2.408126626097604195e-01
-3.495451446288145858e-01
-3.406555899990121317e-01
-3.621234332962537938e-01
-3.607183661155811683e-01
-3.287767744248514257e-01
-3.171470926774709875e-01
-2.757291378916454372e-01
-2.513636840298307806e-01
-2.201184595590912063e-01
-1.739595272869799425e-01
-1.481783377304054239e-01
-1.194061567389733125e-01
-9.080887808230071745e-02
-7.178422656290281423e-02
-5.011896440198160274e-02
-2.217155104718283171e-02
-2.034250027385681864e-03
2.689824444840542908e-02
5.777468647293224069e-02
8.109127854601694274e-02
1.148448313992684322e-01
1.472691178384365196e-01
1.714608703282797242e-01
1.896572308660507133e-01
1.992043024043425870e-01
2.016876533102281988e-01
1.920123778896615230e-01
1.771360316723657735e-01
1.649679232986224764e-01
1.340838184742140782e-01
1.190615508067280615e-01
1.236705399679934314e-01
1.107933191432766834e-01
1.245223846759854758e-01
1.271247707951784767e-01
1.186084843363303942e-01
1.353946810738020923e-01
1.264082975157854727e-01
1.333521443777005433e-01
1.483555753928401943e-01
1.460125299750582584e-01
1.701279948935419117e-01
1.772950916347449390e-01
1.833237341438807844e-01
2.031744123836605187e-01
2.006800167855439798e-01
2.071581273725640604e-01
2.089328177283133470e-01
2.005957980651363048e-01
2.048199492363847185e-01
1.964896311856280664e-01
1.918060384497957127e-01
1.907614763230265909e-01
1.778441338851785014e-01
1.753324102150119745e-01
1.638131840785846394e-01
1.470579382594660589e-01
1.349926417387241340e-01
1.174148610363529577e-01
1.015751096496469719e-01
8.620911778254500279e-02
7.099671077123076435e-02
5.434804713663884956e-02
2.752843461805912911e-02
1.056252167352511595e-02
-2.708604372965824417e-02
-5.248725401806715596e-02
-7.859331618172531175e-02
-9.817406008533675899e-02
-8.281666804678469718e-02
-8.080484198734741441e-02
-8.273954544816498891e-02
-8.254337279355829227e-02
-8.968057614611280037e-02
-9.132634829597736925e-02
-9.047847089520834329e-02
-9.515850744356721402e-02
-1.087366226403734815e-01
-1.020415755495268778e-01
-1.218502323146748584e-01
-1.140100144633607870e-01
-9.848746507615485646e-02
-9.555693350450346346e-02
-5.103432771342576030e-02
-3.588314144514277715e-02
-2.064377339540207634e-02
3.029904165262805454e-02
7.340299122892093853e-03
3.744095903917743495e-02
1.242419489620756323e-01
1.227387929643395104e-01
1.583129088154733022e-01
1.683731819251406969e-01
1.402370218566412474e-01
1.621661290451231752e-01
1.230657709212771012e-01
1.157374632819775928e-01
1.195406270804576510e-01
9.240110052809580310e-02
8.244045752190931609e-02
6.072375315304280596e-02
3.638299507671911848e-02
3.754303255558909258e-02
1.242044735360599284e-02
3.111526141426786823e-03
-3.369969340213767317e-03
-2.735767334238274270e-02
-2.680999455039770676e-02
-5.641427681748037437e-02
-7.593279164708044426e-02
-9.741991286655664328e-02
-1.224288581779465618e-01
-1.322376568849882306e-01
-1.331678631340427466e-01
-1.316241029214431091e-01
-1.241968616130544323e-01
-1.014121385263668657e-01
-8.040010951867485045e-02
-8.910078880017761882e-02
-6.644923743049292730e-02
-6.548030027278016474e-02
-7.795120699167996936e-02
-5.483788376903443729e-02
-5.236672895859136728e-02
-4.195225989937721028e-02
-5.425571082306734905e-04
-1.597600447602740698e-02
9.515894567476243515e-03
1.212755923259359325e-02
-1.471853800165227183e-02
2.215806907532364561e-02
3.262953143379063170e-02
6.230098248683411943e-02
1.329895400828326468e-01
1.523018564505171368e-01
1.868181390167286127e-01
2.039520161418370003e-01
1.890930004463380332e-01
1.929041289460837194e-01
1.822348149634689940e-01
1.693307629740051778e-01
1.685094259689640661e-01
1.491068004707377659e-01
1.444939233792624234e-01
1.332582952582324620e-01
1.141518267435827905e-01
1.127135283496999152e-01
8.729975659888920825e-02
7.683582850876079229e-02
7.564989292805766874e-02
5.094053911447737892e-02
5.724594647339485698e-02
4.447163221390750681e-02
1.279837859969906906e-02
1.918818306947748034e-02
-5.050630081404029748e-03
-1.073901968343496036e-02
-1.173696866562710071e-02
-4.251487515234660813e-02
-3.803635372803668147e-02
-5.835551951790081404e-02
-6.594097391806544306e-02
-6.285947150754110646e-02
-6.791168846730454012e-02
-6.704590343499482186e-02
-6.833463322749042113e-02
-6.967400353097535914e-02
-7.083157802422268556e-02
-7.358291982782479146e-02
-7.346630300530848645e-02
-8.058080439862615185e-02
-8.223964681611076188e-02
-8.106552470843331193e-02
-9.393363551607966655e-02
-9.486742285742238989e-02
-1.141814998116678775e-01
-1.259812857488489257e-01
-1.312734859362303108e-01
-1.531186906367388023e-01
-1.542329203378887403e-01
-1.509353875414980450e-01
-1.560709652150213955e-01
-1.523312679076090359e-01
-1.488276389677998246e-01
-1.449086406417297024e-01
-1.416103208973379102e-01
-1.274113325212242187e-01
-1.244781767636211761e-01
-1.195732023010786793e-01
-1.106158025224999453e-01
-1.086879267429718549e-01
-1.001422655075045187e-01
-9.250002558896661120e-02
-9.046910886606657209e-02
-7.340488252705296146e-02
-7.193198974112678667e-02
-6.737861910049244840e-02
-6.181832888358812506e-02
-6.126264583492650739e-02
-5.847920862454795976e-02
-5.770156579462564633e-02
-5.701872585111265185e-02
-5.781600787478936854e-02
-5.823930403628230223e-02
-5.901893628090756905e-02
-6.475871926067255924e-02
-6.651400198647192119e-02
-7.096866364884892031e-02
-7.277120839593295698e-02
-7.845637106322859988e-02
-7.964215306299510244e-02
-8.086776309481927272e-02
-8.272653037580486590e-02
-8.306482730627010036e-02
-8.388980383323033085e-02
-8.442520765071515054e-02
-8.464561235636819392e-02
-8.501095403862525546e-02
-8.516873192007660964e-02
-8.529542379922858131e-02
-8.542718399647611371e-02
-8.547001926085974477e-02
-8.551354484232612241e-02
-8.555425842456425289e-02
-8.551070613785069496e-02
-8.551574536544531702e-02
-8.548692395106283204e-02
-8.529995294483146140e-02
-8.537109911759273306e-02
-8.506752597382744030e-02
-8.474714395837389114e-02
-8.501134768509339967e-02
-8.366055379239417666e-02
-8.391687773730310829e-02
-8.369577003706346607e-02
-7.989639134978532287e-02
-8.359777897462739027e-02
-7.753268154218473374e-02
-7.207503042686101702e-02
-7.610323734096843817e-02
