1.040662638086487304e-02
1.036917957619879621e-02
1.580313016901743056e-02
2.072256591889965957e-02
2.091913382075890129e-02
1.700454815309822287e-02
1.292534709882067409e-02
1.292517504534143775e-02
1.292466859003590755e-02
1.292444987268383423e-02
1.292447889925350465e-02
1.292447889925363129e-02
1.292447889925322189e-02
1.292447889925239790e-02
1.292447889925377354e-02
1.292447889925302414e-02
1.292447889925405977e-02
1.292447889925342833e-02
1.292447889925324445e-02
1.292447889925311261e-02
1.292447889925342312e-02
1.292447889925358619e-02
1.292447889925316118e-02
1.292447889925340751e-02
1.292447889925334679e-02
1.292447889925282117e-02
1.292447889925381517e-02
1.292447889925332251e-02
1.292447889925378221e-02
1.292447579403219193e-02
1.292449924594752005e-02
1.292454414728412895e-02
1.292463479882141608e-02
1.336113714783683341e-02
1.377238297236559918e-02
1.499064969822584172e-02
1.477260360390964498e-02
1.395026266368587335e-02
1.395008913955375976e-02
1.537393610968783471e-02
1.587084617391270117e-02
1.237513130820294335e-02
1.166349644430134461e-02
1.066934825094707599e-02
1.494815677624125247e-02
1.607476080063448276e-02
1.964909319285540468e-02
8.532322698119427021e-03
5.038374611718497015e-03
-4.701574446577541470e-03
-2.134243215806249576e-04
2.264942334169131426e-03
6.005605205615570374e-03
4.854852772754721102e-03
-1.719396768725266591e-03
-3.589843854157213389e-03
-1.287989185678603370e-03
-1.288671738537259474e-03
-1.288209523948930912e-03
-4.795480124295666176e-03
-5.288290823245755598e-03
2.542454726842901386e-03
4.298482475563594751e-03
1.206598442515005934e-02
2.391089191709686382e-02
6.914354337655596872e-02
5.812187209141553984e-02
-4.664124145525736648e-02
-9.256930012741421132e-02
-8.302712157605675325e-02
-1.045444672626511945e-01
-9.083015574668927561e-02
-7.939974257910234479e-02
-7.970082951954310380e-02
-7.955987037986987642e-02
-4.399982907658352843e-02
-5.240695543204597351e-02
-5.781828750508181958e-02
-6.115681719469206329e-02
-5.479209212856754607e-02
-3.310719075948534429e-02
-2.179428191121268038e-02
-9.562763313052134728e-03
-6.440523217466445974e-03
-1.614626098165785131e-02
-8.411263109269474098e-03
-8.087479100057982581e-03
-3.637628363752998598e-03
6.687475176958153876e-03
2.801835373324681848e-03
-2.337679254156634773e-02
-3.033214038269198970e-02
-1.655278468383844515e-02
3.687981286204035630e-03
3.987677306068496304e-03
-2.433449712248118152e-02
-2.970622313058418271e-02
-4.188698285484358103e-02
-4.552512270583915915e-02
-3.014272402099246045e-02
-1.358662669640463630e-02
-1.145026895562161265e-02
-1.247659226006613865e-02
-1.469367172979071240e-02
-1.486384027451900618e-02
-1.028723574077091557e-02
-6.542716424041845544e-03
2.680751582443544664e-03
2.557356202400056129e-03
3.379827115575036265e-03
2.111973288884579081e-03
-1.137723495778330228e-02
-1.054476044826028330e-02
-2.642436961055429773e-02
-4.584220244910894998e-02
-4.365857683190664529e-02
-2.996745685366234216e-02
-2.786339005322066228e-02
-1.930743774917372327e-02
-2.052554846094484936e-02
-1.853429264333069856e-02
-2.295166203416377365e-02
-5.106815184090336517e-03
2.721520650593850163e-02
5.069684557483689069e-02
4.593934609677911146e-02
4.895821830465582614e-02
3.619353594924194090e-02
1.494428149781447911e-02
-1.995404922553101895e-02
-1.891004197556411456e-02
-1.584828786036090315e-02
-2.036917128394792609e-02
-3.066174917602023167e-02
-2.739386789510923209e-02
-1.835412771364423878e-02
-1.835497812110324992e-02
-1.835492075320184144e-02
-1.835198680053893444e-02
-2.705064831738224207e-02
-2.312684843908607152e-02
2.663233441214662295e-02
3.064083351658411503e-02
-9.350786735452261411e-03
6.285393860947289385e-03
1.181139662121051363e-02
-2.008050476498166384e-02
-7.196899464001048352e-02
-1.137248044925730783e-01
-8.562172413636701118e-02
-6.633957960976576140e-02
-5.401701650895366497e-02
-5.094263580950966763e-02
-5.126510618419639898e-02
-3.373128083942274896e-02
-3.203630856449535269e-02
-2.834807216088768012e-02
-1.408561447188161515e-02
5.418067013900767191e-03
3.903082153508349687e-03
-3.599829894854531323e-03
-5.921089524418345594e-03
-3.001805578885666237e-02
-4.053348855392812505e-02
-4.078494138487447074e-02
-5.016988826177990607e-02
-6.288511267573133889e-02
-6.044007046604037842e-02
-5.238944369982472676e-02
-5.197249299854365956e-02
-5.245640635737568169e-02
-4.709660167400259861e-02
-4.127937048537771991e-02
-3.799418871658407498e-02
-5.630903597253120695e-03
-8.954893285333095920e-03
-1.740576306928213329e-02
-1.885429467368246806e-02
-2.231953964611056371e-02
-2.557785281790282694e-02
-1.518065322144211172e-02
1.079468245511879670e-02
1.076594595445707313e-02
-3.284038762963274738e-02
-5.608314680324483215e-02
-5.365378572199468177e-02
-3.497051732444349248e-02
-1.508715460761402005e-02
-4.502452920341490188e-03
2.246104121962783778e-02
1.514721748757347219e-02
1.645222140271277583e-02
9.564961088446401541e-03
-1.902009928121793994e-02
-3.565776381786813637e-02
-6.375004655967130007e-02
-7.754156782206839127e-02
-8.234101270381805060e-02
-7.327839861964140222e-02
-3.391491395771053380e-02
7.686100254500977981e-03
-1.593476552742403504e-02
-2.978562248866769083e-02
-2.862616472137728685e-02
-2.489613409829733240e-02
-1.503094548599139598e-03
7.893688710010825574e-03
1.317028209895545511e-02
-9.357490963408180915e-03
-4.284549767212848803e-02
-5.311976634667285591e-02
-3.046205361396420522e-02
-1.423816072065969308e-02
-1.394149830089016356e-02
-1.893202166522461871e-02
-2.283872926854253055e-02
-2.290149480756633812e-02
-1.380692822954509950e-02
-1.367371519459270254e-02
-3.278063787289373782e-03
3.826954673055905313e-03
4.132176727236391151e-02
4.069752035251982675e-02
2.648609750546963848e-02
4.263682111283331744e-02
4.343147074373692601e-02
1.011284367386558469e-02
-9.159570059366236444e-03
-1.210829485218760208e-02
-1.359119667226187274e-02
-7.992682430269040100e-03
-3.742516755240537195e-03
-6.929609766147685861e-03
-2.250545626597804522e-02
-3.453562190361882805e-02
-2.510501755017349734e-02
2.361853708747901903e-02
2.890452388763846067e-02
-9.351998194645281051e-03
-2.079586906565098967e-02
5.795426751534063503e-03
1.991705715987614547e-02
1.852421675055938854e-02
-3.413348837060369012e-02
-5.846504047576123880e-02
-6.016091542780641066e-02
-7.468338539471242044e-02
-6.603827789017210903e-02
-4.146800025303718634e-02
4.836588912089602801e-03
-9.833585534415115181e-03
-2.004682587993301436e-03
-4.380392526827102222e-03
9.279719152189358847e-04
5.506740183226366790e-03
3.625604090331058932e-02
3.573821740042163603e-02
4.244325799031527929e-02
4.307226343901942450e-02
4.242906478304589793e-03
-4.296406500379316984e-03
-5.046235178541113794e-03
-4.405882123176841844e-03
-4.027242066476176448e-03
7.871168841850960472e-04
-4.412752116356152073e-04
-3.076025403460338342e-02
-2.777609477286779177e-02
4.798459884205322386e-03
-5.655820015602698592e-03
-1.344835533705634155e-02
-1.281613365823472926e-02
-1.281727318756535269e-02
-1.281744168701072495e-02
-1.281703175446482872e-02
-1.101164017133976145e-02
-1.010638173985171917e-02
-4.096416941924029519e-03
-4.998980774510346572e-03
-9.793264015745024517e-03
-1.479392752715120475e-02
-9.244234760869210130e-03
1.339978766921053272e-03
1.291551115730175253e-02
-3.076878377389172334e-03
-2.560775789369554994e-02
-1.082228775356465847e-02
-4.958527270432297115e-03
3.732681868835708953e-03
3.732208210567288312e-03
5.291817503007337914e-03
3.949446271830816656e-04
-2.749198500166925158e-02
-2.866420881300384485e-02
-2.025012563533270735e-02
-1.329803462310191059e-02
1.680925770866812177e-02
2.046375299719527252e-02
-2.368841224480209423e-02
-4.210892029027997474e-02
-5.536067227656790712e-02
-5.221617371020888243e-02
-4.748107673969311632e-02
-2.287190086900338717e-02
-3.399509324258369325e-02
-8.084887398491863442e-02
-7.057026576244145033e-02
6.406244608903419614e-04
1.746468106640201509e-02
-1.000182258635302392e-02
-1.557158034135830123e-03
-2.227351693713238573e-03
6.936019152983102613e-03
1.005828637784059523e-02
2.954853563295671559e-02
2.656778486604393155e-02
2.608427951294382124e-02
3.655606770391590932e-02
7.609992441435269039e-02
6.549178180753015277e-02
-1.759030232999317031e-02
-2.496486332415977921e-02
-2.715553652409689184e-02
-2.930771666486827257e-02
-2.371699994987755064e-02
-1.489367963217196229e-02
3.453132377110884436e-03
4.486801802709586631e-03
-1.674559513423297397e-02
-2.839510254988048682e-02
-5.070373204307643267e-02
-4.669571497167052110e-02
-4.683871802087930664e-02
-4.100312085373023635e-02
-3.217945290167495420e-02
-3.473483001535845882e-02
-2.386581438901626967e-02
-1.584302939760917975e-02
-2.444959782296581355e-02
-1.158064966478334137e-02
-1.027596568631550418e-02
-7.529445071558013049e-03
-9.246853871596336094e-03
-5.473912204297391552e-03
-4.262811329118888423e-03
-1.010213639914213238e-03
-8.273224214243265519e-04
-9.161902830124126970e-03
-1.203711478107663199e-02
-1.617673970789359691e-02
-1.240413611754146231e-02
7.910009216918967778e-04
1.751618524482598596e-02
1.818520209941388438e-02
-1.777278646496830870e-03
-2.946302233415531296e-02
-4.892173332974749517e-02
-3.970520146251271115e-02
-2.997174495714793885e-02
-2.786663288689233964e-02
-3.764404367957173425e-02
-3.660942058089293460e-02
-3.655280130864553556e-02
-2.278358543277216042e-03
9.416926291065410431e-03
-8.858897165328092705e-04
-1.681790737818200307e-02
-1.976164370227170494e-02
1.072495231700006796e-02
1.081411287252743297e-02
-2.840476145128463872e-02
-2.802248756857308315e-02
-5.335217528584722604e-03
-2.076921550555701698e-02
-9.141402901041688345e-02
-1.009392556499078830e-01
-1.021132351047718961e-01
-1.052971186300147299e-01
-1.003772635939811086e-01
-8.300127804569970569e-02
-7.664470500650778784e-02
-7.663940114891974742e-02
-7.663471468633925587e-02
-7.663528033044629539e-02
-7.663526215739102643e-02
-7.663881603981725910e-02
-7.661994124208208745e-02
-7.072280530354307926e-02
-6.250142274614189919e-02
2.278192054920377685e-02
1.984422008140299121e-02
3.408944577191240239e-03
3.425706778705905897e-03
3.411549781647823555e-03
3.408485944211296984e-03
3.410531512005341836e-03
3.408205167757793422e-03
2.631579205859879700e-03
8.184288717305265816e-04
-7.929270099287035606e-03
-7.543107644355384438e-03
-3.915880452914635539e-03
-3.914356961535542939e-03
-3.913989718456988010e-03
1.508811429616706886e-03
4.813895883320472649e-03
-7.408344603273843074e-03
-1.011858643093029378e-02
-1.673455999591156804e-02
-1.673755371474369355e-02
-1.674114584974620637e-02
-1.674169372670604797e-02
-2.212068795537093860e-02
-2.716824409880540594e-02
-1.844316064576341507e-02
-1.638708074229168477e-02
-2.254774551559353499e-03
-6.777603461361943757e-04
5.813218269087074008e-03
-4.017288186613692316e-03
-1.372860239656755431e-02
-1.681558030289041425e-02
-1.328126401250055190e-02
-1.328196484229974411e-02
-1.328178531189400276e-02
-1.487258379637983012e-02
-1.484123243116303170e-02
-1.369250064058205596e-02
-1.289705539151646263e-02
-1.295962518422587133e-02
-1.295971315915105983e-02
-1.295998356448997343e-02
-1.295964830273514841e-02
-1.705202541334432942e-02
-1.784966669493094280e-02
-1.090442156378632239e-02
-8.858449730620682888e-03
-7.262568768715667138e-03
-7.262103484469201523e-03
-7.261956301743462648e-03
-7.261887876852004924e-03
-7.261901201204597547e-03
-7.261901201204643518e-03
-7.261901201204299175e-03
-7.261901201204504740e-03
-7.261901201204449229e-03
-7.261901201204120498e-03
-7.261901201204219378e-03
-7.261901201204399789e-03
-7.261901201204584537e-03
-7.261901201204463106e-03
-7.261901201204552445e-03
-7.261919586082006203e-03
-7.261807704735769205e-03
-7.261713336247866725e-03
-7.261218375810935162e-03
-5.059191266675215973e-03
-4.327896702190166603e-03
4.848139066485263916e-03
3.747350064817883686e-03
2.284585352397170040e-03
2.284989308282801487e-03
2.285236293364456377e-03
3.216084204591636297e-03
3.629434497232716331e-03
1.287953466365290844e-02
1.241438896490982234e-02
1.158798428791316289e-02
1.158803879662136972e-02
1.448174779488389102e-02
1.455697395782127625e-02
7.448614525497091257e-03
6.001847868079892949e-03
5.850690231851262552e-03
5.849922828311932520e-03
5.850128297424595815e-03
3.470868087284823683e-03
3.356124760838726483e-03
6.426882744749647450e-03
7.616426341317239154e-03
7.846263188700863117e-03
7.846524281961054018e-03
7.846589230700732123e-03
7.846594371301428977e-03
7.846592661638583655e-03
7.846592661638654778e-03
7.846592661638479571e-03
7.846592661638389365e-03
7.846592661638163851e-03
7.846592661638385896e-03
7.846592661638254057e-03
7.846592661638550695e-03
7.846592661638326915e-03
7.846592661638443142e-03
7.846592661638377222e-03
7.846592661638462224e-03
7.846592661638318242e-03
7.846592661638056299e-03
7.846592661638611410e-03
7.846592661638542021e-03
7.846592661638210689e-03
7.846592661638434468e-03
7.846592661638489979e-03
7.846592661638488245e-03
7.846590201903704334e-03
7.846608947213449745e-03
7.846662454044205787e-03
7.846503948447394738e-03
8.176823786900325880e-03
8.364227688138783923e-03
5.664581964260975017e-03
5.337961615286348355e-03
