1.666070422929698171e-03
1.935650750995570333e-03
5.023251312616254342e-03
4.874523144879217527e-03
6.585351643744712623e-03
7.407711083927404939e-03
7.726069160178813261e-03
8.482908984372386496e-03
8.706254182875777098e-03
8.966312520325635596e-03
9.209251224980577466e-03
9.293484318231716446e-03
9.364823211654497298e-03
9.406292221260366057e-03
9.388703096406462653e-03
9.239534324094425544e-03
9.245693504862940656e-03
8.948877396373827037e-03
8.595896685182045222e-03
8.654836910185700199e-03
7.494383049151145254e-03
7.575672343670934034e-03
7.370713616601048956e-03
7.109716438804852996e-03
7.295421065059200932e-03
7.293638566694210512e-03
7.388871989979164598e-03
7.913413959433799119e-03
8.049947714803006721e-03
8.704503566957047869e-03
9.849363162911413394e-03
9.037950026534588219e-03
1.164959187817652710e-02
1.048717425755319940e-02
9.484878589512265798e-03
1.004491317832892881e-02
5.102189214421246413e-03
5.092031985451755255e-03
3.687769187797791670e-03
8.518409906447882906e-04
8.523382663720007477e-04
-3.419819779552873799e-03
-4.009384413654422732e-03
-4.517895377858703598e-03
-5.717920566130029608e-03
-5.816475511446649559e-03
-5.655626694542406629e-03
-5.306310288362939276e-03
-5.554210399437442720e-03
-2.842028583803021032e-03
-2.685822315723084431e-03
-5.451499698997375014e-03
-5.619674665511376760e-03
-7.072572018794043638e-03
-1.279898051660266316e-02
-1.388366964824203423e-02
-1.006415497808563382e-02
-1.053592024766961815e-02
-8.998249993686521786e-03
-5.903401492872056497e-03
-6.999507000913343484e-03
-6.304043300389960795e-03
-6.366335722763787931e-03
-6.327261574450384653e-03
-3.874614598294542672e-04
-7.159915508443560461e-04
-8.732460317246763196e-04
2.223201587574903616e-04
-2.779408697862093230e-04
6.345394118939514999e-04
8.662034914240473570e-04
1.406558678547018514e-03
2.432588176622379333e-03
2.664032087516473874e-03
3.832326527974347450e-03
4.714300770142643496e-03
5.256363440474133737e-03
7.219201600336444362e-03
7.932348179894877296e-03
7.975617302309775253e-03
9.260441494889321695e-03
8.860296034945570887e-03
8.765014766899552334e-03
8.252906735460458984e-03
7.523030276975596099e-03
7.057953065518169505e-03
5.755172077224961040e-03
5.879596945754237899e-03
4.391562968734533459e-03
4.918036281668606603e-03
6.782965577112378026e-03
6.396374273096887796e-03
9.888776919839699364e-03
1.081069314429096255e-02
1.064072338186257925e-02
1.203498490362906424e-02
1.162563775936079416e-02
1.102905852875504106e-02
1.005425201532052920e-02
7.863814182487986748e-03
7.139329150430549775e-03
2.163527775538073156e-03
7.611529887977704079e-04
2.044724178364569142e-03
-1.630467801970341074e-03
-1.432408203165003949e-03
-2.396524682135781591e-03
-4.624094209883305648e-03
-1.135731046657049168e-03
-6.408231146138104674e-05
-9.395133384023379459e-04
2.557889200908717003e-03
4.975172630258374064e-03
6.214178561413786876e-03
8.291518915032528372e-03
7.816905384269694917e-03
1.038477205518289689e-02
1.163499289572703967e-02
1.056872287655417908e-02
1.556948240331336615e-02
1.393452584428554047e-02
1.564312224925974715e-02
1.433363016706790290e-02
9.524555768438996983e-03
7.672868097283346532e-03
5.052936201930969401e-03
-5.985949751701648692e-05
-1.559932146304005571e-03
-5.408011687782542619e-03
-7.514571394534625727e-03
-1.086317366821641477e-02
-1.247411070506784445e-02
-1.245875095073443670e-02
-1.372053907203507790e-02
-1.384367344247413277e-02
-1.402187721091732904e-02
-1.364722308675909296e-02
-1.388899049159958779e-02
-1.254046132326491585e-02
-9.977409649735945185e-03
-1.454863409639120704e-02
-1.297574332596116396e-02
-6.049975040376172862e-03
-8.412493308994706612e-03
-4.125255893091564659e-03
-4.981448008772516867e-03
-9.848669552069066677e-03
-1.130788570429171191e-02
-1.822477764122270097e-02
-2.597154646570104530e-02
-3.202026068320371760e-02
-4.539616540453367266e-02
-5.332407404756431268e-02
-6.620651597584738257e-02
-7.962236376660658532e-02
-8.628727796871835110e-02
-1.002650345157439782e-01
-1.124768920598939459e-01
-1.190400663203995402e-01
-1.358295724813654570e-01
-1.396540956253606303e-01
-1.450585569195223246e-01
-1.516628516842140340e-01
-1.500515719580913510e-01
-1.508772163442223258e-01
-1.492326107573014315e-01
-1.418495184334548909e-01
-1.376953548848034170e-01
-1.318812345954076259e-01
-1.285928681224734471e-01
-1.234083837905719933e-01
-1.190541091637336291e-01
-1.132965740851833852e-01
-1.051575323053186989e-01
-9.946717276296246357e-02
-8.758797174222182624e-02
-7.758903855615920109e-02
-6.534684290295407483e-02
-5.224556015381633112e-02
-4.263380172293018688e-02
-3.192421347232839851e-02
-1.969990393094752865e-02
-1.502667793089954365e-02
-3.719173142601297187e-03
-1.118489032461952252e-03
-3.855026374884820293e-05
3.521427806710861891e-03
3.388857571254312844e-03
1.060905739408494076e-03
-1.846382206888251142e-04
-1.264168498603144642e-03
-4.509526073872764489e-03
-4.943663006981553407e-03
-5.557554336491249067e-03
-7.093981376997160991e-03
-8.198662787320403975e-03
-8.524242246411281587e-03
-1.035108206455244775e-02
-9.634600324917025685e-03
-8.572466382479711905e-03
-1.390631297938734606e-02
-1.143979647698084579e-02
-8.166315293318262419e-03
-8.981831856336804434e-03
-7.898093989535769424e-03
-7.799854422656136814e-03
-7.695948562248236015e-03
-9.833551408959402204e-03
-1.075003843099440852e-02
-1.357773645580659556e-02
-1.342064868408941042e-02
-1.355086960969539497e-02
-1.601368261974657134e-02
-1.500240473719326346e-02
-1.138432906313014553e-02
-1.258233526560862542e-02
-6.429486136841317673e-03
-2.576644591360306106e-03
-1.638839203451719455e-03
3.955235861676176246e-03
3.311556618145942207e-03
2.395372254169077925e-03
4.442343479517035093e-03
1.612850159263374064e-03
2.596120557222753554e-03
3.481718573319973059e-03
2.231834171839765322e-03
3.237130512642264965e-03
2.991402312281038478e-03
2.199514391401927432e-03
3.076262526064499868e-03
1.898286599451480972e-03
9.102203227720201536e-04
-6.715528794911300534e-04
-5.794288099902501939e-03
-5.550062008141394380e-03
-4.345720755190008583e-03
-5.877923393573109175e-03
-1.947544206985907852e-03
-2.151641398748534769e-03
-2.447181613911966931e-03
-1.559159841775257637e-03
-1.950213690193989104e-03
-9.571558595777761519e-04
-2.888183499022986458e-03
-2.013952086989578578e-03
2.596768339597070358e-04
1.835231235216633165e-03
3.575195574923900350e-03
3.772313751838066859e-03
6.660272527682849740e-03
1.091974321771953076e-02
1.187532801747021895e-02
1.460322869746642424e-02
1.572399513296605239e-02
1.750156944945716400e-02
2.120563446327675475e-02
1.933342093243295770e-02
1.983071186435672248e-02
1.877978629147437212e-02
1.386589428107655106e-02
1.355920625588028124e-02
8.030245359338251954e-03
7.275623733224497770e-03
4.618503444090199007e-03
2.471626902251008052e-03
3.281876576178169389e-03
1.061800473889458604e-03
2.805568021742661528e-03
1.256929764836489660e-03
-1.356989616756793708e-03
-1.524244276961235966e-03
-4.972050230645688740e-03
-4.831443292703840701e-03
-5.024877186330682297e-03
-4.127104273897554305e-03
-3.372322938053187507e-04
1.197246987293456037e-04
-7.797833190956632342e-05
-1.263055563175094573e-03
1.313077637205528527e-03
6.590541779322959138e-04
3.693565340449433184e-03
4.585827772570643529e-03
1.696462898482380003e-03
4.726801379940067348e-03
3.348598929508158316e-03
5.439250719764216618e-03
8.635360312071236819e-03
8.543309594696539208e-03
1.580218808760728774e-02
1.696250327667724739e-02
1.947979968889101618e-02
2.286222596804692378e-02
2.305732744947351642e-02
2.544094624332906424e-02
2.593486609666935394e-02
2.645950487459089451e-02
2.721840458616354291e-02
2.639513427562412487e-02
2.703503638062991141e-02
2.545846879362942752e-02
2.481239388661577935e-02
2.490430280233443122e-02
2.353827873263051457e-02
2.344550270220190080e-02
2.416032581988132588e-02
2.256638333538257477e-02
2.216546113130398940e-02
1.704632665873319700e-02
1.349918238970760839e-02
1.216893490508083077e-02
5.557891923826454271e-03
4.741425187900875915e-03
3.981880801999734994e-03
7.051772356443187020e-04
1.549310086704291239e-03
1.012085428449298200e-03
-1.122135104294902591e-03
2.595119684787375574e-03
4.634923994140290049e-04
-2.696635322197517975e-03
-5.869473101487928139e-04
-7.505521196876834521e-03
-7.825822476983761156e-03
-2.403367394368996664e-03
-6.118592224109497407e-03
-9.492965440154261039e-04
2.100381951043922123e-03
-1.497746774025074173e-03
1.046617282061241758e-02
1.019191213568275758e-02
-3.656209554295691594e-04
2.643376346496557807e-03
-1.524848542338856638e-03
-1.453262461677550877e-03
1.931417900239212979e-03
-4.214943767806491747e-04
5.531524432620617618e-03
6.217684595327073460e-03
6.588374449286185652e-03
1.054842316493665930e-02
8.818695190930677177e-03
1.123508102507017083e-02
1.262191448151809593e-02
8.370753979428685598e-03
9.921284335198480783e-03
9.326562662294443293e-03
8.232121195185427079e-03
1.119963316086065516e-02
1.032644406762097539e-02
1.048567668658444141e-02
1.172111547742161856e-02
1.043580012716884692e-02
1.094076319235090348e-02
1.100906227507416485e-02
9.669014909604010249e-03
1.044827161505279371e-02
1.023499019896719105e-02
1.075428905951785093e-02
1.135516393509400715e-02
1.147351657052977057e-02
1.214307444429880804e-02
1.238419038174721348e-02
1.282665118052021651e-02
1.318353938981271962e-02
1.346403183875431037e-02
1.386491554037812442e-02
1.372316033384998746e-02
1.402881961550555938e-02
1.315399570405407538e-02
1.374370046286483259e-02
1.390616482754879722e-02
1.398699014253765305e-02
1.586868503641481604e-02
1.547615380122915191e-02
1.626423821946956089e-02
1.685512301595627760e-02
1.582533130794919890e-02
1.608900121006862430e-02
1.530726151423655521e-02
1.500227566735977923e-02
1.474654397330234408e-02
1.443962027159593174e-02
1.389148184288255435e-02
1.365461862045117339e-02
1.334588840920964033e-02
1.186398718327866600e-02
1.250618770038251261e-02
1.045834209322849852e-02
7.724922322607814112e-03
6.773256684117493626e-03
-1.133507200858223894e-03
-2.805493212810906099e-03
-5.124126649426182650e-03
-8.465283000859472745e-03
-7.508447446176498216e-03
-8.162123738511122342e-03
-7.558443220025513193e-03
-7.049607789394085958e-03
-6.987486066199267640e-03
-6.376700566789925660e-03
-5.924860087001352846e-03
-5.521498323264186804e-03
-4.922025590286595656e-03
-4.102437592780293178e-03
-3.732024526293974565e-03
-2.600971055553836370e-03
-1.548389259749990889e-03
-1.260629240287023658e-03
1.243553611370269187e-03
1.239361069601379369e-03
2.772693064461843101e-03
3.428568754413425720e-03
3.866365725780655706e-03
4.052545907231112562e-03
4.291607117501148802e-03
4.582002711123874146e-03
4.846430277226626733e-03
4.889694840334146003e-03
5.619396426870421415e-03
5.580667236984992487e-03
5.644640618521610913e-03
5.486464641132643427e-03
5.379539027888413823e-03
5.369016424837283301e-03
5.223878040791250961e-03
5.344805176849801512e-03
5.168478937307588970e-03
5.183000122714882633e-03
5.610044144831568408e-03
5.675000646313349550e-03
5.825824129666836576e-03
5.964180255120358348e-03
6.002339382496331248e-03
6.084083484764824315e-03
6.125578402072935288e-03
6.152738314143531111e-03
6.185334982264711207e-03
6.199840186935165996e-03
6.213347181090968750e-03
6.222588746875333532e-03
6.228219660607482895e-03
6.227599182933957374e-03
6.227476166530155136e-03
6.225740878618232430e-03
6.206150403882155706e-03
6.208929290915094282e-03
6.181493304923313739e-03
6.139544629349345459e-03
6.161923351611281463e-03
6.034865181209340436e-03
6.024107441449989310e-03
6.026570623243760610e-03
5.640811994588473127e-03
5.924322164918048063e-03
5.474756033464225208e-03
4.767794689288661417e-03
5.115937536835296791e-03
