8.363179213007549198e-04
9.542888279820925784e-04
2.512806480828110207e-03
2.601704492214253553e-03
3.184432439552568883e-03
3.394102938308827307e-03
3.208327797626490431e-03
3.415622825879733194e-03
3.390081821841502054e-03
3.389962870986511483e-03
3.440919467466529644e-03
3.424619513212321439e-03
3.438950690147110981e-03
3.446602288102776010e-03
3.443913600346392660e-03
3.449989059973317639e-03
3.450271235527021911e-03
3.450715747999902067e-03
3.452219440476330618e-03
3.451771631903309805e-03
3.452029898427088923e-03
3.451776598059463214e-03
3.450710704032779186e-03
3.450402638360300367e-03
3.447985842599714593e-03
3.445666817600940950e-03
3.444103019463354981e-03
3.434814250875576399e-03
3.432724803686909403e-03
3.422336817039813624e-03
3.395448579709072975e-03
3.402845915077601195e-03
3.340881381717582862e-03
3.298155182377548057e-03
3.318129521110710529e-03
3.038991140150972426e-03
3.052363628559388777e-03
2.992048595204341299e-03
2.950758806304565156e-03
2.968948277389036553e-03
3.019347622157918416e-03
2.981114091776016026e-03
2.712042580650481701e-03
3.104059938131058672e-03
2.325812431343955364e-03
2.419941681755952145e-03
4.221262971749900096e-03
4.208165173335212325e-03
5.208265187209204852e-03
5.781073995495784185e-03
4.807497023307719455e-03
4.999810932098123009e-03
4.043484971654621313e-03
8.972132685671641711e-04
-1.923743117715241528e-03
-2.467513020556692804e-03
-6.865906186208140666e-03
-7.465667202320162843e-03
-5.528260009161217042e-03
-7.999159642676410831e-03
-7.988491684076722693e-03
-1.855549972150016911e-03
-4.925709448012565751e-03
-9.997836762090588081e-03
-1.225315614602714986e-02
-2.721306197970278437e-02
-3.254015742912753223e-02
-3.159655386334554034e-02
-3.655833004407268993e-02
-3.396014809598317530e-02
-3.289566574858695386e-02
-3.385788844667955710e-02
-2.955393058864974609e-02
-2.826056066095115893e-02
-2.669661172458028323e-02
-1.939946204956779705e-02
-1.872065931047327617e-02
-1.491821452030994873e-02
-1.101973125501932819e-02
-9.757576414814035995e-03
-6.824130122230002461e-03
-5.456621426974228584e-03
-3.282450517010149227e-03
-1.832500120542548960e-03
1.103047404640793269e-04
2.106178747559105113e-03
2.668562482224799345e-03
5.314476025156044184e-03
5.536510484941785208e-03
4.911595190753409099e-03
6.507004053776115765e-03
5.496209269736061775e-03
4.651059493877396367e-03
4.533128997353638029e-03
-1.357905370680323638e-03
-2.032494297274629533e-03
-2.599178125777076853e-03
-4.329014291938786466e-03
-2.632722014182999060e-03
-4.469154537172555924e-03
-4.997693380571452057e-03
-5.209763571370621890e-03
-7.017652726818337378e-03
-6.277789825665191364e-03
-4.891104591153026121e-03
-4.137469360583255484e-03
-3.521253248316829135e-03
-4.598493944028302950e-03
-3.283200862027088607e-03
-9.950002472095275958e-04
-5.711578924140648262e-04
1.625556629054955972e-04
3.987598322730262620e-04
1.398485230737505584e-03
2.564332402093800860e-03
2.468970835815592971e-03
3.974216680581343052e-03
4.962895403739481237e-03
5.551766885285788766e-03
7.711478546681332924e-03
8.551716176179479864e-03
7.428510872007462913e-03
6.581165392138164753e-03
4.813515726902100125e-03
3.670599850160795145e-03
3.959775625346947416e-03
4.962039470157350021e-04
1.149820060552219888e-03
2.172240971823617001e-03
-4.448560055298351459e-04
-4.380161000715586265e-04
-1.982765526432710745e-05
-1.169986955852874311e-03
-1.349798693839958288e-03
-2.499552790048980167e-03
-3.119787005773442222e-03
-3.199712615271504274e-03
-3.783040579542353878e-03
-4.022243781121402802e-03
-3.924989583170017740e-03
-4.377032183246515502e-03
-4.463876718162578319e-03
-4.270998929337700353e-03
-4.801790339005424652e-03
-4.405482152152298200e-03
-3.357169450419517347e-03
-2.681388353388533541e-03
-5.743630241373080814e-04
5.499644191380979218e-05
1.370856706763093954e-03
2.497287902192359826e-03
1.993417348132921294e-03
3.415998179682840606e-03
3.637685101266093478e-03
3.324483229296173233e-03
3.203960323562005368e-03
2.087036004624539046e-03
1.685897622499376268e-03
9.233353705400305792e-04
5.535245374961511112e-04
-1.191399174153035413e-03
-1.355790381414674747e-03
-1.275084111869791105e-03
-1.822649001430118364e-03
-1.704113067580934060e-03
-2.255879100135639928e-03
-2.172086124313176228e-03
-2.630970301931395521e-03
-3.902002725824924370e-03
-3.596530622298809831e-03
-5.171225145294401290e-03
-3.718313487177108117e-03
-3.063113959199440049e-03
-2.474930440579137594e-03
3.477031617060435953e-03
4.175419520829653369e-03
6.092438512860311878e-03
6.305520257180256480e-03
6.652957714872911876e-03
4.226014327969651596e-03
-2.824959752229505832e-03
-4.715145031006616992e-03
-4.976132168518663731e-03
-5.673824797848604946e-03
-4.212564525330306404e-03
-4.338353209063745136e-03
-1.726116753651442664e-03
-1.061432495225553881e-03
-3.663979729720695804e-04
7.725861070866442588e-04
8.707129454009216590e-04
3.062461432730577762e-03
2.539234699148376368e-03
3.804477361847344308e-03
3.061929161621479781e-03
1.522629127462389771e-03
1.640206038998408842e-03
-2.108333791599252235e-04
-2.560705736103085638e-04
-1.123634003711119739e-05
-7.020720942517826848e-04
-2.808076770272853592e-04
-3.757708061293843168e-04
-4.065773790132733287e-04
-1.500589964194518912e-04
7.904267630149301802e-06
1.580052847646549335e-04
5.741437181673574464e-04
1.214581307464611013e-03
1.671697130204878763e-03
1.441580305708377264e-03
1.612206584604471311e-03
1.795596534653050996e-03
1.458606606211260539e-03
1.066790485410889621e-03
1.938778893369074352e-04
-4.138077819404088840e-04
-1.234531125625622401e-03
-2.489170178920200455e-03
-2.688260296016089287e-03
-4.530965531930798533e-03
-4.373376589559406502e-03
-3.317452354807150054e-03
-3.790651447003526991e-03
-1.453804929937853666e-03
-5.355788074820120150e-04
5.274949749188199239e-04
2.597062861000630409e-03
4.233355811190995729e-03
5.617492027266388771e-03
4.831894260731483919e-03
-1.812875871039262886e-03
-2.792542289498122377e-03
-4.186014514890977131e-03
-5.534860624777551696e-03
-3.482551216451303458e-03
-4.236971001648438297e-03
-3.924842805803109569e-03
-1.552655091243980478e-04
-9.824296106242841504e-04
-6.722597380162880854e-04
1.977179274069958484e-04
-3.579034873456372369e-03
-3.736155781474711883e-03
-2.918136852911927710e-03
-3.901147884234448891e-03
-4.121560585530536190e-03
-5.544479902493459900e-03
-5.159170709080548867e-03
-5.408848251448761940e-03
-6.216787868347565388e-03
-6.017870508879641367e-03
-5.854638474265433032e-03
-4.669948710461087685e-03
-4.539845040541925537e-03
-4.618963239803181887e-03
-5.008803696402172947e-03
-5.247288139237785490e-03
-1.302630696085290687e-03
-4.638635370180689164e-04
-2.764922434517723838e-03
-2.992869804257960141e-03
-4.072213895727030616e-03
-3.786086029779010126e-03
-3.017187346596663863e-03
-4.666992477346013427e-03
-5.424535152996194133e-03
-3.948511700753346010e-03
-3.009984059814126145e-03
-4.213683128484703964e-03
-2.479732980710540671e-03
6.357867495660896181e-05
3.311606973520586877e-04
2.108886210413055389e-03
2.379696976179399622e-03
4.020847230293317538e-03
7.382942977323825144e-03
7.394289769973992621e-03
9.816774640345728165e-03
1.047329812033773178e-02
1.028259499462529786e-02
1.056602963284316438e-02
1.005691529801474443e-02
9.592648666428138862e-03
9.243132625540790431e-03
8.609573163273208027e-03
7.599723034307242012e-03
7.598246482411899830e-03
5.471611275931946052e-03
5.294817904373492166e-03
3.450740901531068432e-03
-8.281000293961157666e-04
-4.407362370376352589e-03
-6.749478217484988947e-03
-8.104784720757251051e-03
-1.010472978167523649e-02
-8.372815156858084279e-03
-1.140239332663896613e-02
-1.249740262110101731e-02
-1.431423008116062059e-02
-1.575850696820286362e-02
-1.441840961415646709e-02
-1.503973529032290313e-02
-1.467307598526716196e-02
-1.317902418564634304e-02
-1.301018348808628128e-02
-1.155490966873386899e-02
-8.667565939132614028e-03
-7.513056953132252538e-03
-6.630895166155601796e-03
-5.382579317472694150e-03
-1.527362860092282759e-03
-7.530494787739787886e-04
1.674506189614894346e-04
2.130240068788549768e-03
2.418830555016839197e-03
2.774066038431993644e-03
2.642163505174270795e-03
1.732409924201118705e-03
1.476643888505694939e-03
7.136274125282694551e-04
4.398581770262530882e-04
-1.299358651397665432e-03
-1.440219529604346883e-03
-1.333539636587004369e-03
-1.883560670214752238e-03
-1.756268191724734895e-03
-2.326386748682814261e-03
-2.240105777531436852e-03
-2.732790055845576126e-03
-4.058477680223314746e-03
-3.736402234479299037e-03
-5.494290577942023864e-03
-4.051827634250609531e-03
-3.454757367417551385e-03
-3.449777243163748043e-03
2.913816878662426300e-03
2.829440325833047082e-03
3.936140508841758090e-03
5.605738501513754871e-03
4.487037219057537878e-03
5.351183119325178886e-03
4.414646192406807869e-03
1.903927270241226452e-03
-1.045230206013377459e-05
-4.183531518930623614e-04
3.141165163936507397e-04
1.069199526550603310e-03
2.561894362746774349e-03
2.714866095240029212e-03
3.694635243793343085e-03
1.978919472656776556e-03
1.149592337747442055e-03
-1.226159048927976357e-03
-2.514134711157334310e-03
-3.569540284351037027e-03
-7.329005151670996490e-03
-9.947762579519089585e-03
-1.045696557775521035e-02
-1.402669890075941041e-02
-1.335617756442995796e-02
-1.181343359421783978e-02
-1.322027054880261718e-02
-8.944136604369747057e-03
-8.590720631767238824e-03
-9.956329817919017111e-03
-6.206317245189205134e-03
-7.992325686131248816e-03
-9.005560232786090011e-03
-9.499333188152811469e-03
-9.365526130380297590e-03
-6.391587761524418834e-03
-5.504752111745080112e-03
-5.883962880382535496e-03
-4.541464978226744664e-03
-5.732459296240624558e-03
-5.930389843579650030e-03
-4.186767200206571900e-03
-3.150290242859010714e-03
-1.412536860615642162e-03
-1.302281044588632667e-03
-9.397522075494358328e-04
-1.591889784994852085e-03
-4.193377773260612527e-03
-5.138916475580684526e-03
-5.258456254817409255e-03
-6.064970271491939430e-03
-6.094628744947832091e-03
-6.040071380387593107e-03
-6.276044237114637540e-03
-6.454888295088405739e-03
-5.646992071089177931e-03
-6.696604307130999550e-03
-5.953133874063851888e-03
-4.195442964663290836e-03
-8.328551294533605848e-03
-6.744469321490138662e-03
-2.527511885542248985e-03
-3.856336259613180051e-03
-5.237726220479266628e-04
3.433512704213399942e-03
6.035542369241359353e-03
5.573185700779980517e-03
-6.307813514997307608e-04
-2.110783819148236845e-03
-2.605608895588733091e-03
-3.480683384900716375e-03
-2.102256251621677750e-03
-1.612421082489964895e-03
-1.384449411424279897e-03
2.674407051613961108e-03
2.543982246366642552e-03
2.335103004149381625e-03
9.725415953559709550e-04
7.895818727252005122e-04
3.609407798748016970e-04
1.055127462313268691e-04
1.625174534390626268e-04
-6.588333535616550498e-05
-1.758396860696187947e-04
-7.191140460914647106e-04
-7.846294823533022777e-04
-5.937291314915354133e-04
-2.450664842051946042e-04
-2.104427092892672960e-04
-2.254674740413534814e-04
-2.152907143826390162e-04
-5.003839218411659795e-04
-3.891678285795965322e-04
-7.744793932480176007e-04
-5.541161306379544524e-04
-5.143720726227424831e-04
-3.819893870895703088e-04
4.831139711624905624e-05
-8.517299470942709457e-05
4.399553285859192820e-05
2.133746773079391468e-03
1.449294418692049569e-04
4.764890113339475316e-04
1.142294827459569692e-03
2.346017230728533222e-03
3.014051271882888395e-03
2.137303796702508772e-03
2.205066528012489518e-03
2.328138498045754373e-03
2.123509742178654458e-03
4.196084217306548722e-04
3.549928961453426577e-05
-1.505769395201666432e-03
-2.113888825039399177e-03
-3.396048964890395917e-03
-3.493223165057278336e-03
-7.498912154914318074e-04
2.063559350793633257e-03
2.991617124563165139e-03
2.479781469173189794e-03
3.587293682845797780e-03
2.593429656257827554e-03
2.718452738431087652e-03
2.659494257660880573e-03
-8.628885448044581888e-04
-1.111386303468491453e-03
-1.315179513574227070e-03
-2.233635492890830021e-03
-2.347714047109488496e-03
-2.179462184197852783e-03
-2.816775556381499127e-03
-2.751103870693097017e-03
-1.179583758255398464e-03
-1.007233950080305617e-03
-4.839753821158252422e-04
-7.913871633839577343e-05
2.429568304103052532e-05
2.996370021265452551e-04
3.795769260701063004e-04
5.733324828796168993e-04
7.457807898840605352e-04
7.763021180346210129e-04
1.371517908434577828e-03
1.279368500338129997e-03
1.540383851462174408e-03
1.234404486332362329e-03
1.181575402114680559e-03
1.480799090268617325e-03
1.483042098954391727e-03
1.564334577507259585e-03
1.633802819840729330e-03
1.639902061038826060e-03
1.675951038926484825e-03
1.689337620470989215e-03
1.696374712679270475e-03
1.707657206275043499e-03
1.710540912799233095e-03
1.714204822088317764e-03
1.716940199386914664e-03
1.717367091766188857e-03
1.718552296319144062e-03
1.718002860999219778e-03
1.716778242301930440e-03
1.716594771643856340e-03
1.711229992532646441e-03
1.709180249934341483e-03
1.704861624720022248e-03
1.686269500725465871e-03
1.690210033551710171e-03
1.657803409871087602e-03
1.617600443195918404e-03
1.642785386364203990e-03
1.474241197456017298e-03
1.478964357535350431e-03
1.448434567161434967e-03
8.005240341441373277e-04
8.772089579790290923e-04
