1.281662905543640152e-01
1.361139963765523042e-01
2.499337608549234424e-01
2.615666083846607259e-01
2.669878106257784767e-01
2.893006063278637519e-01
2.773105264547332527e-01
2.854808512474544258e-01
2.876176544194584128e-01
2.852217992302938376e-01
2.889621104825662590e-01
2.882231936014217899e-01
2.884414010641086490e-01
2.895742205906314259e-01
2.889546083479848648e-01
2.893551458850506797e-01
2.898936268956499029e-01
2.887203730978177285e-01
2.899524950050014205e-01
2.894417555107240969e-01
2.858552700742078012e-01
2.836013044226252666e-01
2.790570301513051188e-01
2.766096633328657406e-01
2.707714375940231677e-01
2.698888100777004362e-01
2.615722062666960279e-01
2.540219463418680879e-01
2.534419645313208957e-01
2.258379172586637007e-01
2.236720308578251104e-01
1.931339829857617318e-01
1.020107182428055259e-01
7.142545440762421149e-02
-4.855084273579299975e-02
-7.756322391968920038e-02
-1.337263353403225774e-01
-1.473666576560373476e-01
-1.521243679880854294e-01
-1.612743382372766321e-01
-1.627001749003320341e-01
-1.691911922594299678e-01
-1.773738291523050403e-01
-1.893276267644293520e-01
-1.987810202571679286e-01
-2.043937509455818202e-01
-2.244085932376332915e-01
-2.296382028912243578e-01
-2.451389437632994495e-01
-2.849544150236682505e-01
-2.919631881291666620e-01
-3.297120476639161524e-01
-3.387117093833231229e-01
-3.642605481925638711e-01
-4.099296039831920591e-01
-3.889009661853772837e-01
-4.202129509163080590e-01
-3.490312740040523720e-01
-3.727652102729285266e-01
-6.271657497903145861e-01
-6.692300046298870209e-01
-6.904138459529602923e-01
-7.449601624821619028e-01
-6.473585570312587745e-01
-6.355301384006928345e-01
-5.446872664131890973e-01
-4.397025761082962170e-01
-4.025560677878030624e-01
-3.047029518883329624e-01
-2.813998950377118446e-01
-2.600229378674221437e-01
-2.418424723482028027e-01
-2.340693257191848731e-01
-2.193219303311530755e-01
-2.095894216634676677e-01
-2.003577618072046040e-01
-1.883610545533958291e-01
-1.792381259711208208e-01
-1.705204582063864216e-01
-1.552324914592602134e-01
-1.492452491010443638e-01
-1.350231795941445601e-01
-1.237662098065167304e-01
-1.150819679798441991e-01
-1.108398375297398042e-01
-1.114584330833700149e-01
-1.075486609958138939e-01
-1.146860472405543535e-01
-1.259104873830053373e-01
-1.353551801024735213e-01
-1.578630034347213995e-01
-1.671687935895974919e-01
-1.804600737942981814e-01
-1.949482637053387979e-01
-1.542856739901057594e-01
-1.620341145709539576e-01
-1.432890032223228249e-01
-9.686089708171388701e-02
-1.000817237062477938e-01
-9.925561397067944602e-02
-8.881201201342607543e-02
-1.351213020556964184e-01
-1.554390577865484568e-01
-1.493090931538835209e-01
-1.822749208265958820e-01
-1.758282374887475130e-01
-2.508632328796701616e-01
-2.740733133500283802e-01
-3.470197479624195780e-01
-4.230138785670206070e-01
-4.552007498650391115e-01
-4.659791587994062123e-01
-4.568248612408852272e-01
-4.552424454525600961e-01
-4.503049781900801962e-01
-4.286437184684546153e-01
-3.980015562035239540e-01
-3.276817461472110171e-01
-2.305677936187691957e-01
-8.238409434513947749e-02
-1.081471100077978885e-02
1.666564495273774871e-01
2.440651538702556245e-01
2.155446439847985007e-01
2.698295683486123253e-01
2.187119735054124103e-01
8.894301905561602384e-02
-6.482916290347230659e-03
-4.740753103331586671e-02
-1.407293568332939337e-01
-1.086011851109931481e-01
-8.411595418619946529e-02
-4.318858264907789180e-02
4.305624409798222696e-02
1.069033307024937901e-01
7.582507676577851519e-02
1.492656295429257854e-03
-2.012381317186991495e-02
-2.482716810591455506e-02
-5.070660586846065243e-02
-4.942126278556207425e-02
-5.631637718357173500e-02
-6.115456179648702528e-02
-5.761810435773764144e-02
-6.371510735899794942e-02
-6.299011120779933470e-02
-6.283299824423876911e-02
-6.868382866034838941e-02
-6.895149518059162652e-02
-7.685872420425057805e-02
-8.639657950264127695e-02
-9.427602657207384551e-02
-1.103545036411979346e-01
-1.240207638521125671e-01
-1.464602696531712711e-01
-1.617192447956288803e-01
-1.913575718945156878e-01
-2.127153004065387154e-01
-2.063040401047282479e-01
-2.036507126435646298e-01
-2.015986552677244414e-01
-1.492775915532865705e-01
-1.424926320358096410e-01
-1.659587363059889797e-01
-1.373796762659960646e-01
-1.504935824138327882e-01
-1.488389545104794875e-01
-1.236444804080418236e-01
-1.239503847267104247e-01
-1.140830088650518909e-01
-9.906693397670583712e-02
-1.001811696384464490e-01
-9.001686631298824737e-02
-7.106497573195195983e-02
-8.371357093593283227e-02
-4.822079476741605863e-02
-3.404196581920922865e-02
-1.044462779855971357e-01
-4.836328768137664741e-02
-2.272330684337759560e-02
-1.731539482429830107e-02
1.354142143981678370e-01
1.418437539374457490e-01
1.906240018689335514e-01
2.264469623780626384e-01
2.191590137707935260e-01
2.721133569120045559e-01
1.839242114513599535e-01
1.598325682897848155e-01
6.277126015658557323e-02
-1.833894798336794807e-01
-2.068372087151885141e-01
-2.355856836164799128e-01
-2.482901969227573058e-01
-1.781090358985467359e-01
-1.703654536261231534e-01
-1.605696238907772244e-01
-1.416004031063673729e-01
-1.271067968964030015e-01
-1.044763174702656033e-01
-7.798020953890841267e-02
-6.382867196939999432e-02
-4.333475231856447757e-02
-2.936052154377127160e-02
-2.079125765074921195e-02
-4.115067602246118457e-03
5.399007583033476471e-03
1.705119726407194197e-02
3.256731256117643275e-02
4.030598877845462114e-02
5.019862739874914048e-02
5.758429043517785534e-02
6.357565317281053952e-02
6.919853885324062093e-02
7.279843507323376095e-02
7.779193925115154840e-02
7.759868157033536495e-02
8.116780409938953444e-02
7.963821240765539544e-02
7.408357379552121813e-02
7.205963186299778334e-02
5.492643470520719440e-02
5.609354211796521023e-02
4.788383863589587564e-02
3.990870327427704228e-02
5.760551558867422345e-02
5.586826534248771209e-02
1.870664224897862493e-01
2.030369143130928145e-01
2.432049933776922190e-01
2.587963278891740604e-01
2.807560854934583183e-01
2.252523419712787744e-01
2.319799305297898795e-01
2.108299008430630783e-01
5.192896344310365259e-02
2.300248396668634968e-02
-7.488557274500937111e-02
-1.370352766982551040e-01
-8.143137838173900023e-02
-1.187472644613352946e-01
-5.377965772414371876e-02
-2.408244190365600376e-02
-2.022242709472847275e-02
9.644447421474867943e-02
1.098363230930553547e-01
1.725113264061305107e-01
2.211694553865192203e-01
2.401404678445040186e-01
2.810509998794502029e-01
2.850087694231015489e-01
3.034817433249464846e-01
3.198808224627148200e-01
3.218804099043078848e-01
3.358991226413445830e-01
3.402390891316832700e-01
3.396832022332774703e-01
3.429654576724937010e-01
3.325302961938684243e-01
3.223624365135933090e-01
3.217523900593962649e-01
3.009770739919446769e-01
2.839715019884534453e-01
2.851224607000681366e-01
2.280440324168024613e-01
2.290066505891382997e-01
1.960012110658733708e-01
7.270928667486376007e-02
5.505944786128116192e-02
-4.100719914342208783e-02
-7.750589518756899332e-02
-7.122720229105701517e-02
-1.178018419447659504e-01
-1.306104130611255021e-01
-1.410510657183852434e-01
-1.938273202033352349e-01
-1.936632408531139271e-01
-1.714279606919655308e-01
-1.481917516747532637e-01
-1.301235269004946959e-01
-1.068575453736527181e-01
-1.021172045983870236e-01
-8.942484742171831480e-02
-8.472655871721003484e-02
-8.622506199564182461e-02
-8.367287086411384633e-02
-1.297381049233959083e-01
-1.597256427063977469e-01
-2.348750783635590589e-01
-2.683459407991588552e-01
-3.250212060269477843e-01
-3.513427668030756346e-01
-3.716425500868222320e-01
-4.408948680963750699e-01
-4.299782284650802144e-01
-4.269478157690322351e-01
-4.087702549392748241e-01
-3.943241292028230593e-01
-3.803884758679162426e-01
-3.738550506446221555e-01
-3.743379027610895804e-01
-3.737577530647676061e-01
-3.789167471270989407e-01
-3.858668833763435058e-01
-3.976369603760648852e-01
-4.115304425489693663e-01
-4.206238697698166384e-01
-4.343685409912637074e-01
-4.473044768917334157e-01
-4.544100247151871552e-01
-4.709310798136978615e-01
-4.791660105040579376e-01
-4.728848598266651715e-01
-4.835963454986561549e-01
-4.648600727433677138e-01
-4.492106241538791345e-01
-4.123355535907434755e-01
-3.254663774171994706e-01
-2.692964794312439625e-01
-8.385921342252797284e-02
8.927825640207882885e-02
1.400609892242071219e-01
1.972315485950952851e-01
2.037878908109927445e-01
1.474741029590982133e-01
1.001936485779605784e-01
-1.666174112173541000e-01
-2.729605639746758849e-01
-2.187982137658003312e-01
-2.849621090551236469e-01
-1.756099914455471200e-01
-2.315846402734455522e-01
-3.171397952946569121e-01
-3.171937343264956133e-01
-3.830260853563310364e-01
-3.900040944598758275e-01
-3.735041839272289499e-01
-3.831094016330766072e-01
-3.458615957132179508e-01
-3.048777616422361780e-01
-2.401373612311898109e-01
-2.100917043413296770e-01
-1.928358143971606875e-01
-1.789123157290724575e-01
-1.685606838737373214e-01
-1.655694148341773642e-01
-1.544216693824695119e-01
-1.549205036707506089e-01
-1.540634401206060766e-01
-1.467724548537977791e-01
-2.070801866968174643e-01
-2.349441979663719204e-01
-3.288473065717922306e-01
-3.970201282472894944e-01
-4.576306739559916625e-01
-5.244196079277473332e-01
-5.537446030980595069e-01
-5.862362371231507607e-01
-5.937533122095528526e-01
-5.741334605408661140e-01
-5.397534881570954512e-01
-5.391589316717992908e-01
-5.425503328809637704e-01
-5.471614055876875549e-01
-5.385520742415844664e-01
-5.458266626957786194e-01
-5.226889398647130980e-01
-4.730195480680596809e-01
-4.307552997574083387e-01
-3.651340773374922022e-01
-3.128859084181277450e-01
-2.534070010995737032e-01
-1.848267791564207063e-01
-2.165989046082621716e-01
-2.418281523511219000e-01
-2.719017568648782746e-01
-3.172438607182782588e-01
-3.380186312713641117e-01
-3.649854207636284986e-01
-3.926547621824786338e-01
-3.840197492643759869e-01
-4.136276907631132316e-01
-3.604032069705437880e-01
-3.165033109822142365e-01
-2.826840500050318838e-01
-2.159459408260119562e-01
-1.924578403743311961e-01
-1.448803011206259150e-01
-1.187407943422018330e-01
-1.058592521438121159e-01
-6.978667226156662351e-02
-6.774189862609646118e-02
-4.394896607525121401e-02
-2.713935136225360811e-02
-2.707344939526837649e-02
7.956766235747635922e-04
-6.609425778267540193e-03
1.060206180819732620e-03
3.961867874293094512e-03
-2.687693623725417522e-02
-2.173418764435351008e-02
-5.570754046494392347e-02
-8.068430601171398819e-02
-6.459558033598945814e-02
-9.545614731398384400e-02
-5.198452880926795333e-02
-2.912659627021746064e-02
-1.286474773385131755e-02
4.233374834263892161e-02
7.502709765869713943e-02
8.521530001310780034e-02
5.870944248976715796e-02
6.176760560747895229e-02
-3.841952603282323010e-03
-1.600314866691544824e-02
-2.864632310010271909e-02
-5.527016669641041796e-02
-6.216201209009536433e-02
-7.682767079620181350e-02
-9.008810220485671816e-02
-1.072610289981124343e-01
-1.150466761783640324e-01
-1.421298662792886691e-01
-1.665165410204775820e-01
-1.739599554100368650e-01
-2.495144315964730464e-01
-2.524349744595878464e-01
-2.687923732919789699e-01
-2.919937715035874626e-01
-2.845321384028626222e-01
-3.021413464662499604e-01
-2.891575308021231416e-01
-2.643113783005728856e-01
-2.691988581213646814e-01
-1.959684472950511680e-01
-5.176312965390126447e-02
-1.808192603197723500e-02
1.587416606002000630e-01
2.175855770543252132e-01
2.960481945909889667e-01
3.330784790726093458e-01
2.941606526389778375e-01
3.279424546007297936e-01
3.082221398288920722e-01
3.120164665754261990e-01
3.110487214905611197e-01
2.954637775136791933e-01
3.156736218620218026e-01
2.681447985991037286e-01
2.917388874957636546e-01
2.665235594031682420e-01
1.443466823575352831e-01
1.328142979768644205e-01
2.889607985711788174e-02
4.040752511056891483e-02
6.724372714368864745e-02
4.831851571070142071e-02
1.640046653000054033e-01
1.848929261577508532e-01
2.068875160657891177e-01
2.667771052074390248e-01
2.717218872081117453e-01
3.051279357250069046e-01
3.295481434561814971e-01
3.427039440915355395e-01
3.637711577480498559e-01
3.805082884220326034e-01
3.946753016089043498e-01
4.035660071151376815e-01
4.287323048604216313e-01
4.237402515120756163e-01
4.287428441752021979e-01
4.073531337344880043e-01
3.754772671735757128e-01
3.624956115757787534e-01
3.056626389267991240e-01
2.998852967972333028e-01
2.565306195106444864e-01
2.552365878370328467e-01
2.543319522965757362e-01
2.414808646342762599e-01
2.512599504765531400e-01
2.465278713779908148e-01
2.508713718300553119e-01
2.536778100808198544e-01
2.575612125015461218e-01
2.603923802998283632e-01
2.720083949280037161e-01
2.730063103226175736e-01
2.735915273506719925e-01
2.770247398068879097e-01
2.766415485702463095e-01
2.777708095412972367e-01
2.785356252595040938e-01
2.785202969160194275e-01
2.790763910979132123e-01
2.791912365798526197e-01
2.792954605301836701e-01
2.794528936752248560e-01
2.794840871974430541e-01
2.795127634775375070e-01
2.795057625849816652e-01
2.795538623540114731e-01
2.793703980352353899e-01
2.793978366378717659e-01
2.793435126390064749e-01
2.787491420570075151e-01
2.792201066087520722e-01
2.782455658115737251e-01
2.774751773557810330e-01
2.788196996541003614e-01
2.742561819695675807e-01
2.763397629401820321e-01
2.756701375955337152e-01
2.636650144225491932e-01
2.787062263545669882e-01
2.560935797342844822e-01
2.431594248160412475e-01
2.577145263457225610e-01
