2.276204784285611649e-04
6.846632177641339420e-05
-3.522282908866262909e-03
-3.821181485149945274e-03
-3.754414351450481753e-03
-4.196943974316371360e-03
-2.892153938635047029e-03
-3.084877546659454874e-03
-2.840644461605817180e-03
-2.529940507993812000e-03
-2.583100139411462909e-03
-2.419200046978092246e-03
-2.366545650908457622e-03
-2.350862310826195515e-03
-2.289978246715296002e-03
-2.280935057998434174e-03
-2.262687272356249304e-03
-2.245412125180677471e-03
-2.241633262589710213e-03
-2.233621591495764565e-03
-2.229660360036687591e-03
-2.228974438689476124e-03
-2.228964584534001876e-03
-2.228731165043311771e-03
-2.235408363093225985e-03
-2.240016424137780075e-03
-2.243732390243417460e-03
-2.269527895091731119e-03
-2.268823007829194431e-03
-2.298400479903474954e-03
-2.359164300174321563e-03
-2.325211277579996086e-03
-2.485557918581545248e-03
-2.531655002473192067e-03
-2.482398341236015382e-03
-3.116246130768365787e-03
-3.158166026725796501e-03
-3.612771263010142609e-03
-4.048774579703434337e-03
-4.109473946741901661e-03
-4.699070977546244976e-03
-5.450083744750409444e-03
-5.675220469313148157e-03
-7.577087820974132137e-03
-6.400612418336476539e-03
-9.055628050364212395e-03
-1.154819624448730556e-02
-1.342232478699245495e-02
-2.163534946371536635e-02
-2.122833600964983691e-02
-2.921990914164027120e-02
-3.121575608544532865e-02
-3.564573138478076275e-02
-5.773645426267035724e-02
-6.350210925711445575e-02
-8.201119395069890461e-02
-9.202024294878381749e-02
-1.065748431773100857e-01
-1.263932287153045064e-01
-1.309525757522204958e-01
-1.666783714429402319e-01
-1.738951021194032331e-01
-1.750920975244712463e-01
-1.954008016364298106e-01
-2.007715030097476094e-01
-2.334355048588258597e-01
-2.421708265886369227e-01
-2.548055314620299994e-01
-2.711762034423550460e-01
-2.710330192437139241e-01
-2.797933690687396391e-01
-2.783058174137053031e-01
-2.750857993857821482e-01
-2.700156729833280700e-01
-2.594040977010645399e-01
-2.495727872116978996e-01
-2.316268646945822685e-01
-2.210425526003734764e-01
-2.026172017962818983e-01
-1.920098467881997673e-01
-1.855548096101516387e-01
-1.736801359875779771e-01
-1.689560551495107310e-01
-1.627495486948872250e-01
-1.550755634181514298e-01
-1.513707408187560111e-01
-1.439168062821516991e-01
-1.257265960444137742e-01
-1.119362205483689504e-01
-9.328817349637041900e-02
-7.103402572005330928e-02
-5.720243427399867436e-02
-4.501816326730086193e-02
-3.208595406784307130e-02
-2.681332723213785199e-02
-2.264625353861587920e-02
-1.976336522261312040e-02
-1.845825029427781636e-02
-1.684083990557128790e-02
-1.590581968028546497e-02
-1.950710928646836456e-02
-1.983513244050860019e-02
-2.180876654864135483e-02
-2.222008756958875758e-02
-1.863167544743521420e-02
-2.016704036513519011e-02
-2.186993446384877943e-02
-2.325293452619848350e-02
-2.438917345983717191e-02
-2.946723405191319090e-02
-3.189299508721089166e-02
-3.795338092948264547e-02
-3.984081183147513555e-02
-3.551805177163471633e-02
-2.978512168488094136e-02
-3.166688080436434738e-02
-3.157256396727369657e-02
-3.381725628239325154e-02
-3.387592109798607393e-02
-3.337807717267152197e-02
-3.131764205651023369e-02
-3.645477221313372929e-02
-3.499359828611285639e-02
-3.042586786729707671e-02
-2.862476625177801104e-02
-1.541793739263480449e-02
-1.420703621779090091e-02
-9.820311580312691968e-03
-8.964020019801729328e-03
-1.164325721263958363e-02
-1.006207756971411703e-02
-1.225156671372384064e-02
-1.358564504611838725e-02
-1.354698000584259390e-02
-2.038443862143623359e-02
-2.229729449087382992e-02
-2.354341668682174982e-02
-3.087051587474296671e-02
-2.872263140209353749e-02
-3.267246388274942098e-02
-3.346883027774824604e-02
-2.827161021326855123e-02
-3.245840074388683938e-02
-2.792976778933431090e-02
-3.072197849728708352e-02
-3.793027475699070616e-02
-3.725830620497229406e-02
-4.417310501133947520e-02
-4.443075753436415143e-02
-4.248287408864065418e-02
-4.237939584711950675e-02
-4.073556710009828413e-02
-3.927576754686738780e-02
-3.875521761032826862e-02
-3.675420053274782578e-02
-3.590917300009330293e-02
-3.482381251833582131e-02
-3.281621429299304282e-02
-3.235046681450064188e-02
-3.040530857217563915e-02
-2.879676759523105978e-02
-2.831910498380901808e-02
-2.548881561606190088e-02
-2.539202612308601170e-02
-2.483932178930398776e-02
-2.439835748318343669e-02
-2.774188654222945610e-02
-2.723585930870332794e-02
-2.933490602812420175e-02
-3.066823556539548939e-02
-3.057845341960363506e-02
-3.286850197731647216e-02
-3.247473647730972357e-02
-3.402722938700399047e-02
-3.573464321943042171e-02
-3.688265030905418795e-02
-3.770347374832684617e-02
-3.966553512855790220e-02
-3.963334468897464213e-02
-4.073871844837813339e-02
-3.847787304724876317e-02
-3.999964931451691769e-02
-3.988745249400310611e-02
-2.915047311330248511e-02
-2.578404118261050024e-02
-2.113369080912838593e-02
-1.580364687813132912e-02
-1.355271166823074878e-02
-9.793715212640809187e-03
-5.718996352326496599e-03
8.719107975339314767e-03
1.125642746515053555e-02
3.379328927254208331e-02
3.246978586469538575e-02
4.123499942949383767e-02
4.896246848797340678e-02
4.902209941759348016e-02
5.415575275590518711e-02
5.525122924323418172e-02
5.503274852857142907e-02
5.393081627628311392e-02
5.502222957459919350e-02
4.373870133733168131e-02
4.173286622799417256e-02
4.544259461089693308e-02
4.000224431755719512e-02
3.814745412678761938e-02
3.723214162083832157e-02
3.175720979556251322e-02
2.766701033770792642e-02
2.614122857906717515e-02
1.523990320983053398e-02
1.492661269220548793e-02
1.244486594110759750e-02
9.100859191401623055e-03
9.087847967937646293e-03
6.746272100855653896e-03
6.379145758275157202e-03
5.430242767632942509e-03
3.775271534766017675e-03
5.171759176206366937e-03
1.243126740656036715e-03
1.350794275985477307e-03
-4.241300675039361145e-03
-1.651323322884293288e-02
-2.306656472743919689e-02
-3.173520521139178846e-02
-3.941567309671476643e-02
-4.487593677272722070e-02
-5.276735557828613615e-02
-5.858561695821834503e-02
-6.436480205255591669e-02
-7.495716315345893332e-02
-8.588542994059662761e-02
-9.033891250392611649e-02
-9.706704315001074557e-02
-9.932769536760129025e-02
-9.927023573591128858e-02
-1.019843516383197313e-01
-9.972022943966130093e-02
-9.846831773517497610e-02
-1.001084295094188392e-01
-9.474377287599722308e-02
-8.834176401685381319e-02
-7.719842219711184339e-02
-7.389737234758993190e-02
-7.197041268310422346e-02
-5.397232411398128482e-02
-5.276852360749442750e-02
-5.902469379850788789e-02
-5.228078170779523748e-02
-5.232956147284083259e-02
-5.150166571945611477e-02
-4.876072703545392822e-02
-4.850469041154290006e-02
-4.286673419570739829e-02
-4.033209895132081058e-02
-3.618654292862706623e-02
-3.232636125416860767e-02
-2.797721878049055921e-02
-2.504647849800534232e-02
-2.364194235765868998e-02
-2.128731988357034782e-02
-2.021713295806305821e-02
-1.905243754840846293e-02
-1.796459174636853492e-02
-1.692328938183291359e-02
-1.574017015682939447e-02
-1.505124046136559375e-02
-1.331065540614206379e-02
-1.301185618507463664e-02
-1.144017630593464896e-02
-9.895933541269207392e-03
-1.017718648161756133e-02
-7.126390070952651548e-03
-8.038659539775956653e-03
-8.385110234004356997e-03
-8.532185393613039154e-03
-1.518234905709160351e-02
-1.590684957204823932e-02
-2.073096569416092716e-02
-2.714670245865397069e-02
-2.934278037017213486e-02
-3.503490711522116302e-02
-3.717041990330267887e-02
-3.905394101869685830e-02
-3.968923350591931076e-02
-3.006568616272926181e-02
-2.989499946917337572e-02
-1.696625950114141745e-02
-1.111882557409435597e-02
-1.138592551631537921e-02
-8.638099726683478793e-03
-9.197407964669151309e-03
-9.727533727901331237e-03
-1.013057034596947029e-02
-1.066071186399657721e-02
-1.399631723131494060e-02
-1.392581461799394064e-02
-1.282620316946400316e-02
-1.126196576021436940e-02
-1.179736217986585359e-02
-1.256685747487114140e-02
-1.234159701538317493e-02
-1.069630420555957480e-02
-2.556321323898572747e-03
-1.175872504678345806e-04
3.576222010806802930e-03
8.677068403084504597e-03
1.262567942662346301e-02
1.537602127791122021e-02
2.288587347846504291e-02
2.331917754301982004e-02
2.492599421937257559e-02
2.154688316688509533e-02
1.997185838687905168e-02
1.333375343699249975e-02
3.098065541501414453e-04
-9.124987876611485860e-03
-1.533129049913991779e-02
-1.381911068183469538e-02
-2.122989028223747424e-02
-2.388394834676754730e-02
-2.822622147465891213e-02
-3.915612054124077701e-02
-4.052865389574494825e-02
-5.623331690042138176e-02
-6.602403764299825950e-02
-7.016334433121494685e-02
-9.270024760574677170e-02
-9.627533711050681453e-02
-1.144942702703651977e-01
-1.518836035581741517e-01
-1.571157050342661954e-01
-1.995698264911599240e-01
-2.049849510141182329e-01
-1.982630625185431150e-01
-2.099667074025262647e-01
-1.959451633663754078e-01
-1.941204535762379169e-01
-1.897792535266905056e-01
-1.717071114847105451e-01
-1.691451632250795534e-01
-1.491546796179527845e-01
-1.314162622587026208e-01
-1.182490162939280193e-01
-8.649609501712260395e-02
-8.368611682345267200e-02
-5.829099449150398210e-02
-5.312828179392546646e-02
-5.485916066196924734e-02
-4.099964107756480514e-02
-4.200469508694686105e-02
-4.039565555109940476e-02
-3.454724239472781178e-02
-3.774897147603162306e-02
-3.223209725541472531e-02
-2.897311721497188367e-02
-2.284906480489936470e-02
-2.289508019571800251e-02
-1.840614426591077185e-02
-1.749498050835310986e-02
-1.825075095267929964e-02
-1.626502642733380216e-02
-1.862610563734329316e-02
-1.985986079061485138e-02
-1.987060333591315203e-02
-2.286685455019955154e-02
-2.960647717572383389e-02
-3.233772431905830580e-02
-3.856988450799687940e-02
-4.520759870838526873e-02
-4.779599185813357409e-02
-5.052701613873120112e-02
-5.505717005248639967e-02
-5.453474381317041653e-02
-5.807203621832556645e-02
-5.785892183440380365e-02
-4.968970775963990616e-02
-4.725492780236855567e-02
-3.447283882219249335e-02
-3.357011342105916535e-02
-3.561069532946086608e-02
-3.194180243995868584e-02
-3.235441596973738509e-02
-3.193163571552222468e-02
-3.184652308567125639e-02
-3.040790519758929111e-02
-2.762985152991125071e-02
-2.162351204434184715e-02
-2.138716529581551756e-02
-2.164977565112643706e-02
-2.331802472496491072e-02
-2.290741043216394657e-02
-2.531111083181280391e-02
-3.498494625977115191e-02
-3.361383915899934099e-02
-4.441808165559996135e-02
-4.453647318442471859e-02
-3.616497890877493765e-02
-4.032950052759701198e-02
-3.979380867414104156e-02
-4.500861598362024957e-02
-4.569844772334492877e-02
-4.412317397357246734e-02
-4.927415032822383273e-02
-4.957411433729418115e-02
-4.939397823823912098e-02
-4.637567991003536255e-02
-3.339166721940390464e-02
-3.011739048137439950e-02
-1.313930109744720909e-02
-7.423597593883408258e-03
-1.083282549386758650e-02
-1.055824075960871619e-02
-1.350146873226825382e-02
-1.329309541299716381e-02
-1.031388217697525554e-02
-1.013005817185880404e-02
-3.811180802868038928e-03
7.502391339796806759e-03
1.500097481088808436e-02
1.724115454168554523e-02
2.438581045692232024e-02
2.369709712117222880e-02
2.751953562503745357e-02
2.518228986489720600e-02
2.390394660449887340e-02
2.314600776862050374e-02
2.009134325439768456e-02
1.925285183439067599e-02
1.740151984486129622e-02
1.518429376851082070e-02
1.425755797291358706e-02
1.207851503279427398e-02
1.033746446107960439e-02
9.289506989062572620e-03
7.163220613768241617e-03
6.753828827758788511e-03
6.648341452957852102e-03
6.228900771113241724e-03
7.004377422363859164e-03
7.407332994546838092e-03
8.531040614943362008e-03
1.001654965418007429e-02
1.214720882898650926e-02
1.510485858308259141e-02
1.839004508542795013e-02
2.311743806968067846e-02
2.683971929215528754e-02
3.326538074245767584e-02
3.875806157027106291e-02
4.435636063937683365e-02
5.330879910092015811e-02
6.173172348705850687e-02
7.470043918151943185e-02
8.277212381290825760e-02
9.265494847350332075e-02
1.023697546577543860e-01
1.094977896744919049e-01
1.194768929262174234e-01
1.254876579352841581e-01
1.333907197947008516e-01
1.396306093811476023e-01
1.422765252945660808e-01
1.465320660305716172e-01
1.426257115326244052e-01
1.413514799297808933e-01
1.393550491365450894e-01
1.317088769921732072e-01
1.286492056056688649e-01
1.217573305159500435e-01
1.115962629285107699e-01
1.069811185732408160e-01
9.370134993346386498e-02
8.213795838309673192e-02
7.201007226694075558e-02
5.115042312458978335e-02
4.324941355196171289e-02
2.943455891330087892e-02
1.697471787985107769e-02
1.436168223331835483e-02
1.014706462306083808e-02
-1.139391127317566227e-03
-4.496823334860146500e-04
-3.495955480288613811e-03
-7.854121770895229962e-03
-2.132736257950903786e-03
-3.032048766154855565e-03
1.257068465821560913e-02
3.133248342700960254e-02
3.929028611630784595e-02
4.961421222001221459e-02
5.370767075629918202e-02
6.046526664524590200e-02
6.457486797308056858e-02
5.435505144121622473e-02
5.424606513534209473e-02
4.708468980273430166e-02
4.260404767476788646e-02
3.807144128295145841e-02
3.332249484588240690e-02
2.790746829930464828e-02
2.029144684497186449e-02
1.795981702556051843e-02
4.644878469744072487e-03
3.639706759715312292e-03
2.489410470364961450e-03
-1.374681665040178953e-03
-8.154737577914923609e-04
-2.532995167476315927e-03
-2.082203830436770917e-03
-2.216435670158237604e-03
-2.623387156476926496e-03
1.916686867427313049e-03
2.023969936620869867e-03
2.693081913451092924e-03
3.930877998022409663e-03
3.712409984896953771e-03
4.384000200286579732e-03
4.148177490611973210e-03
4.199875592794928211e-03
4.381402131366907322e-03
2.627092528224393188e-03
2.581826837471319896e-03
2.176478668670433179e-03
1.699634844764435701e-03
1.674480632336929455e-03
1.435493609510579303e-03
1.328105423793149876e-03
1.281050548058006470e-03
1.189784093833103767e-03
1.162418274654043130e-03
1.130475989167819845e-03
1.101802793486371260e-03
1.091036406775450218e-03
1.076484789065327999e-03
1.068009305817523838e-03
1.063298556820604229e-03
1.058513511435223240e-03
1.056141503813249173e-03
1.056141438832770276e-03
1.055565499364088120e-03
1.056722459472820858e-03
1.062971610276191355e-03
1.062453733646049388e-03
1.073885651434553770e-03
1.087712865688059225e-03
1.083850745010780416e-03
1.134186794233453879e-03
1.137029662648275131e-03
1.153993959131796414e-03
1.306403691418699239e-03
1.202538014811611097e-03
1.436883635398573510e-03
1.679402077954679582e-03
1.297852559513512291e-03
2.599697377021609451e-03
2.775122699382460024e-03
