-1.404173301575043680e-03
-1.649567481821935218e-03
-6.789190690886558535e-03
-6.921621804498727382e-03
-7.853779135711579096e-03
-8.726440070884439182e-03
-7.902812187502916350e-03
-8.402222421717432665e-03
-8.356435168047317980e-03
-8.251849542082436567e-03
-8.395476165860211656e-03
-8.334210319835302222e-03
-8.348814821266890840e-03
-8.371476884605912050e-03
-8.354112075216819228e-03
-8.366196849869186533e-03
-8.366332625741879081e-03
-8.364277085012916668e-03
-8.367902301802497902e-03
-8.366912861696475245e-03
-8.367157646721828934e-03
-8.367904797732264588e-03
-8.367694602563455902e-03
-8.367194446380918013e-03
-8.368268650791918506e-03
-8.367222132664720036e-03
-8.365778734404978600e-03
-8.370132361880109825e-03
-8.361755593320530089e-03
-8.365841491481677134e-03
-8.373086331547119690e-03
-8.338821117034230998e-03
-8.386857946575943662e-03
-8.352105730241147358e-03
-8.290868270602904516e-03
-8.545123882535967871e-03
-8.644390331168316788e-03
-8.890693412755923050e-03
-9.279279779741397838e-03
-9.421692670508265838e-03
-9.626795847285953694e-03
-1.095747546699059327e-02
-1.080340648091562133e-02
-1.203910904568089926e-02
-1.091397931663838292e-02
-1.208327374160422622e-02
-1.366714127760286154e-02
-1.428386603108462716e-02
-1.958964509952199756e-02
-1.854947222982302954e-02
-2.194438652322351288e-02
-2.076388950329965608e-02
-2.185240239898254139e-02
-3.236734102620739129e-02
-3.428981316067464258e-02
-4.016268219302128462e-02
-4.307362969351712784e-02
-4.777668440637684866e-02
-5.280640527922222244e-02
-5.347847288158335405e-02
-6.770757436895577519e-02
-6.545525458265745444e-02
-6.052317989570896867e-02
-5.620530979115366532e-02
-5.693415495488991090e-02
-5.846378209688902344e-02
-6.031547861297758412e-02
-6.120850760539717217e-02
-6.213631090711833893e-02
-6.286268021599517031e-02
-6.243835043346819547e-02
-6.222874643075326784e-02
-6.154087828303505397e-02
-5.945015393943417492e-02
-5.839668906753638089e-02
-5.561606026852913831e-02
-5.241446887553377620e-02
-5.070772226215121414e-02
-4.616097695696479847e-02
-4.530657995356996565e-02
-4.430604832039389263e-02
-4.270706858516870597e-02
-4.315433942116646271e-02
-4.176889597503578855e-02
-4.276984980272795223e-02
-4.248245046243116774e-02
-4.350913845470646968e-02
-3.725223024584874143e-02
-3.082315505439630482e-02
-2.575398404659006921e-02
-1.606703502135193098e-02
-1.289469847492721345e-02
-1.276883595642750585e-02
-1.042449673966529961e-02
-1.073708149765540375e-02
-1.496863895617635276e-02
-1.425038388235614836e-02
-1.500128228497227441e-02
-1.560741558613614258e-02
-1.528461061589466742e-02
-1.920260863729267298e-02
-2.017186172858352611e-02
-2.207282697064486682e-02
-2.245718261564354223e-02
-1.926290188081794183e-02
-2.030904076604471073e-02
-2.155138876692613142e-02
-2.245295339740602941e-02
-2.302268519116898796e-02
-2.706947591766575845e-02
-2.892256394106895029e-02
-3.404100209469156785e-02
-3.506442543855829708e-02
-3.060127478269488582e-02
-2.499882932977820146e-02
-2.620068635911698002e-02
-2.596904323078901011e-02
-2.821897090047496837e-02
-2.814996957651084292e-02
-2.770865788296820315e-02
-2.648076464970063049e-02
-3.134977216140592132e-02
-3.088109982861629230e-02
-2.777240036886415020e-02
-2.644396614221672728e-02
-1.685678871354833255e-02
-1.591027470560548926e-02
-1.197205453179330664e-02
-1.171904703271742579e-02
-1.387301341216907319e-02
-1.267197491733259088e-02
-1.447394194363566845e-02
-1.537137914287483101e-02
-1.536895287141381086e-02
-2.115747346409849530e-02
-2.265738123078176597e-02
-2.350928830236108380e-02
-2.923824464402862908e-02
-2.732317260897766664e-02
-2.998669720562973512e-02
-3.011088678049427675e-02
-2.497917826238161415e-02
-2.718263923222968143e-02
-2.265481545247045175e-02
-2.441896443125407198e-02
-2.976583550902413972e-02
-2.955590914057355106e-02
-3.501442270499148524e-02
-3.518387627638190629e-02
-3.368390680590569591e-02
-3.331077190981483055e-02
-3.213438971034561498e-02
-3.100650116981792243e-02
-3.059633930124928958e-02
-2.929861502295574155e-02
-2.869691422103400058e-02
-2.804910237582022847e-02
-2.670581753123736635e-02
-2.642187357117249669e-02
-2.510674907537020079e-02
-2.390159498435968227e-02
-2.357627214151108638e-02
-2.134131146496726084e-02
-2.120109120440258343e-02
-2.081698592604831755e-02
-2.058736742515738030e-02
-2.336066321806613832e-02
-2.300209849194888995e-02
-2.458402249565878189e-02
-2.536175098764440958e-02
-2.523021967537650290e-02
-2.657720966729717332e-02
-2.592734522724615340e-02
-2.704920559901283564e-02
-2.776827012128759570e-02
-2.888757574483267337e-02
-2.911487033915737682e-02
-3.079696806027037645e-02
-3.131540393050243065e-02
-3.222133215245072402e-02
-3.111680864453607309e-02
-3.389886242174622311e-02
-3.470049743659091995e-02
-2.857532238897619176e-02
-2.701335902982702694e-02
-2.537726289721110862e-02
-2.294411414516196041e-02
-2.388722829238651771e-02
-2.347729719031707921e-02
-2.428758677204349847e-02
-1.697185589135594835e-02
-1.640038145421900823e-02
-6.457876877346993214e-03
-9.776028396798473394e-03
-6.719621313535579718e-03
-4.583783408483566545e-03
-5.604217208693865887e-03
-3.207306126217175212e-03
-3.177953234138273728e-03
-2.786074155528695754e-03
-7.135571989042534995e-04
8.636439494205730687e-04
-3.681515039431128723e-03
-3.890220118377614791e-03
3.375711018355234856e-03
1.495816404289261863e-03
1.836575421868816803e-03
3.286539422312963026e-03
1.206163269014527131e-03
3.754330119596512548e-04
3.007129707442860247e-04
-4.513676161230826753e-03
-4.130971182241746642e-03
-4.608141456101388922e-03
-5.684708600206010015e-03
-5.268988467382957480e-03
-5.830260787187528139e-03
-5.467000203037662709e-03
-5.416271860460394189e-03
-5.524499420567655777e-03
-3.745321234211936544e-03
-5.121383619103285316e-03
-3.549367125219531679e-03
-6.622901253299270929e-03
-1.377652088118217800e-02
-1.730849389222760548e-02
-2.295999048823683247e-02
-2.647572085814560439e-02
-2.970146713926807500e-02
-3.367475327952655639e-02
-3.497162421628195739e-02
-3.683964064219644868e-02
-4.041344011820822979e-02
-4.469928965661973397e-02
-4.520597993225226874e-02
-4.643301150015964607e-02
-4.717158986064807352e-02
-4.554008539581067688e-02
-4.651245185169477353e-02
-4.568007892760411054e-02
-4.450032430748734891e-02
-4.910450504750168976e-02
-4.657935359867781955e-02
-4.631770333958563912e-02
-4.024503144872128291e-02
-4.314988819018379662e-02
-4.345835088926097017e-02
-3.050019685962974958e-02
-3.161773692746573661e-02
-3.702037209009104851e-02
-3.397310609184467367e-02
-3.426913726243892983e-02
-3.512373600654085382e-02
-3.472128132916145471e-02
-3.533378252655820784e-02
-3.236463697936003969e-02
-3.129937344323666104e-02
-2.946623337495678577e-02
-2.744219647869259454e-02
-2.446459653009806431e-02
-2.291436842752324343e-02
-2.248758650438502024e-02
-2.120357654346645762e-02
-2.098485683531274570e-02
-2.069687125587442098e-02
-2.024899731808921938e-02
-1.984625677603137073e-02
-1.916037416757067346e-02
-1.885149851203198751e-02
-1.769255580916398451e-02
-1.752546871481656249e-02
-1.641257383013195598e-02
-1.512149702429772813e-02
-1.529357089066295944e-02
-1.271446547366518812e-02
-1.315667489787615899e-02
-1.343574287620730168e-02
-1.342820922408421644e-02
-1.874147406317950432e-02
-1.933593287821864029e-02
-2.286547209845144618e-02
-2.799436791090553073e-02
-2.966696582878590102e-02
-3.349843168733168675e-02
-3.544019429818411754e-02
-3.668878002384851067e-02
-3.666191952784361024e-02
-2.952749911301546376e-02
-2.895371882223864157e-02
-1.839582012280728540e-02
-1.393093604548677547e-02
-1.436074602587746746e-02
-1.253526684749270426e-02
-1.328131742905864186e-02
-1.374986995429293424e-02
-1.499797175927715040e-02
-1.520001811328697619e-02
-1.852293602975170483e-02
-1.878410556394283920e-02
-1.666089785170308743e-02
-1.553131110032127636e-02
-1.593013608565291978e-02
-1.656464036336025361e-02
-1.726161276443577072e-02
-1.595284732808174497e-02
-1.100240174559705478e-02
-9.661295399274086315e-03
-9.545254912828820756e-03
-7.594328236354251291e-03
-6.955409876432241088e-03
-6.064105218215469321e-03
-2.979722746383137340e-03
-2.776531798178263986e-03
-1.541619714817912476e-03
-3.470786716845686553e-03
-2.194227381634251527e-03
-4.551976432405518622e-03
-1.276280254524802225e-02
-1.667924848383517400e-02
-1.808447947899501085e-02
-1.441637412324609305e-02
-1.594864301959389441e-02
-1.591880658165842344e-02
-1.671247245912533402e-02
-2.020698041377608917e-02
-1.969546790868650574e-02
-2.764407743549250271e-02
-3.001716335111651035e-02
-3.151807345988709430e-02
-4.056223079768265377e-02
-3.761826766600898098e-02
-4.564980198445132975e-02
-6.137150875891262541e-02
-6.445647065582435498e-02
-8.607008957206289945e-02
-8.703931345661525265e-02
-8.138731280593064499e-02
-8.370648696004323597e-02
-7.693645862671567859e-02
-7.462221196946773605e-02
-7.139631747273537943e-02
-6.497978985580947497e-02
-6.269696474778659046e-02
-5.539538659832585199e-02
-5.238699983506294594e-02
-4.638505378625566722e-02
-3.752976051184678946e-02
-4.028323473362196983e-02
-2.721449204296887137e-02
-2.812019695000207709e-02
-3.055984268165774440e-02
-2.427317299994763422e-02
-2.586602680459418671e-02
-2.622556401030996798e-02
-2.394310587141349617e-02
-2.683202285063347389e-02
-2.493023870595851080e-02
-2.236811208804589252e-02
-1.858310476835748140e-02
-2.008754643674403456e-02
-1.601696432570648421e-02
-1.588825270287512817e-02
-1.677591516374356967e-02
-1.479433540296342005e-02
-1.724165772136763974e-02
-1.784257123557940472e-02
-1.713945757448291293e-02
-1.932643475859396193e-02
-2.399647577235392709e-02
-2.551317589966150406e-02
-2.945413310498886869e-02
-3.364617852312887930e-02
-3.473391146903995197e-02
-3.603523970889523781e-02
-3.881211166410133973e-02
-3.852517999314424707e-02
-4.107052648790304045e-02
-4.138718468438583320e-02
-3.491206770155741435e-02
-3.253908516322258360e-02
-2.421224789358649918e-02
-2.398071211775338815e-02
-2.687903129260890700e-02
-2.546325353298689934e-02
-2.596084726507636581e-02
-2.664366068960802303e-02
-2.749975651706977262e-02
-2.678802155054001849e-02
-2.484617418059050994e-02
-2.014085044393367635e-02
-1.986778798379355837e-02
-2.042942993150048334e-02
-2.141504736259091518e-02
-2.081596752456767521e-02
-2.251426739623790113e-02
-2.971221381526598093e-02
-2.887220149961847171e-02
-3.647407850550053732e-02
-3.557597891762695475e-02
-2.727127813325301575e-02
-2.841756380159176504e-02
-2.839511848281911846e-02
-3.205261730661809749e-02
-3.202304944753197463e-02
-3.139264852694100688e-02
-3.515338345615190430e-02
-3.678860506517132173e-02
-3.746606338140137660e-02
-3.567630696142401470e-02
-2.834652886519251763e-02
-2.591712960417122055e-02
-1.384531202141611218e-02
-1.028151529432333455e-02
-1.388004859182187523e-02
-1.608079490272265599e-02
-1.920869954006869731e-02
-1.991999330565202841e-02
-1.908766109075261258e-02
-2.006225732421121344e-02
-1.616443385206023028e-02
-7.747654179395237900e-03
-3.404962225817172346e-03
-2.995634452187792042e-03
-1.802349593295899923e-05
-1.467715898307414644e-03
4.484043376828405775e-04
-2.677118265375099965e-03
-3.761012785002759620e-03
-5.296829229578272485e-03
-7.801725400628702761e-03
-8.597253821970470000e-03
-1.040025281419668102e-02
-1.203312392083477622e-02
-1.303974129683508482e-02
-1.496257304929359336e-02
-1.661834258248033255e-02
-1.798780628042933455e-02
-2.036185083709825261e-02
-2.145058611161875309e-02
-2.215189551559802739e-02
-2.348783472843682038e-02
-2.403319125165800929e-02
-2.502019752094678667e-02
-2.597663369610628964e-02
-2.700311451195777299e-02
-2.807445788366579043e-02
-3.005234217032341087e-02
-3.073059717347318906e-02
-3.254757628688022958e-02
-3.364894467046933291e-02
-3.450587258222462261e-02
-3.673356735327137912e-02
-3.701659542896881816e-02
-3.937958058807915912e-02
-3.680332415121623235e-02
-3.123179590371758310e-02
-2.869396866272983654e-02
-2.301305081956641491e-02
-1.930346290046983451e-02
-1.558343739978879962e-02
-1.010460453193286895e-02
-8.115571779645853329e-03
-2.623150039760602670e-03
-2.020053135496206222e-04
6.904687979879473849e-04
2.822325821742392108e-03
-1.949359573715453518e-03
-2.158299684440309358e-03
-3.975570423693797380e-03
-7.938099094567357961e-03
-8.158228146968629982e-03
-1.117795279425191912e-02
-1.435828913070485296e-02
-1.489709459705912918e-02
-1.949037907811130427e-02
-2.261094905046226455e-02
-2.493503746770761934e-02
-2.961463857472419400e-02
-2.873324948589910457e-02
-2.940385271067425324e-02
-3.018474157410170125e-02
-1.835438368513865257e-02
-1.862051456203742475e-02
-1.897757975377622336e-02
-1.838133851144501882e-02
-2.026836986286685224e-02
-2.207648668594208372e-02
-2.487187210301651519e-02
-2.603201691084702785e-02
-1.716723294483132878e-02
-9.545502126148986202e-03
-2.310939877263942181e-03
-9.446745301645673328e-05
3.162030119719915107e-03
1.037590195786930632e-02
1.098760895264346005e-02
1.148031515595161409e-02
1.060803406654957370e-02
7.217298583458371490e-03
6.945537862482374473e-03
4.409427558288591190e-03
3.109944316727022984e-03
1.008534750242402224e-03
-2.736918669845060572e-03
-3.416701518767800271e-03
-1.064619759503776693e-02
-1.073321173398641623e-02
-1.025083830067757308e-02
-1.196820320223446893e-02
-1.122845003415066066e-02
-1.179791139402541940e-02
-1.098214438762456363e-02
-1.091942129691939739e-02
-1.091227962556143988e-02
-6.537997034486578776e-03
-6.293836152551602128e-03
-5.640354605389593691e-03
-4.558778281671319391e-03
-4.626223702128386302e-03
-4.094227370403114193e-03
-4.180455793906683905e-03
-3.989520899872295474e-03
-3.865287003048596334e-03
-5.001768643855905409e-03
-5.061214160510502102e-03
-5.294197642184631479e-03
-5.574213564221260596e-03
-5.589490207029111646e-03
-5.711152913097252044e-03
-5.767477025661270004e-03
-5.787786219066195365e-03
-5.829240204902998504e-03
-5.841158841611775003e-03
-5.853488466787806765e-03
-5.864978136550803509e-03
-5.868676942521276925e-03
-5.873752120619804389e-03
-5.876622229848332823e-03
-5.877908725866326511e-03
-5.879504984466379751e-03
-5.879827908045752102e-03
-5.879627729922341436e-03
-5.879933188334661616e-03
-5.877913216179460852e-03
-5.876670895301889554e-03
-5.875614447710162704e-03
-5.867197282955364211e-03
-5.867853823726985191e-03
-5.857061076102148232e-03
-5.834804564015332561e-03
-5.847566073309849732e-03
-5.781731341173305776e-03
-5.761576564733528194e-03
-5.779537211665196177e-03
-5.507307180898229904e-03
-5.664932067936324228e-03
-5.403797165339927627e-03
-4.619350413672297304e-03
-4.803419411617458612e-03
