-2.243034512807246666e-02
-2.514803182581722141e-02
-2.736904697595250041e-02
-2.975304718899931047e-02
-2.250964787698525246e-02
-1.872263478959828795e-02
-1.794593618066340004e-02
-1.794191293701357520e-02
-1.794056329586926277e-02
-1.794044286510158154e-02
-1.794047376775205482e-02
-1.794047359771854325e-02
-1.794047360952275016e-02
-1.794047361703853330e-02
-1.794047361643335420e-02
-1.794047361643397176e-02
-1.794047361643255969e-02
-1.794047361643453034e-02
-1.794047361643372890e-02
-1.794047361643268113e-02
-1.794047361643350685e-02
-1.794047361643351032e-02
-1.794047361643402033e-02
-1.794047361643387462e-02
-1.794047361643301072e-02
-1.794047361769603166e-02
-1.794047359456340043e-02
-1.794047368682839469e-02
-1.794047383846820304e-02
-1.794040751626067853e-02
-1.794104555189253783e-02
-1.794112185071807669e-02
-1.794010491994765463e-02
-1.954926381016264259e-02
-1.795665182999146500e-02
-1.744915367619475841e-02
-1.664274622053078453e-02
-1.982716827106109636e-02
-1.983126727393041619e-02
-1.739197594610501427e-02
-1.958482586835324710e-02
-2.837686840846347439e-02
-2.959756344278242218e-02
-2.522263460308370869e-02
-1.381333430117483163e-02
-2.345859095881551101e-02
-3.517572301663043910e-02
-3.773984291313559752e-02
-4.398527429137417261e-02
-4.345975889456843433e-02
-6.398487208698412643e-02
-5.563273911035288705e-02
5.368655011956622279e-03
9.757157817955549456e-03
1.838152587754521283e-03
1.619970126229282326e-02
1.500411343235126711e-02
1.112949231016508063e-02
1.114266920927942280e-02
-3.292962682298208182e-02
-3.529735128181733794e-02
1.635757319932352322e-02
8.514908952633813699e-02
1.051905396694163830e-01
9.337074721296592661e-02
7.004455036033491178e-02
3.957833384208002403e-02
3.954003868885659634e-02
3.950382864212365064e-02
5.126813946037880876e-02
4.651839334423792105e-02
6.790900557118038916e-02
6.202685919724826302e-02
7.155703038666726135e-02
7.157788259639041861e-02
7.163266280529988206e-02
7.157478914308523787e-02
7.928352751000758425e-02
8.244933348197551470e-02
1.136004345894418496e-02
1.013585050734773160e-02
-1.158416196160289881e-02
-4.577769849569644084e-02
-5.476138884087064507e-02
-1.613600151704782520e-02
-4.864776614624179152e-03
-9.839869630996743791e-03
-2.944105369683929635e-02
-4.121365674527747297e-02
-3.681617599880427499e-02
-3.641946495772984543e-02
-4.346201089098399029e-02
-6.397981960135100399e-02
-5.562830052722043950e-02
5.370371449711625229e-03
1.138154595339424535e-02
6.270633097946178361e-03
3.223246844738170136e-02
6.575817104342883412e-02
4.148737275097752475e-02
-2.467724374410849505e-02
-3.636683787037416071e-02
-1.882380128212089720e-02
-2.214975107504582597e-02
-2.355641205131461802e-02
6.120370344342922209e-02
6.072504431277896825e-02
3.660314983560097879e-02
4.797059945151056076e-02
2.910616815091893531e-02
2.559957423801367989e-03
-3.160499685414854855e-03
4.130810209112704967e-02
4.330345965878173303e-02
-3.824454909542820275e-02
-6.338272743095682560e-02
-2.356694081382348580e-02
-2.976682760764635949e-02
5.058574811614415662e-02
7.006244104335940248e-02
1.195600313319906544e-01
4.736794736622186586e-02
7.382405021213543639e-02
6.300049167263149785e-02
-1.323417304656526912e-02
-9.008077015923550424e-02
-2.087337630506124961e-02
-1.056495571464799964e-02
-1.556050004923397422e-02
-3.037459298709343711e-02
-3.083190413933632398e-02
-2.097164122912397941e-02
-3.005857351352471049e-02
-9.471287920165219476e-02
-8.939309278964487071e-02
-1.540112364742952369e-03
8.142530927418937040e-03
-1.043615546814941758e-02
2.847412016877670995e-02
3.053058222991923351e-02
-2.447164218438493792e-03
-1.291125067020285413e-02
-2.650817817010302224e-02
-2.858326854929766833e-02
-2.687456433892382313e-02
-4.010058834544134171e-02
-4.506547810537735177e-02
2.088333398143530500e-02
3.071032649692168742e-02
8.170048858089645760e-02
1.025281968679135070e-01
1.147224882815829211e-01
9.827629244432042888e-02
9.678304984697064239e-02
2.141995407012094524e-02
-6.234128802778508144e-02
-3.079288846672125976e-02
1.656721315193485783e-02
-3.389589523894230572e-02
-1.456235065518610150e-02
-1.065861485034255360e-02
-1.618124854933314719e-02
-1.229264495854454943e-02
-2.075896731106322696e-02
-3.727730799794757438e-02
-4.089379770177616058e-02
-3.651790934399857386e-02
-3.961159539917154249e-02
-1.676530114447069911e-02
6.626314760439734608e-02
8.437612762347895812e-02
7.352375286739759597e-02
6.021047542567908861e-02
5.819303558359069373e-02
4.088225920766200283e-02
3.433470233885170531e-02
6.212435347768250488e-02
1.099660306035221552e-01
1.266054942514341364e-01
1.493894864952186874e-01
1.292086668363844337e-01
6.248112324591856281e-02
2.329339572984708354e-02
5.010690338308859682e-02
7.078056372758635695e-02
5.199039327227476803e-02
5.878208056814196447e-02
2.124428780967618433e-02
1.166608475698619612e-02
-2.812202788745999174e-02
-3.023016403249905587e-02
-1.118468917436895617e-02
-1.123546467347138166e-02
-4.816033714367908003e-02
-5.102474640296468522e-02
-4.718480071104787926e-02
-2.874717740066095456e-02
-2.282773801749389889e-02
-2.273733554347069988e-02
-2.267042068320850381e-02
2.209908941030664514e-02
3.718860155161310410e-02
6.050512092695334992e-02
3.820833685326270601e-02
7.907236942124102469e-03
7.896026547554880343e-03
7.828874036957150437e-03
7.775883617084073003e-03
7.727778324570222512e-03
7.656552732164940284e-03
-3.032736565398190878e-02
-5.064443156169824017e-02
-8.080640464016339286e-02
-6.187730637636497388e-02
-2.110028450490352564e-02
-4.760690028745159612e-03
-2.950261807518370343e-03
6.690694790006501257e-04
-7.495082007166703128e-03
-1.978266998777343522e-02
-1.732429869431781344e-02
1.884710917785921099e-04
4.577986963326897453e-03
2.078751310665968421e-03
6.905574703140266108e-05
-2.351426705524451571e-02
-2.720495948235410882e-02
-2.600449285329444263e-02
-4.228892932763091833e-02
-4.978801152265074220e-02
-4.530753595267184713e-02
-9.654506435613404922e-03
2.797442944735622442e-03
3.280917140082733469e-02
3.239080033481531867e-02
1.352082526554156290e-02
1.663473800208231101e-05
-1.149896782674383368e-02
-1.228504052854659419e-02
-6.493110643329096099e-02
-6.837975726448239366e-02
2.976627720181779235e-02
5.769443167426294150e-02
6.853609626463347260e-02
5.385631201085100406e-02
-1.592172855268528600e-02
5.505649553030524807e-02
1.580267358307478331e-01
1.128638205305352721e-01
4.832821091684200154e-02
-4.941870645509369164e-02
-1.238306839824985933e-01
-1.062819962487835668e-01
-1.069689345266173763e-01
-8.055424498588084625e-02
-4.183150011404767471e-02
-4.916296639566891322e-03
-7.787495789939678087e-03
-5.010851726179905291e-02
-5.014736831227782632e-02
-4.029189319608453973e-02
-6.139855454110330207e-02
-1.200306684953055120e-01
-1.518300689764948419e-01
-1.097075727346713270e-01
-7.167140575576735895e-02
-4.654258374855363423e-02
-6.744142822489958278e-02
-7.061795180877178391e-02
-7.171933762976408222e-02
-8.872782799547355992e-02
-7.783081687353218814e-02
-7.704623743001490221e-02
-6.854450385725899264e-02
-9.032846587404341765e-02
-6.021307940251347662e-02
-7.587754935317014837e-02
-2.973243223228547866e-02
-4.470641642489506240e-02
-5.041932245285862119e-02
-4.154903698523173400e-02
2.939660876941520631e-02
4.791339671990788723e-02
5.124729306925528138e-02
5.609317250532869226e-02
5.694771258422973159e-02
4.646010761449488602e-02
4.866907275423814488e-02
4.413851538400760666e-02
2.638326777491802055e-02
2.045860807223591135e-02
3.234070337551918362e-02
3.647940062618378748e-02
-4.422752200270784612e-03
-5.845139967608410127e-03
-1.424082466497303585e-02
-1.429735742016545810e-02
-1.427769892988515685e-02
-1.429945636413041885e-02
-1.425302653114259542e-02
-1.436235932922232464e-02
-2.415468895081020889e-02
-2.529587424063729079e-02
-1.069358595628031872e-01
-1.019437748157300400e-01
-7.435925220697424398e-02
-6.087920688224184029e-02
1.929342394617964210e-02
-1.354794392588192994e-02
-8.623077703435810815e-02
-9.616423383877879816e-02
-4.878536971913342846e-02
-2.215638599981916822e-03
4.107246108131877745e-03
-9.662935502608827054e-03
-9.656431542736152937e-03
-1.012712560472125815e-02
-1.112450332869956669e-02
-2.867608863066935243e-02
-2.844501752117635160e-02
-2.646014041213362589e-02
-2.647088734925599415e-02
-2.647834386655169986e-02
-2.648941728478421825e-02
-3.706417697367696273e-02
-5.052535558362528101e-02
-7.037233741079636229e-02
-6.097850207449425491e-02
-2.033370943826835406e-02
4.451678120178079873e-02
4.250320862423149354e-02
1.498580043636594736e-02
1.578140522669764859e-02
1.208592622263009175e-02
9.862891395179847545e-03
9.474982111694852868e-03
1.683497228789108957e-02
1.683664975686184964e-02
1.684497092427981318e-02
1.685520125070378086e-02
3.010774163517708144e-02
4.107216430105942867e-02
6.219345425220903362e-02
5.557802202781658013e-02
3.363818087485392211e-02
3.364417116892334803e-02
3.363378126440357690e-02
3.360555571783485629e-02
3.132487410241170667e-02
2.332120150754080079e-02
-4.092713680245049085e-02
-3.979431181908395232e-02
-2.378766371708222749e-02
-2.381119253199680263e-02
-2.380210985831919188e-02
-2.379649153690726465e-02
-2.379890304890053612e-02
-2.380075512328179432e-02
-2.379695379059270505e-02
-2.874620986638322384e-02
-2.775262645008040249e-02
-1.954902036924716438e-02
-1.707156105611354682e-02
-1.887402460605282911e-02
-1.890583172107595036e-02
-9.473493404504472817e-03
-9.564734300061118397e-03
-9.492151749193218635e-03
-9.488840912163690189e-03
-9.489268304878055449e-03
-9.489238526601927529e-03
-9.489241221438063020e-03
-9.489241355728138608e-03
-9.489241342671882878e-03
-9.489241343775951104e-03
-9.489241343711249388e-03
-9.489241343711294491e-03
-9.489241343711497453e-03
-9.489241343711436738e-03
-9.489241343710720297e-03
-9.489241343710864279e-03
-9.489241343710997853e-03
-9.489241343711206020e-03
-9.489241343711265000e-03
-9.489241343331965978e-03
-9.489241349679249787e-03
-9.489241330258007395e-03
-9.489241242406500076e-03
-9.489259656615232560e-03
-9.489100017256878530e-03
-9.488920036140446185e-03
-9.490257130962572590e-03
-9.084011252574963891e-03
-9.424200952670368572e-03
-1.261551214441850033e-02
-1.247778951903661011e-02
