-2.941641685498730743e-03
-2.554929083898860136e-03
2.567216308659220347e-02
3.326848962846613855e-02
3.022635108663457304e-02
2.600266840680763580e-02
1.865319134022142347e-02
1.819466477494168649e-02
1.764353736559969715e-02
1.741527248856362259e-02
1.744683461344855371e-02
1.744683166582125175e-02
1.744683116969271766e-02
1.744683139871217037e-02
1.744683138399989036e-02
1.744683138399955730e-02
1.744683138399894667e-02
1.744683138399854422e-02
1.744683138399911321e-02
1.744683138399959546e-02
1.744683138399804115e-02
1.744683138399890157e-02
1.744683138399921729e-02
1.744683138399954342e-02
1.744683138399910627e-02
1.744683138399969607e-02
1.744683138514810036e-02
1.744683136402602752e-02
1.744683146650858815e-02
1.744683137019268498e-02
1.744436775891726119e-02
1.746914907910406337e-02
1.743341541076394788e-02
1.757636706969209830e-02
1.833817660061834789e-02
1.739091224650681292e-02
2.228553272346714756e-02
2.186519287732141201e-02
2.387512718204255757e-02
2.408465134758090015e-02
2.395770652382592930e-02
2.379804180148208798e-02
2.424163238481626473e-02
2.093515053777638205e-02
2.112903973704361935e-02
3.044608480803993183e-02
3.217568908325325883e-02
3.201972758631670135e-02
3.268570360602088970e-02
3.319118933499330681e-02
3.280536448092643415e-02
4.336519535806057646e-02
4.560671780350176313e-02
3.516524005005359360e-02
2.952338733768365350e-02
2.873539008060077907e-02
2.408514478364556094e-02
1.151031265671522384e-02
8.298271283990025365e-03
3.418478028104196022e-03
-3.317643042728794789e-04
-1.623280129487382831e-02
-4.990618265765987827e-02
-3.605357098685502137e-02
3.901758161464066038e-03
1.578524001754989803e-02
8.216474236897626168e-03
1.662756804577768602e-02
1.974067063173211983e-02
1.611395917711734918e-02
3.125023607320679547e-02
2.888961623021232827e-02
2.451017976122462499e-02
2.489394909747711521e-02
2.462035286547495372e-02
2.455650694137994847e-02
2.465388564124292373e-02
2.414585273646471797e-02
2.518182443312965563e-02
2.350186637687743177e-02
6.479281842552499920e-03
5.639093091314236958e-03
9.671445117333931502e-03
6.558808411193141341e-03
1.014348298961579783e-02
3.690396597254460426e-02
4.478449698645899785e-02
1.939706600484897292e-02
-3.912213221142367761e-03
-3.799011321094725863e-02
-6.416285501201735020e-02
-6.520148856034113649e-02
-2.960125397542137313e-02
-2.368927380956093592e-02
-7.099625219585320446e-03
-2.669640884552894507e-03
1.827200177449921775e-02
1.811059294997467359e-02
-6.911112202378315306e-02
-5.678560764628722002e-02
1.734683752149438971e-02
-2.192796840408954562e-03
2.550862000644906966e-03
5.323924172162265017e-02
9.903320840197066266e-02
6.965461847132606299e-02
4.757652841249356002e-02
3.236405667079105680e-02
1.749964015447139781e-02
-2.003764671424382998e-02
-3.954203065802835981e-02
-3.678980809812695818e-02
-4.528616823210947218e-02
-2.112787105255429718e-02
-2.797451401098181856e-03
2.495012479083447837e-03
2.303281919973881701e-03
1.770302586575467352e-02
4.601045201548674413e-02
4.156389315613018276e-02
7.038201971058791195e-02
8.695935036834047394e-02
8.763294624251484477e-02
6.696169835486934230e-02
6.529024490812121440e-02
6.397558211222002800e-02
6.603987535414562737e-02
3.929615125556308597e-02
6.645480496286976235e-02
5.448984046723434616e-02
-6.802916826250942663e-03
-2.388035965572176539e-02
6.885145935331477701e-03
1.758435489916435057e-02
-1.743408320080395459e-03
2.845784319035082714e-03
1.008097503075004210e-02
1.203222640809445930e-02
7.355862469013543618e-03
8.337485583446949122e-03
8.468443940104519382e-03
1.430521255967647995e-02
1.404668635099523381e-02
1.351573514655561581e-02
1.381014148395009328e-02
1.397316632504146117e-02
1.319561392033656577e-02
1.770604773038181659e-02
1.546799138360234471e-02
-9.868352699136145184e-03
-1.229876466448668118e-02
-8.105674501743596536e-03
-6.698119530942161538e-03
-1.061049723794771533e-02
-6.212328829988907064e-03
-2.223476772702453683e-02
-5.705236224226191248e-03
4.962990549411711028e-02
8.197404848838052427e-02
6.638099263928524951e-02
3.280210525186316034e-02
1.092902639513318626e-02
-8.387732376577040558e-03
-5.899858379714918374e-03
-9.644181674215854955e-03
6.081042875596097408e-04
3.546200355555917394e-02
3.282349656337049670e-02
1.603909653578517239e-02
-8.680609843514680568e-02
-6.111551396538475456e-02
8.612599156313248405e-02
2.201029779988343815e-01
2.365177224842006376e-01
2.500917955693943151e-01
2.304332403327923329e-01
2.055377736026670621e-01
1.826315847809218962e-01
2.075448136944619271e-01
1.917289789717044612e-01
1.126587998108836419e-01
8.704063707439323172e-02
8.629558429116428175e-02
3.075676057158352461e-02
3.815199720235822045e-02
-3.397308667948740341e-02
-2.625820562613609063e-02
-2.292801986476188450e-02
-4.977443440755227599e-02
-5.051756677520015393e-02
-4.737006235790525155e-02
-3.982624518518926293e-02
-3.011350537663194660e-02
-2.854652161060459992e-02
-4.214509412470552469e-02
-3.730887230705703939e-02
-3.887529012317262472e-02
-3.881106360594421822e-02
-3.793628065324505805e-02
-3.493225151080324442e-02
-2.162793589731768981e-02
-2.391515150107517695e-02
8.409227782238327953e-03
3.855162029791684396e-03
8.774473076119832307e-03
1.235377029096149798e-02
1.512710343989914601e-02
2.141572530001342387e-02
3.968538116967566115e-02
5.531192601948501514e-02
7.448134383223735389e-02
2.847148129964059693e-02
-4.264144093779540651e-03
-2.347009838709335564e-02
-1.364660949122010331e-02
-2.965849206900788085e-02
-2.161781379984458948e-02
1.447607760174104627e-02
3.514477820370977279e-02
2.482900101125783826e-02
9.285750521583424621e-03
7.060779415181780982e-03
1.696135347891611703e-02
2.013579667285026603e-02
2.306499709352488256e-02
2.718708439884232747e-02
1.339659878572375257e-02
-6.195093902646718609e-02
-1.148288006875663042e-01
-9.062722317244960302e-02
-6.707687588053357075e-02
-2.473658882731232314e-02
1.727437655456343785e-02
3.826232510686333743e-02
4.121336750350153982e-02
-2.279680156113827669e-03
-1.604330578882159604e-03
-2.956489096889039492e-02
-4.559490379807189242e-02
-7.506503410406686894e-02
-3.609763247208374465e-02
-1.876638172829476689e-02
6.034558371352164927e-03
4.380152435695552904e-02
4.500536989468047200e-02
1.860449325314553204e-02
1.915438392920669475e-02
3.420475004212206183e-02
5.197506955177496474e-02
6.446245492905161578e-02
5.179648260428740270e-02
-6.623585917144084179e-03
-1.670801473609314844e-02
1.469310062562453195e-02
1.733278989936348075e-02
-1.246762818244546295e-02
-2.627093323812286496e-02
6.279407106179239750e-03
1.014157476692351817e-02
1.366872845153985390e-02
1.477163681835708814e-02
1.384648614264962288e-02
2.134547743608709858e-02
2.313964598423420144e-02
1.110666851569478211e-02
5.342585462965525681e-03
-5.255190602960018581e-03
-1.099216728994479447e-02
-1.285956042940734727e-02
5.189110155770907708e-03
9.533946768616961484e-03
1.145775820897284962e-02
-1.257353398417611519e-04
2.658861264009530268e-04
3.531356197914340767e-04
-1.230677161416560356e-03
6.750698299776675126e-03
1.966286420769764766e-03
-3.737838218980847615e-02
-3.810695700254718848e-02
1.440223656884884358e-02
1.861665016047420879e-02
-8.397903801418801079e-03
-8.326453312039201055e-03
-8.752716559982425676e-03
-1.456173340834582101e-02
-1.536307830698337845e-02
-4.030158406218396641e-04
-7.595932119825338788e-04
5.172679741867689147e-03
2.958810998564506689e-02
3.239555823424598857e-02
2.274406534399240135e-02
4.665224106679665556e-02
5.085092081579528633e-02
1.852585446763751684e-02
1.522980527648878230e-02
6.515256637651804794e-02
4.703882307216941672e-02
-6.583538143986036872e-02
-1.179600289574626454e-01
-1.702901307096980899e-01
-1.673467061310437431e-01
-1.474912200420537556e-01
-1.347623354320281186e-01
-4.896978451322658160e-02
-2.133085164049731627e-02
-2.197615658692490294e-03
2.252676155868682528e-02
4.832623486014379216e-02
1.336410025071604370e-02
-3.227003894504736764e-02
-4.957123052686877862e-02
-3.888182831647517962e-02
-3.415419193591199415e-02
-1.299157292441090877e-02
1.096529727972684470e-02
1.887659143021493124e-02
3.212386322317546672e-02
2.126540696426566096e-02
8.139140439432146490e-03
6.992768881521947352e-03
7.612947282973811167e-03
8.906472678529883669e-03
1.193466677551449466e-02
1.216168758392391185e-02
-7.029013317259826671e-03
-8.524364483095864947e-03
-9.093093688559305068e-03
-9.702582540394955740e-03
-9.825351356859671551e-03
-1.007000674303359933e-02
-9.631370633086029989e-03
-1.434414444084503547e-02
-1.481648458349476942e-02
-8.589152617370147914e-04
3.743819123277652636e-03
1.084097602034865375e-02
1.976892817540699260e-03
2.335864869553930159e-03
1.995644987688295277e-02
2.354709994112813565e-02
2.447970348810485017e-02
2.089155793421662924e-02
-2.930261747065510125e-02
-4.490949852653047802e-02
-8.791805395930436806e-02
-1.417646684182142236e-01
-1.431377283723281602e-01
-1.246592248971344491e-01
-1.211156258868309743e-01
-9.638689001383614341e-02
-7.466805125159765855e-02
-8.666364788908122174e-02
-5.823848179466049185e-02
-1.143008487764086284e-02
-1.637037331619597968e-02
6.743447812249553364e-02
5.203556438746829299e-02
4.533625830307914245e-02
2.896684724701698715e-02
3.967267452047231607e-02
3.163193766393349732e-03
4.095749724647017309e-02
3.215631272097886628e-02
2.641300244197919075e-02
4.421785374951624215e-02
4.214475186991723660e-02
2.844017077134434676e-02
3.121761110391935157e-02
1.912427951804186038e-02
1.562857900521767707e-02
2.205578428438993710e-02
2.402185417076910245e-02
3.171405370141984481e-02
3.495243335145589714e-02
3.539507202506778083e-02
3.935216739464370006e-02
5.229997207203787579e-02
5.416498897725371270e-02
7.587872482814279895e-02
5.873624649778712292e-02
1.164964851231149907e-02
-6.494723273122333766e-03
-3.116429737824374935e-02
-3.938550814341577888e-02
-9.294838714528437865e-03
-9.591600782715904716e-03
-7.598341997000233015e-03
-1.436893453081655031e-02
-1.132787906627710523e-03
-9.752337767212057584e-03
-2.401902769328448720e-02
-2.495657427545120224e-02
-2.277564365812042094e-02
-2.310628118471752881e-02
-2.298215012044905678e-02
-2.291450755075034873e-02
-2.292919252513254263e-02
-2.292919181707014573e-02
-2.292919175112958022e-02
-2.292919194814709363e-02
-2.292919185913216279e-02
-2.292919117761770334e-02
-2.295478620315844626e-02
-2.285490772199825354e-02
-2.269982860388007964e-02
-2.267846643349303443e-02
-1.787104781592155703e-02
-1.664740038074137563e-02
-1.602555083125098770e-02
-1.820330245041103939e-02
-2.124506388596350548e-02
-2.186884907088875937e-02
-2.181175260555329176e-02
-3.370163323333289634e-02
-3.975389863589700451e-02
-2.834952031499057140e-02
-2.304924700140036781e-02
-9.661211248942374805e-03
-9.176411053641591806e-03
-7.347007898914389989e-03
-2.323638415156430766e-03
3.407696049127476815e-03
4.125205547231496073e-02
3.956908277350702774e-02
2.791599923029626507e-02
2.954369245908798972e-02
2.908039638123845888e-02
2.796839073678508009e-02
3.360623725847337179e-02
3.277882429397371844e-02
1.679901911959119989e-02
1.402945639542531840e-02
1.511175031487946817e-02
1.260675401615488425e-02
1.283778297508233503e-02
9.850430651693766956e-03
1.066198037848991274e-02
1.037120766655312207e-02
1.029756786644005218e-02
1.033558499833343164e-02
1.032524069760566016e-02
1.032604824085149760e-02
1.032604837896061029e-02
1.032604832372304923e-02
1.032604833190153837e-02
1.032604833150734674e-02
1.032604833150768155e-02
1.032604833150769195e-02
1.032604833150755838e-02
1.032604833150730511e-02
1.032604833150739185e-02
1.032604833150773185e-02
1.032604833150814819e-02
1.032604833150755491e-02
1.032604833150749593e-02
1.032604833150702235e-02
1.032604833150734154e-02
1.032604833150732419e-02
1.032604833150794869e-02
1.032604833150760348e-02
1.032604833150736236e-02
1.032604833150786196e-02
1.032604833150762777e-02
1.032604833049899883e-02
1.032604834788408005e-02
1.032604828927613863e-02
1.032604806058131340e-02
1.032811639395059614e-02
1.030891983989912566e-02
1.029441326920704780e-02
1.047365488009746430e-02
1.008826010407899362e-02
1.047947282621902385e-02
1.462162972825233921e-02
1.439695509317772716e-02
