-1.595089348715237818e-02
-1.519731040205365112e-02
-1.735509735939031253e-02
-1.902893547859591319e-02
-1.082633793118514473e-02
-1.099662813288798668e-02
-1.009194083463164915e-02
-7.890116522432549448e-03
-8.127578114584079957e-03
-7.267130487775629900e-03
-6.817855027582979573e-03
-6.756501043378835940e-03
-6.407119232129424372e-03
-6.309460967475981515e-03
-6.231116817757730540e-03
-6.138998560973299608e-03
-6.058097272843882171e-03
-6.110734539497333570e-03
-6.032626686239904445e-03
-5.949680650204473321e-03
-6.367053402762697448e-03
-6.430414710894555644e-03
-5.971232947007022208e-03
-6.103980257404082593e-03
-5.790992748832460464e-03
-4.489302884197462346e-03
-5.279460397780714326e-03
-2.817596647367074346e-03
-9.984649447079335313e-04
-3.117887426460093977e-03
7.919133675861814506e-03
6.211146843201087800e-03
-2.181632289875779385e-03
-1.583061203584798082e-03
-8.336987377053999698e-03
-1.035803466958284264e-02
-1.532019329049356775e-02
-1.692701670642298914e-02
-1.588790694863601027e-02
-1.841534672049261606e-02
-1.827715349294374222e-02
-2.090826433736482290e-02
-2.180415538333095593e-02
-2.324804758457415035e-02
-2.541505905921111544e-02
-2.571808181697053663e-02
-2.934979640443420579e-02
-3.074959980570907830e-02
-3.214358740697227657e-02
-4.142468944780290652e-02
-4.249618882257488739e-02
-4.654525441876479486e-02
-5.375662454782141608e-02
-5.196216446846353004e-02
-6.321922265073809388e-02
-5.997972167969349566e-02
-7.461690088038061552e-02
-1.167373331560273286e-01
-1.409487944668770254e-01
-2.302012963917662858e-01
-2.894856131606672878e-01
-2.927399378527901774e-01
-3.319704040304473081e-01
-3.206147760131645152e-01
-2.653638841425411954e-01
-2.674088962208869269e-01
-2.766606063447606401e-01
-2.704931923958026618e-01
-2.927064265930080511e-01
-2.936347811219188753e-01
-2.977624516301389246e-01
-3.044409808607768664e-01
-2.949284289015866589e-01
-2.979519412952431612e-01
-2.953544334951418437e-01
-2.871611896897373617e-01
-2.914878644434919508e-01
-2.875157576656924285e-01
-2.906002946871290016e-01
-3.047352376691268017e-01
-3.071600580149062010e-01
-3.188392636604157060e-01
-3.282317356996142799e-01
-3.309626072641697059e-01
-3.195120250092452485e-01
-3.182044479029264572e-01
-3.072353296372479781e-01
-2.944041105671921787e-01
-2.849333867783367391e-01
-2.628800414131760022e-01
-2.628551433476844501e-01
-2.482282909457506626e-01
-2.269154388513627829e-01
-2.245313424695671300e-01
-1.698551017249522455e-01
-1.541797516216673880e-01
-1.302334660198039284e-01
-5.994104990513381137e-02
-4.669803850195185235e-02
-3.177190566456598864e-02
-6.739383892426726967e-03
-1.371239595957342294e-02
-3.470651410732409486e-02
-3.676024095776313921e-02
-5.388353123682390611e-02
-6.737200498009932037e-02
-7.184459778063853608e-02
-1.214146203061511053e-01
-1.446955175453784603e-01
-2.139791297855239138e-01
-2.834015427825302691e-01
-2.854723279337090247e-01
-2.906151931567415581e-01
-2.819524583586248134e-01
-2.625815339480884747e-01
-2.463747544702556136e-01
-2.167480119938784699e-01
-1.890730119362644956e-01
-1.622363184610136899e-01
-1.149790523537597281e-01
-6.032142428251102695e-02
-2.255194214741872150e-02
-8.484363587611870594e-03
1.399260968657007513e-03
7.295144927846382993e-03
9.583687718932174665e-03
-2.426790567888987855e-03
-7.024643181780023662e-04
-9.223184191450352690e-03
-1.178389332584388674e-02
-5.272750214746151727e-04
2.930279022844557019e-03
1.485895343003456985e-02
2.158021301744546608e-02
3.418250551158566464e-02
2.958729370883817281e-02
5.252203566067047830e-02
5.277222863720525126e-02
3.538399183890700989e-02
5.371744440995621789e-02
1.314914240785292933e-02
2.973021359571098587e-02
6.567642077224153385e-02
4.813639597538740128e-02
8.871200712461971283e-02
8.327028074895455323e-02
2.801787011320089685e-02
2.161500580685452380e-02
-2.596526723876106668e-02
-7.595083720018754037e-02
-9.046330214462422470e-02
-1.266305752441321264e-01
-1.374669249323769993e-01
-1.409547988582944833e-01
-1.526927652628305709e-01
-1.579115237130975236e-01
-1.662548966470861478e-01
-1.767370890557032337e-01
-1.822692338297452475e-01
-1.960058712421391958e-01
-2.029464811426280879e-01
-2.141482109343813001e-01
-2.252248162202322157e-01
-2.335399203536104862e-01
-2.479438484448324986e-01
-2.443650605437932000e-01
-2.539796012909093514e-01
-2.537247005846202663e-01
-2.471932425681721002e-01
-2.615760144635208562e-01
-2.525852170378487527e-01
-2.646810273996490492e-01
-2.724195674333995676e-01
-2.667643899798373130e-01
-2.700907546071139587e-01
-2.599616958919928056e-01
-2.457868682126997661e-01
-2.264188242886236435e-01
-1.902482014675017097e-01
-1.601584688127843104e-01
-1.289705895587348328e-01
-7.715575271321861717e-02
-6.166922728804359599e-02
-2.188027271338867721e-02
-1.344681383899063408e-02
-6.510199219189370147e-03
9.605845956343971037e-03
1.237245433030029554e-02
3.253038812379119987e-02
4.487413794040751025e-02
4.321780037054197277e-02
5.172184767647798609e-02
4.549957510580543429e-02
3.495697892488924818e-02
3.811947067290842595e-02
2.078705438995593832e-02
2.544310299853681442e-02
1.770059922869912997e-02
-5.047875166199022705e-03
-9.976942902480507788e-03
-3.829841521462255122e-02
-3.689771883522162399e-02
-2.792347153030855234e-02
-3.220341133492145291e-02
-3.362990313262451125e-02
-4.302123657334661067e-02
-4.860549853878898263e-02
-5.921539389512592289e-02
-7.011118856570075497e-02
-8.356232418663733785e-02
-8.704226265125297735e-02
-9.317785882267365372e-02
-9.834093575563951362e-02
-1.086821335335695221e-01
-1.021687546217658338e-01
-1.221378676772782307e-01
-1.137875781105650852e-01
-1.162675467423968101e-01
-1.050949533570406935e-01
-7.799520410429770789e-02
-6.976653979232821934e-02
-5.642537358763827227e-02
-4.814671862020030585e-02
-3.365615638528984821e-02
-3.135396957306439691e-02
-2.911541316488350586e-02
-2.347056157956690231e-02
-2.293737250889989893e-02
-2.260171232292715326e-02
-1.801043843390729218e-02
-2.147156971238461942e-02
-2.294795631412395800e-02
-2.613840251286248667e-02
-2.968238590012613545e-02
-1.533487616959268614e-02
-2.004251353573245631e-02
-1.816653423558015068e-02
-1.360675660303406823e-02
-3.162846252719560269e-02
-2.774193223375769762e-02
-3.308574806220906939e-02
-4.373740145645304417e-02
-3.268467558090827618e-02
-5.384671515850142365e-02
-5.599055421161849844e-02
-6.323073715797213057e-02
-1.490484155777532516e-01
-1.511344890693918641e-01
-2.135697453337797036e-01
-2.799632954621619763e-01
-2.692926761061604779e-01
-2.710638938480990912e-01
-2.584050308820780018e-01
-2.275547246342690122e-01
-2.074500592471249516e-01
-1.684106766758071971e-01
-1.242584924413958902e-01
-9.642069558361228421e-02
-6.170022366943574837e-02
-3.768094590554715850e-02
-1.726835713476989817e-02
-1.054655090426421735e-02
1.113692124353136449e-02
2.482129776088830807e-03
1.058946429749580906e-02
1.426164555818418278e-02
-2.734891037287872501e-02
-2.279440760455532164e-02
-8.393141414563304314e-02
-1.500382187810745949e-01
-1.689209073311933040e-01
-2.491445923835642895e-01
-2.876160796104698658e-01
-2.966443598805570958e-01
-3.160552536628802311e-01
-3.062087516488307681e-01
-2.584243598396247510e-01
-2.527763478186592083e-01
-2.692950090901547466e-01
-2.654669186277260895e-01
-2.864878946220273948e-01
-3.017072893434379344e-01
-3.201180327049990004e-01
-3.285644981211320870e-01
-3.385560099402793455e-01
-3.418934050235817868e-01
-3.459191407796301521e-01
-3.477368607101207765e-01
-3.482848643501014752e-01
-3.491607998687297210e-01
-3.436078609663254513e-01
-3.409142923742660147e-01
-3.337606084122306527e-01
-3.266597507989132954e-01
-3.227114795346563980e-01
-3.144641938578666140e-01
-3.079082507819732584e-01
-3.038889785282448686e-01
-2.925751533119112513e-01
-2.876086796335540763e-01
-2.789470630320627365e-01
-2.620774072217953998e-01
-2.543400985039995232e-01
-2.328359999026367311e-01
-2.175676876215146271e-01
-2.055037723372311331e-01
-1.780034984902531536e-01
-1.644141489979830673e-01
-1.453975442260032613e-01
-1.100268683798918540e-01
-9.270925508890476285e-02
-8.293696386414481370e-02
-6.726541356203732946e-02
-6.625624263153231941e-02
-6.178400786274972079e-02
-5.542779839294082606e-02
-5.524304372290256976e-02
-4.781585483952664056e-02
-4.564878972086825609e-02
-4.368298018097561269e-02
-3.681881560585573837e-02
-3.597511590187455616e-02
-3.136529207670980812e-02
-1.541622923296394505e-02
-1.104149455136082397e-02
-9.773994690228824875e-04
8.125496993049289782e-03
1.508080711061354426e-02
2.188514233158535965e-02
3.212045831302264010e-02
3.067209451599189549e-02
2.614325429036374118e-02
4.784340477915915296e-02
3.844169521361268105e-02
1.796715976239978557e-02
4.632535825117461460e-03
-2.424027190639204896e-02
-3.479359074223439124e-02
-8.069580227447753495e-02
-9.592656943582922313e-02
-1.150601766796050807e-01
-1.310614219333336716e-01
-1.449747389350076188e-01
-1.520250793539062450e-01
-1.581144367948008056e-01
-1.823495917438293368e-01
-1.790353475643269854e-01
-1.759558690365091715e-01
-1.735149524645391017e-01
-1.530293172254914569e-01
-1.466271937422035376e-01
-1.398775325104754663e-01
-1.266326613315401084e-01
-1.234259681125227243e-01
-1.149954929294685485e-01
-1.062352260120502656e-01
-1.018285789642521255e-01
-9.361628008568428916e-02
-8.423401721930884323e-02
-7.963528136056730045e-02
-7.135784471982932475e-02
-6.590906683283309642e-02
-6.212840899287343233e-02
-5.506457253989986700e-02
-5.321384117653329276e-02
-4.909094019538896153e-02
-4.504876439298524660e-02
-4.678234176862213628e-02
-4.412168316238556515e-02
-4.902125010284281992e-02
-5.236386949314601053e-02
-5.175547929938948549e-02
-5.882327287085891560e-02
-5.733321142783646962e-02
-3.316148597394406872e-02
-3.447429388532646799e-02
-1.417399395629886059e-02
-5.923621164199401046e-03
1.574399758595395249e-03
6.275325033304945607e-03
3.725561815149375363e-04
4.064196320845114320e-03
3.434343197122875606e-03
2.711800401504529598e-03
4.709057037551028259e-03
3.941734072085849999e-03
5.066232398851523364e-03
7.735257438520618846e-03
5.611147137127433897e-03
1.236973278532345344e-02
1.507499283784974158e-02
1.800485175520516457e-02
4.373346866343405526e-02
4.517650835752765048e-02
4.245543959213336771e-02
4.902697180050309689e-02
4.684025353981032674e-02
4.498970824112476924e-02
6.253393492700495826e-02
5.935976830076140215e-02
6.462495308710457242e-02
6.938681414287818650e-02
6.758504352426025763e-02
6.989597327941159122e-02
7.046849594537574202e-02
6.714179216123107585e-02
6.684054233604466710e-02
6.527948713588932472e-02
5.609294734568789215e-02
5.835663688838649277e-02
4.909871412720297201e-02
4.364824242253560749e-02
3.939890467770791604e-02
1.070801007157191724e-02
9.338020160761047531e-03
2.993239184592399061e-03
-5.310218674334585796e-03
-4.560224566924841148e-03
-9.131205354654144471e-03
-9.033023863060620634e-03
-8.279914479143717088e-03
-9.909347592383278489e-03
-2.993483294510071620e-03
-3.461784872884117285e-03
-3.161048391641736038e-03
-1.736276203072944233e-03
-2.177102229596588039e-03
-2.612763015592489257e-03
-3.171539867269651189e-03
-3.294173927414604380e-03
-7.291130247803191862e-03
-7.336344806586192653e-03
-8.080890453919086641e-03
-9.126319716628469164e-03
-9.121620452933670159e-03
-9.603133492157901047e-03
-9.825851853210052986e-03
-9.900245964697455825e-03
-1.008510762866166033e-02
-1.013483679824714843e-02
-1.019210788458188056e-02
-1.024634423786236967e-02
-1.026419310309825174e-02
-1.028648779683894246e-02
-1.029676196387526929e-02
-1.030447919348301614e-02
-1.029299070837446685e-02
-1.029436164328387943e-02
-1.028226833008694455e-02
-1.022311550752627758e-02
-1.025290009278790986e-02
-1.013773435103432902e-02
-1.004330267094996273e-02
-1.014077110613647269e-02
-9.614466801739616000e-03
-9.784681347961447784e-03
-9.613557827161292590e-03
-7.908132181692310511e-03
-7.967818361584552006e-03
