1.919082215421001256e-02
3.885622895553851597e-02
1.896271429102040773e-01
2.091637521671483591e-01
1.290570488819954564e-01
9.788674547247966373e-02
9.308332331149665739e-02
9.308332331148932992e-02
9.308332331149191119e-02
9.308332331149803129e-02
9.308332331149042627e-02
9.308332331149185568e-02
9.308332331149313243e-02
9.308332331148402861e-02
9.308332331147524397e-02
9.308332331149489491e-02
9.308332331148777561e-02
9.308332331148926053e-02
8.959643888409320189e-02
8.873353577317760754e-02
8.461376707522655360e-02
8.635720928891962855e-02
8.808301551077392377e-02
8.808301551076284930e-02
8.808301551076534730e-02
8.808301551077186986e-02
8.808301551076617997e-02
8.808301551075958802e-02
9.194690803720510786e-02
9.871649536765979283e-02
7.160849455169777944e-02
6.760149173804806677e-02
3.643150492632325765e-02
3.967408593249401733e-02
4.620057673579366919e-02
7.325253609356810990e-03
2.888945796046476534e-03
-1.863809608845902422e-03
-1.835882119009935032e-02
-2.298113156576122793e-02
-2.119984566125899389e-02
-1.295233987062431071e-02
-3.707719119309937309e-03
-3.707719119317005874e-03
-3.707719119324621743e-03
-1.705237002656184372e-02
-2.533694293176671358e-02
-8.735251573213691223e-03
-2.062926119580707832e-03
1.803709109049977249e-02
1.393333403653590832e-02
2.170439692755175148e-02
3.674675714070979593e-02
6.551937738234496489e-02
5.894890639652469733e-02
4.264126505045127274e-03
-1.116851621542493367e-04
2.448080391514949328e-02
9.700956779946585951e-02
1.226039756502139144e-01
2.211065836163978587e-02
-3.617661849451204309e-02
-9.270781319687626532e-02
-8.351613708772259725e-02
-5.565201918644172713e-02
-3.593326183198781304e-02
-1.617542133348957578e-01
-8.644745802721014172e-02
1.027705846068831114e-01
2.214550043836721327e-01
2.256953391718689028e-01
2.877584653437175177e-01
2.611076010584078566e-01
3.586797730166931819e-01
4.161123245593256748e-01
4.051314514669058786e-01
3.083565839218720406e-01
1.934914808366325900e-01
-7.244307300895598545e-03
-2.684594106514465867e-02
2.784202357828472960e-02
2.224372726704153536e-01
2.323129418473776908e-01
8.128854772281014773e-02
3.436058524922936536e-02
6.187506924109383716e-02
-1.516192690316042931e-02
-1.525478442218133890e-02
4.702664100049239182e-02
3.686713494268754887e-02
1.776781721707588330e-02
3.693754259678162094e-02
4.201729562567513288e-02
8.021593107688390623e-02
4.620405301502770318e-02
6.699660588567953046e-02
1.854427359499478400e-01
1.760298940760882391e-01
1.796061688068341031e-02
6.948490609235830062e-03
5.206959078521070095e-02
7.994850544812875937e-02
9.915550726265477677e-02
8.426163658858876193e-02
4.119446212295924115e-02
7.405811141656194752e-02
3.040697023314445011e-02
-6.663774914720689557e-02
-8.306957379398594021e-02
-4.151237630924772132e-02
-5.431070660756404794e-02
-2.682646988269990831e-02
-8.180210325195283461e-02
-4.374614473892175087e-02
2.450830934684351814e-02
-1.428122087068584012e-01
-7.185412870569890531e-02
3.138905096568969655e-01
6.158143605089700934e-01
4.848878565627007808e-01
4.577819758652225679e-01
2.970027596903136446e-01
9.693585656500271208e-02
1.340022472791634889e-01
7.537980486146035608e-02
-1.137890541344637324e-01
-1.833782267970030244e-01
-4.963572498834429442e-02
-1.644946140018073433e-02
-2.262203797451567844e-03
-1.051926245070307006e-02
1.623193831046747249e-03
1.649053281851397407e-02
1.476257944498370576e-02
1.177442031091138937e-02
-7.703157389121576513e-03
-7.703157389115701872e-03
-7.703157389118765394e-03
-7.703157389114821500e-03
-7.703157389114667977e-03
-7.703157389124671260e-03
-2.007407896445488962e-02
-3.051806708023028711e-02
-1.256721732842239550e-02
-6.381756540749975760e-03
1.450621969080435197e-02
4.410755904389004889e-02
4.196318261732987637e-02
3.750890832538495562e-02
-5.774281503720436054e-03
-8.769420973773373615e-05
4.470151124780242374e-02
5.894277132408939218e-02
-1.570603720366841455e-02
6.607195393993528509e-02
1.427217882544064009e-01
7.572121881007394528e-02
4.628979477707154816e-02
9.544894758512630084e-02
4.422153974468691351e-02
-2.756343434538691475e-02
-2.694119219040705393e-02
1.027927978101225437e-01
1.163763793217613973e-01
1.539817403563836784e-01
2.066786724340309300e-01
2.079891191601112577e-01
5.193509998162659791e-02
5.089193987697094440e-02
6.323877662013703549e-02
1.060237682520481228e-01
3.609958164907501460e-02
-1.271476312267862396e-01
-8.141609084074556690e-02
2.882363661174604241e-02
1.867679546083729769e-01
2.892091465934569852e-02
-2.424408958907425249e-01
-4.043897336697055422e-01
-2.646445674018695349e-01
-3.336930604692230351e-01
-2.867615984954122177e-01
-2.896302434485106825e-01
-2.896302434485018007e-01
-2.654239316143627847e-01
-2.872344163046966492e-01
-3.410874927397010703e-01
-3.755119450116371493e-01
-2.600184278493097301e-01
-2.517753526026136335e-01
-1.064545687119681228e-01
1.972420628855782801e-02
2.686496365199325664e-01
2.898228715275349976e-01
1.234199040718299695e-01
1.406000848185706698e-01
1.051644901117759767e-01
2.690241990664129501e-01
5.262485355900783368e-01
4.232442989219323271e-01
-1.519861497464942701e-01
-3.414517948484490639e-01
-6.367978200653007237e-02
-3.933090752644345656e-02
-3.782897026536494699e-03
-7.579154204493587788e-02
-1.072662960068482135e-01
-1.779926856242843025e-01
-1.810512802062744786e-01
-1.062827429588226041e-01
-8.952220427611598530e-02
-5.351444204674424276e-02
-7.296848577251838219e-02
-3.513636570450114766e-02
1.920675379546266754e-03
6.660692123269512654e-02
5.015750157182091717e-02
-1.589407160919494716e-02
7.041496369316412691e-04
9.138249247015103882e-02
1.106482467116746693e-01
1.360897793084233365e-01
1.281042585012731327e-01
9.541132797940922450e-02
1.814611179493455240e-01
1.442035241297163761e-01
-1.295457285348765482e-02
-5.597946783845346441e-02
-6.279820986972588226e-02
-8.476574345125589827e-02
-6.295929884334641735e-02
-1.099145961180315045e-01
-7.799027900346292008e-02
3.514963478640960315e-02
9.397758520331406240e-02
1.110183411998264674e-01
6.547163123343965885e-02
-1.969352037503871097e-02
7.932963856318771267e-02
2.346666510587250010e-01
3.712436978443168223e-01
2.930831056352333763e-01
2.692502502013222054e-01
2.181041129707544657e-01
2.759674239161075682e-01
2.759674239161054587e-01
2.759674239161179488e-01
2.759674239161090115e-01
2.353411587199797095e-01
3.090411040422995081e-01
3.887272982455752257e-01
3.797128324920311937e-01
8.147426276091508657e-02
3.219872537882271634e-03
-1.516192690314987351e-02
-1.525478442219446902e-02
4.702664100048804113e-02
1.399402279990176988e-02
-7.176197036795930496e-03
1.965418587557345512e-02
3.617049497586777990e-02
7.851093464925733290e-02
7.851093464925765208e-02
1.026878941768318843e-01
1.137276878259976254e-01
1.540305004557759039e-01
1.419420206919896621e-01
1.198624333936608444e-01
1.198624333936575137e-01
1.198624333936565284e-01
1.198624333936616354e-01
1.184080748361057561e-01
1.374725305934358099e-01
1.278649610630679945e-01
1.098902788894922794e-01
-4.539246311607495268e-03
-2.989314361415972964e-03
3.283219926800333421e-02
2.670587521731368139e-02
2.508478313981544680e-02
3.260315747112865065e-02
4.012597101167005714e-02
2.575724561860716008e-02
-7.867364612298205495e-02
-9.610696816413670518e-02
-1.109539833656921354e-01
2.240978761522164492e-02
2.155457543046970514e-01
3.369189543046021140e-01
3.191432816968721164e-01
2.986484012979467861e-01
2.090640119123803042e-01
1.198984805574241086e-01
1.391029469491502149e-02
-2.929902291805052891e-02
-1.881551067418206838e-02
2.947800787839473247e-02
-3.398626267751297253e-02
-5.854097033103082548e-02
-9.021355170483486008e-02
-6.260353315309624689e-02
5.193493678149482123e-02
-4.280639361022664513e-02
-3.231253935297261071e-02
-1.686283957909297804e-01
-5.219708539328710151e-03
3.238878025711466879e-01
4.281460976902662363e-01
5.543496452281551079e-01
4.129970133402205978e-01
-7.606456514957969650e-03
-1.559837404771708957e-01
1.267215232987166096e-01
1.267215232987281281e-01
1.267215232987047580e-01
1.267215232987074780e-01
1.267215232987108087e-01
1.267215232987261020e-01
1.267215232987086160e-01
1.267215232987019546e-01
1.267215232987061180e-01
1.322086077411969984e-02
1.788421890861772723e-01
4.613321304172785520e-01
5.180824616795746129e-01
1.868398050554631040e-01
1.868398050554652412e-01
1.868398050554691547e-01
3.781524880560310220e-01
3.677267960554017612e-01
1.317262959892532281e-01
5.236227387721183180e-02
5.405230110010214584e-02
8.766644815462156654e-03
-1.097315113761904715e-01
-2.668058669210798262e-01
-3.108012365581261371e-01
-2.828330836891880251e-01
-1.875166185951815390e-01
1.334282586986516028e-01
2.937405838971099414e-01
6.929353759592934980e-02
-8.454807533003179387e-02
-1.221371666342623424e-01
-3.348225916492146570e-02
2.778590699281872477e-04
2.285794306142794469e-02
3.241001082716475634e-02
4.462044980731357663e-02
7.550329682096049155e-02
5.804000041992168901e-02
-3.176602292906942349e-02
-5.004402306550673890e-02
-7.423761530603555092e-02
-8.359556023021039173e-02
-5.071374018220294738e-02
-5.808297186372990417e-02
-2.421384039082497344e-02
-1.120472570204106566e-01
-5.806588584595755442e-01
-5.992379002183751968e-01
-1.975900355781081696e-01
1.741424280341837827e-01
7.080847222661261764e-01
1.044866634607622968e+00
6.184174017733656825e-01
3.405595005151416665e-01
1.935059068604254029e-01
3.260011914352489715e-01
2.768694199422679914e-01
3.032420900810415265e-01
3.017338639966182234e-01
3.999974069825743550e-01
3.999974069825647516e-01
3.999974069825271150e-01
4.182640761930826456e-01
4.377086193773683798e-01
7.303337840392589708e-01
7.212004494339376848e-01
6.823113630655589512e-01
6.823113630656192363e-01
6.823113630655784911e-01
6.823113630655747164e-01
6.823113630655760486e-01
6.823113630656079120e-01
6.823113630655698314e-01
6.823113630655749384e-01
6.823113630655803785e-01
6.823113630655830431e-01
6.823113630655793793e-01
6.823113630655629480e-01
6.823113630655844863e-01
6.823113630655801565e-01
6.823113630655956996e-01
6.823113630655327499e-01
6.823113630655537332e-01
7.678419598587922223e-01
8.227235543986075594e-01
3.030301642939278728e-01
2.602648658973081286e-01
1.505016768177829811e-01
1.505016768177820374e-01
1.404972477151914811e-01
1.048448828287216611e-01
-9.179917802507025354e-03
-4.177703251214477664e-03
6.712702652172501672e-02
6.712702652172473916e-02
6.712702652172337914e-02
6.712702652172458651e-02
2.881173396280746132e-02
7.326727142435498184e-03
1.638327472905634283e-02
3.554092100851963948e-02
7.851093464925966436e-02
7.851093464925694432e-02
7.851093464925654186e-02
7.851093464926077459e-02
7.851093464925923415e-02
7.851093464925863741e-02
7.851093464925747167e-02
7.851093464926114929e-02
7.851093464926037213e-02
7.851093464925788801e-02
7.851093464925829046e-02
1.026878941768307602e-01
1.137276878260005536e-01
1.540305004557760982e-01
1.419420206919891625e-01
1.198624333936612885e-01
1.198624333936564729e-01
1.198624333936570974e-01
1.198624333936573333e-01
1.198624333936596925e-01
1.198624333936575137e-01
1.198624333936557096e-01
1.184080748361083790e-01
1.331386603673930524e-01
1.062386830400666587e-01
1.271893931149000456e-01
9.122741671325994284e-02
1.320119601079481897e-01
1.320119601079526028e-01
1.320119601079506322e-01
1.320119601079505489e-01
1.320119601079472182e-01
1.320119601079502436e-01
1.320119601079512706e-01
1.320119601079528249e-01
1.320119601079494387e-01
1.320119601079506044e-01
1.320119601079493277e-01
1.499371394930343326e-01
1.547886482951174869e-01
7.831279438058166842e-02
6.935020468803831939e-02
5.964718708386989449e-02
5.964718708386800017e-02
5.964718708387132390e-02
5.964718708387195534e-02
4.512597263326798003e-02
4.203018301417872638e-02
5.374199014921025863e-02
6.100259737451097647e-02
6.719417661268915765e-02
6.719417661268893560e-02
6.719417661268611841e-02
6.719417661268876907e-02
6.719417661268756170e-02
6.719417661268718700e-02
6.719417661268699271e-02
6.719417661268503594e-02
7.498698627518703141e-02
7.498793549822362070e-02
6.270463438910607590e-02
5.449083004439771866e-02
5.304692535492713801e-02
9.027215602023598573e-02
9.243085577696372179e-02
9.531486826375444588e-02
9.531486826375490384e-02
9.531486826374870047e-02
9.531486826375264176e-02
9.531486826375029642e-02
9.531486826375140664e-02
9.531486826375196175e-02
9.531486826375369648e-02
9.531486826374938048e-02
9.531486826375475119e-02
9.531486826375232257e-02
9.531486826375309973e-02
9.531486826375192012e-02
9.531486826375219767e-02
9.531486826375212829e-02
9.531486826375311361e-02
9.531486826375103194e-02
9.531486826374900578e-02
9.531486826375093480e-02
9.531486826375357158e-02
9.531486826375203114e-02
9.531486826375389076e-02
9.531486826374947763e-02
9.531486826375644428e-02
9.350952481083199541e-02
9.279603158045150735e-02
7.893810963504771516e-02
8.019066428127319401e-02
