-6.505877925028186832e-04
-7.302319351625372740e-04
-2.838624290113259032e-03
-2.914475536832678709e-03
-3.230050595443814850e-03
-3.592408320526785728e-03
-3.174910141166176810e-03
-3.370383055576128568e-03
-3.335976064882814444e-03
-3.271526520094684629e-03
-3.329238787717759065e-03
-3.295143072656333150e-03
-3.296457537564934440e-03
-3.307137817428792981e-03
-3.293927816490051664e-03
-3.302255417255235172e-03
-3.306971564220236200e-03
-3.292863227530980642e-03
-3.323970212170350175e-03
-3.309858441810217475e-03
-3.282871228272213338e-03
-3.290033575114691914e-03
-3.330717286068869947e-03
-3.343843846218645492e-03
-3.411950793222107755e-03
-3.420408351162483856e-03
-3.553041084664692630e-03
-3.674777132382075952e-03
-3.693015990268488317e-03
-4.244860897068058331e-03
-4.165715124309892631e-03
-4.071674215963332240e-03
-6.259303909897017022e-03
-5.015310198262665220e-03
-3.923953070783491037e-03
-4.148070057987151768e-03
1.406631774928619304e-03
2.413567443537168507e-03
2.023771907456765277e-03
5.193428193149107752e-03
4.919226996190715490e-03
4.733417364718744968e-03
4.591537915924962313e-03
3.977916816361446936e-03
3.875871115449492765e-03
3.794348914333194565e-03
3.424563117136649598e-03
3.420999672533631304e-03
3.497038602913192084e-03
2.455190396224862272e-03
2.391698953010934752e-03
1.724073996711876023e-03
6.857452207495296327e-04
1.134110074308833632e-03
3.025809003957262867e-04
7.182088029522024682e-04
-6.182339750569704282e-04
-4.623967418993887857e-03
-5.239254049572063948e-03
-4.590286077973160760e-03
-4.285013749193155273e-03
-5.044251153457730494e-03
-4.875724248463025011e-03
-6.601245787294100081e-03
-1.158918034140322094e-02
-1.236039300262890654e-02
-1.366188994227022710e-02
-1.441780112453255186e-02
-1.671318950060454722e-02
-1.750119296824918097e-02
-1.711614110875820868e-02
-1.770280042953601557e-02
-1.684909557196657970e-02
-1.651854863724610406e-02
-1.728522879041691912e-02
-1.682616953944980273e-02
-1.734508682567338644e-02
-1.993040476573956776e-02
-2.066548646090432192e-02
-2.221854713821570446e-02
-2.387672388868857659e-02
-2.424851278162358861e-02
-2.486497833900487911e-02
-2.436263116952367552e-02
-2.350775596836595857e-02
-2.217848470381508091e-02
-2.112139049372015534e-02
-1.957127633484572957e-02
-1.555223805092440653e-02
-1.379859075707610960e-02
-1.018494278304089493e-02
-8.470112029156840264e-03
-5.491784075954152244e-03
-4.405736516317313063e-03
-5.886131896599573407e-03
-5.445267512705428622e-03
-5.863391918643726108e-03
-8.375728145742028508e-03
-7.527339238701092825e-03
-6.984173582892531755e-03
-7.524436278046912549e-03
-3.647364756265776727e-03
-2.675609021077411751e-03
-1.992792694573746349e-03
-3.052772705504828532e-04
9.292927581584401820e-04
2.963912256795639844e-03
5.960662060031271872e-03
7.362038041447974829e-03
4.806734722124016840e-03
-3.233804509962861715e-03
-5.989883187107396083e-03
-1.272560133239152014e-02
-1.322631099077103273e-02
-1.184656409566972254e-02
-1.041995851459974996e-02
-6.321900453021835412e-03
-8.069680838649739146e-03
-7.482151875368023113e-03
-6.742485224488265969e-03
-7.426233023596556966e-03
-7.183724863689068887e-03
-7.429201444368611212e-03
-6.503957504264279085e-03
-6.646704842415726393e-03
-5.773693329440022018e-03
-4.351676049301905942e-03
-2.383252073997223480e-03
-4.261829013018938322e-03
-6.060667149462416886e-03
-7.889022844416938157e-03
-1.123589125865738156e-02
-1.227760914504214679e-02
-1.551368366271619822e-02
-1.732373345027856532e-02
-1.704089367691389786e-02
-1.885655009168609245e-02
-1.793253970758121665e-02
-1.535479220831386347e-02
-1.443999357841478995e-02
-1.484847928345402884e-02
-1.215822917043909990e-02
-1.245913558815281083e-02
-1.145610860186676780e-02
-1.059788318647273894e-02
-1.055116583017478779e-02
-9.906248330498051979e-03
-9.605544733935943852e-03
-9.015883792252191511e-03
-8.374633055404305526e-03
-7.581822774161328139e-03
-6.732332645651825133e-03
-6.323572522702467641e-03
-5.475967542606876952e-03
-4.773165820654044073e-03
-4.570456521899600444e-03
-2.464157164886575553e-03
-2.616970981559737716e-03
-3.383932339555335324e-03
-3.813119673753398789e-03
-4.416526472037427854e-03
-6.324340789899633025e-03
-5.942035630610241134e-03
-5.014992177771990071e-03
-4.850252726851666737e-03
-3.697121428584958583e-03
-3.504364601729437374e-03
-7.225558405842796416e-04
-4.340602950972636837e-04
-7.344823320990590335e-04
1.252735144449384900e-04
2.605807916734329476e-05
-1.273191334838667875e-05
5.035463232043772223e-04
2.493948463091151860e-04
-1.562070368867027889e-04
-7.037884869448060967e-04
-2.975155816537563419e-03
-3.525509748331181331e-03
-3.824057393033391487e-03
-4.421317957591671885e-03
-5.586692023239219450e-03
-5.476964209157927921e-03
-6.068175036708510668e-03
-6.422660872920820871e-03
-6.221760061432604454e-03
-7.569418168928962465e-03
-6.998538659123487021e-03
-7.706830694026230166e-03
-5.831158270742853832e-03
-1.381082224681980325e-03
-1.002879894407364501e-03
2.865510442303991975e-04
2.065798144601364069e-04
-5.135363839877758914e-03
-6.745610259629525318e-03
-1.250812159743867717e-02
-1.795032019883390298e-02
-1.943784908722016522e-02
-2.350484369954880873e-02
-2.538448202422648528e-02
-2.585740240549064262e-02
-2.689430911628358511e-02
-2.605421297271948503e-02
-2.487671126934061505e-02
-2.436225962360991093e-02
-2.312945867137367051e-02
-2.250743609051097591e-02
-2.064866591684766037e-02
-1.973582296026540200e-02
-1.935273976313988883e-02
-1.815320138845706588e-02
-1.790603294979284735e-02
-1.734941099896809141e-02
-1.629925623629324347e-02
-1.622839120298203569e-02
-1.495608622518800751e-02
-1.386265162481493431e-02
-1.353727469336501836e-02
-1.082704961805749586e-02
-1.070073998921229272e-02
-9.589668714370917432e-03
-8.710206961592725436e-03
-8.845200227261760736e-03
-7.846019778521135662e-03
-8.257545961497383263e-03
-7.992210298679502598e-03
-7.557912318115627553e-03
-6.190221071549702019e-03
-6.095026218242697268e-03
-3.020562221590707662e-03
-3.487432168774588434e-03
-2.907565243201043915e-03
-2.949440353275457286e-03
-2.996830175618232003e-03
-1.192049820597179547e-03
-7.653710809150484663e-04
-2.046980880039406259e-04
-4.668322213550785051e-04
-2.534248679944053114e-03
-1.715878205411362290e-03
-3.031109661325274637e-03
-5.422429998261458182e-03
-3.101378722539945530e-03
-7.531321330546011245e-03
-7.696325902099092862e-03
3.489955423564072151e-03
2.683969988320610272e-03
-3.830714425588306604e-03
-2.443776743697828515e-03
-2.947463711760247088e-03
-4.199193390523248658e-03
-3.674293731321226150e-03
-4.056181945906542179e-03
-4.271405535915122863e-03
-4.214080719357225085e-03
-3.678619977190946810e-03
-3.633908577699648465e-03
-3.405558172814608479e-03
-3.327139136972804417e-03
-3.316677140020696073e-03
-3.299437103457883436e-03
-3.448345704151712862e-03
-3.462374731627689255e-03
-3.796575350485295684e-03
-4.156364665633653296e-03
-4.284073446176393796e-03
-5.794071234891121774e-03
-6.754874500127489891e-03
-7.196373356199214054e-03
-7.535998431454810596e-03
-8.045276817292007152e-03
-5.710920338764473476e-03
-7.111300352124204013e-03
-4.560107373408129813e-03
-1.712895281514698357e-03
-2.984188894232204375e-03
-3.535642952764610995e-03
-2.069860850874536383e-03
-1.533405726491254145e-03
3.808200786521462409e-04
6.714193695197355873e-04
-1.220038182531754797e-04
9.541180829704849764e-04
-1.235525560192324290e-03
-1.210558912966110514e-03
-7.490993659076315920e-04
-2.896319159892133885e-03
-3.308205173987304425e-03
-4.230253774285562540e-03
-5.282279172093753278e-03
-3.113578672102565535e-03
-2.059643767339029014e-03
-2.848374030946959276e-03
-4.571593564589839821e-03
-7.179352593634832219e-03
-1.063002806499616440e-02
-1.263903301338859669e-02
-1.886450252691012491e-02
-1.890646776203241605e-02
-1.897664979160897450e-02
-1.926088322052601012e-02
-1.692050980385123582e-02
-1.637984323331913294e-02
-1.130372995426213480e-02
-9.189593503313919429e-03
-7.943760697167517523e-03
-4.586122703521547210e-03
-3.750987889398108878e-03
-1.779085064894250692e-03
4.491656453283409626e-04
1.305049786071319764e-03
2.384575851846676853e-03
3.205502621709264630e-03
3.471875747474292666e-03
2.480015316401848208e-03
6.620046726234383918e-04
-2.788144838415528189e-03
-3.544005991624865366e-03
-2.998356328118848262e-03
-4.350113772973820438e-03
-4.170245478772411848e-03
-4.775426086004157071e-03
-4.824857233920992923e-03
-5.003822231777936037e-03
-4.752218916948924669e-03
-2.585198873725679403e-03
-1.728420081469350840e-03
-2.652678519669503070e-03
-2.613549296057650351e-03
-2.741157710470868911e-03
-2.556755943132414145e-03
-2.645425173085738744e-03
-3.733577231690670198e-03
-3.991421885754169868e-03
-3.658226337040543577e-03
-5.230876025987445457e-03
-2.102483564036160702e-03
-1.328699554647673736e-03
-1.731809607080231090e-03
-1.294001018121160524e-03
-7.351799064340627668e-05
1.902740609300938033e-04
8.743180969378156440e-04
6.535237407838649518e-04
6.243252852395289468e-04
8.793906020034053181e-04
6.008321891901989174e-04
4.777912635746059682e-04
9.807455149441082851e-04
1.100971889941334018e-03
2.720500437804455277e-03
1.375807371602766295e-03
8.902581420808017678e-04
4.782561021507370164e-04
-1.825910160549415375e-03
-3.340628488180416664e-04
-1.472998280550281243e-04
1.412695628773023068e-03
-5.433344213339598265e-04
-3.571297309391557699e-03
-8.725159243868900460e-03
-1.203424141326082247e-02
-1.578440702753185210e-02
-1.345331998399212220e-02
-8.717579338843907399e-03
-6.707470237244293754e-03
-5.908876620334198478e-03
-5.960452337866573892e-03
-6.934124137007705371e-03
-7.319033644752986206e-03
-8.262026896507511028e-03
-8.878849896171294581e-03
-8.250429911186700840e-03
-7.015071546625893315e-03
-6.516322850902613734e-03
-4.438077743428918594e-03
-2.543868531284844588e-03
-2.632415512823543975e-04
4.013153328790966447e-04
6.635362010103784246e-04
4.654974075689300404e-04
-2.156055176610062983e-03
-3.453664656720639194e-03
-4.920326833625410928e-03
-6.933548232280498103e-03
-7.605854016819205317e-03
-9.543899789036167786e-03
-9.883922357705830081e-03
-9.860190784076282647e-03
-1.069974316639497186e-02
-1.044786081485526985e-02
-1.110452752741188445e-02
-1.128902029633703855e-02
-1.160583025715051717e-02
-1.250911304423497732e-02
-1.234670149167768800e-02
-1.368040297220475716e-02
-1.350613855492683452e-02
-1.343827509993795848e-02
-1.394484576160475234e-02
-1.285407081948612001e-02
-1.314199433641851343e-02
-1.188776932009700214e-02
-1.114193197487280823e-02
-1.227023805801992842e-02
-1.091939901788475942e-02
-1.057628555200450585e-02
-6.032224802153053275e-03
9.655242310237782807e-04
2.528563533410773181e-03
4.641954850709825720e-03
6.414984071692541971e-03
7.382631245987122774e-03
7.342434704067139772e-03
7.285716867995530727e-03
7.473373119825250585e-03
7.399223768940882233e-03
7.404131808993186237e-03
7.509298300705138929e-03
7.425159907008094251e-03
7.430939874902803104e-03
7.659036439165101996e-03
7.268930263940625268e-03
7.730376857177890040e-03
8.159720121490550773e-03
9.023777776962293301e-03
7.041393499324882614e-03
7.479224068806055933e-03
7.875591470997580709e-03
4.809733555462031469e-03
8.111036260837402312e-03
7.499524730222199148e-03
-9.731214819060461782e-04
-1.283983076896020627e-03
-4.128602551064211937e-03
-5.378552994525634574e-03
-6.942812754699047642e-03
-8.284902150627472539e-03
-5.494830683920917322e-03
-5.569817476739083451e-03
-4.034409083357579605e-03
-3.446568854008993845e-03
-3.214016893978368858e-03
-2.792830170974362758e-03
-2.605381344791348613e-03
-2.534064310457077081e-03
-2.589213816341516452e-03
-2.163592518758131709e-03
-2.825047868540684053e-03
-2.581365565065885971e-03
-1.394620271781481279e-03
-1.553399344314396885e-03
-2.785018074688010332e-03
-4.032977706627936809e-03
-5.941549281470427657e-03
-6.625174963967229123e-03
-1.083045964004628915e-02
-1.117339489528133833e-02
-1.084278014393876347e-02
-1.196899927964360441e-02
-1.167092683551042981e-02
-1.185360203144113223e-02
-1.189383177137571385e-02
-1.171246925675036368e-02
-1.165973339345300827e-02
-1.105046860755517883e-02
-1.102373607667171511e-02
-1.000535432540674771e-02
-8.614390983355318596e-03
-8.899005389558078266e-03
-4.190957821424793131e-03
-4.547765780002808490e-03
-3.459559357112253469e-03
-2.223052977107300120e-03
-2.944365015831004913e-03
-2.082286124122095881e-03
-1.645207586628749359e-03
-1.225448933147699595e-03
-1.042774209476384807e-03
-1.087046260484426929e-03
-5.193508740541019023e-04
-5.311784100150827468e-04
-1.186008176533161901e-03
-1.213965917309418538e-03
-1.546830443591547298e-03
-1.699572296056445090e-03
-1.359831346513742109e-03
-1.406081367237999773e-03
-1.341567168775050899e-03
-1.269703868877418646e-03
-1.280830776973133998e-03
-1.245635467394574794e-03
-1.235200552239161401e-03
-1.232368007745440535e-03
-1.221136518549029507e-03
-1.219792294147422056e-03
-1.216789512779199983e-03
-1.214077930272059293e-03
-1.213606317568244591e-03
-1.212209142912211912e-03
-1.211935710963977283e-03
-1.211448723680481595e-03
-1.211093667945794053e-03
-1.212044448268423478e-03
-1.210400506813869882e-03
-1.212538942810985300e-03
-1.213742210412253886e-03
-1.208642475734239986e-03
-1.221994769068779048e-03
-1.212279002839874954e-03
-1.210531528332017175e-03
-1.255135663842579753e-03
-1.181444483700165018e-03
-1.265665282210863421e-03
-1.313634140301883114e-03
-1.066238760671415564e-03
-1.692236032461823551e-03
-1.895824808267765598e-03
