2.093685410571652361e-01
2.186079332013187160e-01
3.506341416498863772e-01
3.715677516879757336e-01
3.604338219864497983e-01
3.842381538618993564e-01
3.715611710115931388e-01
3.747355634330244989e-01
3.782052460851553777e-01
3.739133627344336519e-01
3.768278239450381650e-01
3.761883496338861987e-01
3.756540276691529012e-01
3.765752152334285174e-01
3.760039395802777795e-01
3.761922563288844223e-01
3.762972772649598729e-01
3.761191694172381639e-01
3.762455329997128617e-01
3.761708195201974858e-01
3.761471258555251218e-01
3.761469037742816712e-01
3.760198538468936258e-01
3.760457457350358523e-01
3.758402786129143580e-01
3.756795967657086122e-01
3.756815460442948229e-01
3.749111462539689299e-01
3.749909591317531765e-01
3.743155065015478788e-01
3.724851599759895215e-01
3.735361458829818959e-01
3.692031721877016559e-01
3.674264127080256737e-01
3.680761993848147284e-01
3.501655644540859758e-01
3.449136049345116750e-01
3.326001639089677941e-01
3.166227184141784945e-01
3.081764310702393428e-01
2.998024518947910999e-01
2.618705675821977885e-01
2.586392254337834262e-01
2.193595616419962147e-01
1.947083608848088065e-01
1.810428750970093648e-01
1.016041799223784403e-01
6.256359078501852466e-02
3.032097804999457288e-02
-5.630146834083414598e-02
-7.068260047768978871e-02
-1.024511791647248482e-01
-1.155016769471453458e-01
-8.637741387775890733e-02
-9.644725291128936062e-02
-9.507855522791834602e-02
-7.801229231270237485e-02
-8.728402034817603350e-02
-2.418953544055852112e-01
-3.094242971644105555e-01
-3.626576930683499400e-01
-4.668048717970989525e-01
-4.838119694868994736e-01
-5.548836805049487397e-01
-5.931889717534348794e-01
-5.955066447469983260e-01
-6.502299403187628002e-01
-6.479517661273148654e-01
-6.565911782729598745e-01
-6.859860147357127458e-01
-6.510732537379818607e-01
-6.628058346819338809e-01
-6.479788311613097207e-01
-5.559003201489659540e-01
-5.457390210648837003e-01
-5.392225068892936291e-01
-5.270648288588357655e-01
-5.341253834439754211e-01
-5.307485606444288795e-01
-5.266788956295193058e-01
-5.360877912597257211e-01
-5.324482396667090667e-01
-5.379165712513626074e-01
-5.374142544393667453e-01
-5.275836286685899879e-01
-5.290795037970883463e-01
-5.180868078435222346e-01
-4.930239137891553325e-01
-4.789079574884602675e-01
-3.862933495043813226e-01
-3.180248931680563218e-01
-2.312786066460643108e-01
-1.491716954902925774e-01
-6.253911742482581859e-02
2.022824854823757762e-02
1.867716441126529570e-01
2.715239765837039743e-01
2.839141989480817307e-01
4.066638947918516100e-01
3.954943021415661675e-01
4.201440476407076741e-01
4.318323856160841134e-01
3.860495013444060763e-01
4.204709184524014765e-01
3.848367763355129423e-01
2.991968086583807196e-01
2.856133126133748590e-01
-1.173814267584176452e-02
-4.008212193301716186e-02
5.824955378326292232e-02
8.480733829149246505e-03
6.862842171449670681e-02
8.446416710236981373e-02
3.984386651831621495e-02
-4.953697830833287546e-02
2.139139721281316936e-02
-3.977898492225537264e-02
-3.162577766434949283e-02
-1.415564987054532264e-01
-2.808961854849739703e-01
-3.445011277595539934e-01
-3.773849039031771935e-01
-3.814500504804658743e-01
-3.857875616720799483e-01
-3.337478809714728434e-01
-2.906102262415215520e-01
-2.893655639521707235e-01
-3.050310504575832748e-01
-3.054613457930811515e-01
-3.268378136473201190e-01
-3.461047415801764560e-01
-3.460262741466608727e-01
-3.530669731875480388e-01
-3.531201266210566292e-01
-3.359321737174694178e-01
-3.445832038213837434e-01
-3.236250248139770358e-01
-3.189478561791938005e-01
-3.328102448229046662e-01
-3.126951157529682113e-01
-3.162106290740881454e-01
-3.287172962031454926e-01
-3.226106681151379441e-01
-3.673828542149210064e-01
-4.067088732522194383e-01
-4.720723858126898431e-01
-5.581982545439336807e-01
-6.226561468080036299e-01
-7.226867184103784592e-01
-7.806003875098959099e-01
-8.005101553793656510e-01
-8.368734804141866324e-01
-8.220285704426214535e-01
-7.876926956805025970e-01
-7.266904600536007175e-01
-5.914275386207714647e-01
-4.981966731806048987e-01
-3.134751393532440034e-01
-1.672564616937729787e-01
-7.517278512064895502e-02
1.697006747697839268e-01
2.490113893832358594e-01
1.864079037860097710e-01
2.998242349202770995e-01
2.457883242780796174e-01
9.802429553138047869e-02
9.649104915518443015e-02
-4.555528360873508688e-03
-4.382845750711385213e-02
7.623679333109775746e-02
7.482073315478103559e-02
1.065382779399188656e-01
2.731502827605715167e-01
2.322844000028235767e-01
1.890220170646052245e-01
1.757688985019572048e-01
-1.520534816699822267e-01
-1.391473691747415753e-01
-1.988184321779370989e-01
-2.019946293012093164e-01
-1.514413867160527005e-01
-1.675961714391046020e-01
-1.867715735506828012e-02
-3.140776694383799750e-02
-9.089440371671199392e-02
-6.916694922469297790e-02
-1.543857855680125790e-01
-1.489368808950384260e-01
-8.543731702885792867e-02
-7.545975589709812137e-02
4.366313515765166825e-02
1.484873477459438262e-01
2.530536956041214980e-01
3.566722626580602906e-01
3.993969971362035243e-01
3.910928384054532803e-01
4.013750201925404548e-01
3.795988891320500880e-01
3.121636986795550128e-01
2.528230668631837319e-01
4.476504339923241538e-03
-6.727275406775337641e-02
-5.417312698793770587e-02
-7.106220835985772866e-02
2.391763555339162031e-02
4.494102101627046875e-03
1.388691350387649404e-01
1.557884342143008860e-01
5.229367425067743547e-02
6.956716085410424855e-02
-1.040072005513151959e-03
-8.466122801101232109e-02
-1.355026828781062398e-01
-2.305874173723719833e-01
-3.000195735964632515e-01
-3.330550571001591464e-01
-4.033558991859750309e-01
-4.107172734175376094e-01
-4.075640169986981531e-01
-3.723379329035879648e-01
-2.891621487165260684e-01
-2.378650084669431952e-01
-1.317710903562018254e-01
-6.328167978542528771e-02
-2.043873972265538089e-02
5.879120545333821335e-02
9.523160719175027822e-02
1.416749325510403557e-01
1.911039594654139750e-01
2.065715724134686848e-01
2.987533545779483823e-01
2.349415474513214530e-01
2.561698068378397974e-01
2.428516300551689933e-01
1.190366774532456706e-01
8.962759972380221485e-02
-6.770730644744227256e-02
-1.730502329782476201e-01
-2.322548022324067984e-01
-4.469987994655854058e-01
-4.637189699552337618e-01
-5.254952188308328331e-01
-5.326298520378697221e-01
-5.403511046143620877e-01
-5.623714194739179995e-01
-5.557043855114640607e-01
-5.667005846584980411e-01
-5.713240209828998051e-01
-5.683131901288096532e-01
-5.783447229683550406e-01
-5.767079787698542459e-01
-5.792447774733697763e-01
-5.886021872542661626e-01
-5.828821856187392791e-01
-5.923808398493652927e-01
-5.898521088812356261e-01
-5.786962505280626168e-01
-5.870288421494185283e-01
-5.676488436891622413e-01
-5.648834760944334565e-01
-5.599207270147736892e-01
-5.272067204271908558e-01
-5.253191864707785763e-01
-4.399546112161704103e-01
-3.824158353517315145e-01
-3.100359846586258628e-01
-1.523543153026107322e-01
-9.209322439788365788e-02
1.764371450820444512e-02
1.501764860302087501e-01
1.914982625003465444e-01
2.751300408733852176e-01
2.919109764672736529e-01
2.595374568387102121e-01
2.867575927695316107e-01
2.045442212786121317e-01
1.893723900143982064e-01
2.183387995129627557e-01
1.247631738831880138e-01
1.413030490048987065e-01
8.597852012621773343e-02
-4.691028889286990439e-02
1.835263975016395571e-02
-7.139614785687417586e-02
-4.391676692551362005e-02
-2.155437630319699260e-01
-3.286378637956971493e-01
-3.914063710868043167e-01
-4.849323213636841379e-01
-5.033002106571335954e-01
-5.293463411101726468e-01
-5.419152182100124282e-01
-5.474529364036286871e-01
-5.575395610719442452e-01
-5.602906119065078627e-01
-5.605465736472277083e-01
-5.635471342329707589e-01
-5.621771951958860480e-01
-5.543146813601552703e-01
-5.546676664359813103e-01
-5.385535201450901699e-01
-5.190908837809209420e-01
-5.002559132626187566e-01
-3.619740142203065059e-01
-3.015616256550494034e-01
-1.659930744497273569e-01
-8.217021953114386768e-02
-2.364143216393600061e-02
9.429809785720534576e-02
1.852784713546679896e-01
2.026907798241656955e-01
2.377829090884886476e-01
2.231076119027275706e-01
1.918574887242645022e-01
2.005500979086515256e-01
1.535708323642561712e-01
1.359617751485577841e-01
1.207755967644702222e-01
2.108281832926689470e-02
1.616514435366311897e-02
-2.809823631211664369e-02
-1.881395847701955448e-02
-1.198737978796271669e-01
-1.191200578521126388e-02
-3.844448944161779624e-02
-3.434629066322473362e-02
3.438516401356769836e-02
2.600072953791542421e-03
5.791790004280584353e-02
1.120838518131002937e-01
8.426913061031304775e-02
2.296843645536027489e-01
2.214892532138448833e-01
3.002528241846648405e-02
4.441216342748348367e-02
-4.844808121678143703e-02
-5.901438699360831569e-02
-5.473144089148967301e-02
-9.350436981253924806e-02
-3.319053005328231193e-02
-9.131436594477586668e-03
-2.098248691390097991e-03
1.194489847671330734e-01
8.377362724356025858e-02
5.442521554214135859e-02
1.272218197565116657e-02
-7.440124481729218364e-02
-1.031212923079113941e-01
-1.703195534408339928e-01
-2.185304420938934400e-01
-2.745219953316032635e-01
-3.601921831768555848e-01
-4.072091510209243648e-01
-4.685718925704458471e-01
-5.255527395451382588e-01
-5.597362070204005002e-01
-6.126542064750545302e-01
-6.348920209413106974e-01
-6.624420699519544264e-01
-6.996256648791561172e-01
-7.000561242428202657e-01
-7.231822532644132107e-01
-7.172809469435899032e-01
-7.103431385810270449e-01
-7.096644535148403099e-01
-6.704559115694357363e-01
-6.616646767473592927e-01
-6.188816239658170293e-01
-5.406623638251937258e-01
-5.506517231115450883e-01
-4.963874788790820225e-01
-4.704266280955352042e-01
-3.471069704927471355e-01
-2.338549545796172191e-01
-9.525799701448928181e-02
-7.905781601886724408e-02
-3.870051132315337900e-02
-3.718731877310564593e-02
-2.344769659251911068e-02
-8.488148399896752044e-03
-9.811222769727092480e-03
9.429546882560004700e-03
9.764326241205103021e-03
2.229452587709061101e-02
3.389833388145451626e-02
3.369017492892936033e-02
5.609814817282318677e-02
5.379813493157920012e-02
8.627871038170661921e-02
9.199030613616480945e-02
2.357953395652298556e-02
2.653467666189199617e-02
1.825971072769174905e-02
-3.779199190547563852e-03
1.774754591113022681e-02
7.802311625699180631e-02
7.803523782395727082e-02
1.120352868010584535e-01
1.256688889696002398e-01
1.073138966746355338e-01
1.088565233870044807e-01
8.557898407722677736e-02
7.687396091272349907e-02
6.820023109477647838e-02
5.597381177102467298e-02
4.722954027223220247e-02
3.695757236960195424e-02
2.663458735007369696e-02
7.377783522730065567e-03
-1.968431279955332007e-03
-2.982220476941201820e-02
-6.102747745442826249e-02
-7.685851604316490393e-02
-1.452436215902408456e-01
-1.535629339398904558e-01
-1.688023405799814747e-01
-1.961857224035124803e-01
-2.030851934938937842e-01
-2.599366187740612122e-01
-2.484089781717583323e-01
-3.093579576329287262e-01
-2.999941024991251148e-01
-2.760524306373034475e-01
-2.985201084633787305e-01
-2.413437427201922114e-01
-2.067450743238318511e-01
-2.001749468732108572e-01
-5.227936606153514576e-02
-4.469490290592720988e-02
5.442173468571482632e-03
5.283983125872753622e-02
6.711524818656094959e-02
9.866173324896886088e-02
1.250073512047733537e-01
1.554465722071866063e-01
1.699186932779527537e-01
2.302323886530752151e-01
2.359862637310968791e-01
2.471004070402777475e-01
2.649335743410354826e-01
2.656045097751630335e-01
2.759073485728655295e-01
2.795073536739008935e-01
2.867613609894344995e-01
2.909484608850497755e-01
2.919200308259446430e-01
2.937408278580214138e-01
3.005733286250872882e-01
3.181980072834353357e-01
3.202284019292317430e-01
3.529835082915588895e-01
3.527869318400126963e-01
3.554339303790152171e-01
3.640154110555151035e-01
3.622084195763801140e-01
3.654634865168474023e-01
3.668989477831069435e-01
3.666493465427372866e-01
3.681227653110372700e-01
3.679330483478843727e-01
3.681901227133760890e-01
3.685716946365466540e-01
3.677225240019140196e-01
3.685063948750807450e-01
3.674208293086678734e-01
3.661328104528974170e-01
3.681709155669783406e-01
3.620141207384329762e-01
3.640009481129038993e-01
3.639421962848367054e-01
3.459689808360931207e-01
3.651892729757891809e-01
3.353365187860838370e-01
3.086561628877573238e-01
3.286157038577372513e-01
