3.314477871674774596e-03
3.668767478714435142e-03
8.496550422605679900e-03
8.185000800061646709e-03
1.063859544109845880e-02
1.175381496781504644e-02
1.212973292289578654e-02
1.307170622154897079e-02
1.332374595084525118e-02
1.361967154770150033e-02
1.390743855980704734e-02
1.400198139376531217e-02
1.414303146959200452e-02
1.422588668218785837e-02
1.427319358968448179e-02
1.432672533151150944e-02
1.435289027986754937e-02
1.437506310331391861e-02
1.439322726242024675e-02
1.440223718047932075e-02
1.441162447701264775e-02
1.441663905171177915e-02
1.441849941091447734e-02
1.442344246151885771e-02
1.441915957199396171e-02
1.441947655300709202e-02
1.442264156638162730e-02
1.439931160667352016e-02
1.441637498833073759e-02
1.439483700552651041e-02
1.434215775835791934e-02
1.442744322203038700e-02
1.425122878971570202e-02
1.426972811794867922e-02
1.442537114515096870e-02
1.365736606490247813e-02
1.389602816116655357e-02
1.318617132264315525e-02
1.349073758448858865e-02
1.356518780563924914e-02
1.347216463789622544e-02
1.508971847095825353e-02
1.471690141143017910e-02
1.602982132970269188e-02
1.531472458406422064e-02
1.596502583499201725e-02
1.814583670785010691e-02
1.834497638076004050e-02
2.007269941532643931e-02
2.119360099330255473e-02
2.028517178502369303e-02
2.228895357431593532e-02
1.785255523730696486e-02
1.070157562013329677e-02
2.348079899849890226e-03
-3.335948955993602895e-03
3.415081556383578465e-03
5.120127273172581268e-03
1.538228481619210476e-02
2.408352530221674961e-02
2.536342594421832353e-02
3.138367695842334687e-02
2.774712050661871238e-02
2.062353652943595128e-02
1.809064902304080569e-02
7.898721143461790231e-03
2.533230757511109425e-03
5.121729302463102519e-03
5.463132976712563142e-03
9.624206801054416976e-03
8.474788260802850262e-03
1.086229404802784536e-02
1.169606475646687259e-02
1.195642618702914481e-02
1.372657888811189449e-02
1.224375867731223796e-02
1.235130990173022129e-02
1.464214916883567127e-02
1.403819512585155645e-02
1.687943807931197027e-02
1.627709574653694174e-02
1.607320387765106065e-02
2.305345255983223818e-02
2.371592383949779059e-02
2.680799778738517450e-02
2.648017196793631817e-02
2.738206565158949127e-02
2.261349923217612773e-02
2.345644622243060057e-02
2.003894224170674546e-02
2.111433302132872600e-02
1.871565616187280054e-02
1.527874995352735028e-02
1.455077656811729417e-02
3.144446899163047906e-04
-2.351971989350817426e-03
-3.016749894854456587e-03
-8.398572855999051137e-03
-6.179894190695399588e-03
-1.468042156708772653e-02
-1.553921838431731109e-02
-2.243595248028295436e-02
-2.976540868683070010e-02
-3.515872790782831325e-02
-5.016831964566893787e-02
-5.507145800407653446e-02
-6.826683347148621017e-02
-8.781182275560758810e-02
-1.079097761177441606e-01
-1.354409602744089947e-01
-1.438993847559661976e-01
-1.640588238786921393e-01
-1.758864562214303984e-01
-1.818418009509942812e-01
-2.142230096268449568e-01
-2.267712221603524481e-01
-2.383709260574153055e-01
-2.600406887628839980e-01
-2.604447860892092903e-01
-2.652998459510497731e-01
-2.654799385857541938e-01
-2.526058457386453626e-01
-2.437435143457875319e-01
-2.357109721734587660e-01
-2.183104372814593241e-01
-2.107868740995963719e-01
-2.008202119923340745e-01
-1.866076617063001930e-01
-1.826013668158703029e-01
-1.690202810963429836e-01
-1.676808057486565140e-01
-1.678527404482642038e-01
-1.652826588853560930e-01
-1.670200997524040887e-01
-1.659287164199792497e-01
-1.652862359013474447e-01
-1.676961761682358165e-01
-1.665138266132306089e-01
-1.686046226958537175e-01
-1.710714150874315387e-01
-1.696020197946257468e-01
-1.731916724497882809e-01
-1.691313112437492494e-01
-1.585065037812398714e-01
-1.535887376086078060e-01
-1.365540523584704291e-01
-1.221723802673076037e-01
-1.106563426543100415e-01
-9.458116271327904334e-02
-7.657719782136673814e-02
-6.263459534682719321e-02
-4.773896317982061904e-02
-2.590695056141884001e-02
-1.838528083066680308e-02
-3.356422590541773866e-03
-1.847259682435609292e-03
-3.995501617269864823e-03
-1.119910823119347641e-03
-3.057894916113709435e-03
-3.130911946844472295e-03
-7.794198602659021223e-03
-1.022761752873910940e-02
-9.559747510651750435e-03
-1.084729393637026869e-02
-1.280315558536650883e-02
-9.564881782868546803e-03
-1.134375698650027207e-02
-1.242770896669504258e-02
-1.324063035278586521e-05
1.674901911859341197e-03
6.372879543722216036e-04
5.200737673810710768e-03
5.792016157650525104e-03
8.082358705174335148e-03
1.400579029283548910e-02
1.459600257430135328e-02
1.601597881798947839e-02
1.232507133152443285e-02
1.138311915186033564e-02
9.944245246276562505e-03
1.274855553297248381e-03
-1.552258368542516103e-03
2.282253228549025337e-03
-4.304258989763274854e-03
-6.366229531483993259e-03
-8.847168672468836564e-03
-2.626506662417375099e-02
-3.177600700816807927e-02
-4.819479234795811390e-02
-6.024954236597253321e-02
-7.189860135388841111e-02
-8.949737816166433713e-02
-1.024236209368800110e-01
-1.201421899335126248e-01
-1.275182037191041617e-01
-1.383808694786619053e-01
-1.435950093846278808e-01
-1.510503132252028757e-01
-1.529564271729488278e-01
-1.597408157292939945e-01
-1.647761764826213837e-01
-1.664467812700437532e-01
-1.743632967576266846e-01
-1.763492543607326768e-01
-1.795878410406572256e-01
-1.885708966665328168e-01
-1.871812830843688213e-01
-1.977687533155301491e-01
-2.076496532685765672e-01
-2.154648792338925145e-01
-2.322948574044188530e-01
-2.358894530622854258e-01
-2.496389248742270361e-01
-2.549366354493969866e-01
-2.505793179884423516e-01
-2.490311647019717856e-01
-2.247442210489611625e-01
-2.117643946925031884e-01
-1.927705670640417479e-01
-1.703812939689700046e-01
-1.456915500973683386e-01
-1.223320368484721726e-01
-1.112960189490151131e-01
-9.093136290179934522e-02
-7.926606421915011191e-02
-6.799658392983649879e-02
-3.678362157488272721e-02
-2.728182300368264118e-02
-3.320951752334757798e-03
8.128937693731569727e-03
3.372725013289302413e-03
-1.181276853901252859e-03
-4.685320927054107722e-03
-8.984508231421432789e-03
-1.133859282741722478e-02
-1.352376520071746011e-02
-1.711869682380393401e-02
-1.754047329730111168e-02
-1.571958919994204465e-02
-1.853974491249458026e-02
-1.572074102579596247e-02
-1.910489538228129364e-02
-2.266889692187728372e-02
-1.989958125515276996e-02
-3.017621917574364945e-02
-1.902331597007143188e-02
-1.566747636850582617e-02
-5.297039205622786941e-03
1.714657309405836008e-02
2.773169445101065014e-02
5.279101337948299139e-02
7.829943027793537236e-02
9.173706824696925555e-02
1.101357167308239238e-01
1.087299800227723434e-01
1.036881241084905009e-01
9.532033453342778073e-02
6.912670249488236940e-02
5.187923380310617560e-02
1.871617469537187328e-02
-1.836738470915457973e-03
-6.648555708286941687e-03
-1.818862060257531513e-02
-1.094119629805912451e-02
-1.722892453560898735e-02
-2.105891667895978814e-02
-2.613008408433169921e-02
-4.058182714136288061e-02
-4.402083760433671278e-02
-5.761097390569140664e-02
-7.537269865833944038e-02
-8.894927976297631322e-02
-9.556528544011159976e-02
-1.024348539581542705e-01
-1.013338520012597305e-01
-9.934736671957787590e-02
-1.039558324983904103e-01
-9.976711061386649149e-02
-9.953965108894920200e-02
-9.878094810863147224e-02
-9.335629197483530373e-02
-9.303620481403179765e-02
-9.301202400389355085e-02
-9.247572912154011782e-02
-9.230175073663712815e-02
-9.446584581112670020e-02
-9.782044440886028536e-02
-1.031664047141791218e-01
-1.108232474127905515e-01
-1.175988685272041923e-01
-1.263891595256590727e-01
-1.354605110307223470e-01
-1.446725075844857711e-01
-1.487286884458350333e-01
-1.528577102091762119e-01
-1.613935638241958681e-01
-1.650391497711239108e-01
-1.758494613246515403e-01
-1.791201461215316537e-01
-1.776070443965621082e-01
-1.780709885536655990e-01
-1.733070452078631640e-01
-1.703706582019549054e-01
-1.678349913075095623e-01
-1.589083592881332940e-01
-1.572012778014209577e-01
-1.470111573970552532e-01
-1.350412816056734133e-01
-1.266275964709587809e-01
-1.036581344400781396e-01
-9.404479959314496207e-02
-7.615318854115953051e-02
-5.711903806238405323e-02
-4.203642433643453580e-02
-1.937707626569740160e-02
-1.027354193439617043e-02
-1.811469944530776522e-03
4.336170005098695097e-04
-1.835432195376024726e-03
-6.987905622989715139e-04
-1.806068104378229233e-03
-2.567011032498682684e-03
-7.398732645886888122e-03
-9.567928390925675361e-03
-9.314939018381311608e-03
-1.047696678305819543e-02
-1.242232850563138036e-02
-9.364499278513445032e-03
-1.092836885448043686e-02
-1.207926263270485932e-02
2.609359755580301999e-04
2.419866498193110581e-03
9.494005513875421621e-04
5.859329535457974761e-03
6.987539576131555734e-03
8.276556162120654592e-03
1.602885148561080178e-02
1.590780734191295231e-02
1.663106192876089365e-02
1.945836597554846323e-02
1.712016510353178700e-02
1.743263904904338371e-02
1.442966766707607339e-02
4.902418092259748419e-04
-8.966855382829017757e-03
-1.682442271244035878e-02
-3.343347177730611464e-02
-3.663294304792013428e-02
-3.895135422707630968e-02
-4.415672205826483288e-02
-4.781884529788505561e-02
-5.634893598989963032e-02
-7.019754780858131205e-02
-8.572300719011789749e-02
-1.004535642023054731e-01
-1.075485390228012594e-01
-1.269608156982700575e-01
-1.357849392916682940e-01
-1.292769685298733040e-01
-1.350738230510448445e-01
-1.192652015233226781e-01
-1.157962176403296573e-01
-1.092487350898909138e-01
-8.462903163738363932e-02
-7.817788453431620543e-02
-5.092551750509677344e-02
-2.352777785575493885e-02
-8.830538996459733059e-03
1.743093586252436600e-02
3.230886071475045501e-02
4.531767565710168033e-02
5.926977956076319443e-02
6.117076509540456813e-02
6.461860206010174024e-02
6.687858561201984187e-02
5.985826949477127817e-02
5.813144969877424850e-02
3.730718398950539499e-02
1.483497957217584130e-02
2.135449387441408584e-03
-1.522281885774101964e-02
-1.973851507281808304e-02
-1.533186590803432836e-02
-1.559791593277658206e-02
-1.340637355932625292e-02
-1.643297970022877114e-02
-1.373706380385357646e-02
-1.349238150068747186e-02
-1.503574326979690255e-02
-1.344192491084887121e-02
-1.342128654852531473e-02
-1.447042736055200417e-02
-1.172448306727231181e-02
-1.278775836742293906e-02
-1.412654554604694628e-02
-1.174272579409671967e-02
-6.923037882441630125e-03
-1.786701666698320163e-03
-4.241577430167662623e-03
-1.199087283988343496e-04
2.735791458423032611e-03
6.406755559496343441e-03
5.819000128431676272e-03
-9.779602946852821929e-04
-6.408423306140928477e-03
-8.473424940243459713e-03
-1.071308202627509198e-02
-2.726058360345227916e-02
-2.555306456015078720e-02
-3.194212903136599974e-02
-4.567229763127247238e-02
-5.074061909605455389e-02
-5.075961017041121653e-02
-4.014182526597639966e-02
-3.694719544453072685e-02
-2.962563229249643229e-02
-1.607174190666798078e-02
-8.015068127301077858e-03
1.176420632660547111e-02
2.650666146740479970e-02
5.134840558476579803e-02
7.476516670070765258e-02
9.542961343660910645e-02
1.133499524872357694e-01
1.273543365041221176e-01
1.344820747810874240e-01
1.422903289968670271e-01
1.493167257507898305e-01
1.500469175209533934e-01
1.499661516572337872e-01
1.462177945508209842e-01
1.420143770694248520e-01
1.357023029986873519e-01
1.293657657988422638e-01
1.201939841329295877e-01
1.113792204035380234e-01
1.017879736766063581e-01
8.323034074071263000e-02
6.937300597502192578e-02
5.633091492486533985e-02
3.961634989863887374e-02
3.904082137369114386e-02
2.858921188733368896e-02
2.163112114667584476e-02
1.777203782639172336e-02
1.351503813859263568e-02
-1.728637737720031863e-03
-2.893470739910524760e-03
-9.838847866021864855e-03
-1.436045620611707020e-02
-1.465905146100178469e-02
-1.693073324670313004e-02
-9.002734902379991994e-03
3.367301652412841260e-03
7.616909216481828823e-03
1.521523093968074961e-02
2.163079593240177859e-02
2.356791293939564449e-02
3.087355606995679028e-02
3.266089270367271424e-02
3.241860397044408343e-02
3.322521623766896276e-02
2.964945690893286759e-02
2.834079376672883968e-02
2.733907282359148913e-02
2.339358135264982957e-02
2.064298598933456824e-02
1.948933614159203270e-02
1.002097789461469518e-02
9.599147697981020785e-03
8.118823372662948082e-03
5.312556740696662387e-03
5.588166064198266808e-03
4.266618814908575315e-03
3.935900408194996890e-03
4.163387416478568810e-03
3.405344692011029462e-03
4.721498903051936369e-03
4.509479313246091657e-03
4.810703235846480741e-03
9.261153121056225207e-03
1.004939532684793850e-02
1.098831197055401623e-02
1.157750067484917926e-02
1.147277902545325821e-02
1.184921527449754597e-02
1.191923304595835127e-02
1.196439350772194980e-02
1.208395960370509115e-02
1.209258091485372263e-02
1.213308065814855397e-02
1.216273600299268808e-02
1.216904921446882240e-02
1.218734335852518329e-02
1.219334471039409951e-02
1.219832786989599391e-02
1.220512544756163775e-02
1.220327822937545062e-02
1.220971679751934463e-02
1.220837754698694648e-02
1.220101447148220011e-02
1.221997020300405815e-02
1.219000837468089786e-02
1.219889948862910335e-02
1.223330406401897281e-02
1.210828688159731707e-02
1.226065980124611127e-02
1.217156857400699191e-02
1.191912082833953938e-02
1.257937665899858462e-02
1.156961639994655983e-02
1.187481988399167153e-02
1.246654254058120193e-02
