-1.683984897554794899e-02
-1.846511349520043449e-02
-4.500652419659362941e-02
-5.245771309163258650e-02
-3.671620444183394671e-02
-3.140683199445332141e-02
-2.477244534941984780e-02
-2.293702721652098042e-02
-2.217631236132067141e-02
-2.180978486628496263e-02
-2.175904589779970380e-02
-2.173449155467562302e-02
-2.173132996206839432e-02
-2.173254371468017268e-02
-2.173234701567823904e-02
-2.173236101192300637e-02
-2.173236968921897494e-02
-2.173236815215846829e-02
-2.173236822108104774e-02
-2.173236822146414754e-02
-2.173236822122179626e-02
-2.173236822179648239e-02
-2.173236822506530858e-02
-2.173236793629681682e-02
-2.173237359618134315e-02
-2.173233517661297270e-02
-2.173234701098192626e-02
-2.173318101956727907e-02
-2.172746218026515644e-02
-2.174519445805109252e-02
-2.180820388242300095e-02
-2.172009704715669592e-02
-2.249923784264666951e-02
-2.349556765683766257e-02
-2.312616718496500121e-02
-3.469058910838587750e-02
-3.431715602220006961e-02
-3.571242821719051302e-02
-3.433588420793891316e-02
-3.490568406747783514e-02
-3.320302801840852719e-02
-8.201591495565393672e-03
-7.310742327058234076e-03
-1.321349944569398527e-02
-1.365740063779161129e-02
-1.707918282429991136e-02
-4.237981867403404351e-02
-3.392114694710589989e-02
-2.077876622558778863e-02
-2.070275216727805734e-02
-5.485977764569614779e-02
-5.552350085160132065e-02
-2.249190779346130903e-02
-3.748969228558274736e-03
2.809613921828304529e-03
-2.740611496401663613e-02
-3.613844292667883068e-02
-4.981904766653550559e-02
-5.608733621352127857e-02
-4.214206054372119509e-02
-5.574510112633634940e-02
-1.189102223918282186e-01
-1.521500806159661601e-01
-1.390175127164990920e-01
-1.300655723784988060e-01
-1.158044994452434584e-01
-1.074101998890037435e-01
-1.091252087063723092e-01
-1.011646665326408900e-01
-1.132390502374875235e-01
-1.054393816753786406e-01
-7.653390350254415941e-02
-6.526525696921658959e-02
-7.439954910720977810e-02
-6.400999385352333648e-02
-6.641327024180954108e-02
-6.780796632661462153e-02
-5.242242317858186035e-02
-6.724578170124567711e-02
-6.693312198317676043e-02
-8.909587752354858337e-02
-7.456809466607695891e-02
-7.406398177512522885e-02
-8.595507443036633222e-02
-9.491032402649354771e-02
-8.485513837347938293e-02
-4.506589488085121359e-02
-9.309854765896899073e-03
9.958970231646451302e-03
-3.256759574026536069e-03
-1.753605962073443575e-02
-1.493535810321638090e-02
-5.399577411966473284e-02
-5.737368716876335706e-02
-2.187250720451557398e-02
-1.299376285928192064e-02
-2.441818853798230580e-03
-6.963435994903152508e-03
-2.533261872622719502e-03
-2.809283053418606957e-02
-5.788876615628858746e-02
-9.562192816927271577e-02
-1.280321256506782579e-01
-1.029438897236011341e-01
-6.720224612561523370e-02
-9.042317413809294879e-02
-8.480684432358556735e-02
-9.062250733340830589e-02
-9.325088490503964656e-02
-9.008750731626993802e-02
-2.022268145268543357e-02
-2.279587945000679725e-02
-2.130216802193900943e-02
-1.354249761030933835e-02
-8.897665281605819654e-02
-8.937477573899108019e-02
-8.437340958497809018e-02
-7.520206331849391135e-02
-8.401031516357522488e-02
-7.623449374508479981e-02
-7.337936983274072344e-02
-8.839580280814050839e-02
-6.020610239575736877e-02
-9.730907451319896484e-02
-7.252514634472209676e-02
-8.753290833914276203e-02
-7.931228594547770627e-02
-7.123531081783630869e-02
-4.432565014707806617e-02
-6.489875865318610326e-02
-5.036400108913492712e-02
-3.610423242513686320e-02
-3.840106953655243738e-02
-1.936511716961483807e-03
-6.141712385924949676e-03
-4.291695484804426003e-02
-5.809890454352631406e-02
-6.625499609804716417e-02
-9.669581789603756694e-02
-8.471523861852525705e-02
-3.362038010080457134e-02
-2.771930704642894955e-02
-4.053589614489526427e-02
-3.644356681058164016e-02
-8.060147494726349615e-02
-7.236988328410298710e-02
-8.356835489934467953e-02
-6.424344305115101128e-02
-6.433670737440619347e-02
-4.142647564236298652e-02
-3.315288504907202422e-02
4.772146969577949725e-04
-2.971425488901553984e-03
-3.494948633089629136e-02
-1.995767131451066032e-02
-5.684311697439263511e-02
-6.907538414369784885e-02
-3.929451957661035666e-02
2.021027377413623163e-02
5.578003311303333933e-02
1.087918379317803774e-02
-7.393335478980091191e-02
-1.125561198087204201e-01
-1.058094795759451090e-01
-1.495431708342717658e-01
-1.581803575301778120e-01
-1.397658654039077297e-01
-1.483472133019943240e-01
-1.029805158230443080e-01
-3.232992128878252325e-02
-2.386337220519440042e-03
-5.022993221762707058e-03
-2.493739339091712200e-03
-8.612858217124073901e-02
-1.351604739883253692e-01
-1.793371138523892905e-01
-2.273408128107038684e-01
-2.741519148161818409e-01
-2.827364656971000367e-01
-2.289367922794268984e-01
-2.166490542841670586e-01
-2.386288261657800169e-01
-2.155839886191499022e-01
-2.626899108852147058e-01
-2.828826544471612636e-01
-1.938098465854417307e-01
-1.991899059227138502e-01
-1.308256855866617718e-01
-1.056609960609788401e-01
-1.014233320290552492e-01
-8.176540315639542478e-02
-1.076441966922553339e-01
-1.036710875860798464e-01
-7.942521774837839332e-02
-8.650579503498093126e-02
-7.409559318855571397e-02
-8.768031818507293629e-02
-9.915971485633638671e-02
-9.648413263369509663e-02
-1.085287641318814916e-01
-1.144764401288509564e-01
-1.212755154942814773e-01
-1.688873746799047781e-01
-1.709306540224664051e-01
-1.633702653363144630e-01
-1.761986188752013016e-01
-1.730874560669609930e-01
-1.806931132594118417e-01
-1.872228620972397062e-01
-1.810998438590451232e-01
-2.132322729033485631e-01
-2.226772661544904330e-01
-2.085330442621810554e-01
-2.095302647895394832e-01
-1.560317557406839528e-01
-1.553570240546737202e-01
-1.321804950839676751e-01
-4.877475225174075779e-02
-3.843149041565636914e-02
-3.848772521592001145e-02
-2.959255017790695177e-02
-2.089882849775102566e-02
-2.890306223510207689e-02
-1.313511849384316026e-02
-3.911580547772793709e-03
9.165347588590868873e-04
-1.171833403834617385e-04
-1.745547201083620659e-02
-4.603160440219005584e-02
-4.318585944958090728e-02
-4.985273000691478607e-02
-5.995751934488276896e-02
-6.292334419685145785e-02
-2.433817798553555845e-02
-1.191313936715720709e-02
-3.016570759017747627e-02
-3.405338805624469334e-02
-8.478828018672254774e-02
-1.023293466830551973e-01
-7.995662330592998024e-02
-7.846459380045484044e-02
-1.666735691652896090e-01
-1.760143248626486190e-01
-1.134233974595634797e-01
-1.127546520767913341e-01
-1.873183746432772190e-01
-1.682032532304092998e-01
-1.272069605060796582e-01
-1.041286352983700758e-01
-1.242698378274043614e-01
-1.525738684511852017e-01
-1.442976275524081864e-01
-8.895005154003370051e-02
-4.887441249621347211e-02
1.307733187564972567e-02
1.591993068461540484e-02
3.376735588838177676e-02
2.363114802600728773e-02
1.091803853131017611e-02
1.245851388607111497e-02
2.512409872473320843e-02
3.398454333821736978e-02
4.748743316450888818e-02
7.003150766931268145e-02
4.635988039271997374e-02
4.354692569211024086e-03
-3.030176089989627605e-02
-2.898156631070934047e-02
-3.890360090273384946e-02
-2.878580372100458459e-02
-5.798318110124818514e-02
-4.791408669725168851e-02
-2.976916454045687097e-02
-6.000661571597797755e-03
-2.625834658588332635e-02
-5.272903965938723764e-03
-7.170178824228579627e-03
-6.104389138676862003e-02
-8.100474026891640866e-02
-6.758077539360116126e-02
-9.806732775387155820e-02
-1.600798334478469309e-01
-1.654364603575473325e-01
-1.943323423504551006e-01
-1.795472255592071853e-01
-1.393658683605975002e-01
-1.195654406628822025e-01
-1.008000477451162641e-01
-1.142424168962608150e-01
-1.350739581272300260e-01
-1.586193038958095269e-01
-1.463439337482930203e-01
-1.419210985817306869e-01
-1.268437391953518567e-01
-1.118760730687397842e-01
-1.326065205212720033e-01
-1.232499504646459715e-01
-1.258607626585013517e-01
-1.257973964754192930e-01
-1.251893920603395216e-01
-1.298272714328173594e-01
-1.153279036683855369e-01
-1.303650560745837628e-01
-1.298505383714377293e-01
-1.431307794264116695e-01
-1.400858290910306225e-01
-1.365433735315680908e-01
-1.485794029560679463e-01
-1.240316437176476605e-01
-3.621431002898435614e-02
-1.258329335858974010e-02
-4.044096995048363646e-02
-6.644444698907416534e-03
-1.749090702375463019e-02
-1.415971704318989312e-02
-1.317520247351448674e-02
2.429526692225425846e-03
5.907165607926284645e-03
7.333887809900783462e-04
-5.345287370009037947e-03
-1.356042468797381828e-02
-1.298722259916736121e-02
-1.202480545055704085e-02
-1.850437329945177345e-02
-2.457600804414130681e-03
-1.289887272985052943e-02
-7.893566899014686777e-02
-9.960219279716947538e-02
-1.035733293164379232e-01
-5.352116461091638994e-02
-3.957267747894516186e-02
-2.543070823603588160e-02
-1.632849485615470511e-02
-1.173764747485747661e-02
1.494160620794381979e-02
1.407686902865394780e-02
3.866172957707028016e-03
5.653219481722110244e-03
5.533707177656439595e-03
2.841825140559775704e-03
1.009439478077372825e-02
8.632667282001777950e-03
-3.119837275989232467e-02
-3.482230213953914355e-02
-3.344949197995544105e-02
-3.678282242250491968e-02
-3.773010990981404134e-02
-3.649052320197729293e-02
-5.047865504389383723e-02
-5.276375992268951542e-02
-3.412639074432719660e-02
-2.832715657401439074e-02
-2.140368970721752070e-02
-1.993642324676012448e-02
-1.919129209514463738e-02
-1.885262696064980356e-02
-1.833777582791912969e-02
-1.757610223878905073e-02
-1.767305736322414764e-02
-9.417688424543135470e-03
-7.618355692718657875e-03
-8.502565605057339423e-03
-1.162564417707555309e-02
-1.765772728042877202e-02
-1.791257111797195378e-02
-1.541526511634973458e-02
-1.532447894239070442e-02
-1.503383317596839429e-02
-1.482455473143863382e-02
-1.481496638606004911e-02
-1.479857486407121225e-02
-1.479211746039804480e-02
-1.479249033481653576e-02
-1.479247090205993570e-02
-1.479245691812643843e-02
-1.479246251736976783e-02
-1.479246286361944954e-02
-1.479246282701965169e-02
-1.479246281432534948e-02
-1.479246281532865803e-02
-1.479246282083906266e-02
-1.479246269056047267e-02
-1.479246356349231406e-02
-1.479246407101957733e-02
-1.479243892483238058e-02
-1.479257550935346617e-02
-1.479231590059561056e-02
-1.478989456625499910e-02
-1.479547887501903546e-02
-1.478981814510053026e-02
-1.474142941270701473e-02
-1.490009126253950128e-02
-1.480526866806184186e-02
-1.442763129784739758e-02
-1.707749690130835538e-02
-1.746285382831874039e-02
