8.783129494302533563e-03
9.417747065909448656e-03
2.027506304781381830e-02
2.022532180893132220e-02
2.412457144093840128e-02
2.546249709676555104e-02
2.460317353096630466e-02
2.531020051192587467e-02
2.504444515184270706e-02
2.484595766031327466e-02
2.487946843547504325e-02
2.476097767650805789e-02
2.471786399489976638e-02
2.475192856718997844e-02
2.472942915592594298e-02
2.469484238230825260e-02
2.493775342902281728e-02
2.465537292447582407e-02
2.477558811093600113e-02
2.533397085653419159e-02
2.334233192014476335e-02
2.359580144172931243e-02
2.157458990829921874e-02
2.160320386120083425e-02
2.117282922605122353e-02
2.063216778974210838e-02
2.181285901123276860e-02
2.006467404566747784e-02
2.125274664673407546e-02
2.280117065919120764e-02
1.432644189134370596e-02
1.343995149516954979e-02
5.568124121372208975e-03
-1.720356986144295271e-03
-1.671286221479158576e-02
-2.039326819686293826e-02
-4.375260833158617357e-02
-4.399918282737450004e-02
-3.204951765888268411e-02
-3.686127075761773397e-02
-3.255279372336004201e-02
-2.600528327837872689e-02
-2.510719798001268682e-02
-2.684810306205016178e-02
-2.486785315523832446e-02
-2.404099565999168533e-02
-2.665557278371268740e-02
-2.201594945164075598e-02
-2.329685626404963059e-02
-3.384068276024058963e-02
-3.825832735503368470e-02
-3.867431469126289545e-02
-4.650379691447652231e-02
-4.884303982517955445e-02
-4.235533619972541020e-02
-3.837289187404975543e-02
-1.873405368645982352e-02
-1.185072928731170476e-02
-1.948466589648190778e-03
5.803246101536613938e-03
3.138453225483041342e-02
3.745175879594796892e-02
5.295054904116680561e-02
2.907661640941878317e-02
3.006643624701614906e-03
-2.257216026052490804e-02
-8.913717924523034686e-02
-1.046278153790909798e-01
-1.301963492116067767e-01
-1.460080224960043360e-01
-1.383022156412087311e-01
-1.374217136168311981e-01
-1.384241571600598186e-01
-1.232256637295600643e-01
-1.318575061740660248e-01
-1.291278398085489443e-01
-1.331593141859693241e-01
-1.634369433479145872e-01
-1.845668463966036454e-01
-2.157515921777802548e-01
-2.570952606100722071e-01
-2.716313738066709615e-01
-2.807320696989895614e-01
-2.781353937035346280e-01
-2.260770034030157583e-01
-2.013288678019982958e-01
-1.589671928879944629e-01
-1.203609975403299864e-01
-6.304604099427439656e-02
-3.079562598701232959e-02
-2.924082542053892814e-02
-6.993415397555009100e-03
-1.641230301597561281e-02
-2.809014662912570279e-02
-2.596927299637362060e-02
-3.656109470033414716e-02
-3.395551022033167082e-02
-1.947576159824145059e-02
-2.343487290434848047e-02
-1.514656166410241998e-02
-1.441227929340592115e-02
-3.322475618990693158e-02
-3.175004171617806792e-02
-8.266734145156674415e-03
-2.037399066955882312e-02
-1.684517825387097864e-02
-2.039274196526377411e-02
-2.925566495573741696e-02
-4.454728653937684024e-02
-3.387203630424237555e-02
-5.133177027085426142e-02
-8.044860885594304345e-02
-1.040148657638167579e-01
-1.141517259424546377e-01
-1.044771395413399556e-01
-9.386909597204037836e-02
-6.526400539710365545e-02
-3.707430302930982136e-02
-1.267719543241437388e-02
3.273985656403204797e-02
4.243178770385755416e-02
6.382867371323125427e-02
6.650156455407880973e-02
4.525623616505567576e-02
5.476862435874393920e-02
4.674680372942974921e-02
7.881643132381085720e-04
-1.933904080424372202e-02
-3.989327578392752593e-02
-7.871098381660715515e-02
-7.633787942867746590e-02
-6.791030820348069319e-02
-6.509089652422218875e-02
-5.299649905701160624e-02
-2.920339732632465726e-02
-4.236995667959146672e-02
-9.004049452198632786e-02
-1.022541781414370715e-01
-1.361318528488765223e-01
-1.356781053513638202e-01
-1.483960109553063567e-01
-1.457639749806899920e-01
-1.446449181900379133e-01
-1.541476727641304389e-01
-1.489383973620873602e-01
-1.626441386445341419e-01
-1.739717702012266998e-01
-1.719198370538646825e-01
-1.926383111519829883e-01
-1.839164838865829932e-01
-1.604013707378592057e-01
-1.594519681108827192e-01
-1.102125207957670022e-01
-8.523448001365931115e-02
-7.871207034263673352e-02
-5.053250874709448032e-02
-3.338946509622851833e-02
-2.559084222249137161e-02
-2.371610693604890574e-02
2.653601167155915201e-03
8.155089401878194699e-03
2.250775887579444315e-02
1.964402528343722060e-02
3.980816903001015844e-03
3.487936773137178051e-03
-1.323712211060073390e-03
-5.479244795013724426e-03
-2.090355067823882612e-02
-2.585936814413251211e-02
-2.371703928284247739e-02
-2.806042876133338360e-02
-3.149649725698267649e-02
-2.550920511689235351e-02
-3.431095752298378432e-02
-3.772658749562257663e-02
-5.858025254229210811e-03
-1.772109101618677242e-03
-1.073272823965975252e-02
-3.018906578332159960e-03
-1.514497749747850078e-04
2.036962602449806042e-04
2.902512628271235184e-02
2.916331253462874779e-02
3.113174387425690984e-02
3.697267426838218157e-02
3.812771216036682509e-02
4.672874275856877396e-02
3.794328642391683881e-02
4.002062438679718226e-02
3.531087371459742247e-02
1.139258271262541533e-02
5.736173152878375550e-03
4.276063421280476735e-03
-1.290100039944713090e-02
-6.375802514184251979e-02
-1.047386893269071917e-01
-1.695393809783256600e-01
-2.446445756602100008e-01
-2.326545271272645043e-01
-2.620514362007508313e-01
-2.715228449212203632e-01
-2.663797528914949586e-01
-2.857379220215529037e-01
-2.814911999179253721e-01
-2.930965250658333354e-01
-2.968527502345349456e-01
-2.839497900805812991e-01
-2.907555317842359655e-01
-2.912466071072370988e-01
-2.891969053695535030e-01
-2.857571113571859001e-01
-2.742927041936047416e-01
-2.751863740550092308e-01
-2.696097874711412268e-01
-2.602186441593339894e-01
-2.695209239029651704e-01
-2.519515435063702236e-01
-2.344011289049298119e-01
-2.278359673428081433e-01
-1.967692398764567252e-01
-1.832233229968504296e-01
-1.478831634468495970e-01
-1.114133762081289808e-01
-8.973822151961143023e-02
-6.730830847009794393e-02
-1.713568257472890266e-02
-3.673684078148699295e-03
-4.189873023471301933e-04
3.595319911891599329e-02
3.418019308827020125e-02
5.357749993432817104e-02
5.074435325252454887e-02
3.861906261739866258e-02
4.574429682652009221e-02
3.832941346569819496e-02
1.496745414641544383e-02
8.477381037873604405e-03
-2.538238181666955390e-02
-3.817901577469571400e-02
-3.577302736666342076e-02
-2.577569640398336137e-02
-1.934679706256249576e-02
-2.183414612323215237e-02
-1.193245370820987007e-02
3.530047424328504758e-03
8.357095582082139582e-03
2.034534849898139881e-03
1.410739691891731672e-03
1.120957007819949752e-02
7.948571670426290633e-03
8.042628093415138055e-03
9.471285563441156005e-03
8.959604892445276886e-03
8.342385624329614821e-03
8.736924222327102987e-03
9.697696026470574437e-03
3.574836489806338356e-03
4.071916570143540096e-03
1.036540272403713294e-04
-1.066098021727561289e-03
-2.204284686600413825e-04
-2.086517519710340274e-03
-1.900264214715913702e-03
2.378800773365890783e-03
-7.487860945830168355e-03
-1.727518399429561194e-03
-5.834100955205035778e-03
-5.595352446398908081e-02
-7.267347327021740633e-02
-1.121104603974828612e-01
-1.191868107172615043e-01
-1.268278955260217222e-01
-1.056002149814450897e-01
-9.462140414808659084e-02
-7.235983763551426251e-02
-2.291408358130500936e-02
-7.217651664155601233e-04
3.541691141844134638e-02
8.162507364638735274e-02
1.001332177952431041e-01
1.488965949053285553e-01
1.441928509358565147e-01
1.345827327062291690e-01
1.376564184871172380e-01
8.431534416003506893e-02
6.774960090065840213e-02
2.965315979621104686e-02
-1.222589606828300597e-02
-2.886741615806535585e-02
-6.962893781026054107e-02
-8.673803721608216999e-02
-5.647578452585846898e-02
-6.458127696316195987e-02
-5.894949593693624146e-02
-4.590079701451107302e-02
-7.640160045249151655e-02
-7.504131180624878938e-02
-1.024796528303322796e-01
-1.156931591591463387e-01
-1.304154545252008135e-01
-1.307071501598816854e-01
-1.308395397634988244e-01
-1.323178677596651975e-01
-1.206993234072456789e-01
-1.097115974880179118e-01
-9.187825356366784157e-02
-8.843574312040608509e-02
-6.354756116136937860e-02
-5.029731242204495828e-02
-4.140726879243582931e-02
-8.644935967889988068e-03
2.280935528166614116e-04
1.508485137178641050e-02
2.968387647647769551e-02
2.181632783070124731e-02
2.111603108703720422e-02
-6.112835726731755993e-04
-3.202859263028641490e-02
-2.000548883984445969e-02
1.313817857199609668e-02
3.947091200824067586e-02
4.053437704050087687e-02
4.402011810044807044e-02
4.497946992465191168e-02
4.178232367315345974e-02
4.191501970064352711e-02
2.559992053520432093e-03
-5.188840980098278696e-03
-1.360864374437933781e-02
-4.953876920114173854e-02
-6.051238640234764266e-02
-8.032602767268844091e-02
-9.171764385906806816e-02
-9.287736869721198441e-02
-7.994486679563572729e-02
-8.669157179241948619e-02
-7.323344460418881874e-02
-5.834224884303797903e-02
-3.455221006465904188e-02
6.713576627457303742e-03
4.440545192442419548e-02
7.900947428067435496e-02
9.775285876752237701e-02
1.089193125476102669e-01
1.069095440726867408e-01
1.027321449771492756e-01
1.070736495381740816e-01
9.739925738395571742e-02
7.825575164663972627e-02
7.192216420283684131e-02
3.005118206141229459e-02
2.735540665001501628e-03
-2.055750387251951972e-02
-5.487904382073163084e-02
-6.340486464227668151e-02
-7.265664945637237415e-02
-6.532202421564439754e-02
-5.618175190113115780e-02
-2.345264448300716370e-02
-2.842056641255816946e-02
-6.511016294726017575e-03
-3.148801470246662820e-02
-8.082729022168815003e-02
-9.831398020332597631e-02
-1.000596795680494533e-01
-9.397989631432486501e-02
-6.802414850715264583e-02
-7.268007402830242714e-02
-5.930597337802948066e-02
-5.958530742793799462e-02
-5.158917013301061311e-02
-2.455591535930232161e-02
-4.032999058003194047e-03
-8.813748346991596636e-03
-1.456635242207207290e-02
-2.477019884743662803e-02
-3.170815450296404769e-02
-4.459707882791927314e-02
-5.387515735685415030e-02
-5.767611444692125056e-02
-7.512552431447543089e-02
-7.255902177865369840e-02
-9.099661696048456927e-02
-6.879891960420639330e-02
-8.344530203187651429e-02
-9.067766804459977126e-02
-8.640006158417277982e-02
-1.207903933861223245e-01
-1.232658962454711155e-01
-1.268043515880541705e-01
-1.469328421843253407e-01
-1.332950269748540140e-01
-1.398148075344206875e-01
-1.490761123469603322e-01
-1.311015036184068339e-01
-1.332387934206217539e-01
-1.187223014396528303e-01
-9.494797424791132090e-02
-8.833340503230102669e-02
-6.827440713683870233e-02
-5.383860022627698361e-02
-4.780592259344650097e-02
-4.180310357282117362e-02
-2.541540520779460993e-02
-2.586074331074516425e-02
-3.977216804731233818e-02
-3.425615036311956824e-02
-4.726409622018380025e-02
-6.158944635190465727e-03
5.291337974721161547e-02
5.545838033784705745e-02
4.310591855951071555e-02
5.076051048309391384e-02
9.363947611345700911e-04
-5.427337016146938781e-03
-5.241987945418885575e-03
-1.630398602048611228e-02
-1.533842888007550323e-02
-1.599383133777896454e-02
-1.780836178615878909e-02
-1.747555220861972056e-02
-1.620741519420585211e-02
-2.046922172155962380e-02
-1.843373714588541004e-02
-1.881584053653368935e-02
-3.922694750603177016e-02
-4.069275376842915876e-02
-4.549120071808127747e-02
-4.567077202703238165e-02
-4.865164448085822907e-02
-4.423256076989073166e-02
-2.770461955287676498e-02
-2.739756835627961060e-02
-1.234245233390715037e-04
1.148503446310488244e-02
2.772428978460987625e-02
3.273831054513058614e-02
5.374985651426888306e-02
5.610096859303172201e-02
5.506045990426592512e-02
5.134005501390254828e-02
4.572191049994623474e-02
4.501365344759221399e-02
4.259373435378466244e-02
4.285341227713182488e-02
4.152509358191343314e-02
4.139552617635591097e-02
4.550837882940182710e-02
3.622405819580712394e-02
4.466862388718351173e-02
4.202747360170591001e-02
3.140481286060161216e-04
-6.461683041705404938e-03
-4.308551081522283416e-02
-4.403878537230340728e-02
-4.256880103648525565e-02
-5.045303511268686009e-02
-1.220091599033776286e-02
-6.067169092324640849e-03
4.386098303367429001e-03
1.365750926395468100e-02
1.530048374965946832e-02
1.830855008786708149e-02
1.977155042858503090e-02
2.103037751040468320e-02
2.158686839456988929e-02
2.459803104542189825e-02
2.817046429484781553e-02
2.961997103467364778e-02
4.402085013149147769e-02
4.616040287982064311e-02
5.258962325921489461e-02
4.798550564857347739e-02
3.442721079827158748e-02
3.111204128517041853e-02
1.882476195414087630e-02
1.497442981802907420e-02
-7.980774931602123076e-03
-7.724925812803241920e-03
-5.181191826162992106e-03
-6.327493010450501582e-03
-5.361305080076913220e-03
-4.640072434785932377e-03
1.147079911612101412e-02
1.243971619743455999e-02
1.718457755341907742e-02
2.044758270590500693e-02
1.972034923156640307e-02
2.005434007663175686e-02
2.033951081087418192e-02
2.007917053338997490e-02
2.010601962209274465e-02
2.010077196285934426e-02
2.003083255907151666e-02
2.002830553270264213e-02
2.001917646139687174e-02
2.000695758647580078e-02
2.000677406128344507e-02
2.000514324041623507e-02
2.000394297397738858e-02
2.000405154467586183e-02
2.000390042069339833e-02
2.000386808678666917e-02
2.000378263563980241e-02
2.000390246957364088e-02
2.000399567437136095e-02
2.000274485359470472e-02
2.000461179191347083e-02
2.000167007998155874e-02
1.999404823388617816e-02
2.000750870739714110e-02
1.996029648614937660e-02
1.996327759867975310e-02
1.997802108201990334e-02
1.966904567443970159e-02
2.002714680533170671e-02
1.935923772322142508e-02
1.862061886034732314e-02
1.902934843741253129e-02
