2.877703586062202445e-01
2.977767323152107348e-01
4.518863580093222532e-01
4.760645663898396829e-01
4.608944053927551687e-01
4.887752593450738758e-01
4.758737045837331259e-01
4.790015980431566178e-01
4.840923297195254826e-01
4.791065263939124907e-01
4.827047500185326911e-01
4.822681524058187730e-01
4.815788101360460871e-01
4.828680566591305179e-01
4.822103917843350573e-01
4.824608867311110938e-01
4.826590673973711332e-01
4.824301939337724554e-01
4.826107333558671275e-01
4.825344823306585429e-01
4.824913836296277903e-01
4.824987076114294338e-01
4.823531647376406162e-01
4.823343678085098563e-01
4.821219671108011862e-01
4.819111901835220757e-01
4.817974707277325463e-01
4.810864063908943389e-01
4.809221377586922475e-01
4.801528412739528018e-01
4.785170483609697545e-01
4.786605515413603351e-01
4.750593036611878706e-01
4.729556309772387501e-01
4.718767736311355043e-01
4.586867985395916003e-01
4.518206291491979054e-01
4.420935561883956866e-01
4.272666917508219364e-01
4.148802248983747831e-01
4.064893725709569638e-01
3.723689883566658754e-01
3.656191889339118206e-01
3.420244083172427341e-01
3.083236809949462254e-01
3.072506723083872626e-01
2.509385766239545235e-01
2.359245995777972116e-01
2.349466990061731264e-01
1.882232069242714689e-01
1.991814192277540363e-01
2.029938241994844461e-01
1.779889439201623458e-01
2.732073766823662764e-01
2.855596920607675338e-01
3.203988768306965107e-01
5.072620785392237819e-01
5.228938120104701381e-01
5.598306245922267665e-01
6.138614568865407017e-01
6.193872073200890060e-01
6.944460258271472064e-01
6.963082648004611519e-01
7.212574364522681414e-01
7.420104888006984201e-01
7.334063441449978349e-01
7.512400043287299489e-01
7.482466096980742165e-01
7.373608349999342115e-01
7.475598747070344441e-01
7.301538919701919816e-01
7.204248258448262554e-01
7.148939797293913934e-01
6.256854020101992875e-01
5.998473437693057075e-01
5.160513751697466400e-01
4.754659908340913566e-01
4.410484508622820043e-01
3.721139077853766186e-01
3.525802102801687266e-01
3.011764517751497339e-01
2.522961131796546130e-01
2.333378955764268681e-01
1.911804818706279163e-01
1.752544384913193032e-01
1.604180287759985890e-01
1.348484589395336497e-01
1.429515626803312955e-01
1.300996709413297092e-01
1.044179685401981361e-01
1.116930320860699405e-01
7.385983623680306143e-02
1.232750599990558582e-01
1.380276047250569293e-01
1.589626915427025389e-01
3.527616622117599743e-01
3.999877373766880795e-01
4.417989576834643328e-01
5.806396727520941603e-01
5.745262344519469488e-01
6.043052604264350647e-01
6.036104491791879356e-01
5.678494805343166085e-01
5.768796992113730537e-01
5.405685811409541852e-01
5.128923806728200585e-01
4.998164964641368391e-01
3.567388355686594847e-01
3.343025713989850045e-01
3.317756418812967678e-01
2.835463360189566795e-01
2.794052243356701659e-01
2.290333688784967625e-01
2.251033609725957285e-01
1.699355892386813227e-01
1.784213467466686520e-01
3.580929462786380801e-01
3.823888844253717778e-01
4.803367644467204656e-01
6.131850351212713157e-01
6.242014537001451258e-01
6.646172716503060407e-01
6.881200172211772159e-01
6.591094886190972391e-01
6.750305301721705176e-01
6.006906028226555172e-01
5.273206218340094065e-01
4.678048412117399857e-01
4.059184013066141072e-01
3.641305790788298968e-01
3.312329736146104042e-01
3.175120516169454010e-01
3.001329260068925642e-01
3.053580001973553726e-01
3.024788853647886744e-01
3.087929044453495697e-01
3.519503880894518932e-01
3.705685922105168006e-01
7.126384626944931577e-01
8.022445505246673658e-01
9.409865199179600070e-01
1.169675611897450951e+00
1.225040768149916026e+00
1.441030054081104961e+00
1.611210440341691807e+00
1.712949323666667523e+00
1.879336864316758060e+00
1.937958996740614781e+00
2.001230269361135239e+00
2.051255508626483870e+00
2.035293029344889426e+00
2.065283120802525296e+00
2.033178040410086318e+00
1.991322371406533565e+00
1.983675510955841714e+00
1.837462702566062145e+00
1.766083512017597501e+00
1.619320760415255522e+00
1.506388195441254796e+00
1.428330085909316427e+00
1.180980609102284307e+00
1.126652127196488440e+00
9.350639094374356697e-01
8.017362969490922087e-01
7.501847798734391226e-01
4.362931081279334267e-01
3.798034939228427387e-01
3.391818177759091113e-01
2.157337049563807230e-01
3.872994382573085592e-01
3.630380670492938111e-01
3.303296722961600596e-01
5.033721325389272083e-01
3.570402366931064719e-01
4.074309066897761622e-01
4.008926596222067151e-01
-1.742176263121287400e-02
5.777161444856925704e-02
-1.801773876598958823e-01
-1.235262014737837505e-01
1.561100085842926644e-01
1.882518438713243480e-01
5.889542007610798491e-01
7.151448131538507003e-01
7.245250737098611893e-01
8.790084531273987256e-01
9.197529934483466008e-01
9.495051596040979813e-01
1.009509491898164191e+00
9.354351245547979365e-01
9.593293828674905876e-01
8.854401078584900331e-01
7.810336383313293274e-01
8.042244614471808495e-01
6.881955833383744947e-01
6.873887536872989035e-01
6.576589825885438279e-01
6.080890193990406978e-01
6.170355394726920739e-01
5.741042297272068717e-01
5.008542168432692510e-01
4.902622119897454556e-01
5.022404745430897322e-01
5.671777369431645344e-01
6.426342967292403285e-01
6.848254329498866255e-01
9.026413701840616532e-01
9.446487234669763700e-01
1.010093599863380209e+00
1.106741718359285587e+00
1.186184658961176641e+00
1.292219935434309797e+00
1.357649691465930397e+00
1.410126495108561473e+00
1.476175872364374309e+00
1.480462122524679902e+00
1.504399118330356000e+00
1.493355290520323342e+00
1.452590316069804599e+00
1.374006890886734444e+00
1.261584503991720396e+00
1.164235460576867887e+00
9.986308739483271690e-01
8.797822904618837203e-01
8.035961738684809230e-01
6.703158352642879514e-01
6.147814040058129370e-01
5.336723880348073212e-01
4.601235277076192176e-01
4.525505770664470240e-01
4.435664510050822962e-01
3.967658762124139371e-01
4.194384485534271012e-01
3.753655633371597022e-01
3.751013918210484577e-01
3.655297405327525562e-01
4.239155457926386816e-01
4.989606956168223806e-01
5.255061679711287015e-01
6.746784108659047430e-01
6.887462610992869383e-01
7.208793280195623376e-01
7.308896821910162434e-01
7.443287553248534305e-01
7.620204303621154196e-01
7.659035338078483690e-01
7.805921199395072785e-01
7.882644930803872629e-01
7.946485106953411481e-01
8.064827181314606630e-01
8.105784802250786125e-01
8.206191896426279220e-01
8.284935588072133150e-01
8.351964256460868707e-01
8.476445141504425074e-01
8.555805534106655230e-01
8.634674270431588194e-01
8.739933889180331317e-01
8.818342834004657682e-01
8.928752164974198546e-01
9.039297053999291176e-01
9.175159855579874124e-01
9.339216630788993445e-01
9.303382309394719885e-01
9.367605408396578737e-01
9.223740935560574838e-01
8.899170683116336411e-01
8.300032104249964737e-01
8.461311713738647322e-01
7.979399120895178665e-01
7.947536764563871703e-01
8.443640504952878434e-01
8.272254471485308569e-01
7.679286980552708641e-01
7.694256972000647066e-01
6.482246316698226929e-01
5.589431787962343412e-01
5.461068078047344176e-01
3.765150595526179922e-01
3.358321117730516114e-01
3.392626983216253667e-01
2.070642942993526914e-01
2.641244243126122382e-01
4.153961385848403687e-01
4.088804516559998437e-01
5.786472494897472174e-01
6.305059262304726353e-01
6.553613370497337609e-01
7.036891478113624920e-01
7.103243056784258602e-01
7.312231074293334965e-01
7.451903141097266925e-01
7.508533714010006133e-01
7.688964084189003900e-01
7.736264773207730538e-01
7.810174596998334939e-01
7.942610817520547872e-01
7.933971497658679484e-01
8.034313316610778299e-01
8.093567498084180967e-01
8.047690521367411032e-01
8.146909495965007908e-01
8.043866927370766362e-01
7.261058531906442459e-01
6.886999618222838793e-01
5.580464325755836175e-01
4.069327447867847614e-01
3.957039241207148117e-01
2.700593749818504530e-01
2.347771466122554329e-01
1.258103728304408586e-01
-4.640197276905900364e-02
-7.211626291165550151e-02
-1.618841217976267621e-01
-2.230623359548286888e-01
-2.148319197924034585e-01
-3.349482863962338075e-01
-2.704570875323920598e-01
-3.038165815921577417e-01
-2.940074242428737383e-01
1.307931391830657181e-02
-6.708313140026103683e-02
1.378777645833722809e-01
2.243359841833569290e-01
2.428882913524973985e-01
4.271466631527471303e-01
4.512399865865418525e-01
5.501930125498342150e-01
6.677308294336330441e-01
6.950820238579591415e-01
8.036641566567760409e-01
8.467114312016107425e-01
8.251428072365881716e-01
7.766893288523331051e-01
7.015482708518927524e-01
4.979799348658641156e-01
4.480677898682880467e-01
4.213658301094201919e-01
3.859036735519844052e-01
4.614002407823735719e-01
5.225005465187685383e-01
5.324467461897187670e-01
5.952529211624690841e-01
6.241827678975125915e-01
5.705751679619830430e-01
6.344754029349848334e-01
6.925889808886905863e-01
7.311327347482642347e-01
7.840593100246981972e-01
8.261502835245495557e-01
8.719671243256672533e-01
9.165275030053294802e-01
9.455957699274943895e-01
9.890459589128141049e-01
1.010649055462522927e+00
1.036152736473955338e+00
1.055198994263411461e+00
1.064188352712500674e+00
1.083571907406683410e+00
1.087612708254515503e+00
1.100192225007294189e+00
1.107180453639915907e+00
1.103779290216516884e+00
1.120051346767086731e+00
1.112071375714748900e+00
1.115077165947786497e+00
1.126469664204215793e+00
1.112503688091541987e+00
1.134136567760011038e+00
1.093894430907109694e+00
1.044018389973944583e+00
9.916440727169151259e-01
9.057173155000717291e-01
8.382604776418257631e-01
7.452589344654517722e-01
7.252104995801373910e-01
6.957769662724306858e-01
6.806174174204188132e-01
6.671772707872964947e-01
6.488646467678375052e-01
6.380569071931707636e-01
6.227987034178266157e-01
6.084229040923718745e-01
5.931301172879739347e-01
5.774723322615460397e-01
5.569354789272763506e-01
5.330138940977465767e-01
5.044946658760322000e-01
4.471262145762314733e-01
4.167504321377621945e-01
3.340833256288940345e-01
2.789593400653277433e-01
1.516369126207328388e-01
9.742758077857435750e-02
3.321221201933952788e-02
-1.614072709582103568e-02
-4.166735301516204942e-02
-1.032400391543642493e-01
-1.257493271101319254e-01
-1.547189926357571410e-01
-1.764058864092371559e-01
-1.519461852184467165e-01
-1.666176735301887479e-01
-1.630218804019936407e-01
-1.578393865394526752e-01
-1.629504109135439804e-01
-1.670027493844167821e-01
-1.619214195176894577e-01
-1.711744399832548780e-01
-1.828489571659517587e-01
-1.657816337454690314e-01
-2.026611869144355205e-01
-1.841963110296343242e-01
-1.515733596605434719e-01
-1.412862990860267176e-01
2.010470553599484622e-02
5.240928551146525893e-02
1.500811294183481692e-01
3.289656976286117751e-01
3.357625703401505568e-01
5.420553136491398361e-01
5.490106167627250011e-01
5.058124108197717961e-01
5.876758705926776738e-01
5.028074810411166107e-01
4.829869843232614257e-01
4.890358916215850060e-01
3.157439802290200603e-01
3.234795863207318156e-01
2.612418476098479769e-01
2.074555584342815950e-01
2.089720434589167897e-01
1.620000582363733954e-01
1.607185289239914106e-01
1.433443147621825953e-01
1.297858964757853673e-01
1.522178943304800802e-01
1.529635975604825282e-01
1.708742894066821727e-01
1.822050716407101756e-01
1.950652813239248107e-01
2.047049140325834793e-01
2.240962688933757774e-01
2.422640492327097494e-01
2.512000533743757313e-01
3.044817363472189231e-01
3.187305718449058300e-01
3.507965177592829997e-01
3.994077352636331013e-01
4.059407997458264750e-01
4.584129625033263045e-01
4.610457107341817129e-01
4.667243995308789084e-01
4.819634956929437219e-01
4.799895479603513149e-01
4.861440443317705529e-01
4.891595255037733958e-01
4.890792861659149504e-01
4.920135792559124921e-01
4.918621480308594807e-01
4.924409945970503188e-01
4.933064442435659558e-01
4.918136637176702131e-01
4.931707532121903381e-01
4.914751208191428522e-01
4.890618754256749190e-01
4.924030355766377820e-01
4.826272235689485490e-01
4.849366331217371817e-01
4.853093101593930481e-01
4.576800066236644260e-01
4.846031744785994633e-01
4.431533683061836815e-01
4.025500528541743894e-01
4.310687380239819344e-01
