-1.099506012677469585e-01
-1.163448751255072300e-01
-1.053295335917406594e-01
-1.099952014989663274e-01
-5.743186008365166323e-02
-4.787238499484316318e-02
-4.943702441758025118e-02
-4.943702441758133365e-02
-4.943702441757158450e-02
-4.943702441757948790e-02
-4.943702441758011240e-02
-4.943702441758820315e-02
-4.943702441757817645e-02
-4.943702441757423516e-02
-4.943702441758332511e-02
-4.943702441758153487e-02
-4.943702441758163896e-02
-4.943702441757764909e-02
-4.971171565338288606e-02
-5.052659220399956241e-02
-4.647833716601162263e-02
-4.634099154809819682e-02
-4.471123844688801308e-02
-4.471123844689069149e-02
-4.471123844687544674e-02
-4.471123844688757593e-02
-4.471123844687929783e-02
-4.471123844688041499e-02
-4.701906500672594497e-02
-4.376425955801291345e-02
-4.197931532862571313e-02
-5.185505885276277260e-02
-2.485507566461946441e-02
-1.828668426578592895e-02
1.297713045735101808e-02
1.852882461292072735e-02
7.898824286810038342e-02
7.438599231059497829e-02
6.328260399945020986e-02
6.429485150158568973e-02
6.599849294650853015e-02
9.508112519153108511e-02
9.457500144046572521e-02
9.116771855062763552e-02
9.116771855062553997e-02
9.116771855062873187e-02
9.116771855062752450e-02
9.796576648588546654e-02
1.048745587162054349e-01
7.460781049857601044e-02
7.120878653095380484e-02
5.739120207031311871e-02
6.540109829200758951e-02
6.066752007027436527e-02
2.634993000705419461e-02
5.525704288065067665e-02
7.662576680011384811e-02
1.352254698197720949e-02
-4.221379003021068568e-03
-8.126051139628225062e-02
-1.322191730750763294e-01
-1.119885958633647510e-01
1.749743324818485088e-02
3.494414217077381184e-03
-1.281963760404707942e-01
-2.814777966532910347e-01
-4.821054329630354851e-01
-5.187216390737049432e-01
-7.010906939572273400e-01
-6.793520238422799951e-01
-4.443716843273025630e-01
-2.583741766769837578e-01
-3.018515169068793358e-01
-3.018515169068891613e-01
-3.018515169068932136e-01
-3.174519692755632949e-01
-2.131044999593482425e-01
-1.041394231527134895e-01
-9.633919696836550084e-02
-3.050341356007740257e-01
-3.415467855477844622e-02
-4.248754149507229239e-02
-2.268389625976328927e-01
-3.622786911206299920e-01
-3.456129652400631858e-01
-3.456129652400771191e-01
-3.873733616126338597e-01
-4.823591164812430221e-01
-3.856604402136218912e-01
-3.647802420273409951e-01
-2.305610059505402154e-01
-1.716926463777201650e-01
-2.927937225325459580e-02
-1.403235423046160892e-03
-1.191399545686956107e-01
-8.278495720791788359e-02
-9.692687147718656582e-02
-1.187815826991725221e-01
-1.369590813795642237e-01
-1.352667824693629395e-01
-1.390955350155408665e-01
-1.642979975629777628e-02
2.842991036186025972e-02
2.391295554715674662e-02
-1.633057924639347638e-02
-2.265284991436601614e-02
9.520948200677080420e-02
1.700010090040316169e-01
2.058484104727660580e-01
3.569544740688222056e-02
-8.381388770772871255e-02
-1.225045908362399766e-01
-1.949836082386607605e-01
-1.995789623763763454e-01
-8.699017722889924864e-02
-1.267607730427042743e-02
2.364788712126484997e-03
1.240459630316253885e-02
1.999182807627948935e-02
3.192424226315763568e-03
-7.479221782391602680e-02
-7.739305510562909107e-02
-6.905648215063925344e-02
-3.673370354790898157e-02
-6.701275506885376321e-02
-4.761833383269954700e-02
3.439836363397903024e-02
4.968748751971159561e-02
9.972834792281846938e-02
1.376530449717580373e-01
1.805254719624228288e-01
1.605353567054805253e-01
8.468596260761905581e-02
8.468596260762167871e-02
8.468596260762316363e-02
8.468596260762500938e-02
1.597956369099736429e-01
1.387781199854325742e-01
-1.933922351661701844e-01
-1.783788185490725597e-01
6.332646023142345093e-02
2.823235915609198857e-02
-1.885718437188480257e-01
-2.933624721743340880e-01
-4.129630012782964377e-01
-4.471473237872878870e-01
-4.042411297414835181e-01
-4.084794987269329547e-01
-2.506590870442382268e-01
-4.759725161428591395e-02
1.688138238577769192e-04
-1.445518313213859513e-02
-1.406088905812504508e-01
-4.979689317188480402e-01
-6.186473511334952269e-01
-3.663399362352631750e-01
-3.663399362352446897e-01
-5.461281837085284474e-01
-5.141642232776812982e-01
-3.285582348766200034e-01
-2.386641111399746551e-01
-2.365351318120424984e-01
-2.849645677369545549e-01
-2.384909039523468999e-01
-4.091103859679074972e-01
-2.422124114703051445e-01
-5.163354157425534274e-02
1.503446813990020614e-01
-5.734411018214510825e-02
-2.753765628437490620e-01
-4.123368723006539671e-01
-2.654303751351997365e-01
-1.427797825338082693e-01
-4.489258472505302383e-02
-1.128181772711278064e-01
-4.092441792519352362e-02
5.714147531531595103e-02
1.340138558877178483e-02
-7.268352203616000595e-02
-1.110826639581711794e-01
-1.002275360627263995e-01
-3.065337689823506573e-02
-1.314460483157734241e-02
-1.652817210110015542e-03
-1.616315427087947759e-02
-5.118069840420724770e-02
-4.251630751134524711e-02
-3.860395205866806040e-02
-3.715105766134359222e-02
-4.905771039394085653e-02
-7.033568194689633624e-02
-6.065585136419294338e-02
-5.686862272110863176e-02
-3.750036775193466704e-02
-1.710122367288674158e-02
2.382115516905043001e-02
1.074816724025415837e-01
5.124560904546003604e-02
-1.798418968309906385e-01
-1.672193350979497284e-01
6.332646023142189662e-02
-1.442702710089987204e-02
-2.638131720096631438e-01
-1.030947127992316720e-01
-2.801147117721063465e-02
-2.372434488308893807e-01
-4.782858032945785931e-01
-3.406202804558486896e-01
-2.355078087167785661e-01
-1.022913095928179861e-01
-2.560690019337149015e-01
-2.574703284625856625e-01
-2.275966312648600165e-01
-1.516312701557006315e-01
-1.751288243626387131e-01
-5.497262616257085621e-02
-4.455190050709292859e-02
-4.870071099082422944e-02
-8.150627100171034534e-02
3.655976439671398959e-02
3.938773688917934085e-02
6.060225669549661881e-02
7.084358295390864868e-02
8.762734526151158554e-02
7.207125765008928764e-02
5.158860513325733838e-02
5.158860513325599917e-02
5.158860513325739389e-02
5.158860513325846942e-02
6.293109566447549486e-02
7.191950189879775523e-02
8.103925980457475642e-02
8.385637589321692786e-02
7.129644573475785174e-02
4.582346064090728893e-02
4.157927996378284891e-02
2.582801651659131711e-02
1.373129267685127726e-02
4.693500152809193526e-02
4.939375094150049578e-02
7.358719862098531128e-02
7.358719862098639375e-02
3.880941697725125150e-02
6.565165937260865336e-02
1.485617103867231392e-01
1.736217940913312718e-01
6.322492595683569527e-02
1.070947012163636497e-01
2.035306164139678506e-02
-8.381388770772942032e-02
-1.225045908362393937e-01
-1.949836082386597613e-01
-1.995789623763702947e-01
-8.699017722889375304e-02
3.365795282460269135e-03
-3.190213640708911003e-02
-2.433744275619694752e-01
-2.478130216436321143e-01
-1.991859739758727876e-01
-1.581744446182791197e-01
4.798267492431216447e-02
7.789466881531857678e-02
-8.667972909453813823e-03
-3.494959064796956255e-02
-2.531623591779511365e-02
-2.094465838897486849e-03
-2.595311018516750085e-02
-1.487221440233695360e-03
-1.206385452572820982e-01
-2.729510749193930774e-01
-1.418715861626608232e-01
-1.023335014836593698e-01
-9.725166688694666939e-02
-9.943944756036704469e-02
3.434117728057675678e-02
-4.215832104010531350e-02
-1.281963760404743469e-01
-2.814777966533015818e-01
-4.821054329630343749e-01
-7.703050991569967421e-01
-5.277048865877539408e-01
-2.655425774531294802e-01
-1.068177289062940266e-01
-1.504744145239883257e-01
2.379556133575288016e-02
7.329002083167905114e-03
-1.172546352900132038e-01
-1.172546352900120104e-01
-1.860443484405966894e-02
-7.167308301781120765e-03
-3.620198123088473885e-01
-4.113449125318154875e-01
-4.342191656163966740e-01
-4.342191656163939539e-01
-4.342191656163857383e-01
-4.342191656163776892e-01
-4.342191656163824631e-01
-4.342191656163902347e-01
-4.342191656163790214e-01
-5.123841323855922170e-01
-6.398481906910308270e-01
-4.722146735955699559e-01
-4.331321902109547262e-01
-1.782040736001149761e-01
-2.565363970787397085e-01
-2.058006403845654420e-01
2.171963773170291351e-02
1.107111857942495864e-01
3.150492953467044083e-02
9.893328889180109942e-02
1.115866722232242286e-01
7.970760080472233389e-02
1.423021041326051894e-01
1.235190658860869234e-01
9.821618020801435589e-02
9.821618020801511917e-02
9.821618020801434201e-02
1.031047694690401945e-01
1.096830591227427598e-01
7.299207600823584552e-02
7.054778137772049762e-02
6.587956342456592618e-02
7.129644573475178715e-02
6.082922783873247891e-02
5.430952798020824424e-02
3.141095160568833922e-02
2.390806800677221580e-02
2.845910636957327267e-02
1.953410010860081800e-02
-1.203644044334140984e-03
-1.198013948697490144e-01
-1.122835492478707758e-01
8.234427937199421260e-03
2.591811091433455713e-02
4.838048581019188665e-02
4.702991654013549683e-02
1.076581038711261901e-01
1.500749639191927554e-01
1.741633297643347955e-01
1.523067444866357811e-01
6.747302439050585632e-02
6.747302439050979761e-02
6.747302439051004741e-02
1.743968188738161118e-01
1.655177851177525306e-01
-4.671350848434423220e-02
-1.001754057259995889e-01
-1.553265484453724143e-01
-2.133861511193848592e-01
-4.599220873638852902e-01
-4.234674822481283019e-01
-3.073482769001180115e-01
-3.073482769001139037e-01
-3.073482769001253945e-01
-3.073482769001089077e-01
-3.073482769001203985e-01
-4.478396425482389365e-01
-4.299874701349180040e-01
-2.206723769884358921e-01
-1.504266941643831734e-01
-1.861310389910330598e-01
-1.861310389910341978e-01
-1.861310389910241503e-01
-1.861310389910234286e-01
-1.861310389910233454e-01
-1.306545305548917867e-02
-5.386097163079705402e-02
-1.583508631802144351e-01
-2.430126183097351400e-01
-1.275838664421390656e-01
-1.868991269949924761e-01
-1.433284496566357702e-01
-4.114839676814401742e-03
3.241692019972251815e-02
-6.220858583002271402e-02
-6.220858583002374098e-02
-6.100353505240053986e-02
-5.242626947265463522e-02
-4.519893950318107367e-02
-4.580146489199298648e-02
-6.295599605148217981e-02
-6.295599605147965405e-02
-6.295599605147840505e-02
-6.295599605147883526e-02
-6.295599605147988997e-02
-6.295599605147694788e-02
-6.295599605147836342e-02
-6.295599605147939037e-02
-6.756811945526533525e-02
-7.457234093065621960e-02
-3.760147713429966287e-02
-1.809333805980662888e-02
8.103872330549814762e-02
8.924715083009476801e-02
1.052746481316034211e-01
1.043335863499869343e-01
9.759134253050062713e-02
7.237551650714144080e-02
7.425764007037395642e-02
7.425764007037535808e-02
7.425764007037506664e-02
7.425764007037709280e-02
7.425764007037753689e-02
7.425764007037473358e-02
7.425764007037286007e-02
7.425764007037524705e-02
7.425764007037641279e-02
7.425764007037459480e-02
5.543719146516098290e-02
5.486297725912823303e-02
3.448857314929801993e-02
7.270428415465687855e-02
8.173843258470425699e-02
1.098673974918843582e-01
9.546465414050953058e-02
7.969321410454581478e-02
7.969321410454399679e-02
7.969321410454174859e-02
7.969321410454151267e-02
7.969321410454281718e-02
6.906865985145273223e-02
6.148313833487454444e-02
-3.646968357852523740e-02
-3.115740645198284905e-02
-1.598636341882885351e-02
-1.598636341882784390e-02
-1.598636341882606754e-02
-1.598636341882381934e-02
-2.109160660378848334e-02
-2.280613862678163711e-02
-5.411835015625718337e-02
-5.156572856377594771e-02
-4.813666451779131245e-02
-4.813666451779108346e-02
-4.813666451779131245e-02
-4.813666451779159000e-02
-4.813666451779436556e-02
-4.813666451779269329e-02
-4.813666451779301941e-02
-4.813666451778986222e-02
-4.813666451778865485e-02
-4.813666451779085448e-02
-4.813666451779096550e-02
-4.813666451779058386e-02
-4.813666451779310962e-02
-4.813666451779425454e-02
-4.813666451779199940e-02
-4.813666451779174960e-02
-4.813666451779198552e-02
-4.813666451779340105e-02
-4.813666451779438638e-02
-4.813666451779236022e-02
-4.813666451779135408e-02
-4.813666451779256145e-02
-4.813666451779300554e-02
-4.892978811277592932e-02
-4.798051781952472616e-02
-3.219811350968190128e-02
-3.273636923857199676e-02
