4.427750402486353319e-04
5.700474817588623618e-04
3.261579963874515053e-03
3.357744440677769629e-03
4.078077712532423085e-03
4.516767765418826935e-03
4.057684511430423822e-03
4.375508691141415107e-03
4.329213141568994533e-03
4.284801407643904284e-03
4.373144196293545470e-03
4.336337522793104818e-03
4.359547944267428213e-03
4.379764423515001247e-03
4.376730598470695427e-03
4.421934323940450613e-03
4.425872502169234113e-03
4.471023346751435042e-03
4.574578203484067421e-03
4.535235662037900503e-03
4.784303290554335966e-03
4.752518865337453449e-03
5.029042528187032367e-03
5.041514310405122157e-03
5.198720648673889333e-03
5.426093971821105248e-03
5.309261639755480378e-03
6.026291691564168371e-03
6.015371994474326064e-03
6.178876196328121108e-03
8.772152221470578062e-03
8.384420051232705645e-03
1.046227848967011195e-02
9.849299400325250975e-03
1.021818820284405710e-02
1.099737320266976418e-02
6.116228011476036730e-03
6.060527285591932496e-03
4.765669640074657494e-03
3.402803067619209962e-03
3.411825231353022951e-03
5.206936606528901439e-03
5.268009203648013963e-03
5.161904829182846662e-03
5.339746725658484072e-03
5.360223512341664651e-03
4.453221669802054361e-03
4.273610857244159074e-03
3.970985676880531452e-03
3.463203317943659666e-04
1.117771638356296305e-05
-1.554772198012599048e-04
-4.862037354405690059e-04
-7.845723742868234134e-04
5.988689487796874239e-04
3.982717152766590378e-04
2.141478232975271498e-03
4.914757387781663184e-03
5.430949815084722826e-03
4.760199213957983823e-03
5.514077857689103808e-03
1.968324528361985702e-03
-1.296527142108103939e-03
-4.239771588282245651e-03
-9.993797167012277716e-03
-1.298013712323000356e-02
-1.905452870937769660e-02
-1.961332308522008294e-02
-1.812460406109154751e-02
-1.831557952357125429e-02
-1.117962416058207106e-02
-8.973625174674126556e-03
-8.876173716569967648e-03
-4.317468184162693429e-03
-5.631665981701811097e-03
-2.782244074322226882e-03
-2.353499908582435199e-03
-4.726208994803491291e-03
-5.159690955460204641e-03
-6.018839554547842328e-03
-7.857180222109913861e-03
-8.150040252248583889e-03
-8.602072330584690368e-03
-9.236641037870691254e-03
-9.852330782348477090e-03
-9.468762814482089771e-03
-1.124957828819644901e-02
-9.758400990667746161e-03
-8.876659509288365238e-03
-6.737971838213254600e-03
-5.785412430456742059e-04
2.803916321799153019e-04
7.306028343772424591e-03
9.423277811577718960e-03
7.388769129870272415e-03
1.040837454402296705e-02
9.595754237868783440e-03
7.313778478224604827e-03
7.107402914274564554e-03
5.958400263325774361e-03
5.109129707555133855e-03
3.474740159647843156e-03
2.937946126539818861e-03
3.627795381033463960e-03
2.879011227843534301e-03
4.374900373939393482e-03
2.988822269123184161e-03
2.690068015555090088e-03
5.696683950332311237e-03
4.369081306369506507e-03
-1.908631485502983562e-04
8.470627420775825040e-05
-2.313515361110471749e-03
-3.437214373832270763e-03
-1.974581174217851075e-03
-3.471001821706242146e-03
-3.844620107577146175e-04
2.613490004539997281e-03
4.213556960083712430e-03
1.046550063011213692e-02
1.135851970138457637e-02
1.206447341928920669e-02
1.222761549612516596e-02
9.823144928063538145e-03
9.907077123018474124e-03
8.950554956898226777e-03
5.206824667223516542e-03
2.800608494413307607e-03
1.632411851433569977e-03
-1.793511524175585119e-03
-1.606300029103642415e-03
-1.108622285916368352e-03
-1.938443384698527571e-03
-1.439421853614567242e-03
-2.843027181129421498e-03
-3.581398536251508436e-03
-6.231507357007383570e-03
-7.220780649672209686e-03
-6.766735792443027281e-03
-1.083361194884050090e-02
-1.060787559399137964e-02
-1.357868378927234651e-02
-1.417543861889737113e-02
-1.173119863373699862e-02
-1.346556052895888159e-02
-1.066480200297248264e-02
-9.381003140735626883e-03
-9.172353729521166843e-03
-3.653706061946401622e-03
-2.692859273011502432e-03
-4.085581457795432227e-04
3.359211043710536460e-03
3.845573201726512364e-03
7.485003235775829038e-03
9.754582152895553346e-03
1.069515145203877790e-02
1.534769714304844157e-02
1.604730935232363820e-02
1.409699380545315420e-02
1.518600245677785912e-02
1.416496879736000615e-02
9.170894930176243937e-03
8.856818775766418794e-03
8.199924765861746345e-03
6.666030934343952774e-03
6.412660069608669237e-03
5.951357707014984753e-03
4.216253290486944930e-03
4.329905898368685210e-03
3.303812209321846469e-03
2.870896890416487022e-03
2.798479619021170244e-03
1.899851426892248908e-03
2.123637720136937329e-03
1.494696087991614431e-03
2.320330487099869505e-04
4.642348854835614755e-04
-2.443080756223763549e-03
-1.163160176356685654e-03
1.352759556547434043e-03
1.165875049101649207e-03
7.241768433344120126e-03
7.616010430389360750e-03
7.545962932581699173e-03
9.033567768259647898e-03
9.172899719099184696e-03
9.843753252950815033e-03
9.327445366502226318e-03
8.447630979730089834e-03
7.686163457996171566e-03
5.722482378597125961e-03
4.789636416031759283e-03
8.148178764369117325e-03
7.013019193947207797e-03
5.546828764633367215e-04
-9.351542913129695948e-05
-1.804754532540392854e-03
-3.992983688466568773e-03
-5.094911241029847701e-04
-7.188358067627426823e-04
2.053542193367438595e-03
3.208068922064470901e-03
2.961026917061959640e-03
5.406063275276360748e-03
5.332152302077395808e-03
7.662531225806100584e-03
9.843994283812884660e-03
1.098353761209059157e-02
1.601508915089597251e-02
1.732620760377068941e-02
1.882091456612006858e-02
2.120439096379019700e-02
2.131837318738034198e-02
2.269935916486813185e-02
2.310221537432095157e-02
2.329186749744557167e-02
2.345991114151464718e-02
2.302453753691036109e-02
2.262345293004742325e-02
2.076244380010190335e-02
1.895211151902667299e-02
1.777383449220781148e-02
1.536749723219042393e-02
1.329060382945007612e-02
1.233936582617572303e-02
8.502590039770791669e-03
8.398805850077227866e-03
7.552120319499451909e-03
8.289175384132208002e-03
8.408133055125648764e-03
8.494855427242651788e-03
8.160097309088100437e-03
6.890855640729600003e-03
7.401613015895916990e-03
6.461625896084019841e-03
6.490611068724043246e-03
6.008753444230217206e-03
2.736827021277282290e-03
2.826970763480117933e-03
2.842062036971136456e-03
4.242047588049193199e-03
5.532835578972789686e-03
6.360727237248954904e-03
6.855317009661414558e-03
7.030890772027718373e-03
7.481573972764197361e-03
1.007173070427329342e-02
1.038143956487896924e-02
1.061709601093190070e-02
1.105416717895955567e-02
1.096542599406187188e-02
1.108692020258149509e-02
1.110890084841485367e-02
1.100948283294919672e-02
1.090313934106739921e-02
1.078021697581126037e-02
1.049990835744337575e-02
1.049444444313503769e-02
1.098023294968236002e-02
1.091877409809444144e-02
1.118244145519602280e-02
1.142025248983164626e-02
1.155149955602417788e-02
1.209676850516542418e-02
1.238351280813396529e-02
1.302715355583338071e-02
1.432676940356602743e-02
1.428626348248732830e-02
1.432864967299975027e-02
1.814050203159782784e-02
1.895317814171012735e-02
2.117548930338771299e-02
2.464048347620050733e-02
2.553409392845368622e-02
2.932086477603956104e-02
3.321390444151580551e-02
3.442798194726126582e-02
3.265730552429903233e-02
3.539413264751825605e-02
3.655070648203832817e-02
4.034480133222962533e-02
4.031724707249503825e-02
3.765862656490390203e-02
3.849178036030927175e-02
3.211859048785085935e-02
2.922854475017768600e-02
2.688124451758120911e-02
2.016207454609958774e-02
1.195489394309528358e-02
6.581917098802007003e-03
3.056665063409124382e-03
-6.335043194593824615e-04
-1.069925733519304974e-03
-2.315876214231242253e-03
-4.738587749852821163e-03
-6.844541873912991445e-03
-1.190891846123962212e-02
-1.295537597665581513e-02
-1.532160629842521486e-02
-1.709015528096579500e-02
-1.745074244631938595e-02
-1.982001901421914444e-02
-2.191537777068122694e-02
-2.231667431837976862e-02
-2.663032467882806703e-02
-2.655522291085270215e-02
-2.743652490856600054e-02
-2.922577033625273213e-02
-2.765533085847961259e-02
-2.877876377808986225e-02
-2.853234248033217207e-02
-2.719827272892195308e-02
-2.637461478811203852e-02
-2.458658865586163186e-02
-1.911903212555335352e-02
-1.492877365122378779e-02
-7.555819310583672573e-03
2.014292254513657537e-03
7.891292106173180762e-03
7.593462946670366705e-03
8.930441296673148621e-03
7.908894162108118242e-03
7.797094549346232639e-03
7.704812479227622114e-03
6.533668087706262680e-03
6.701929216065478576e-03
5.383129869704040074e-03
5.227105334254793234e-03
4.316280931700114225e-03
1.926222055946727723e-03
1.258163092008134695e-03
-1.013318078852492709e-03
2.859696089622295809e-03
2.931276345959355802e-03
1.682161427211336128e-03
3.007555461438049527e-03
4.811877443462305066e-03
9.389951351228390669e-03
1.235664945635408726e-02
1.789297400566661547e-02
2.039223645724902098e-02
2.454173343054449896e-02
2.630759456335318366e-02
2.689492404161746356e-02
2.747664949278168928e-02
2.668416597394959039e-02
2.645647249572387338e-02
2.644651046104672804e-02
2.352747404466594416e-02
2.377460972705102565e-02
2.074237068563332398e-02
1.593472465044927511e-02
1.334215338056246418e-02
8.681335826022944582e-03
7.818566338586910996e-03
1.222950804057502082e-02
1.334353591669253276e-02
1.753358783229701928e-02
2.214993798399594177e-02
1.922686972216982454e-02
2.152774657854745338e-02
1.622136819324940943e-02
8.226599364346477705e-03
5.827924869926061693e-03
4.495702327773937190e-03
2.608722467325248328e-03
4.580384045507696414e-03
5.025823483089055313e-03
5.585590033263428122e-03
6.781937417302272633e-03
7.115097822884799278e-03
6.379853486195546930e-03
6.454472729959860947e-03
4.559338059660568605e-03
1.349171642710169511e-03
-2.028629644979446697e-03
-2.292507562214361923e-03
-3.491644740610335990e-03
-4.379037616871485870e-03
-7.082351996403812508e-04
5.432533033376062245e-05
2.952308071569633742e-03
2.121926230552424048e-03
-1.396494965247563813e-03
-2.990467745095630475e-05
5.565959663193054824e-03
5.824670581581510055e-03
1.448897405792154425e-02
1.579021702389626566e-02
1.559624416883829794e-02
1.960481893307474896e-02
1.792519960054020367e-02
1.880622491758841830e-02
1.969226470069904839e-02
1.744091161656836225e-02
1.805523038551913595e-02
1.666495660166810930e-02
1.366054102201314652e-02
1.386547249645764084e-02
1.207341366135701935e-02
1.151527012340847547e-02
1.242988846526605837e-02
1.171098537727442365e-02
1.235304393457008904e-02
1.051576222245484415e-02
8.946706630629418927e-03
7.727060171797941329e-03
6.177412661321875047e-03
4.306565942157954130e-03
3.160980840096652266e-03
3.188705481038265656e-03
3.175228394113339611e-03
3.108933988734617539e-03
5.422595104488776678e-03
5.672463725514694313e-03
5.808719650312472657e-03
6.543275600518226598e-03
6.278475086246005504e-03
6.688873350094933640e-03
6.507267240500314714e-03
6.240796623827604868e-03
6.808535665120954081e-03
5.210189464926993225e-03
5.945930996589130976e-03
5.450521127377751414e-03
3.911954685749620864e-04
-5.719589944934187287e-04
-2.662510986810465250e-03
-3.208138906616214963e-03
-5.638706600253939709e-03
-4.364609897302962165e-03
-3.582550330056836346e-03
-2.411207649591733549e-03
8.132663304498933057e-03
9.506382456645576240e-03
1.210211324776949877e-02
1.343436557385698296e-02
1.530363230033316563e-02
1.622389880537247406e-02
1.069511845868765382e-02
1.028220577721830273e-02
8.871773484511799937e-03
7.477147619864839972e-03
7.311569627787426612e-03
6.726845377337415180e-03
6.322296478086152950e-03
6.212832528248982480e-03
6.149156044599722593e-03
5.463624019362644559e-03
6.008930146692198319e-03
5.408960329504854808e-03
3.306413432852195293e-03
2.261493886974802036e-03
-1.050050071874071653e-03
-1.999550600820594777e-03
-3.019318948402419534e-03
-3.779391381216889220e-03
-6.420218203708806005e-03
-6.185364777506457273e-03
-7.291268172427989476e-03
-7.789045838897698353e-03
-7.737512822075702859e-03
-8.157541378646630467e-03
-7.899845216361257860e-03
-7.778841171599056026e-03
-7.623322044282708661e-03
-6.599802469451078804e-03
-6.490543627081073359e-03
-4.991464024984198881e-03
-2.865890069080038408e-03
-3.001602393090246467e-03
2.864787172966628149e-03
2.435472406536888512e-03
3.081104018464104685e-03
4.454617779040023588e-03
3.243769814299754008e-03
3.940631412403476815e-03
3.350804631144801114e-03
3.581399315744296895e-03
3.979022762261548614e-03
3.718475966640436697e-03
4.121729044464372479e-03
3.984350491891723751e-03
3.714773972752170254e-03
3.566956378325698493e-03
3.354172293935514266e-03
3.322001201605433076e-03
2.862122944444009040e-03
2.922208030903275522e-03
2.792469424957175900e-03
2.704559502020920103e-03
2.708426837429111188e-03
2.653355868352738709e-03
2.640688567946506641e-03
2.631988241208317678e-03
2.615971569291450707e-03
2.613670866284236415e-03
2.608254623181966922e-03
2.604538880699703261e-03
2.603589343920425462e-03
2.601522480634216230e-03
2.601194540311769533e-03
2.600807157627599026e-03
2.600513269047657026e-03
2.602215496137029200e-03
2.601401954280792555e-03
2.604344324163706485e-03
2.608568713984995603e-03
2.605051316170688309e-03
2.622328635404722053e-03
2.621818544083831960e-03
2.621376263388992389e-03
2.685567292080533620e-03
2.631229805162040459e-03
2.718019947414295791e-03
2.848384323971733367e-03
2.604576530954742786e-03
3.250141249518578336e-03
3.358897857111170244e-03
