1.861640846669002092e-02
2.078276472853571658e-02
6.013047533279879814e-02
6.090074371264347225e-02
5.644670537445446723e-02
6.260106975038076671e-02
5.622374906332359978e-02
5.710845468370669836e-02
5.719215099630940713e-02
5.537033089161107896e-02
5.604413084986750032e-02
5.547372850369015895e-02
5.518447148444204781e-02
5.531414491702638103e-02
5.503541634667200727e-02
5.503439778051142511e-02
5.500831044699727723e-02
5.492715954964170338e-02
5.493921888330429576e-02
5.491661390692630096e-02
5.489939867465691570e-02
5.491324838984928264e-02
5.491678940849362839e-02
5.491025612380916882e-02
5.497007730756128113e-02
5.496890180580558255e-02
5.499523920869371640e-02
5.517375800136406494e-02
5.505701697380859655e-02
5.535167138991542446e-02
5.561163204545990085e-02
5.523019653997661427e-02
5.663677836957282247e-02
5.610227304587685204e-02
5.630202109759905454e-02
6.073985282672952901e-02
5.936815160075132464e-02
6.304563212319726218e-02
6.038670439327106787e-02
5.984020429141769654e-02
6.211105012786192342e-02
4.727174474673880716e-02
4.748491043652965093e-02
4.271782440569221045e-02
3.987584592155046098e-02
4.096429489644613786e-02
4.700429294949118320e-02
4.468289419660367856e-02
5.984260650518911928e-02
6.006556595621856398e-02
6.760165001790133243e-02
9.775591386412864348e-02
1.106863048986129333e-01
1.254472879535961372e-01
1.476426416294817912e-01
1.580039805131464581e-01
1.625369478555933611e-01
1.608005357600771623e-01
2.073755596443000448e-01
2.308147801365302287e-01
2.514400542003418781e-01
2.964820103889520553e-01
3.070555786865982184e-01
3.393212842479539360e-01
3.598225488628187252e-01
3.681761964505037565e-01
4.009976736984066092e-01
4.083633274107242306e-01
4.310304255912186244e-01
4.586455889060254698e-01
4.577761172933669798e-01
4.907623610207094700e-01
5.004132126098375100e-01
4.767066525651126319e-01
4.934727789628242656e-01
4.960744038325551331e-01
4.979774861042242096e-01
5.062805822009018852e-01
4.943014975590942495e-01
4.954648996478051570e-01
4.819318420526177427e-01
4.548912848766317185e-01
4.351208553047372085e-01
4.011488347831356771e-01
3.708145386011852951e-01
3.393730615897270209e-01
3.039552402730343883e-01
2.680493639759944369e-01
2.324468834254623806e-01
1.943437494543208133e-01
1.538884557216049498e-01
1.162035407642125484e-01
9.288142049008424328e-02
5.643549802578269603e-02
3.694292081013837714e-02
3.565267605882237872e-02
1.999508512484930375e-02
1.971960296934842372e-02
2.571696165951756902e-02
1.794268035034618514e-02
4.554972337242510494e-02
3.812799300961829119e-02
5.102596460745425361e-02
5.881265110941463065e-02
4.916147435465498955e-02
8.345457778054959919e-02
8.285659618441301721e-02
3.808153269231737831e-02
5.192560937127877613e-02
4.516155564449657323e-02
3.287418783088711521e-02
5.314527326836122195e-02
3.805150413210868499e-02
4.410008931611253402e-02
6.639964369784852327e-02
3.567390628202703889e-02
1.131424063685528003e-01
1.649350408907455101e-01
2.389529134051718295e-01
3.419596174608006134e-01
3.526707152399581879e-01
3.662826965709661264e-01
3.777711485473959074e-01
3.316602147645024701e-01
3.294647689148493264e-01
2.649938705033229036e-01
1.855576410173837010e-01
1.483535798130423133e-01
5.307599726498036380e-02
3.023145222984107566e-02
7.952245969306938680e-03
-1.292033315993644169e-02
5.502110988869517681e-03
-1.288649638674251204e-02
-3.400359040384064949e-03
5.246245564271996391e-03
-8.159814304400932888e-03
1.994430087338160476e-02
-3.028084450132067802e-03
2.506334039686559587e-02
6.099644523777911914e-02
3.547418011094759932e-02
1.184835655416360684e-01
8.609802772391174364e-02
7.304001270080839880e-02
7.514143212280111062e-02
-3.013987729445968128e-02
-1.925669020486557234e-02
-6.602739978220661943e-02
-9.568866797783916189e-02
-6.552219663506766989e-02
-1.195895479109109621e-01
-1.015691950069732008e-01
-1.125416148368114655e-01
-2.106761862615639802e-01
-1.975018695623312337e-01
-2.656945686998772316e-01
-2.752659632682953328e-01
-2.682675508405389930e-01
-2.944007407350197614e-01
-1.875888097187336512e-01
-1.776094387283462805e-01
-1.511185531820330163e-01
-9.482568405773311726e-02
-9.676069846661397578e-02
-6.217120782198961443e-02
-5.420272132505972451e-02
-6.488600245824353852e-02
-5.272361144933806337e-02
-4.556691181899957116e-02
-3.096916153534618257e-02
-2.829419514826113369e-02
1.094941884637564040e-02
-1.015525608341970656e-02
3.590446481535369914e-03
4.702457503409656139e-03
-9.688622496238318005e-02
-9.417887114743715704e-02
-1.356917322262844727e-01
-1.596516624241314242e-01
-1.037752688488817882e-01
-9.638605758901439002e-02
-1.244395801692406156e-01
-8.504450470599951573e-02
-3.364030328549030141e-02
-2.324762469843459980e-02
5.403489219602271992e-02
6.426876794024732886e-02
7.032167340034850556e-02
1.096802471623868069e-01
7.824927622681418504e-02
1.010805494631656920e-01
7.551035533702399327e-02
4.878444630416274574e-02
4.928124444012443178e-02
5.186095042858129139e-02
6.820270375962185494e-02
7.184742895941848007e-02
1.107047813784725332e-01
1.236080290092482631e-01
1.125531525013432343e-01
1.261309696211544151e-01
1.699763510810750333e-01
1.786281465581039396e-01
2.473551908856681247e-01
2.330185181672770611e-01
1.875110778531354216e-01
1.836617000602579486e-01
1.129749461179344050e-01
1.329481759297675980e-01
1.803917802415928306e-01
1.946275579550419688e-01
2.160172765032190578e-01
2.368466986470406099e-01
2.399706739177459858e-01
2.390103962445858654e-01
2.305042620997479474e-01
2.018417450696678439e-01
1.584866668128773193e-01
1.036900055497246009e-01
3.789786402484750238e-02
4.136741764594957863e-03
-2.733070619618955741e-02
-3.976823587701842216e-02
-4.730075038286132849e-02
-5.264610128991166482e-02
-5.678346106001324473e-02
-5.284768881271797308e-02
-5.084663679913176138e-02
-5.205936986476039641e-02
-9.530537150088187748e-02
-6.088096376232176449e-02
-7.627648713868930008e-02
-6.821236537122153665e-02
-8.988783480041994192e-03
3.021289125529480393e-03
7.248746262225931603e-02
1.217380814950414086e-01
1.483556137058936464e-01
2.430826864300317247e-01
2.535987015428708968e-01
2.865965690681036016e-01
2.980515825455876122e-01
3.078126621511387828e-01
3.307792592890682060e-01
3.294759008040981652e-01
3.466070336773301452e-01
3.572329643642218056e-01
3.582968597020483870e-01
3.803534251397810984e-01
3.816154597122030645e-01
3.950135383595273497e-01
4.139759371975224589e-01
4.137633251926653433e-01
4.387636457674324308e-01
4.443064798753525446e-01
4.543617074077197504e-01
4.730258774897477814e-01
4.697089496175196888e-01
4.817937752297215548e-01
4.863767897309548838e-01
4.757292840152996805e-01
4.847152733540536773e-01
4.468698912266553802e-01
4.235919271328056901e-01
3.972561119446841871e-01
3.257509204307038053e-01
3.108742287939049165e-01
2.482952908258251323e-01
1.792150125474091249e-01
1.491898097273195445e-01
8.275474904161214673e-02
6.353008946217141018e-02
7.611391600535692692e-02
5.499770787433962138e-02
8.050526777631156206e-02
8.524605521908175387e-02
6.302699985188775500e-02
7.714558165287675739e-02
6.115741809892049491e-02
7.925755171539571042e-02
8.900299099665137659e-02
8.273865648563956399e-02
1.681744032842068803e-01
2.066557840053312167e-01
3.455467388884643221e-01
4.058279625776596289e-01
4.451770967039679894e-01
4.877508978599798262e-01
4.914353806169553529e-01
4.903172451554338451e-01
4.909341989140811879e-01
4.900479161858151134e-01
4.878522572760975451e-01
4.889693437078321825e-01
4.841902979302455945e-01
4.851202002852583739e-01
4.825151507814495755e-01
4.771234369754731031e-01
4.796316285037487970e-01
4.689947802098581309e-01
4.663964401719417063e-01
4.598540020190443611e-01
3.919467520969679430e-01
3.731898371193257957e-01
2.982210687272316973e-01
2.348071208591603343e-01
2.275702311839513936e-01
1.469853090085322667e-01
1.234496650989721084e-01
1.050482159592712322e-01
6.539009736095358072e-02
6.589920561927559151e-02
4.929095595748934910e-02
3.643649311003118590e-02
4.200850756353126381e-02
3.184129024892871224e-02
3.154534983362117240e-02
5.796485317531518272e-02
7.675453413328793550e-02
1.164121646909785646e-01
2.053733962232955901e-01
2.733589572170889714e-01
2.483599709322663052e-01
2.932503860122216977e-01
2.912715514772322711e-01
2.701098422968334911e-01
2.852686018877622076e-01
2.522318656437954054e-01
2.150215546031907787e-01
2.163707103976795776e-01
1.311952141430561825e-01
1.284839322179011090e-01
1.290437584737636756e-01
9.756033923765411453e-02
8.414807839679443180e-02
9.096817408485304013e-02
1.069606040147863951e-01
1.238563063489578897e-01
1.844903113629009217e-01
2.222624331319220103e-01
2.511785581313090709e-01
1.960695442487429829e-01
2.342782456255892154e-01
2.831376007015783958e-01
3.281502527652320755e-01
4.568270835052712919e-01
4.870658571869160847e-01
5.236649877444274903e-01
5.647173877130282627e-01
5.761287882384775738e-01
6.101303590207071137e-01
6.214463359714815782e-01
6.292517077337630438e-01
6.446067991989860024e-01
6.375245735370083100e-01
6.373143346761014350e-01
6.220260141005599097e-01
6.012010472532512972e-01
5.890607559170630836e-01
5.575014390968621170e-01
5.340339814488438419e-01
5.125465567233310482e-01
4.832886964838297161e-01
4.663382447173931578e-01
4.248034378480625706e-01
3.844120094987807934e-01
3.427301299898170006e-01
1.668641990229697003e-01
8.244528101363075845e-02
6.580211425250654007e-03
-5.237534919571609771e-02
-9.639290819175837244e-02
-1.485736463882549319e-01
-2.047386407711787315e-01
-2.265147090091114979e-01
-2.486590348433117825e-01
-2.573842505686710913e-01
-2.645873507282386350e-01
-2.755695440147160058e-01
-2.760087216714455227e-01
-2.836809778741987698e-01
-2.888207248502458468e-01
-2.873743025056266776e-01
-2.975124404420608215e-01
-2.958239942100487352e-01
-2.986876147622739008e-01
-2.933639841867947684e-01
-2.547013173631115790e-01
-2.404413165517263196e-01
-2.220189286585138311e-01
-2.039063658027149839e-01
-1.855903454521805607e-01
-1.618748777308075815e-01
-1.424713524447591140e-01
-1.291341201837079289e-01
-1.058772852793557206e-01
-1.007151253274335134e-01
-9.013282466151173455e-02
-4.148546206544100751e-02
-3.837156576065523655e-02
-1.802383758419489820e-02
-1.362227269520413725e-03
1.209185992409208621e-03
1.408077655457697433e-02
1.835172745991310236e-02
2.021467769937671313e-02
2.726429626112754009e-02
2.536013151626928183e-02
2.603899856075745159e-02
3.068225858114518104e-02
1.977341399379088649e-02
2.731334112690084193e-02
2.849901386591342442e-02
3.474648628248119125e-02
6.197999913375243364e-02
6.895259464173777997e-02
9.342047863690877696e-02
1.312537216900862280e-01
1.402732434238928849e-01
1.972550469463492107e-01
2.042882511645288113e-01
2.197817780831861079e-01
2.386930071219864613e-01
2.519000563359196643e-01
2.667545224085357547e-01
2.759010974770901292e-01
3.165909818296520073e-01
3.239732819563770905e-01
3.388270903909733067e-01
3.510726046353451757e-01
3.506805600804575596e-01
3.622224995398161118e-01
3.533456929785099843e-01
3.568855550785732800e-01
3.547511571899175653e-01
3.194099558182714182e-01
3.109739829867197991e-01
2.922503834523155208e-01
2.761274165269883563e-01
2.596773431282309308e-01
2.479926714723412196e-01
2.257485958907942403e-01
1.994192277946729708e-01
1.924470529745256620e-01
1.315982549989973827e-01
1.258543408583807643e-01
1.107836648971148863e-01
8.646664824712077535e-02
8.603208568169934400e-02
7.257832212036632868e-02
6.925068464240073662e-02
6.878698772493037350e-02
6.405326023867985441e-02
6.391477804798335882e-02
6.260114096345363588e-02
6.131417484419890429e-02
6.119681390660341308e-02
6.047107840024830427e-02
6.014250137014381936e-02
5.997622694976551677e-02
5.967291159012817758e-02
5.947464702344344017e-02
5.941684995254133822e-02
5.911258693515897972e-02
5.889413832430173690e-02
5.898873269205068964e-02
5.804167360592769886e-02
5.826443841921553901e-02
5.788919274958796019e-02
5.545113738768540218e-02
5.785603781130722878e-02
5.316468869525151075e-02
5.043080947135753639e-02
5.374628801467421640e-02
