-1.180487360491590254e-02
-1.188684754424538040e-02
-1.504040193429984594e-02
-1.917619813983566582e-02
-1.888128846734130409e-02
-1.555942904993931446e-02
-1.174408239440795886e-02
-1.174316932509049567e-02
-1.174066399834522087e-02
-1.173950937019167112e-02
-1.173965854659953650e-02
-1.173965805638959269e-02
-1.173965796414798771e-02
-1.173965800155810438e-02
-1.173965799926132876e-02
-1.173965799926121253e-02
-1.173965799926155601e-02
-1.173965799926157856e-02
-1.173965799926170346e-02
-1.173965799926108070e-02
-1.173965799926181795e-02
-1.173965799926147448e-02
-1.173965799926189602e-02
-1.173965799926131315e-02
-1.173965799926105467e-02
-1.173965799942910081e-02
-1.173965799679644456e-02
-1.173965800243369911e-02
-1.173965803330862846e-02
-1.173964718461851554e-02
-1.173972514034196842e-02
-1.173992411174321418e-02
-1.174038805452591941e-02
-1.201956717926135412e-02
-1.242795594066385852e-02
-1.346657050799957185e-02
-1.332783191923015212e-02
-1.251147370017332248e-02
-1.251243757900634759e-02
-1.352526206071477666e-02
-1.414923390739062162e-02
-1.487806562891897354e-02
-1.437451886030285952e-02
-1.312262583553756856e-02
-1.895012712148652981e-02
-2.004688703585358334e-02
-1.729190333659030507e-02
-5.816264549613884595e-03
-2.243673601669163558e-03
7.466750099403633191e-03
3.189042803552717860e-03
4.496536329884751114e-04
-1.216751498179736903e-03
-2.705205294262090412e-04
-1.907575307177238836e-03
-1.073529393466474179e-03
-2.970174547519311911e-03
-2.969424769979210621e-03
-2.970884871775279160e-03
-7.782843833479803847e-04
-8.961497218129027987e-04
-4.515146440744048292e-03
-5.623969404371364882e-03
-1.167555982391761671e-02
-2.309534963303295704e-02
-6.358261074011228864e-02
-4.947753566013220888e-02
6.330087550008399455e-02
1.060362420261680427e-01
8.624827652406458212e-02
9.109784059321372751e-02
7.796941654285548251e-02
7.375889813252989313e-02
7.353391895831729030e-02
7.359456765812390222e-02
4.323265352448267540e-02
4.993195331987925617e-02
5.669212975686103995e-02
6.164866449782543945e-02
5.921522141744312018e-02
4.158259160289464601e-02
2.423667759230365912e-02
-1.494812206441686366e-02
-2.720341432945559690e-02
-4.355214013247859887e-03
-7.651586755027446965e-03
-3.938440274506364337e-03
-8.621272621635580821e-03
-7.981792170739356387e-03
-5.245562616570800980e-03
9.819755831657367429e-03
2.462747120964391481e-02
1.390427661106731147e-02
-1.972151692545659474e-02
-2.088017362309493169e-02
2.084877260012697395e-02
3.295134943549801743e-02
3.851798797014679976e-02
3.930630592936966428e-02
1.784421397302154294e-02
1.229571305831532024e-03
-1.636967578644194215e-03
5.058485567803479299e-03
1.130792658150537623e-02
7.057897751895964369e-03
-1.183686620609905940e-02
-1.453464666226392601e-02
-3.733325060111192077e-03
2.015320101507592828e-04
-6.731257964103850178e-04
-1.150681761508138418e-03
5.896351860207179989e-03
1.160699036765296382e-03
1.662607577538362594e-02
4.307665337086846041e-02
4.920835361651122036e-02
3.791712818421785064e-02
2.572795646693061544e-02
2.404702947317236255e-03
-4.979968394825796604e-03
-2.920581579177498281e-03
1.911648612603928472e-03
-4.771215355924525621e-03
-2.525804249218347938e-02
-4.459716735453998770e-02
-4.501603774445916972e-02
-5.070076252236594555e-02
-3.827177351345528028e-02
-1.767414787545220495e-02
2.057232302196740359e-02
1.906425484970907316e-02
1.634842546039625213e-02
2.006617271695801050e-02
2.761613418306978207e-02
2.335255534752889855e-02
1.593060641957005572e-02
1.593428093707157864e-02
1.593334824523792020e-02
1.591702636153743619e-02
2.283127960138974649e-02
1.957629631245795532e-02
-2.513755390553773506e-02
-2.957102562795493189e-02
1.390486360819124601e-03
-9.920532830226180473e-03
-1.815155832305766909e-02
6.813581169306563538e-03
5.837642696309715967e-02
1.023093129671998475e-01
8.891033299753393904e-02
7.996558562351298305e-02
6.808076511238708717e-02
5.872823043509444590e-02
5.953664930243888348e-02
4.231791533990175019e-02
3.986082166976722546e-02
4.556166847467955222e-02
3.218403678910338600e-02
-2.290961574915692089e-03
-5.968641052182232717e-03
-3.124775439453567494e-03
-9.062684924974002878e-04
2.440192914883353506e-02
3.636405413081737759e-02
3.557624773210768532e-02
4.665019224651582863e-02
6.171899468335471234e-02
5.988739250727588559e-02
4.781783707121126797e-02
4.430936503831406359e-02
3.914903061815724200e-02
3.411262013780425040e-02
3.297339650966058661e-02
3.332943291524809865e-02
1.467374850037589731e-02
1.874517737577647072e-02
2.398118388319845501e-02
2.313314259976872317e-02
1.290530382262505306e-02
7.882597852849202585e-03
4.738216895961374926e-04
-1.623439055217822113e-02
-1.305444853524067444e-02
1.682298738389427159e-02
2.653818157938828484e-02
2.778594245570041935e-02
1.894008208435922838e-02
1.220375050767967366e-02
4.300449465296697464e-03
-1.037605734230315907e-02
6.070420211824076491e-03
-1.913986294572952648e-02
-1.817939587395615494e-02
1.555214689773879236e-02
3.242131647349194568e-02
5.554171783308920612e-02
6.999781464114379625e-02
7.920324047363247466e-02
7.890342065863831245e-02
3.978233999659085834e-02
-1.387886642332591784e-02
-8.919315650521878261e-03
5.057647003004222055e-03
4.999075733977832899e-03
2.287562752417753465e-03
-5.186856792451470001e-03
1.778008506344496906e-03
-6.280198446545540852e-03
3.407845042955394942e-03
4.125765539199660603e-02
5.332106918475369023e-02
2.840581905754908931e-02
1.740598041405798727e-02
1.481904407277087610e-02
6.179001700049562527e-03
8.975722314397438853e-03
9.445220574403868918e-03
-6.973479159055350797e-04
-4.404219725018383019e-03
-1.072780406139267617e-02
-1.680026166600764176e-02
-4.128444874229471317e-02
-3.836248565263624538e-02
-2.621249322795448505e-02
-3.813966066556673945e-02
-3.896404930402427164e-02
-1.160701750026754513e-02
3.652242200832173796e-03
7.325899037194903707e-03
1.355843293206291690e-02
8.913248073967722923e-03
4.205128342671456132e-03
6.818216508892541161e-03
1.977569441715503959e-02
2.998332290845176148e-02
2.232851447959292510e-02
-2.203107246875738931e-02
-2.791962703159533987e-02
1.412751090174877398e-03
5.091509519462909458e-03
-1.472795517021531541e-03
-4.155707699269805058e-03
-8.012125768672837337e-03
3.131078577922832840e-02
5.019078557127380769e-02
5.345113632554319288e-02
6.888380842744591670e-02
6.730737181245523282e-02
4.209423235539497266e-02
-1.488453092647390626e-02
-8.377236856092614911e-03
-7.707047696382752534e-03
-4.525686467401346044e-03
-1.352186123630070951e-02
-1.781325711429840655e-02
-3.870272712278442079e-02
-3.527063443423839040e-02
-3.860456002496083505e-02
-3.936823427850830170e-02
-3.693443122321191183e-03
2.890897718861952081e-03
4.505251039782299030e-03
4.111031125302141292e-03
3.982982337672523986e-03
4.952855139481364757e-03
4.732229043903710651e-03
2.136504143870655500e-02
1.938296288619687294e-02
-1.132999146066503062e-03
6.394806317143681383e-03
1.060936710736231324e-02
1.169611717593334148e-02
1.169988284048179353e-02
1.170091841517905198e-02
1.170119151144346191e-02
1.008704058565206008e-02
1.117735826225242299e-02
9.985612212092745757e-03
1.078945860246426948e-02
1.457854236004667466e-02
1.784919694882776409e-02
9.053319098142200523e-04
-9.792183265046779106e-03
-1.548257175295839928e-02
-2.260414030713404129e-03
1.872054318917147284e-02
1.784931235937923947e-03
-2.617759696542359266e-03
-1.371910613571349948e-02
-1.371620635554857484e-02
-1.257743159389605042e-02
-9.340806188898844592e-03
1.864902156709137213e-02
1.657621233860219132e-02
3.421884477950199420e-03
-1.731325054826295985e-03
-1.963323942175065201e-02
-2.235083584752253424e-02
1.333667778962148442e-02
2.751810922070380833e-02
4.384682914876839033e-02
4.668405022913878211e-02
4.357326991629491275e-02
1.950937754193729154e-02
3.275449599747182888e-02
8.914931148887608736e-02
7.814597460208232149e-02
-5.488628701933422581e-03
-3.215845062646295605e-02
-5.845530164751039023e-03
-1.378421868131543201e-02
-1.215821871016895678e-02
-2.097730926824943262e-02
-2.202966849519429060e-02
-2.598238386359767033e-02
-2.065115765815882937e-02
-2.060273497490573008e-02
-2.949227617326213857e-02
-6.664458373325139739e-02
-5.917340293899744225e-02
1.276025132045932597e-02
1.890715174876049509e-02
1.942212912691209520e-02
2.126402665952963414e-02
1.891140610428873256e-02
1.221532796845113157e-02
-2.453451499064112241e-03
-2.887460911168217379e-03
2.476485287139085223e-02
3.291220897079789182e-02
3.412152535645500417e-02
3.200776012857690922e-02
4.780170188167615769e-02
4.415159192308495961e-02
2.080317291787994738e-02
1.804718139610208757e-02
4.379231846825591343e-03
-2.102889003907620468e-03
8.576845399443504573e-04
-9.184206593023535106e-03
-9.981414239506575248e-03
-9.057656668918712822e-03
-6.589592052043490196e-03
-1.293787683844251427e-03
1.168386679902661505e-03
5.842234706420122888e-03
3.347508769738330708e-03
3.534461091918439466e-03
2.338301038246679356e-03
8.809301120388657660e-03
5.984963117680629392e-03
-3.423760396869637498e-03
-1.280062419893941705e-02
-1.582493741403109833e-02
-5.395050174766542576e-04
2.607007970379236067e-02
4.635019213458740905e-02
4.666178061914079411e-02
3.794889660962821876e-02
2.575409268268755159e-02
2.414603613198936655e-02
2.049935705496649593e-02
2.537761809639403274e-02
-5.224983797968204419e-03
-2.350089562364117771e-02
-1.680220311397664923e-02
-7.067492885092733351e-03
2.461809028847839614e-03
-1.404861305308799033e-02
-1.144678615917332776e-02
1.955775992511481209e-02
1.862531714278596942e-02
1.685870270347402571e-03
1.450385170872790438e-02
7.029330518465234934e-02
7.896781290533803899e-02
8.029854782517738265e-02
8.523602500219136513e-02
9.977016252227642601e-02
8.566306628094863540e-02
7.585184361353697335e-02
7.584754658406414607e-02
7.580926588042463665e-02
7.580408696316157102e-02
7.581572090623971139e-02
7.586127569669778858e-02
7.573407297586226550e-02
7.791557421824440999e-02
6.978258078420197796e-02
-3.119535077205381340e-02
-3.235104421279848957e-02
-1.615916730816385066e-02
-1.627540086621171583e-02
-1.619383629201982464e-02
-1.617833058818914094e-02
-1.618980661391934001e-02
-1.618082724479567858e-02
-1.800842896947067381e-02
-1.543157528602973581e-02
-1.111388824613895529e-02
-1.018914136383789783e-02
-1.534995600942179808e-02
-1.536386849068197349e-02
-1.536970454409214253e-02
-2.346291236149055867e-02
-2.760715963118511723e-02
-1.942582112562042662e-02
-1.539084979805080931e-02
-7.063791337478407886e-03
-7.046023513519799816e-03
-7.025588256544004935e-03
-7.014690330962529592e-03
1.713391379843655750e-03
3.757160625264037868e-03
5.056141884517383056e-03
-4.601082555275545424e-03
-1.012299935478045212e-02
-9.653949691746782896e-04
1.899902046742245516e-04
5.365166061031065824e-03
1.386244947008900830e-02
1.460872223430426109e-02
9.875780480939256104e-03
9.878853077701622853e-03
9.876732496186025473e-03
1.086769073293838116e-02
1.043309550042402500e-02
8.827279051553008765e-03
8.331079193713831349e-03
9.200263845443153177e-03
9.200233809007064834e-03
9.201409295892160403e-03
9.200233336865593081e-03
1.160819163634706740e-02
1.202348386173259301e-02
6.890434872034003136e-03
5.686985207794817247e-03
4.854467200607412089e-03
4.852774714155720474e-03
4.852415193979600291e-03
4.852240337526485779e-03
4.852276332252082602e-03
4.852276300185627209e-03
4.852276291997839087e-03
4.852276298833322656e-03
4.852276298216955455e-03
4.852276298216832290e-03
4.852276298217050865e-03
4.852276300384721422e-03
4.852276273489807175e-03
4.852276319981878652e-03
4.852276588200858665e-03
4.852149301063362653e-03
4.852930301448898920e-03
4.854207553902620091e-03
4.852290968885083697e-03
7.772395486760077209e-03
8.150623400001034968e-03
1.703345298539853201e-03
2.442306490555382222e-04
-5.159629957464161119e-04
-5.194732650919626007e-04
-5.230805062032661389e-04
-4.928239898008278039e-03
-5.895364077232302311e-03
-1.717487812648021278e-02
-1.497536603473158950e-02
-1.303998919309601670e-02
-1.304066731198884159e-02
-1.484684238329808670e-02
-1.493615373987091342e-02
-7.912077426352446402e-03
-7.008479430190837564e-03
-6.826326057068098259e-03
-6.822791263015494725e-03
-6.822956536637875442e-03
-5.467727176841270277e-03
-5.259210906804655077e-03
-5.599344431659396618e-03
-6.276510487388221697e-03
-6.694745762944189806e-03
-6.695060225388512615e-03
-6.695432068492292860e-03
-6.695545798168287335e-03
-6.695528205881090891e-03
-6.695528267781863593e-03
-6.695528274194598520e-03
-6.695528269960816792e-03
-6.695528270253225250e-03
-6.695528270253338875e-03
-6.695528270253491530e-03
-6.695528270253439489e-03
-6.695528270253199229e-03
-6.695528270253285966e-03
-6.695528270253349283e-03
-6.695528270253292905e-03
-6.695528270253154994e-03
-6.695528270253120300e-03
-6.695528270253267751e-03
-6.695528270253097748e-03
-6.695528270360536979e-03
-6.695528268760846981e-03
-6.695528271424850547e-03
-6.695528299012127628e-03
-6.695521818737344699e-03
-6.695566338681031154e-03
-6.695706775941491669e-03
-6.695584668676677481e-03
-6.848873471335874957e-03
-7.029319177636148865e-03
-6.511827138996911617e-03
-6.282270738410432147e-03
