-1.335696681425223688e-03
-1.340887183449831089e-03
1.294192714245333015e-03
1.175385857486147120e-03
-2.018891309425443960e-04
1.719239265958316795e-04
-2.316989342879408932e-04
-4.813188369647082620e-04
-4.220276125859064834e-04
-6.197544276023758463e-04
-6.450940833735424726e-04
-6.718503373319983669e-04
-7.337649692665269884e-04
-7.364237624586028120e-04
-7.589702050404677647e-04
-7.737468246903184913e-04
-7.759078903672158786e-04
-7.843559330737494848e-04
-7.858216908242780145e-04
-7.836156614023367462e-04
-7.837278477284882229e-04
-7.767060158784858635e-04
-7.656575899840516218e-04
-7.608366861340157923e-04
-7.315718466304561504e-04
-7.119674698713579497e-04
-6.917916418804215132e-04
-5.996626063903169124e-04
-5.976238274813072508e-04
-4.777038174829908632e-04
-2.744119562286845716e-04
-3.627230421017917962e-04
2.217666665223123087e-04
3.523643655618099654e-04
3.222555855190362747e-04
2.478942443999424504e-03
2.535283667830309437e-03
3.539177953166737500e-03
3.938023908420002113e-03
4.316840703722808065e-03
4.509891271848545657e-03
4.344930154585570359e-03
4.624414185168785121e-03
3.125858598089672428e-03
2.839564429372193766e-03
2.787843926918342780e-03
-1.853706050130798921e-03
-7.244742489588229745e-04
-2.738400573559845227e-03
-3.958097483063886465e-03
-5.580545872307861809e-05
-2.866847415432367385e-03
2.965976262899739356e-04
2.303261753357220380e-03
5.461133824427349265e-03
1.065043510957534162e-02
-1.096483841563816557e-03
-2.218714372115777531e-03
-9.119732448148547971e-03
-1.649174745123629937e-02
-1.752200863024294675e-02
-2.144568117359149650e-02
-2.167957374231263556e-02
-2.369515077891192617e-02
-2.733022521193817847e-02
-3.027669325259281508e-02
-3.878512434203946341e-02
-3.954715729366476556e-02
-4.624356993290833218e-02
-4.865367973374313398e-02
-4.769850929300072095e-02
-5.203465451141735254e-02
-5.036453518688445430e-02
-5.116926644694281406e-02
-5.252969952660454384e-02
-4.998525381175294990e-02
-5.192880035636281144e-02
-5.090616523059514342e-02
-4.889404222415203588e-02
-4.842664587162884282e-02
-4.101153535076849932e-02
-3.791002231926511590e-02
-3.198685149307124720e-02
-2.759364315705255602e-02
-2.784212207394532249e-02
-2.316224384286584906e-02
-2.242349432085520219e-02
-1.388003854581249148e-02
-1.257315364236101692e-02
-9.221468130269552116e-03
-6.703728719993227309e-03
-5.017114736198634642e-03
-5.527838851495065605e-06
-5.878566093296845726e-04
9.383156689905412448e-03
1.190786988467709868e-02
9.885671479514234264e-03
1.317288376630671928e-02
9.586169768135071462e-03
1.044850755487698041e-02
1.139982834492951624e-02
1.030483400155993330e-02
8.544647831941816485e-03
9.092825574790248944e-03
1.823839312613790599e-03
-2.399757733441518215e-03
-2.842460167188437786e-03
-9.986984707918870191e-03
-8.094806881963396593e-04
1.331020100814432269e-02
1.505771435876730041e-02
2.233869083181390727e-02
2.134405818069916999e-02
1.334362093442430230e-02
2.639750436921640270e-02
2.165707373402955827e-02
3.217916901279786746e-02
3.785112829926158551e-02
4.047619823492532715e-02
6.174797228731174897e-02
7.035714925347542892e-02
8.752399657481249595e-02
1.053085686412477406e-01
1.101558115430817386e-01
1.092679521211852717e-01
1.107496386990493437e-01
9.823428138360537631e-02
8.467755321505721078e-02
8.536419293839075939e-02
6.908481529957795353e-02
6.861895161311010183e-02
6.787043807232751025e-02
6.239374561827714522e-02
6.832924213504487643e-02
6.807998752849021840e-02
6.917574887846773823e-02
7.268456057878486254e-02
7.177626422669067252e-02
7.410159484910303074e-02
7.706208917491315369e-02
7.469992076387516056e-02
7.741013131083568366e-02
7.294649231849217874e-02
6.232289516395101564e-02
5.928518188950156892e-02
4.399389346917516319e-02
3.400617863187890832e-02
2.740501139533406405e-02
1.406443088372438983e-02
9.099471047050076977e-03
1.925105726846695117e-03
5.447726188342692961e-03
1.290583549467798396e-03
1.049946102327883315e-03
7.777965917659504557e-04
4.435838536408052632e-03
5.247496994206231162e-03
1.303794471606424532e-02
1.992855797754011782e-02
2.109827177063876638e-02
5.245140402568475302e-02
5.637687266921417861e-02
6.563044135830367609e-02
8.019765020541699818e-02
8.176977456183850967e-02
8.701273796691147422e-02
9.941327132131530520e-02
9.157103742372545152e-02
9.811446896995668077e-02
9.141857569609906919e-02
5.265690899033613481e-02
5.187080237016310214e-02
3.675594649549462217e-02
2.575845659093337764e-02
1.332146041571070916e-02
9.020294185925679248e-03
6.643809531132398132e-03
5.751326963880127804e-03
7.815716860804377761e-03
7.109371314650104329e-03
1.602676821925456963e-02
1.780958200316390405e-02
1.529483980411236801e-02
2.225642767033405439e-02
3.026926076876972072e-02
3.365068623401424458e-02
5.123096150011760552e-02
5.964264153551047248e-02
6.552645587729466481e-02
8.029267375156969033e-02
8.441216840172824365e-02
9.396478669257180005e-02
1.073804340165728649e-01
1.060529772205164867e-01
1.174222836183330260e-01
1.222458235487496325e-01
1.243628944963756644e-01
1.397887285579917371e-01
1.388799987514821033e-01
1.517427427173012600e-01
1.607073442108800654e-01
1.622351820788397736e-01
1.769379008573059298e-01
1.787364111481086482e-01
1.848259903607613608e-01
1.968912924093306205e-01
1.942529606727333158e-01
2.076206775048861364e-01
2.143848572744393999e-01
2.178990828523773571e-01
2.198842425277481860e-01
2.127110076435364538e-01
2.104824475776669868e-01
1.998063061363171689e-01
1.785008705349875324e-01
1.634201361271779285e-01
1.498888895488814377e-01
1.312153652966029649e-01
1.196540924003952622e-01
1.053867186195938943e-01
8.881233157146666002e-02
7.911705459837459209e-02
5.840045403853649786e-02
4.677369999823149938e-02
3.461463061792609264e-02
2.010923822689951457e-02
2.170384759987266030e-02
1.502808778101137784e-02
1.343815267066396021e-02
1.728132302302295975e-02
1.773905339800172995e-02
2.614737411560623392e-02
2.493241229866961090e-02
3.195022370335625500e-02
3.351783885932582696e-02
3.736492534597488785e-02
3.682961749482012437e-02
3.539536052954311146e-02
2.869097825419829328e-02
1.581229294197902813e-02
2.707901006088192855e-03
-1.583119074124035575e-02
-3.939990176039818992e-02
-5.137803076201134106e-02
-7.817956566331679680e-02
-9.021163405827051229e-02
-9.935556826569703903e-02
-1.148014223644576864e-01
-1.234295882101453384e-01
-1.388043987878652408e-01
-1.371158439486361846e-01
-1.547310258420566687e-01
-1.599142799764529110e-01
-1.516956004464946606e-01
-1.590208202093844059e-01
-1.446101344325529947e-01
-1.331803032657751518e-01
-1.295843749875962569e-01
-8.900315227769342585e-02
-8.564758078534195906e-02
-8.108949837161635865e-02
-5.838138105592018123e-02
-5.705273928731770944e-02
-4.128166430856806957e-02
-3.425080465111918215e-02
-2.613031956403185849e-02
-2.979002859466915731e-02
-2.500484051543907377e-02
-3.725026394122690071e-02
-4.194413686749638714e-02
-3.863085637413107148e-02
-3.341510207287692880e-02
-3.067246307714472514e-02
-3.543663206867554705e-02
-4.218471561888623156e-02
-5.539742221880906980e-02
-5.902686485535965644e-02
-6.107255934899494254e-02
-7.026803987532677376e-02
-6.786736327623087150e-02
-6.782947134302161341e-02
-6.577491719447822738e-02
-5.666720059643310520e-02
-5.186312685260519029e-02
-4.387010002313912471e-02
-3.541320438316376135e-02
-2.388302889876247129e-02
-1.399382921744413838e-02
9.058192348452445784e-04
1.585187332359934420e-02
2.500056420320074385e-02
4.527274975272649327e-02
5.510644620593124765e-02
6.778595215999015655e-02
8.922980563706450763e-02
1.003148258601642140e-01
1.100239631706192989e-01
1.249346035148979905e-01
1.287613059730196019e-01
1.392330378081121367e-01
1.538347515897513507e-01
1.456979702988318304e-01
1.568463797947215743e-01
1.561844140159112659e-01
1.466546323088744330e-01
1.557840805067990386e-01
1.388372568639951732e-01
1.299863084251135781e-01
1.226063337284642729e-01
8.318032093270041893e-02
7.473813321977196278e-02
4.953838689809315216e-02
2.586959325806847954e-02
3.189111314830374300e-02
1.004258706301585855e-02
8.846049018914354384e-03
6.604938936049771850e-03
8.069579606993084603e-03
8.395989488112353891e-03
1.514803426365886677e-02
2.155689852870850895e-02
2.241629095693475210e-02
5.364774544848852078e-02
5.733187003397971493e-02
6.649059418471275906e-02
8.098828829980184163e-02
8.240861336736995946e-02
8.775681872715936083e-02
1.000324537650100487e-01
9.219912869487367768e-02
9.904257905745171564e-02
9.195957331343547481e-02
5.375552878135329837e-02
5.286661619781257704e-02
3.746795491919747978e-02
2.798673274849617851e-02
1.398237869263787431e-02
1.097706404500677427e-02
1.021061352392000840e-02
5.176652446072210756e-03
1.100472878783600658e-02
1.262905341819943981e-02
1.206368244171158663e-02
3.049816814488174807e-02
3.398875265298918757e-02
4.637973558952088876e-02
7.198158938766920090e-02
7.427282582293748270e-02
8.830655491332597973e-02
9.495156880198499239e-02
8.895630618636488074e-02
8.706753629010645368e-02
7.372716519894831344e-02
5.444543483523172495e-02
4.775050664099370762e-02
3.935491964339346560e-02
4.546782036162956564e-02
5.123285552391781961e-02
4.505533665287225764e-02
5.822105861434972301e-02
4.658498289014940258e-02
4.082537852390945299e-02
4.167336986573818430e-02
1.172513835432847755e-02
5.501848578662866911e-03
-2.567159052786255682e-02
-6.720598214120943048e-02
-8.363717090674553656e-02
-1.174790704503281130e-01
-1.296080237485474074e-01
-1.385536814421643448e-01
-1.565612261826391793e-01
-1.548402308213934209e-01
-1.642884664186078369e-01
-1.665449025830610386e-01
-1.597597046091175643e-01
-1.617886690302818009e-01
-1.275010246954047521e-01
-1.078123596539147522e-01
-9.869408166402955651e-02
-6.867036078751519168e-02
-5.871737777567125754e-02
-3.289043788262152601e-02
-1.059400185875110367e-02
-4.358560595273975116e-03
1.812915348298526155e-04
3.005574238147201184e-03
3.614148210374031750e-03
8.728570262435814131e-03
9.606578166959393525e-03
1.041081613737364006e-02
1.414772776260754886e-02
1.292838798444642320e-02
1.408259225938628817e-02
1.975686932995764783e-02
2.006305728108813760e-02
2.071561417724240503e-02
1.808580258025377016e-02
1.886025970560716025e-02
1.705870657409154154e-02
1.224613960509687502e-02
9.402757767370284805e-03
4.128635437232330493e-03
4.341775135423334847e-03
2.533268843266465748e-03
-5.681213206249918247e-03
-7.602533451557534280e-03
-8.221225083295308558e-03
-1.269668693699347282e-02
-3.145317417977862295e-02
-4.178969687902248792e-02
-6.345636454513427227e-02
-6.237308351859400385e-02
-8.293200563743161058e-02
-8.302665625538364902e-02
-1.005506860557252719e-01
-1.209522261406605487e-01
-1.284829589550948448e-01
-1.599335782726616917e-01
-1.705002456278568723e-01
-1.755690822202025658e-01
-1.918048100504474995e-01
-1.992550415460563329e-01
-2.156018810885734216e-01
-2.247407647084501969e-01
-2.286178738893965279e-01
-2.375697018814476036e-01
-2.368799954433274124e-01
-2.385065390783771277e-01
-2.364094715887130049e-01
-2.289638856094160513e-01
-2.262207125507170735e-01
-2.136273678573453738e-01
-2.036473277014455574e-01
-1.902637104561790415e-01
-1.698332683992149761e-01
-1.385725885369027688e-01
-1.088253602555507016e-01
-7.928152236974327083e-02
-6.948286489466824756e-02
-3.468829774171303115e-02
-2.320956659737618069e-02
-1.951983972318781235e-02
-6.052347870210671339e-03
-1.568058695460328644e-03
3.837251854407203048e-04
9.192990843477601842e-03
7.729648204308928704e-03
7.818979423321792757e-03
1.054434105782087357e-02
1.579441086997875054e-03
1.424493367131770897e-05
-8.032269185924412885e-03
-3.430978379671815320e-02
-3.908705582770143072e-02
-5.484470294474853153e-02
-6.796498370600469185e-02
-6.955230131936029903e-02
-8.263070485687283584e-02
-8.613279474619264797e-02
-8.070318693003077082e-02
-8.311788837922337581e-02
-7.432825712153069697e-02
-7.041840854704893571e-02
-6.843010762067514019e-02
-5.978405618316032927e-02
-5.403334287403600833e-02
-5.159139406661521904e-02
-3.360422769616278060e-02
-3.254631043421125913e-02
-2.818874767938343850e-02
-2.257104152695372373e-02
-2.179232699357494182e-02
-1.846905143420582429e-02
-1.665564205398724698e-02
-1.478921010008278983e-02
-1.300201291298044848e-02
-1.109498851727166828e-02
-7.963207288703488124e-03
-7.304619452889207082e-03
-1.881342052128778981e-03
-1.609338513662479826e-03
-1.129417690628559080e-03
-1.407546437833820873e-05
-2.349429443499725435e-04
3.442455472596445240e-04
5.344658237371086073e-04
5.768583965769136408e-04
7.942683793603536697e-04
8.220128422199829941e-04
8.839076127191547840e-04
9.457073627570286838e-04
9.576130537221285875e-04
9.892832623655837751e-04
1.004905695290109723e-03
1.012195129466721003e-03
1.023600570533866189e-03
1.026851554688394241e-03
1.027467321364241648e-03
1.031317264746296411e-03
1.025707720058522190e-03
1.020051620139700126e-03
1.022459900214165015e-03
9.930931472944021666e-04
9.938364922277025029e-04
9.792754903490746496e-04
8.933320187925648803e-04
9.544237263251677955e-04
8.028126169949759139e-04
6.821285004224294591e-04
8.787001372969351597e-04
9.358783913241794004e-05
-2.951830735314832799e-05
