1.724882223987838359e-01
1.788067049884419224e-01
2.998671905292571993e-01
3.185967492623660857e-01
3.153787816968835478e-01
3.410851767987663208e-01
3.280480777480126453e-01
3.345628872100468443e-01
3.380794287043248358e-01
3.343340132483969551e-01
3.384049231027201898e-01
3.376556976353412010e-01
3.376033586810321951e-01
3.388331898068694392e-01
3.382665005190415575e-01
3.387116455402538473e-01
3.388900970380344102e-01
3.387803424163736699e-01
3.390179867060361119e-01
3.390203066900396300e-01
3.390710984153829100e-01
3.391698503953838872e-01
3.392358925783099943e-01
3.393052006109840701e-01
3.394431626777150157e-01
3.396220331365943368e-01
3.397037937477194181e-01
3.401485921957395075e-01
3.403865939612484848e-01
3.407243943741914416e-01
3.419236514194305965e-01
3.419365938401596750e-01
3.437310234801177478e-01
3.458178526229805927e-01
3.453356230646663083e-01
3.511961930133583598e-01
3.460827965648770044e-01
3.457286352807766860e-01
3.406661327271747197e-01
3.305171385322159261e-01
3.323462306007241018e-01
3.036099320826359249e-01
2.909438470105224495e-01
2.909885841986603050e-01
2.677878254340260167e-01
2.655601142268067538e-01
3.015724009446337783e-01
3.028147382368570062e-01
3.203751675344435057e-01
3.481198877077707476e-01
3.279180461781251443e-01
3.528447328099040270e-01
2.841308468082020533e-01
1.552899705494256433e-01
5.827170875617121437e-02
-5.496856592691013073e-03
4.081297103136861254e-02
6.750869834629259769e-02
7.997526142494566781e-02
1.873959686602708341e-01
1.644925557983394626e-01
1.167489840478583007e-01
1.142374524511622080e-01
-1.468866951557089573e-01
-1.674630843596243424e-01
-2.207317536779576372e-01
-2.641292650397732977e-01
-2.603615992817941427e-01
-2.949431783326810219e-01
-2.929950959413927247e-01
-3.088792755149880054e-01
-3.262631811323649655e-01
-3.250774139302147203e-01
-3.497555614164705728e-01
-3.483801772199393021e-01
-3.600107535903403488e-01
-3.682881108212727184e-01
-3.754865795216278945e-01
-4.074724561150675495e-01
-4.231921566565681747e-01
-4.549219652261218272e-01
-4.874717619919769485e-01
-4.699902211149795672e-01
-4.899134246822937633e-01
-3.010804863709219403e-01
-1.549175508311700089e-01
-8.867543937365721107e-02
2.245248688052271235e-01
2.505725688532398077e-01
2.348890478097055701e-01
3.596917222157373639e-01
2.761135558373525312e-01
2.432579589914326823e-01
2.357948277709327467e-01
-9.596597950682890510e-02
-1.129520757870913633e-01
-8.175417955518166080e-02
-1.694688323102125638e-01
-9.942720360840594240e-02
-1.378305397431957291e-01
-1.720087009527249133e-01
-2.145717111291901846e-01
-3.310003053628066128e-01
-3.771241534381883920e-01
-4.588182003747671156e-01
-5.748653951803919249e-01
-6.453743919127180595e-01
-6.965780032790365173e-01
-7.125982899090932410e-01
-7.132003844259620085e-01
-7.118813211823497022e-01
-7.113842878214494680e-01
-7.032780858378460120e-01
-6.916806468110436867e-01
-6.752666049822478866e-01
-6.541559567048260693e-01
-6.418589850282535592e-01
-6.195617024816789664e-01
-5.934419205338130610e-01
-5.667765167483396205e-01
-5.235072183844480254e-01
-4.719297264209314502e-01
-4.278898984175568132e-01
-3.866773741078385895e-01
-3.533202262442000641e-01
-3.200254848611713832e-01
-2.920250959374161015e-01
-2.618681876592286462e-01
-2.234149088413023010e-01
-1.848759415297519804e-01
-1.431993339801186094e-01
-1.022504899515267879e-01
-4.367474773986711883e-02
-1.939007857023364312e-02
1.123871029154548291e-02
2.476764400723174483e-02
2.931663220119034435e-02
4.133109270610323127e-02
3.627669501568393795e-02
3.803338072388643548e-02
3.242667334109656380e-02
1.839356942910551004e-02
5.728772424167240425e-03
-2.168275594367024064e-02
-4.315806790213777555e-02
-8.005642045332508894e-02
-1.138372091842100586e-01
-1.453512797788736599e-01
-1.773373929102055324e-01
-1.916201446642080697e-01
-2.164291095137762522e-01
-7.698998332886354545e-02
-5.997707422231367963e-02
1.794562834980034660e-02
2.347435248654253515e-01
2.733705832438084737e-01
3.664882169221126973e-01
4.177216360400370920e-01
4.560110668275769719e-01
4.826650805609756234e-01
4.293017370157840573e-01
4.087263152570657088e-01
3.814924663747021882e-01
3.273304005544575013e-01
3.110633749542955906e-01
2.698214702869486392e-01
2.136234802262288457e-01
2.095610790155727210e-01
1.386436860901810730e-01
1.317884202305375507e-01
1.422722318686791554e-01
1.331845930113530196e-01
1.799596746942657699e-01
2.000232730938374670e-01
2.671990690768292764e-01
2.960715578364713219e-01
3.229184037639581950e-01
3.159660687238289856e-01
3.250712924823485617e-01
2.283739863438611906e-01
5.920407419287391365e-02
-2.381124337343562200e-02
-1.586431091142423144e-01
-1.811295009909377751e-01
-2.100217316840623794e-01
-2.283850368598615566e-01
-1.696193934775831469e-01
-1.452612986283058072e-01
-1.164495228367019436e-01
-7.017551670996982627e-02
-3.453096667728725727e-02
1.765496302140036680e-02
6.233819018540537327e-02
1.324380039020023880e-01
1.630007059238358091e-01
2.304952968952055647e-01
2.691877705900588280e-01
3.021083692635824769e-01
3.309207774588882045e-01
3.442353863723596752e-01
3.577398202306281694e-01
3.692516135181936332e-01
3.686855387189139077e-01
3.712893581997997461e-01
3.711032435816147834e-01
3.540351508075093578e-01
3.475694480379755147e-01
3.211535555621796156e-01
2.785383002835099542e-01
2.411062047907357453e-01
1.913301403919845933e-01
1.381994065717570830e-01
8.991947621451117090e-02
2.834046201219263955e-02
-3.567543779340680982e-02
-9.952500669390783317e-02
-1.548129472734686152e-01
-2.129317225919988288e-01
-2.687924649326891569e-01
-3.132636624644050682e-01
-3.644850831097798394e-01
-3.995828208911073043e-01
-4.264257943246506088e-01
-4.538860340231245516e-01
-4.660806733792582923e-01
-4.669268466986248867e-01
-2.380640199241712274e-01
-1.890169115671258837e-01
5.635236385255385644e-02
1.973201607146458647e-01
1.398142650577115786e-01
3.722950916537008659e-02
-2.649735138357348085e-02
-1.413828318551499930e-01
-1.767369307128772160e-01
-1.773781735378021640e-01
-2.434222782522208472e-01
-2.361872992088051848e-01
-2.406065681229691555e-01
-2.565840501965218623e-01
-2.869673004864242150e-01
-2.994021375682195396e-01
-3.404273928962605056e-01
-3.491936161896487811e-01
-3.227592945515720402e-01
-3.358325720752582955e-01
-3.299169938016255355e-01
-3.240636818613009118e-01
-3.456801970189788964e-01
-3.394613454951287967e-01
-3.926444003268514393e-01
-4.505854447589516254e-01
-4.444799097219703232e-01
-4.724746048413315802e-01
-4.788313513092459228e-01
-4.582231382536657294e-01
-4.719482059417166586e-01
-4.361697767828691119e-01
-3.716674080266655911e-01
-2.634913941806818483e-01
-1.311251723528059632e-01
-1.167994323382018640e-01
-1.590538106245610039e-01
-1.236954602691182903e-01
-1.426413526548811206e-01
-1.780118237898809241e-01
-2.331054415131957880e-01
-3.057956141787417370e-01
-3.517867700713422918e-01
-4.302733712342090566e-01
-3.791400390764209094e-01
-3.823581662118848978e-01
-3.793355970139003497e-01
-3.068164711296558211e-01
-3.228374728240262503e-01
-2.408415720480454325e-01
-1.419046533716829539e-01
-9.426282780430619845e-02
-2.018842506099957981e-02
7.574772404538865529e-03
1.698446349814429143e-02
2.782722210139350685e-02
2.986765244000055830e-02
3.430057498076272138e-02
3.567417238507648858e-02
4.058705751627349201e-02
5.271239260467364129e-02
6.753613982636084978e-02
9.680824793950885965e-02
1.212632029712937820e-01
1.525458785775366533e-01
1.858442642853339322e-01
2.301984298856993016e-01
2.530324162878389571e-01
2.925170442563123641e-01
3.275196564765921470e-01
3.233375905667495998e-01
3.703614847828199941e-01
3.786371990567685142e-01
3.930440994212318073e-01
4.246565712853044849e-01
4.092597754080696815e-01
4.336829656846540315e-01
4.383759400438673182e-01
4.266488055877415420e-01
4.534890750442044927e-01
4.314827168319352313e-01
4.301648415153671023e-01
4.298578465314603081e-01
3.684162195291834085e-01
3.638530510439702548e-01
3.478130510878152393e-01
3.081457465443606103e-01
3.932111573215179567e-01
3.514479047123052480e-01
4.000253414844556765e-01
4.770566789392738927e-01
4.869940724349686167e-01
5.299736278457347627e-01
5.284105270405244914e-01
5.497494568724805575e-01
5.478834846000966152e-01
4.823058749911183773e-01
4.560112873157068369e-01
4.169513685115089907e-01
3.584861391843828238e-01
3.380324430289917692e-01
2.884487933701050943e-01
2.309229159506802909e-01
2.234258119315084556e-01
1.437314019002477461e-01
1.412172430737514417e-01
1.423944578996144128e-01
1.255082604366133392e-01
1.840810014572773212e-01
1.746494142617204537e-01
2.573491862847919198e-01
2.848551676734397686e-01
2.709705332809340672e-01
3.237546403299720876e-01
2.924061960572595376e-01
2.839151252895507627e-01
2.213608406956418528e-01
3.317174360448837955e-02
-1.158144526229041432e-01
-1.621644513107599606e-01
-2.765336564452405277e-01
-2.549840699011495793e-01
-2.362093770175338336e-01
-2.199787123521590171e-01
-1.162793866748117189e-01
-6.035626434521669179e-03
1.503271071523051144e-02
6.913655602333923511e-02
9.017865724947896067e-02
1.466238793654293660e-01
2.041082753002304018e-01
2.711150775921555844e-01
2.842803755754289008e-01
3.274061545318671662e-01
3.280279577098034749e-01
3.319736138746114396e-01
3.474152359207042795e-01
3.161350940266707821e-01
3.165287115910196403e-01
2.662429468167938351e-01
2.095201609723499336e-01
1.641237835996093575e-01
1.063399931765170586e-01
4.684662247519719158e-02
-8.587087015909666138e-03
-6.104940159759383173e-02
-9.250015252714205438e-02
-1.289885157205042931e-01
-1.556761816019221478e-01
-1.722923816949042952e-01
-1.921192419784572003e-01
-1.530918396318562136e-01
-1.211765298024672227e-01
-3.529422295080991007e-02
2.675440585662142157e-02
9.627160759656573641e-02
1.630617463045519744e-01
1.903377943443892162e-01
2.216331281683480425e-01
2.111341150247162401e-01
1.762876697847869101e-01
1.682951437887993396e-01
1.619068856302469939e-01
1.476791760801076936e-01
1.483719741310782214e-01
1.541422413362143751e-01
1.417424792377758314e-01
1.656089693398679341e-01
1.783103693287379221e-01
1.893865753807790764e-01
2.872785350280617767e-01
3.094911066227946095e-01
3.296633115999281216e-01
3.902511056497004471e-01
3.476442775140337060e-01
3.597480482158655346e-01
2.777081876537827454e-01
8.102422731816233403e-02
2.788824612204481371e-02
-1.160722435960670207e-01
-1.605771905369885733e-01
-1.508267057839697001e-01
-2.187010991727734721e-01
-2.559751471414069557e-01
-2.889218369474113035e-01
-3.264159130876373438e-01
-3.187638461114494781e-01
-3.215837344637931805e-01
-3.220211095798165002e-01
-3.182641656826683541e-01
-3.239295356034361806e-01
-3.247225759409770318e-01
-3.281766474195345618e-01
-3.406935325114886504e-01
-3.668830764888783014e-01
-3.907571670853433599e-01
-4.189912752337530688e-01
-4.347980341000030058e-01
-4.551841250273240269e-01
-4.544829931175142224e-01
-4.612760486711051100e-01
-4.716369271794374485e-01
-4.631126172040227473e-01
-4.668301800655028644e-01
-4.570582947715209898e-01
-4.491888194999443251e-01
-4.478042771823683710e-01
-4.314054916433157638e-01
-4.264985117309383900e-01
-4.130795609224794940e-01
-3.390963084376446002e-01
-2.483841053106781438e-01
-1.254690873519100636e-01
-5.534284846596951996e-02
6.781055180067942223e-02
1.242392723330572185e-01
1.450282254172393925e-01
1.837726969483111372e-01
2.298689260638047127e-01
2.305413282986765178e-01
2.195513628980063359e-01
1.954585338876489164e-01
1.038453621172305691e-01
8.516855431469456950e-02
2.202845346488014125e-02
-1.884588018739934492e-02
3.118736375134526732e-03
-2.704707650003486136e-03
9.275480987223746338e-03
1.558500823788376045e-02
1.747020634377976014e-02
1.830072738572922908e-02
2.131185600999384311e-02
2.013295489987984577e-02
3.821513321807642072e-03
-2.898416488077243348e-04
-3.934500098770232399e-04
-1.459119281359122890e-03
-3.369711235509519065e-03
8.861270820127796488e-03
1.178527058241947249e-02
1.661045229047659888e-02
5.699524575520768799e-02
6.272358940201694377e-02
8.366355864494610939e-02
9.951729694799296699e-02
1.082183150430827967e-01
1.237747655566923954e-01
1.321876323070574344e-01
1.478900057388575773e-01
1.579861023359585837e-01
1.736800387967804837e-01
1.978984578304279207e-01
2.052792955664118069e-01
2.483339034931378864e-01
2.675050340735142251e-01
2.814638748226902520e-01
3.115779400202892679e-01
3.128392581201717704e-01
3.181920025903124394e-01
3.261387034734012369e-01
3.257642152605639829e-01
3.296205514707686302e-01
3.312390384408058774e-01
3.316835066991722925e-01
3.332757546327635989e-01
3.335004013367917630e-01
3.340028509893713249e-01
3.344248209949581829e-01
3.344319538379305623e-01
3.347583193291173154e-01
3.345740860001283346e-01
3.346526524291392746e-01
3.347125059947181347e-01
3.338675182300583355e-01
3.345660336547780500e-01
3.333411873446530671e-01
3.321585365511275922e-01
3.341234071085748547e-01
3.280629550438656228e-01
3.304729138622173323e-01
3.300743586724999568e-01
3.140208800195594119e-01
3.327618682253452032e-01
3.048944981182785674e-01
2.860585349708835157e-01
3.050154351358290716e-01
