1.235332985454527188e+00
1.287290307795060373e+00
1.255974923604140869e+00
1.255658706650262690e+00
1.204596584827750005e+00
1.209221566708461593e+00
1.213379731466155409e+00
1.201041616184749472e+00
1.206080378206508597e+00
1.203459973774996694e+00
1.201581510306265033e+00
1.202799832209596520e+00
1.201357901156720365e+00
1.201369882626147412e+00
1.201362958310188800e+00
1.200932528445912473e+00
1.200968254070635233e+00
1.200806916914438638e+00
1.200667294224736725e+00
1.200495923502152840e+00
1.200367641984959821e+00
1.200068292951232962e+00
1.199590539526937283e+00
1.199487133857846111e+00
1.198220153876960126e+00
1.197532390447918260e+00
1.196895048636083203e+00
1.192545698914532437e+00
1.193217496751311835e+00
1.187479401573305005e+00
1.177479106069307058e+00
1.183830909568472256e+00
1.151968854801121545e+00
1.147039753016193320e+00
1.149621123835272263e+00
1.023664187083851651e+00
1.029476537229215838e+00
9.777653913006774111e-01
1.014445224186412586e+00
1.028849336627049693e+00
1.035272327652629887e+00
1.288518826418194818e+00
1.261211941022750693e+00
1.414416826696199836e+00
1.453407387761252334e+00
1.464402756494412872e+00
1.847121708250852423e+00
1.929026395884245737e+00
2.727070838376787876e+00
2.922506608786276772e+00
3.276305769025823711e+00
3.817085319355742801e+00
3.884384914280713641e+00
4.497071686231192800e+00
4.561848546520767655e+00
4.695103330688222165e+00
4.983564309247709545e+00
5.001908071470477779e+00
5.272465353351051931e+00
5.441712678438489270e+00
5.552034232467096153e+00
5.799209974156324776e+00
6.189694796482918981e+00
6.584212913311467297e+00
6.595643378178181138e+00
6.650106119774022773e+00
6.656287959335329241e+00
6.658833855430914106e+00
6.686891382645951509e+00
6.676229354284004103e+00
6.689496092098622171e+00
6.700779041654470802e+00
6.690556915997762033e+00
6.709275949007007078e+00
6.706657286488143299e+00
6.701364187234402081e+00
6.720144439112388568e+00
6.697380272600107709e+00
6.695926915143595615e+00
6.679781875552311732e+00
6.635254265522359418e+00
6.636097428788068520e+00
6.583614398095654963e+00
6.561233614421279725e+00
6.537611862340394708e+00
6.451624549386421492e+00
6.420137042899150437e+00
6.226924204874523916e+00
6.080504833527403008e+00
5.899523490259689140e+00
5.533533401287392017e+00
5.304055022739454728e+00
3.984130071313591870e+00
3.520045987217796046e+00
3.084775293351355252e+00
1.956957757177698154e+00
1.771504976581259161e+00
2.023595359049191966e+00
1.484233377913708019e+00
1.718467909533514248e+00
2.376135105296311334e+00
2.421959813063024214e+00
4.115788656483209351e+00
4.126157345185781367e+00
3.585147426688459760e+00
3.913281463175173336e+00
3.473930639413949972e+00
3.535549194250545035e+00
3.565301390412325411e+00
3.766642084345753538e+00
4.439567710186738125e+00
4.363715995819714699e+00
4.741006826703340948e+00
4.971061038147610134e+00
5.451349761149947071e+00
6.073947681250526642e+00
6.076181295448154884e+00
6.197509226472440957e+00
6.125762186684071686e+00
5.995390387658623865e+00
5.923979525652976363e+00
5.563363590869221831e+00
5.318634572367189506e+00
4.858513686899667228e+00
4.178353880023211175e+00
2.880088164997425704e+00
2.629662123852459121e+00
1.417915830582778813e+00
1.235506471221107239e+00
1.418830018627989187e+00
1.024357610062077262e+00
1.290822293161614231e+00
1.169777030153233754e+00
1.244726163151319120e+00
2.110679513495997917e+00
3.102637642316874445e+00
4.005959090727861494e+00
4.941977008218896295e+00
4.925685247822323198e+00
4.907111180434227116e+00
4.950403518058175578e+00
4.627312644233101402e+00
4.876410194723153069e+00
4.912982491418159015e+00
5.066361924419782170e+00
5.648222616284267694e+00
5.685357972698553475e+00
5.955158032990702566e+00
5.959285965518596129e+00
5.943393608441519760e+00
5.935401830878085150e+00
5.923345112363755050e+00
5.909037979549086828e+00
5.900549545329511147e+00
5.888294051972686738e+00
5.877113171295919258e+00
5.868597015741570999e+00
5.857171014223812477e+00
5.846636609633701909e+00
5.838830477512285455e+00
5.825644174647427675e+00
5.816392777330790409e+00
5.807622633893341657e+00
5.790964983547445044e+00
5.786315836738538110e+00
5.772464819018738424e+00
5.763249433821377110e+00
5.761141470393265962e+00
5.738058646798263496e+00
5.730542296841143468e+00
5.718916155674101276e+00
5.680824462178291512e+00
5.680158230496987315e+00
5.634829373491513138e+00
5.588878659704148433e+00
5.564585798798301397e+00
5.444120926514708358e+00
5.424815306249644919e+00
5.319030928821721460e+00
5.210259849936769605e+00
5.147771303014714306e+00
4.731218541640666686e+00
4.634765829949014204e+00
3.530984567410553332e+00
3.323101711690603643e+00
3.870621887070576417e+00
3.821697599848234983e+00
4.112845041326429474e+00
4.634244295724441187e+00
4.781519636829258957e+00
4.583196002204473096e+00
4.415650179378366680e+00
4.185665370260144513e+00
4.156511963397847786e+00
3.962138513904973625e+00
3.844188584240169515e+00
3.791801350983792673e+00
3.588462911956411538e+00
3.511709224190713741e+00
3.390765854660456657e+00
3.090988824288350756e+00
3.000785008234350570e+00
2.825134962468048183e+00
2.734779321323817847e+00
2.587998471727989358e+00
2.532081619698879571e+00
2.468355336683689671e+00
2.391427027568872710e+00
2.335869904763734350e+00
2.237871313721852218e+00
2.198598626120806809e+00
2.074015311115453564e+00
2.049035342778978031e+00
2.081127117417789663e+00
2.097830259221741045e+00
2.092036518065014228e+00
2.182190072439308182e+00
2.280844254150772077e+00
2.225384641751557702e+00
2.583785908810322329e+00
2.555358489879194117e+00
2.677852855390237874e+00
3.628753979957223041e+00
3.903382112050280739e+00
5.617276438678323380e+00
5.673520387057804371e+00
5.826856613942466900e+00
5.900026425441828870e+00
5.856904261372267939e+00
5.919302009034627332e+00
5.781919702696532326e+00
5.642745696430529811e+00
5.447096050570475967e+00
5.197884846763983546e+00
5.211993216408719931e+00
5.067230309012686895e+00
5.051989864560563426e+00
4.979058909749086936e+00
4.851990238508661513e+00
4.834023958149765932e+00
4.681000562244754803e+00
4.609294503370901630e+00
4.533865930276606449e+00
4.309624079739064584e+00
4.038492327797845505e+00
4.162592607004435230e+00
4.219928702330202341e+00
4.702973141361797005e+00
5.071613447892522331e+00
5.592380174660107173e+00
5.787221436721006640e+00
6.143042726590601355e+00
6.285152680354534560e+00
6.419765732179198992e+00
6.561799164470869528e+00
6.610189616355325981e+00
6.714197075029375128e+00
6.791828035841664502e+00
6.820907184513828270e+00
6.900874329972328525e+00
6.903005878406510476e+00
6.949126615644900085e+00
6.989187165528597312e+00
6.984043521622313122e+00
7.045434471399133258e+00
7.033346109650378430e+00
7.033791306005965360e+00
7.035220242320001205e+00
6.989015859257906804e+00
6.994734651835526229e+00
6.959156606631284880e+00
6.934969745093713556e+00
6.931095636743670241e+00
6.876615951451272579e+00
6.878024980602717164e+00
6.833057955160652952e+00
6.771122981585292244e+00
6.742800628024106402e+00
6.624308805193129146e+00
6.577378864631839406e+00
6.486453624192320078e+00
6.360832515964947476e+00
6.288798397966192333e+00
6.044184572925290766e+00
5.914680158113391428e+00
5.674643463393362453e+00
5.381194403560558115e+00
4.141923527510710912e+00
3.901210141648018492e+00
2.862083548085517570e+00
2.309534225569894961e+00
2.276847658592179080e+00
2.005003544114307701e+00
1.941455480219575813e+00
2.175217896019935093e+00
2.965556082678241445e+00
2.970350238627835093e+00
2.819544270747717185e+00
2.757559773116103674e+00
1.821242104475927048e+00
1.720847070078494578e+00
1.470723536510006424e+00
1.505805327674340610e+00
1.383716250902802702e+00
2.166712150477632104e+00
3.482559758525086036e+00
4.065880644571258529e+00
5.351586702331581513e+00
5.432002883317164077e+00
5.538306810681283388e+00
5.594887634307658786e+00
5.290964789584124972e+00
5.242734789360059544e+00
5.371238533829798989e+00
5.363530468020855757e+00
5.440513253840267183e+00
5.687299722960456272e+00
6.079401130747605464e+00
6.767389173236338706e+00
6.819721430971796394e+00
6.857040062376409395e+00
6.878012130534880697e+00
6.880819904008011356e+00
6.874881541582506195e+00
6.869239567673536051e+00
6.837914351845327587e+00
6.792627051833518337e+00
6.735736260433419886e+00
6.590594404459495514e+00
6.468050522206944208e+00
6.264319042383651670e+00
6.048630945840393736e+00
5.761381110922936699e+00
5.640083548242337486e+00
5.428872591468379305e+00
5.335590920327136999e+00
5.350732895981819226e+00
5.274659807800261113e+00
5.220637330979423396e+00
5.206592304649568348e+00
5.102739509794211870e+00
5.080797257052725335e+00
5.003864025311480113e+00
4.903807898284964217e+00
4.913449323368848098e+00
4.816886610688706938e+00
4.682293239175438160e+00
4.726371972165168245e+00
4.602275986180129230e+00
5.514212406448289805e+00
5.663219852333501336e+00
5.932621667037555113e+00
6.088737385213666364e+00
6.046127309057521160e+00
6.114544623662286682e+00
6.103856968984601394e+00
5.989004771612259859e+00
6.043557174031738199e+00
5.790589796307017423e+00
5.761110877415951848e+00
5.675474613926345668e+00
5.719496690169096453e+00
5.643601144323517005e+00
5.620425932637618693e+00
5.632110343058723601e+00
5.537991773772402482e+00
5.539380162495316284e+00
5.479047708388119275e+00
5.371435063903738261e+00
5.367733646148863613e+00
5.295579238895265384e+00
5.277522448492966589e+00
5.273222357140051386e+00
5.269656577165777733e+00
5.268684756750340981e+00
5.222801688183131397e+00
5.197862480108261352e+00
5.155001801606861278e+00
5.070267980823658149e+00
5.023464067526107080e+00
4.775909027416895825e+00
4.764541869806796726e+00
4.820756403789149047e+00
4.749351450663883867e+00
4.737429294804973878e+00
4.736232190698942190e+00
4.611365596830192537e+00
4.553432297145168839e+00
4.185016343356842583e+00
3.998254238108352787e+00
3.900986559600656101e+00
3.775819180168215272e+00
3.841174067060711739e+00
3.726122782724250904e+00
3.769059035013658132e+00
4.065325054221564649e+00
4.144334997847860969e+00
4.570639306200774854e+00
4.488018650267388665e+00
5.300386153354217811e+00
5.997228606803625794e+00
5.936850038020107689e+00
6.054152929974365271e+00
6.010301715754081897e+00
5.768062893351558529e+00
5.674150205172493244e+00
5.239624823626853001e+00
4.749931736725822695e+00
4.155487917786287788e+00
3.472933251257919629e+00
3.049191381573642001e+00
2.169938659827637562e+00
1.626576027915129563e+00
1.849738747947445860e+00
2.244418146496212074e+00
3.126312888195138751e+00
4.042534785944070563e+00
4.882686125995601145e+00
5.056598179385158431e+00
5.104867099816832621e+00
5.445989369108371392e+00
6.242403942651691295e+00
6.389099849951847432e+00
6.494196468182279247e+00
6.622834724267895545e+00
6.640709416618955530e+00
6.686798753565174280e+00
6.708087978098465243e+00
6.692541648001742338e+00
6.709604994596437777e+00
6.696028127252601436e+00
6.680047102106598800e+00
6.676550278543316175e+00
6.652065228538501351e+00
6.623697153552713601e+00
6.604779805922676772e+00
6.553975359871182960e+00
6.497189584969929932e+00
6.439781095818084111e+00
6.389079143095981017e+00
6.340358390259272170e+00
6.281969277838751253e+00
6.242908992807158164e+00
6.187919625295153381e+00
6.124534226670313330e+00
6.076649407358082122e+00
5.994748806624428994e+00
5.939498080998483864e+00
5.881929952953681706e+00
5.806709519880691062e+00
5.767427676248630064e+00
5.703130669388601248e+00
5.647232635001310896e+00
5.620170336355942098e+00
5.587851154565935730e+00
5.564081822375624320e+00
5.518816269847796718e+00
5.489532964228382106e+00
5.452692804518466829e+00
5.403881974115292586e+00
5.372865511311458953e+00
5.319641072897836942e+00
5.269648849583132844e+00
5.231343356118424381e+00
5.157515650534186591e+00
5.116855187186478915e+00
5.057594060809329939e+00
4.995837582490890050e+00
4.956872996456112013e+00
4.892869153466597787e+00
4.843837082078430889e+00
4.800659271124907868e+00
4.732075054947785908e+00
4.691471404946714330e+00
4.629003276799115163e+00
4.548786013037408260e+00
4.487673871635709411e+00
4.370529522578327608e+00
4.279678153726758971e+00
4.126383952498183127e+00
3.983034062482301518e+00
2.825673027022997719e+00
2.734615650378604101e+00
2.002794248755682460e+00
1.701781831221056640e+00
3.455744958943939071e+00
3.718415991067429260e+00
4.638370783850723988e+00
4.645703519002822190e+00
4.416632911533383776e+00
4.078326956285854621e+00
3.871481111358701988e+00
3.736865293649124453e+00
3.505460447512675604e+00
3.286892691121257482e+00
3.191909081731251874e+00
2.848136716072743102e+00
2.790428095585173907e+00
2.697967923896928077e+00
2.560321763043877485e+00
2.491108545851062672e+00
2.410438294804343684e+00
2.301483282719656298e+00
2.181287115289925360e+00
2.142851960087791774e+00
1.895474545669184829e+00
1.874193446091797721e+00
1.822538620892134364e+00
1.746152693164524150e+00
1.724318092303455563e+00
1.689033209289098281e+00
1.636844717023521856e+00
1.592720762378272426e+00
1.574825574165493736e+00
1.434590419634385938e+00
1.423671419922373671e+00
1.402833434770771381e+00
1.360481188869634872e+00
1.348561007400959522e+00
1.325789997160504052e+00
1.308488079872700993e+00
1.269430312202822986e+00
1.265584418433190805e+00
1.223900785515229961e+00
1.227247365012220204e+00
1.221437558589768990e+00
1.211641980093368431e+00
1.213267399722039341e+00
1.208853580802771388e+00
1.207176882521225014e+00
1.206927309194993247e+00
1.205246630799480911e+00
1.205006590814682088e+00
1.204568110085838972e+00
1.204085330474823801e+00
1.203977434449509110e+00
1.203747411876240125e+00
1.203583713779593500e+00
1.203472251329871012e+00
1.203394324530204340e+00
1.203162619245478071e+00
1.203112858216567993e+00
1.202994287146791352e+00
1.202376762160402235e+00
1.202728378163635092e+00
1.201723329255115269e+00
1.200739359515069493e+00
1.202084180342029907e+00
1.197029018916856868e+00
1.198712301211783071e+00
1.198536642041540201e+00
1.182935254132256642e+00
1.200984338541992713e+00
1.175640683752357196e+00
1.155866743568115584e+00
1.215376355584874002e+00
1.070623790127677832e+00
1.164992701042669498e+00
1.231097247934785921e+00
