-6.842007797482779242e-04
-8.418942635777166596e-04
-3.205932456159182355e-03
-3.219593204092897724e-03
-3.944862094235669983e-03
-4.455799680472492461e-03
-4.157657214604473447e-03
-4.572549739803265928e-03
-4.584913377482279298e-03
-4.597479578798494178e-03
-4.745186242500806090e-03
-4.725711089372099626e-03
-4.776421484826910702e-03
-4.813146254499562834e-03
-4.813570900948891534e-03
-4.841384825302738268e-03
-4.848227122246509015e-03
-4.853756997875338652e-03
-4.863074840088426123e-03
-4.862609455169839695e-03
-4.864723728349004857e-03
-4.863999981944259338e-03
-4.858220669977616687e-03
-4.855774654512045457e-03
-4.844427424611432061e-03
-4.831780991605858985e-03
-4.823239737686516038e-03
-4.788523414954900560e-03
-4.774164595821701884e-03
-4.741219922425470717e-03
-4.661299880280382266e-03
-4.667984790079294545e-03
-4.526651335593817951e-03
-4.419886614889770651e-03
-4.452413457043918887e-03
-3.968135483238453831e-03
-4.066224173378450713e-03
-3.969048089818949347e-03
-3.956289319915359814e-03
-4.151331684617352684e-03
-4.120789102341607113e-03
-4.545566945593743080e-03
-4.680806018259983832e-03
-4.442476123081602959e-03
-4.110571573997310983e-03
-4.798577201163481756e-03
-3.500091763555223268e-03
-3.789063364425116452e-03
-5.849828907715039043e-03
-6.317497569641391392e-03
-7.645720293485891786e-03
-1.413793666695011345e-02
-1.580308906212442299e-02
-2.196760675822835227e-02
-2.393703214104617172e-02
-2.894854524642370350e-02
-3.039454777942199662e-02
-3.223366025211261282e-02
-3.614716010596542850e-02
-3.201931035490281768e-02
-3.644573892798799730e-02
-3.649801971206038942e-02
-3.658561017235289342e-02
-4.005779385863691283e-02
-4.040605394177991527e-02
-4.052914347575815868e-02
-4.253973741733912961e-02
-4.189911636346084489e-02
-4.186731176385441455e-02
-4.133287024340133453e-02
-4.401489169425837344e-02
-4.496825429949793257e-02
-4.810770348010217495e-02
-5.052435296868665326e-02
-5.180689864434447067e-02
-5.772756703415276441e-02
-5.749981235889117803e-02
-5.934574206609155578e-02
-6.079004561933362694e-02
-5.967289955949334201e-02
-6.039984328318004358e-02
-5.799608427833936874e-02
-5.531209398235956143e-02
-5.358849950632988551e-02
-4.914314380918319292e-02
-4.602510654270513396e-02
-4.317791745054312680e-02
-3.702606664483917148e-02
-3.506136722660235100e-02
-3.027465692408529141e-02
-2.630984647885778460e-02
-2.462899995508822937e-02
-2.058706520808246607e-02
-1.974763367738435055e-02
-1.760800545956156538e-02
-1.480585734438403557e-02
-1.430794771116094405e-02
-1.240738932147387487e-02
-1.206930369519982303e-02
-1.097893089857777081e-02
-1.039025435121888191e-02
-9.883049495448419791e-03
-8.231301286132298306e-03
-8.681562430526628543e-03
-6.811373582388921717e-03
-4.250529639984584711e-03
-3.724879051546784586e-03
3.648556896051125941e-03
5.415652359500143162e-03
6.355590496166753020e-03
9.076419036637934507e-03
9.781999507853699621e-03
1.196451383920176144e-02
1.365355050642652265e-02
1.599364121029570041e-02
1.642445150203615534e-02
1.348375046589645430e-02
9.416952752267910426e-03
2.196693088755763586e-03
-6.589675323545316540e-04
-7.965708945026116553e-03
-1.564186840914322946e-02
-1.751629612878711009e-02
-2.182186201095370412e-02
-2.370317242036238531e-02
-2.524401306674929624e-02
-3.225844858279477978e-02
-3.354602126471566831e-02
-3.615014088689198768e-02
-3.963364396725072708e-02
-3.903511315804870235e-02
-4.059292781457386062e-02
-4.247429516682144079e-02
-4.240848834460008571e-02
-4.399716214687295068e-02
-4.682758641350943940e-02
-4.616627543436993553e-02
-5.112082716339021171e-02
-5.991237572648249604e-02
-6.307426167605406642e-02
-7.618182561934777608e-02
-8.098547372806337574e-02
-8.502275341712317580e-02
-9.315672968372912255e-02
-9.570496918727475211e-02
-1.008614128462781701e-01
-1.049875494867627823e-01
-1.045744970125661588e-01
-1.092755701837842403e-01
-1.059559794042539693e-01
-1.040032849775497925e-01
-1.047133479830673897e-01
-9.241120044126757693e-02
-9.175168628746020738e-02
-7.871510413658966421e-02
-6.708027918515518939e-02
-5.930870776339890182e-02
-4.820755538662555711e-02
-3.965135832423466455e-02
-3.462104303624533030e-02
-2.531845267937720551e-02
-2.399755115689930149e-02
-1.888304802236834626e-02
-1.606549788047964555e-02
-1.529827292686914558e-02
-7.580894199704880584e-03
-6.135181369102833335e-03
-4.647308109313688478e-03
-6.408915376460770598e-04
-4.142450545017314911e-03
-1.760434947107045742e-03
3.028265658046329811e-04
-6.638369513995450236e-03
-1.835195783430328825e-03
-4.611097179392904810e-03
-3.772158017660119309e-03
9.948075625704683178e-03
9.650927878126623616e-03
1.731094365581399216e-02
1.977468961757829907e-02
2.080212547437564410e-02
2.354485058440365652e-02
1.863070193416832901e-02
1.991262025524186130e-02
1.319775068289461353e-02
1.087575803844606503e-02
1.370270270231142319e-02
9.515525537242604942e-03
1.028067604606825933e-02
7.919862648353355114e-03
9.335645778924828988e-04
-9.139529464118848357e-04
-3.697148629744583664e-03
-5.727410946889140500e-03
-5.773914080785672205e-03
-5.231306921220547565e-03
-6.259609358244268631e-03
-4.621823397333311816e-03
-2.374527236117553435e-03
-1.641725373387352416e-03
6.115587128802186384e-03
9.225704716360933616e-03
1.078723299195975642e-02
1.670970786621495119e-02
1.801264301804431783e-02
1.959332369239288885e-02
2.266553428065475051e-02
2.360888638151590474e-02
2.270263156108914132e-02
2.580298590170675144e-02
2.704526878274144189e-02
2.667890120228537040e-02
2.973115364659122128e-02
3.177753854267872935e-02
3.508659648725368646e-02
4.163502131646708987e-02
4.208187738226944197e-02
5.139227033685420803e-02
5.194842185309958560e-02
5.428997520199065063e-02
5.633621671371553952e-02
5.676010871527256696e-02
6.117462947115829414e-02
6.537631320658560119e-02
6.640108216621462556e-02
7.178895025350978676e-02
7.258711700797487731e-02
7.387264560796913404e-02
7.861664061840985263e-02
7.511074499945499805e-02
7.797634713617740410e-02
7.270178056454795756e-02
6.881442758786834868e-02
6.770541911609039010e-02
5.454724813452890148e-02
5.441703492894160027e-02
4.585629501933109753e-02
3.633353801823588358e-02
3.412905028582530198e-02
1.963483630252304754e-02
1.635520004041834258e-02
1.049894591542705966e-02
6.050947122519387093e-03
6.847216115997383293e-03
2.216154130277374085e-03
1.598302663375024630e-03
3.417214995352952527e-04
-2.206020387568844582e-03
-2.201470191932663849e-03
-3.895614256912254426e-03
-4.476739155181903330e-03
-4.833292558074662321e-03
-5.476922501003598370e-03
-5.285744399532344047e-03
-5.894007713894908185e-03
-6.025161736705420858e-03
-7.114032511142907682e-03
-7.557521589097002286e-03
-7.391155270028077970e-03
-7.580545894998126991e-03
-7.415190196944362183e-03
-5.816187920245343909e-03
-5.476085103025523336e-03
-2.892308786524707461e-03
-6.355574789395845251e-04
1.843106016843863715e-03
2.170009143039325697e-03
2.334338842057226502e-03
5.452315480200863561e-03
6.409023503969852632e-03
9.003004378137490285e-03
1.177991570680811395e-02
1.232686209163933073e-02
1.700338050771559029e-02
1.758050687562231346e-02
1.686506886556643492e-02
1.726024737057949704e-02
1.670956294273845746e-02
1.717512858655436542e-02
1.864414348828196538e-02
1.901455058557369529e-02
2.217460521493231501e-02
2.156738004428447597e-02
1.904033689252528083e-02
1.495913118269439138e-02
7.636037611571158332e-03
6.088878510719424909e-03
-5.435916860733849051e-04
-5.843111717012373744e-03
-6.996225246026149987e-03
-1.331233647081930468e-02
-1.416136058245037743e-02
-1.551079075636498800e-02
-1.814389861575658319e-02
-1.762923811947651048e-02
-1.861340272438087237e-02
-1.873965889074017885e-02
-1.785529604734089823e-02
-1.715039518503580149e-02
-1.613123196678101570e-02
-1.377761780024570198e-02
-1.139262629053373888e-02
-8.516623897495046239e-03
-2.778320841926667194e-03
-3.415556206067296810e-05
5.196771211059750609e-03
9.796471418336194850e-03
1.523962488714395054e-02
1.975296669288999565e-02
2.338937287920256694e-02
2.718292092136224969e-02
2.952944133006907279e-02
3.139965750457034133e-02
3.320259371852984920e-02
3.386133971114608371e-02
3.475290344557902672e-02
3.715459421110973298e-02
3.446730840983211475e-02
3.789429040174601554e-02
3.577589567724391573e-02
2.910531850523025155e-02
3.105373697484157744e-02
3.100785280461193158e-02
2.719725109890504255e-02
2.861263989259412235e-02
2.640769702828824755e-02
2.350253604498085333e-02
2.532557925907233734e-02
1.952390398129873889e-02
1.838842843133471974e-02
2.043775068759803165e-02
4.733033651666124046e-03
7.721582574187707201e-03
8.729042123837666908e-03
6.123875788158307694e-03
1.517891785619914641e-02
1.271372097746342050e-02
1.456700807786468106e-02
1.624500604269072876e-02
1.501410402126181730e-02
1.608494092320821370e-02
1.357621784754048551e-02
1.231065496453653645e-02
7.952188961824806224e-03
4.013190956735281957e-03
1.226546257159203237e-03
-1.138114250277285321e-02
-1.466639694070620212e-02
-1.934215063809162014e-02
-2.516417340876861419e-02
-2.474482000540724133e-02
-2.781201555929765923e-02
-2.805974367035349998e-02
-2.777786566421758252e-02
-2.858128059423973091e-02
-2.736709797736535527e-02
-2.653244422080609441e-02
-2.504130673659804920e-02
-2.379334398434506531e-02
-2.156319287943333010e-02
-2.080550621028069702e-02
-1.902138038565133124e-02
-1.822524824163051019e-02
-1.863876344276864036e-02
-1.629290551483677033e-02
-1.643955680730654900e-02
-1.401266954738670904e-02
-1.242866700354930583e-02
-9.829729119366433995e-03
-6.043201579304821776e-03
-2.184941142310388874e-03
3.751919469719752504e-03
8.450943843504017325e-03
1.672267855217881433e-02
2.338756851718825497e-02
2.503001569829752318e-02
3.274464608767144180e-02
3.331931556361241581e-02
3.634960508001268409e-02
3.967219621856520051e-02
3.882545509962723185e-02
4.167976241892002581e-02
4.107910067671851490e-02
4.025903092199086680e-02
4.084379557272763833e-02
3.671812939752107374e-02
3.436037495655373114e-02
2.917412060396212467e-02
2.024584459409603868e-02
1.853401387500082029e-02
9.324570895082151534e-03
8.256985456101394172e-03
1.002023174013815313e-02
8.780317892331152702e-03
9.728286706338696785e-03
1.672137009597915794e-02
1.570600170946266638e-02
1.871184137962189631e-02
2.076771924393778015e-02
2.004054677210482388e-02
2.148072976312502200e-02
2.117159085566540366e-02
2.132691996638815674e-02
2.180630207000190321e-02
2.158843025809720553e-02
2.188805054125824920e-02
2.197571011993637580e-02
2.185371035714651564e-02
2.221054343312399426e-02
2.198670013530013359e-02
2.202726145780738165e-02
2.251091492904327973e-02
2.158133872502542364e-02
2.243210349831819064e-02
2.126569054204646703e-02
2.115755558634320813e-02
2.066984757599702252e-02
1.869797754512961610e-02
1.718767846251734871e-02
1.599222570801129423e-02
1.161437449354680435e-02
1.091828526631583550e-02
7.235094040588920319e-03
4.836798049805348006e-03
3.368027442979660765e-03
-1.401413507031283503e-03
-1.787747893011392168e-03
-5.205404889798506858e-03
-5.507970221966386297e-03
-5.145131631887877796e-03
-6.436128307345673379e-03
-5.450093640105593135e-03
-5.320781401044541448e-03
-5.312534265753040066e-03
-3.138558296043263314e-03
-3.427418414067085525e-03
-1.898482362231221745e-03
-1.992001903578289636e-03
-2.529786602102911813e-03
-1.967581811909035593e-03
-2.222582029084142503e-03
-2.228884102191011716e-03
-1.966364506947790563e-03
-2.052186327804221382e-03
-2.001259744716159424e-03
-1.481416120372749902e-03
-1.466388914649329042e-03
-1.244848138118838420e-03
-1.055327877938789160e-03
-1.023006539795484919e-03
-1.024148796522740242e-03
-1.010670608496821044e-03
-1.015949427508632159e-03
-1.012426239123362685e-03
-1.008948774446500381e-03
-1.009090277116650837e-03
-1.005347114638007388e-03
-1.002069810743186958e-03
-9.992442444749251567e-04
-9.936410321710555018e-04
-9.865087628495741810e-04
-9.812751291899506068e-04
-9.669010992029413712e-04
-9.547671385746824653e-04
-9.423400971302796835e-04
-9.046653358946467587e-04
-8.937164545132780542e-04
-8.466533495116348573e-04
-7.704550908180845745e-04
-7.759142356933062873e-04
-5.942238290215739972e-04
-5.258750835991220663e-04
-4.983423509738616614e-04
5.141727579308715164e-05
-9.598523711039610626e-05
