-2.193362449891277099e-02
-1.821889470117046481e-02
4.318475223858586620e-03
1.203775696456005741e-03
-9.869639060141932596e-03
-1.107413971595088212e-02
-6.995019442866811689e-03
-6.995019442854445713e-03
-6.995019442861602314e-03
-6.995019442856921163e-03
-6.995019442848907608e-03
-6.995019442845519693e-03
-6.995019442865993767e-03
-6.995019442841607024e-03
-6.995019442864039601e-03
-6.995019442847544983e-03
-6.995019442845411273e-03
-6.995019442853548861e-03
-8.320098625265344439e-03
-7.226192967385650090e-03
3.023334830424685097e-03
3.685874421610469201e-03
1.498063105822392948e-03
1.498063105838225986e-03
1.498063105824530127e-03
1.498063105824064571e-03
1.498063105834687367e-03
1.498063105821529056e-03
1.414315803570458628e-02
2.500089076894125573e-02
-2.115255923071342539e-02
-4.362990789119448876e-02
-5.827004255035438812e-02
-5.475038164698876192e-02
-3.516818946694071080e-02
-3.645070053872526139e-02
-6.208732372260468771e-03
1.549727332650075980e-04
2.719994876874245841e-03
1.045622686266966563e-02
2.149798029336765642e-02
7.680100299034162137e-02
7.293288699744823744e-02
5.084938013599725470e-02
5.084938013599395873e-02
5.084938013599892004e-02
5.084938013600067558e-02
7.156597141384024585e-02
7.780534531319475977e-02
8.181262997669219716e-03
-2.177032641257646561e-03
-1.465578043995933825e-02
-7.501717808256746015e-03
-2.301332257670363202e-02
-4.904307079775185874e-02
-4.284156838618084773e-02
6.890449698650723091e-03
5.159228016648755022e-02
6.242561061923806998e-02
1.069125615547042996e-01
6.345982523739152059e-02
-6.282564944718010969e-02
-1.148018778522053029e-01
-4.366474248132062169e-02
5.664593031277632279e-02
5.532315807113031420e-02
-1.184636666730730648e-01
-1.638686044356547633e-01
-1.670763896952426886e-01
-1.425324758327676244e-01
-2.326298674572150893e-01
-2.251393059894957471e-01
-2.742271337144733812e-01
-2.742271337144815413e-01
-2.742271337144848720e-01
-7.536253493914958634e-02
-1.829363280172466577e-01
-5.454848682221266065e-01
-6.449171676097955608e-01
-4.297695814535731351e-01
-7.719972479377115171e-01
-8.797963715487755465e-01
-6.733142983265246739e-01
-5.022004650844392737e-01
-2.866022178623126027e-01
-2.866022178622999461e-01
-3.729943326523587066e-01
-2.938958041049640757e-01
-1.770510561021835724e-02
2.549095178480989196e-02
-8.341392837313329339e-03
2.888993068909080641e-02
4.689078378803590227e-03
-5.749327785756149639e-02
-1.319559249103531007e-01
-1.610799632160565542e-01
-1.736279789082934288e-01
-1.553814772824775314e-01
-1.408194581296412784e-01
-1.413998596070959457e-01
-1.021030125158507301e-01
2.933374569205814478e-02
3.848299390900852823e-02
5.583759969173120868e-03
-2.954245114638182502e-03
9.922553666399987898e-03
4.559303129887418843e-02
-6.816003947279740925e-03
4.861837410476128885e-02
5.850673784200769584e-02
-1.473271732229043951e-01
-3.342866180414647559e-01
-4.007491636701149273e-01
-3.522660375858463477e-01
-1.475119632518155088e-01
6.732497582676454095e-02
1.323975035297431380e-01
-4.561143618582721646e-03
-2.487920304509660258e-02
-8.263169512355622234e-03
2.006284418315699286e-02
-2.052674546280620210e-02
-4.700660653141237183e-02
1.443027323053690768e-02
7.148458446518783649e-02
6.029255852097037405e-02
2.949303860689058560e-03
-1.744538499704240825e-02
-2.782252358558651162e-02
-2.000418689845148354e-02
5.320070773611090646e-03
1.574523412490378901e-02
1.085607506396816017e-04
1.085607506407825548e-04
1.085607506387796268e-04
1.085607506429780099e-04
8.439435027582377347e-02
8.657627112275129155e-02
-4.841390368637011471e-02
-2.103839878346016115e-02
2.671063709542913500e-01
2.517632655742776393e-01
-2.189879893070687533e-01
-2.647847764749540200e-01
-2.597789816532558929e-02
5.768638644654915104e-02
-2.001847781703161022e-01
-1.604209908480264679e-01
-4.288755737875922791e-01
-6.636970816747622681e-01
-7.051390073883315734e-01
-7.607219690542752488e-01
-8.028122723938626581e-01
-5.769904835589928505e-01
-3.375960267715916729e-01
-2.534154200923915412e-01
-2.534154200924044753e-01
-2.215353905511189270e-01
-6.799482168490321443e-02
1.865117781182578927e-01
1.705717633476282191e-01
3.343186720742583051e-02
2.717941592122284644e-02
-3.550360471394024831e-02
-1.054525939217448027e-01
-1.356442867136522235e-01
-1.320942843806218181e-01
-1.677638082893130878e-01
2.955593016079887531e-02
1.494565680717593603e-01
3.082013948892804445e-01
-6.447472702483916795e-02
-3.271312621561162093e-01
-4.588402039177711389e-01
-2.534273069157006453e-01
-1.210618652491564362e-01
-3.097363600298024509e-03
6.686592464159531223e-04
-5.822464294255325253e-03
4.122451357352854145e-02
2.222587964616659292e-02
6.227425822575263087e-02
7.328451557061410604e-02
6.514361359767210924e-02
3.966354767548017218e-02
1.764303298576205478e-02
2.369047733233392225e-02
1.890552881060025836e-02
-1.446854451601035756e-02
-5.110504438443214809e-02
-5.983804816114427633e-02
-3.730001978068075291e-02
-2.049363093311501113e-02
2.315728950465489183e-02
6.161555051097451080e-02
1.404336592454122901e-01
2.291633426968728571e-01
1.419368204560214342e-01
-6.941451917417043593e-02
-4.602224093375260200e-02
2.671063709542924602e-01
9.961538825258900443e-02
-3.071108002577537244e-01
-4.974015600965007722e-01
-3.350665405850169476e-01
-9.207692570723718939e-02
6.471069939664297888e-02
1.398381456358180619e-01
1.418106965287387611e-01
7.292511223737409287e-02
1.783168492698237323e-02
-8.148860049568898423e-02
-2.857341487371869992e-01
-3.044748412885842637e-01
-3.356015731484629505e-02
1.891771580864455016e-01
1.657711654835667958e-01
1.694224012318046035e-01
1.708920316374563930e-02
-1.226349679673651993e-01
-1.351353913592457934e-01
-5.107921892415153570e-02
-2.477319448451866316e-02
7.680132592198851693e-02
8.497938340496644094e-02
3.236733452570155628e-02
3.236733452570402653e-02
3.236733452570234731e-02
3.236733452570184078e-02
6.890428656245703443e-02
7.731097350222709830e-02
2.042606945795891540e-02
-2.057536025179917266e-02
-5.539777359052323186e-02
-7.377268249120101651e-02
-6.240620564550979077e-02
-1.482344519758623837e-02
-1.033626457056338035e-03
6.422163811499718988e-02
5.843929735021713423e-02
3.085965986916222592e-02
3.085965986916510556e-02
3.581467934580276347e-02
5.059952082180899091e-02
3.595378518900318315e-02
3.275088371623448291e-02
-1.190829787641840692e-01
-2.044056549941043917e-03
5.995752131090148485e-02
-1.473271732229034237e-01
-3.342866180414646449e-01
-4.007491636701155380e-01
-3.522660375858430171e-01
-1.475119632518140655e-01
5.400618556808208653e-02
1.273170717175522715e-01
1.731496710790721150e-02
-1.246314240440392351e-02
-1.335548260202050128e-02
-1.413806053532739616e-02
1.338922891774539485e-02
1.170969053903207768e-02
1.329143194164341020e-02
2.415685265483390361e-03
-2.173404277638370241e-02
-1.543628707637175260e-02
1.456395394526766810e-03
2.330204129138004066e-02
-2.562104235123980472e-02
-9.585782166572702837e-03
1.809849201742354530e-01
1.065550458369213110e-01
-6.386689687427120343e-02
-1.056740846596835870e-01
-8.713523324648914103e-02
-3.102839780869156086e-02
5.664593031276091151e-02
5.532315807113158401e-02
-1.184636666730902038e-01
7.579738095297909681e-04
-1.024580290238440022e-01
-3.878347015500140937e-01
-6.993972010408140427e-01
-4.753495411566376894e-01
-2.646733722102503905e-01
-1.500487670261437534e-01
-1.381867247577495683e-01
-1.381867247577417690e-01
-2.058135023613208159e-01
-2.410108760962325625e-01
-6.272734656214432603e-01
-5.934600768196300891e-01
-5.230653293498029877e-01
-5.230653293497948830e-01
-5.230653293497884437e-01
-5.230653293497817824e-01
-5.230653293498042089e-01
-5.230653293497812273e-01
-5.230653293498023215e-01
-6.198327429606149686e-01
-6.196882129658848326e-01
-1.507784255763796322e-01
-1.023947187709719764e-01
-1.026837787604355512e-01
-9.508327183498745117e-02
7.823405154244865434e-03
1.538883056786397863e-01
2.299466923986661915e-01
-5.221495769904530362e-03
-5.350345224703290797e-02
-1.041507518004864408e-01
-1.676561913398541895e-02
1.439932441979051569e-01
1.493522339289434786e-01
9.200130535637845997e-02
9.200130535637716933e-02
9.200130535637827955e-02
1.229001218892499803e-01
1.289373689823716251e-01
1.286812201271746690e-02
-2.581286253720818137e-03
-3.738873413133828733e-02
-5.539777359052160122e-02
-5.423002311425639821e-02
-3.073658961121805006e-02
8.564540578472266963e-02
7.587407609625165805e-02
5.162016278155215354e-02
4.081292273432378381e-02
3.384284708046833567e-02
-2.870625291882044836e-02
-2.094000719413457307e-02
3.615031867408537852e-02
6.319071790737093575e-02
6.979507120816681731e-02
6.350842668812441139e-02
9.104291876754362633e-02
8.285117847927649104e-02
-9.778631213745850315e-02
-1.231702228686574335e-01
-1.067867422921225107e-01
-1.067867422921241205e-01
-1.067867422921292969e-01
-1.323065903704507551e-01
-1.136349740357342208e-01
-8.581512321475559535e-02
-7.305519917559237519e-02
-1.225556765681757032e-01
-1.418890025494279339e-01
-1.230660834038306700e-01
-1.169874610422459854e-01
-7.832080907976439466e-02
-7.832080907977580220e-02
-7.832080907975610962e-02
-7.832080907974839357e-02
-7.832080907976879391e-02
1.756441676589374015e-02
-7.068835640298727629e-02
-2.235475759041856691e-01
-2.714901888270595531e-01
-9.498464248928525921e-02
-9.498464248927659948e-02
-9.498464248924186337e-02
-9.498464248928180365e-02
-9.498464248927039610e-02
-1.698152317137215928e-01
-1.699922550378223651e-01
-1.751054602441125541e-01
-9.542927331378077416e-02
8.048332636701118967e-03
8.124366878799055280e-02
3.998622831265827987e-02
1.307554022737905941e-01
1.124653714146358480e-01
2.593668309290886667e-02
2.593668309290857871e-02
5.193275404952070462e-02
5.153579035398443697e-02
2.791254728252737238e-02
1.491451180422134065e-02
1.570843919528993812e-02
1.570843919528877933e-02
1.570843919529001098e-02
1.570843919529084712e-02
1.570843919529101712e-02
1.570843919528985139e-02
1.570843919529158611e-02
1.570843919529450392e-02
-8.765685022883683286e-03
1.171694606496956684e-02
9.658965992601013795e-02
8.238442596583031574e-02
-6.662947054384446566e-02
-8.773288375262515426e-02
-5.368207989954894288e-02
-4.265098364064686537e-02
-7.362238619947555907e-02
-6.420549205674408455e-02
-8.626768457455097350e-02
-8.626768457455021022e-02
-8.626768457455073758e-02
-8.626768457455182004e-02
-8.626768457455272210e-02
-8.626768457455134820e-02
-8.626768457455039063e-02
-8.626768457455036287e-02
-8.626768457455034900e-02
-8.626768457455032124e-02
-5.980586415603784262e-02
-6.569910447344208537e-02
-7.470396772435329569e-02
-1.380678466468595045e-01
-1.318831347772878859e-01
-9.777443762566821739e-02
-7.270795326904309908e-02
-6.150441573857131500e-02
-6.150441573857062111e-02
-6.150441573857255012e-02
-6.150441573857200195e-02
-6.150441573857140520e-02
-5.581039334759044235e-02
-5.000544661720122269e-02
1.388429415792193262e-02
1.103728296243339062e-02
-5.726104983458810355e-04
-5.726104983454199243e-04
-5.726104983437007049e-04
-5.726104983450647397e-04
7.097020816600671522e-03
7.226564894393559639e-03
4.630345641052846344e-03
7.955299835769254245e-04
5.364418279946275283e-04
5.364418279949859656e-04
5.364418279954168275e-04
5.364418279939091360e-04
5.364418279932334612e-04
5.364418279941594783e-04
5.364418279932348706e-04
5.364418279934787077e-04
5.364418279949178777e-04
5.364418279950452714e-04
5.364418279952421625e-04
5.364418279938686952e-04
5.364418279921340802e-04
5.364418279932046214e-04
5.364418279926716276e-04
5.364418279950266231e-04
5.364418279934778403e-04
5.364418279927792889e-04
5.364418279928595198e-04
5.364418279930479542e-04
5.364418279944824621e-04
5.364418279954813375e-04
5.364418279956082976e-04
2.342002959172559233e-04
5.097096875734662700e-04
-1.877208574949152959e-03
-1.857382693737675899e-03
