-4.680699290506597915e-03
-4.530502223957013144e-03
-1.682362887792312935e-03
-2.921936629110451211e-03
-4.634673543176392498e-03
-4.385065913890024911e-03
-4.485136762317815454e-03
-4.797935024944605109e-03
-4.669864566965603071e-03
-4.771031765635034769e-03
-4.787080126308980617e-03
-4.755645012917308900e-03
-4.708770380012151230e-03
-4.690625012938511723e-03
-4.583400799840254419e-03
-4.342987829672463954e-03
-4.405359402149919452e-03
-3.782778042825288983e-03
-3.446552366307566173e-03
-3.479516901264962173e-03
-8.771327172140395458e-04
-6.333234954967288059e-04
-1.231514209304326868e-03
-1.368771425466690326e-04
-9.182406845203664597e-04
-2.534681677493616329e-03
-4.605627276095867030e-04
-5.586254718952543032e-03
-6.268517677866611293e-03
-4.094157191626998302e-03
-2.569860159914765657e-02
-2.751218350286192132e-02
-3.920067966078097377e-02
-4.011413743174054025e-02
-2.679725449863693335e-02
-3.044473068992321896e-02
-7.164212805262548146e-03
-4.610608887726466048e-05
1.018234053858029994e-02
2.999452400203471425e-02
3.324224862211874049e-02
5.482982321498326012e-02
5.803155304498900519e-02
5.302631155307242078e-02
5.843574885181107570e-02
5.889030766946871942e-02
5.136069953904227881e-02
5.534135902869551094e-02
5.306222085359869889e-02
2.575789969226602305e-02
2.390491012149588423e-02
1.472273350440472285e-03
-3.546640172946774298e-03
-1.072597333227887258e-02
-2.316929949607596240e-02
-1.891189955245217713e-02
-5.446153951960748529e-03
1.057934511393344296e-02
-4.196902634602201268e-03
-2.910658734246101415e-03
-2.569340314006134801e-02
-6.575218038565326661e-02
-7.475324470077170103e-02
-1.015158259087393933e-01
-1.218792004199231449e-01
-1.416634317695063539e-01
-1.947461208384597686e-01
-2.123684633257379162e-01
-2.518503340507766142e-01
-2.729822075642511781e-01
-2.872150918234776529e-01
-2.997425547419441116e-01
-3.175618200128502155e-01
-3.275808997904651187e-01
-3.438297227920228405e-01
-3.619360816350819521e-01
-3.734161325182431823e-01
-3.992153302077707799e-01
-4.179993120847149135e-01
-4.207570722721463152e-01
-4.443222615486330795e-01
-4.428702671496170806e-01
-4.392023886768847141e-01
-4.382555945468605829e-01
-4.014487958114860144e-01
-3.868141768266171177e-01
-3.611944163269186769e-01
-3.247788403855578210e-01
-2.960988833729633063e-01
-2.557400218010401627e-01
-2.303714713906160894e-01
-2.051840984925126232e-01
-1.772989784491022514e-01
-1.696016797665174103e-01
-1.707765507105270530e-01
-1.613270295030349022e-01
-1.623981961408166586e-01
-1.435725717197625095e-01
-1.260983665924432506e-01
-1.089146069451695231e-01
-8.670940258311801707e-02
-4.859941817848359435e-02
-4.240750864104293749e-02
-3.702698311883520499e-02
-2.972410778377040930e-02
-4.217227807435207365e-02
-2.611796702490206540e-02
-6.548745446976486639e-02
-7.393058926965352662e-02
-9.596335385508339422e-02
-1.532319055473183589e-01
-1.573689143733337792e-01
-1.703059317154941854e-01
-1.642169304255995943e-01
-1.408707607258135597e-01
-1.245232248063950914e-01
-9.084465610773173605e-02
-8.212249872160466702e-02
-6.520426866323539294e-02
-5.075462613342750923e-02
-3.147178397540345562e-02
-2.582377475048796417e-02
-2.386640348913431076e-02
1.481257902695606324e-05
1.070546268625164818e-02
9.516488019380065291e-03
3.053448442547388331e-03
-6.136225233020943057e-06
-1.699872181718492525e-03
-2.952820438111369329e-03
1.095075925039485591e-03
5.995257307520345490e-03
3.970370994782153654e-04
3.702057565431159710e-03
9.698809553727512703e-03
-1.528765769401791916e-03
1.464711449190813503e-02
1.281948201028629969e-02
-2.298002848807855977e-02
-4.439009603686208671e-02
-3.674730594511900483e-02
-6.746095736575231927e-02
-1.243234569063796230e-01
-1.564434459017146617e-01
-1.815228515574424106e-01
-2.076874595192651218e-01
-2.535087249997508563e-01
-2.760109791071250207e-01
-3.165786313857748557e-01
-3.555018319339700028e-01
-3.684735306582103687e-01
-3.813120972100190187e-01
-3.740187972460607968e-01
-3.508024628405919665e-01
-3.206976269797332524e-01
-2.920046788865480192e-01
-2.605406484889619678e-01
-2.219927125187377837e-01
-1.997453620148420539e-01
-1.651640626777981791e-01
-1.480374410987068123e-01
-1.421307006422290464e-01
-1.225640021614130548e-01
-1.252786289905765682e-01
-1.209243816407196276e-01
-1.133004803660018073e-01
-1.213496605428045910e-01
-1.110567302218078700e-01
-1.006402986891712786e-01
-1.162360249275709023e-01
-1.108617214347779878e-01
-1.243176912136117057e-01
-1.424823344858015539e-01
-1.420971393090803836e-01
-1.391374939529596011e-01
-1.325172399598589512e-01
-1.053701710538545999e-01
-8.788073003362029123e-02
-6.814635607255589700e-02
-3.193291399004331843e-02
-1.943125918398888596e-02
1.402469824355323698e-02
2.502880178988751980e-02
2.496427939085958322e-02
2.639708839620459949e-02
1.669084370216095820e-02
1.471184206841990444e-02
8.302523761255269780e-03
-1.178324256026841346e-03
-1.064353820396779851e-02
-1.069546804291945236e-02
5.918474400975237346e-03
1.670520735885455688e-02
4.747766694805043153e-02
7.152400314365998935e-02
8.553181527859862743e-02
1.006184469635868495e-01
7.928534975933668183e-02
8.831641390580284579e-03
-1.383302750238991907e-02
5.145954479204422130e-03
-4.284864856662444488e-02
-6.503831124010009401e-02
-7.280281525584680891e-02
-7.440956792603049819e-02
-6.334838539305029381e-02
-5.349415980524324654e-02
-4.842070359143291897e-02
-4.173041554257285457e-02
-4.233464284400142996e-02
-4.736738066664487878e-02
-4.789927200539979141e-02
-4.959728316444669827e-02
-4.712045004688503874e-02
-3.604480154174163203e-02
-7.143361270815853231e-03
3.317714344324631560e-03
1.452455525529641224e-02
-3.819592613970584569e-03
-3.647961548440193519e-02
-3.985815803901687771e-02
-9.093999966523604386e-03
-1.416950830070096840e-02
3.157123006354403683e-02
4.142357246397170012e-02
2.690781334234094990e-02
4.369328320609593141e-02
4.039033345478396791e-02
3.431984638792932862e-02
4.338040148093978005e-02
3.676454512581867062e-02
1.399812385286178587e-02
-3.478483778670604654e-03
-1.982707040247046887e-02
-3.310562463764590846e-02
-3.037318504224962440e-02
-5.357482362968133197e-03
-7.599483558693272828e-03
2.114583373983738163e-02
2.093073443988405224e-02
1.416952504759294920e-02
1.335411394324786602e-02
1.285943596133941325e-02
1.649473762176978039e-03
-2.074409751145913847e-02
-1.336611436832041248e-02
-8.763168069464104259e-02
-8.216250859340368251e-02
-1.005825476245241629e-01
-1.623313879758810918e-01
-1.573402809934066893e-01
-1.732551726360887223e-01
-1.664891637004955460e-01
-1.371543863043415690e-01
-1.254941090347083954e-01
-8.569133286134272831e-02
-7.389376807593084351e-02
-5.781601205888744349e-02
-3.931650016213918825e-02
-3.763648264689447437e-02
-1.538238354511158035e-02
-1.522782339051649211e-02
-9.571074821309321495e-03
-8.083145007824933323e-03
-1.607044325168080837e-02
-5.492783003220101483e-03
-1.546689500498121643e-02
1.544101550678763854e-03
-5.396316897130713428e-03
-2.810572878077271727e-02
9.062715986526470591e-03
-2.989335099524929873e-02
-6.734600243153536503e-02
-8.424070881209522188e-02
-1.115536321628522454e-01
-1.375566698914584551e-01
-1.630162114409043350e-01
-2.018529894627833499e-01
-2.552781412790065541e-01
-3.000200197526095014e-01
-3.474443299918442696e-01
-3.891716398720728165e-01
-4.386339508299440526e-01
-4.453400775311959214e-01
-4.592320670466346622e-01
-4.645457266493495663e-01
-4.659287725704334138e-01
-4.753882607649897452e-01
-4.763500689576454783e-01
-4.810659884008493536e-01
-4.871104197555199411e-01
-4.845640900288917807e-01
-4.869877948531167178e-01
-4.822963604007608485e-01
-4.800661399704942434e-01
-4.767713807765143752e-01
-4.661743893226399926e-01
-4.651869895909753749e-01
-4.489564335455547006e-01
-4.383569121850288131e-01
-4.268066774133380537e-01
-3.922356272798553922e-01
-3.743277263083687467e-01
-2.855233158991293818e-01
-2.475926982332515847e-01
-1.924355093987712984e-01
-1.140061366996243525e-01
-6.956137181468502462e-02
-7.593380664334772878e-02
-3.315973742861955814e-02
-3.070602699253842383e-02
4.813771300809548820e-03
6.979826024518370753e-02
7.283344271789932156e-02
7.287703983608259661e-02
9.429693915828246675e-02
7.693016352501992616e-02
8.543223748034298182e-02
8.699341286427544895e-02
3.790515548334263268e-02
4.276648817270303771e-02
8.584919877520677534e-03
-6.248532371640139887e-04
1.064158355009910302e-02
1.615460976717174139e-03
4.038780827890645075e-02
3.500681733825525277e-02
3.025039361180077713e-02
3.253114393891553408e-02
3.229649458271174889e-02
1.583770619456415646e-02
2.126111761655533408e-02
3.383230444146856364e-02
2.899035995996344928e-02
4.103471070573839335e-02
2.133255034591417798e-02
1.155234823056742501e-02
9.124239357935850364e-03
-7.213819326466558435e-02
-8.208727656469125278e-02
-1.070425454539448706e-01
-1.329281089581539343e-01
-1.334049958384108114e-01
-1.526398847311524198e-01
-1.533183172260803306e-01
-1.551901761901398613e-01
-1.518139680815856485e-01
-1.624863902655596659e-01
-1.593995883102437561e-01
-1.575803476272003012e-01
-1.582642938747204631e-01
-1.517060198814300653e-01
-1.525771044788336861e-01
-1.487869541355225367e-01
-1.450975013086423515e-01
-1.464338188355572556e-01
-1.403838142150601875e-01
-1.419158657222755748e-01
-1.409692171180395026e-01
-1.382782220415438856e-01
-1.369122555600182922e-01
-1.321612761340467124e-01
-1.295502849296191195e-01
-1.269377814503593604e-01
-1.199033579354694123e-01
-1.189815249906523986e-01
-1.107058660970539066e-01
-1.021823688926105922e-01
-9.573338271088799312e-02
-6.098438421894885469e-02
-4.655292513240514435e-02
-2.938078332303137308e-02
8.642015918657252119e-03
1.865723943404878557e-02
4.433169579008314903e-02
4.570687758654868454e-02
5.548952284795402590e-02
5.679742136007628894e-02
2.843044893669039938e-02
2.798157501480606074e-02
2.558281443852215148e-02
1.793965935565332639e-02
1.916401225798875299e-02
1.604249477958879025e-02
1.417781368975672314e-02
1.461276091641857885e-02
1.099143490567805297e-02
1.128252826106372446e-02
1.014039050102252641e-02
2.469135076569366639e-03
1.016887581764464379e-02
3.764998131567419588e-03
-4.451869603916999707e-02
-5.318917974514932728e-02
-6.105122125045465975e-02
-7.310162106460585396e-02
-8.937783211469710332e-02
-8.946210331178364172e-02
-1.067894076572876993e-01
-1.099228671399519602e-01
-1.136438654653245117e-01
-1.195612872602747900e-01
-1.205804132940748591e-01
-1.224202196160349282e-01
-1.257474518658329710e-01
-1.256313234303854387e-01
-1.264890132934630984e-01
-1.324799705400586669e-01
-1.268695124581782907e-01
-1.364443751966229468e-01
-1.488013543599486510e-01
-1.638212010589389089e-01
-1.631164943639894505e-01
-1.386534834800496885e-01
-1.305339285122985582e-01
-1.187571982999666015e-01
-1.076318860047350695e-01
-9.785456732488286014e-02
-9.070466185655694236e-02
-7.818273603450735798e-02
-6.360487823944503682e-02
-6.006839536692389070e-02
-2.683607565207323659e-02
-2.499100665683579373e-02
-1.939469214668022856e-02
-9.448964047348549361e-03
-9.369210023251590969e-03
-5.379799331154783495e-03
-1.070458726223072390e-03
-1.046574122351235465e-03
3.609735351189293125e-04
2.058517261266694785e-05
9.270416203403554760e-05
3.621025427862734980e-04
2.178905308870420800e-04
3.292162173028155667e-04
3.508431525935926977e-04
3.299081977711316245e-04
3.711200463221566792e-04
3.635621990602088001e-04
3.682857422289836122e-04
3.763794213026203767e-04
3.726665702632708625e-04
3.759134858808633930e-04
3.727688384716743540e-04
3.724915117226035494e-04
3.678505908481122136e-04
3.575862339720191829e-04
3.610716595371544634e-04
3.303300101473457900e-04
3.216437284938605964e-04
3.173357830111992513e-04
2.071511868923994065e-04
2.608975211599349293e-04
1.239463625299828899e-04
-1.108839200489920997e-04
1.596135507966114095e-04
-7.112977061389518397e-04
-7.542349467590851947e-04
