-1.282674546094785201e-03
-1.432437044327895684e-03
-3.535380943968662211e-03
-3.568036968634721601e-03
-4.246966476767711704e-03
-4.588203900198509384e-03
-4.284665369872247415e-03
-4.556966527527817404e-03
-4.527452336957751150e-03
-4.506152993134802942e-03
-4.577074380528951651e-03
-4.548684326152789559e-03
-4.550829591049193254e-03
-4.569436326323329106e-03
-4.535844603458786227e-03
-4.521596653213354189e-03
-4.548704948627120201e-03
-4.408750548409618407e-03
-4.462045226752905935e-03
-4.416277005537505053e-03
-3.909793162685700797e-03
-3.882304583573685085e-03
-3.865446376871821757e-03
-3.737106482736166600e-03
-3.818461337161078127e-03
-3.756210366267858768e-03
-3.819479358731587594e-03
-3.982274080233317443e-03
-3.819679396425735857e-03
-4.377309221702513353e-03
-4.429189524074842593e-03
-4.442823961238311428e-03
-7.193235896575399940e-03
-6.329467919166198095e-03
-4.738749209760565254e-03
-5.193017930682084643e-03
-1.128933152273059112e-03
-6.487966476181326100e-04
-1.181526999368713235e-03
7.480589536636044791e-04
4.053799742913878927e-04
1.990561629846338346e-03
2.169524460466753200e-03
1.820429295880493644e-03
2.168411687425144882e-03
1.982864299999470992e-03
1.652824738626641407e-03
1.390777425660401183e-03
1.176326015599940718e-03
-1.813367109465074077e-04
-2.346072549188981770e-04
7.697161228776264099e-04
6.910952625939424361e-04
1.364442268513332227e-03
2.945158986503246951e-03
3.970719160031272246e-03
1.600073990339747308e-03
1.916758478956634513e-03
4.169057181091135353e-04
-3.660808152969322743e-03
-4.331399678397511444e-03
-5.303692039874444500e-03
-2.577426451774687387e-03
-5.742236094961768005e-03
-2.606363185475810921e-03
-4.524087436977689697e-03
-1.559778503926041032e-02
-1.401819300718992224e-02
-1.702472302967884821e-02
-1.828792116532296924e-02
-1.136968165197721828e-02
-1.063123171283786826e-02
-7.093247604326296044e-03
-3.106015567694467554e-03
-2.644359680442051868e-03
2.191313304894136268e-03
3.065168571329181073e-03
4.359508894681656671e-03
6.156980147775947126e-03
2.324505293646310974e-03
3.552530844992757113e-03
1.765863954302991342e-03
-1.957088651893853625e-03
-2.763700124511431124e-03
-5.842029623477259723e-03
-7.935641796934171655e-03
-9.642219694054644102e-03
-1.198929661318329579e-02
-1.414442414796264133e-02
-1.544857097039581580e-02
-1.741380345383784778e-02
-1.843944927897947159e-02
-1.941935286154634899e-02
-1.997133061492309750e-02
-1.698510074144714971e-02
-1.662045899693788409e-02
-1.549913537383495327e-02
-1.138784305778827062e-02
-9.905921759647403832e-03
-8.566315547406139208e-03
-6.206835200902554098e-03
-1.618903531757212577e-03
-7.641670885336853238e-04
-2.674463729446985478e-05
6.523824032446039027e-04
1.878961557765047646e-03
3.114149689988536009e-03
3.509031637051040955e-03
1.683071983491367732e-03
-2.594717495370920356e-03
-3.061594840144454821e-03
-9.149469479753460401e-04
-5.363179011769346385e-04
3.648980157418110683e-04
-1.780474900187244613e-03
-6.001876467544201010e-03
-7.902168979345569264e-03
-7.818740147663035683e-03
-8.858828760887496254e-03
-8.126811860359401188e-03
-6.994167699851472700e-03
-6.903044400400563940e-03
-7.364097059884164471e-03
-3.120564690398531030e-03
-1.479183322169472107e-03
6.264155799368646563e-04
6.532302535763652440e-03
6.945907061985031987e-03
8.004075504859214582e-03
9.507769558277740993e-03
1.017020593199619190e-02
1.051435096848335644e-02
1.033985820715439818e-02
1.024749690443892657e-02
1.058066350954809179e-02
9.963761600190374629e-03
9.655515990920647551e-03
1.057020077444552689e-02
7.106767122714892880e-03
6.676340336962319384e-03
8.281799282116291544e-03
6.427717331451112542e-03
9.381756527410646182e-03
8.988727134856979925e-03
3.952271350913546741e-03
4.970312592134458821e-03
3.447508813435059931e-03
3.533555398268947191e-03
4.049173682201543181e-03
2.075047543869884895e-03
1.962946857933622283e-03
-1.389625110142026160e-03
-2.560027149152642803e-03
-4.187912916210928538e-03
-7.586553007946930660e-03
-8.197554594346232945e-03
-1.181238270353419766e-02
-1.585392438544693666e-02
-1.640726962863420235e-02
-2.400128612774181380e-02
-2.373929189277659141e-02
-2.533308091378228682e-02
-2.847770524736160588e-02
-2.578268819202130663e-02
-2.847565027591737047e-02
-2.672491140842570348e-02
-2.604103778467949104e-02
-2.484887973412783918e-02
-2.292127314210118047e-02
-2.259999065654851036e-02
-2.203348449465919109e-02
-2.054551948457208899e-02
-1.755738909327516500e-02
-1.499700046939901957e-02
-1.454425222010039334e-02
-1.403336199481196311e-02
-1.383534767802475050e-02
-1.553951356533037585e-02
-1.326815286062844532e-02
-1.147596458808038469e-02
-1.011627610825001529e-02
-6.221883720128672940e-03
-6.090502966032558876e-03
-6.268369638289684326e-03
-6.790084719134163727e-03
-5.428423799696437471e-03
-5.943167479690279753e-03
-5.602927306397748920e-03
-1.725562483911383116e-03
-1.230152560782235408e-04
1.436624064989566740e-03
5.772243137295123006e-03
5.957657935488341189e-03
6.527583650006866037e-03
7.862555521610017570e-03
6.872793453855450055e-03
7.000505603130329282e-03
7.467132311054441342e-03
4.993521986199903756e-03
4.947112465104589428e-03
4.290111856450638805e-03
3.653223110105658679e-03
4.727764277988223338e-03
3.770416952627461899e-04
-6.133797687466828984e-04
-2.854015641966081967e-03
-6.092625825776524368e-03
-6.785916676654953766e-03
-1.030749795922299671e-02
-1.303055502152988300e-02
-1.345280860743629237e-02
-1.783597645857733227e-02
-1.959306185010274357e-02
-1.684893639559728942e-02
-1.951978982397154297e-02
-1.696992278273905252e-02
-1.227973053264856326e-02
-1.097744775924232655e-02
-6.034545136872425386e-03
-3.212065358588918167e-03
-2.186795350501398363e-03
-4.529828654343333490e-04
-7.686770215777032333e-06
1.494919077604086721e-03
1.019375759879283727e-03
7.444062268529094781e-04
9.017805656194300117e-04
4.436716778590842677e-04
3.759183783559304497e-04
-1.060901877497567907e-04
-3.255002921521100100e-04
-5.471210621860203528e-04
3.310482469866176465e-04
2.183292646231056386e-03
4.072583213579335920e-03
4.380704160320558066e-03
3.411907335258990322e-03
3.598263922660781093e-03
2.627248905360568629e-03
2.347433029836871587e-03
2.844651444458410304e-03
2.949781137345763513e-03
2.571833193211243377e-03
2.248646441686099132e-03
4.343768426826428823e-03
3.570264896108086249e-03
1.814819277366671365e-03
3.292071823412516703e-04
-4.006124512415568106e-03
-3.647221303951121187e-03
-1.380198987231252708e-03
-6.753464670154234661e-04
5.713258174942541711e-04
-1.455693674274939359e-03
-5.156508424455892060e-03
-6.935232753378113742e-03
-6.365103605607737129e-03
-7.322779591333899996e-03
-7.379630061643349150e-03
-6.403192193675060623e-03
-7.319394637038055887e-03
-6.740314345078752753e-03
-2.577997779838023425e-03
-2.428097616261104368e-03
1.292995527867823145e-03
2.895083421926440085e-03
3.116718142531430327e-03
5.385808043477101001e-03
1.744893070271394191e-04
-3.483922875209558880e-03
-3.628914555977642842e-03
-4.833630254247182553e-03
-6.218464135353202540e-03
-3.484470147503434742e-03
-4.384485533501812637e-03
-4.293837674901592946e-03
-2.499638148118132550e-03
-5.442174542443551158e-03
-1.190182607871402912e-02
-1.643361054162136708e-02
-1.302710922473135705e-02
-1.290439135043368844e-02
-9.068204190326247666e-03
-6.585265154297527748e-03
-8.402144936434537831e-03
-4.041028463792702488e-03
-4.926005012216782067e-03
-1.992915846626070950e-03
1.994647761258436063e-03
2.421956805271423610e-03
1.034933296966315808e-02
1.154191323022314003e-02
1.398229011089194285e-02
1.706669519485944087e-02
1.742262314307873455e-02
1.928637482114128887e-02
1.948945705411611606e-02
2.060428967485812210e-02
1.977515694782928934e-02
1.989024978301859314e-02
1.971358889902259659e-02
1.473560973716148310e-02
1.329396030192055676e-02
4.517206018779012372e-03
9.117772628250526371e-04
-3.527426396199765876e-03
-1.005016925534448977e-02
-1.204319720737241639e-02
-8.546110162572459826e-03
-6.048710182446118654e-03
-2.028128204378031128e-03
-2.810936056284018235e-03
1.585903022204107095e-04
6.455060346122567551e-05
1.173771679588364797e-04
1.000727764271096363e-03
6.005173408701556257e-04
6.673902402329651585e-04
9.963966264296955297e-04
7.729822028659973296e-06
6.763816531497734031e-04
2.496752700916504177e-03
2.547344899401073580e-03
5.186124770046995208e-03
5.379396578607312934e-03
4.034537037601761481e-03
5.920623265924266840e-03
3.426515453435516768e-03
2.562856520828222639e-03
4.797491533611166620e-03
-5.319401328170098378e-03
-5.250359968007869624e-03
2.974605183958325093e-03
1.924459942104198799e-03
4.714650355827438612e-03
4.866229698509348146e-03
2.651191572647064541e-03
3.535193975922277729e-03
6.357090792718700280e-04
-2.830896551676304745e-04
-1.651061555920793489e-05
-9.636670844335093120e-04
-2.007585792237704357e-03
-1.642379192916585285e-03
-2.902841146686573233e-03
-6.205694867021689133e-03
-6.735927377842378105e-03
-9.691784272077485704e-03
-1.018587622162389281e-02
-1.106306456189415366e-02
-1.107309646356409091e-02
-1.077980704484139338e-02
-1.098817544411202426e-02
-1.011759094973341960e-02
-1.003507000142417338e-02
-9.342269471393167823e-03
-8.121871723898924436e-03
-8.154907455895794507e-03
-6.231217389156789091e-03
-6.311883447524114024e-03
-6.657754532284823959e-03
-5.887079112764852934e-03
-7.264215448498696596e-03
-7.166018375294694320e-03
-7.831592215345607733e-03
-9.746046817804516343e-03
-9.365092253456622218e-03
-1.193625505919946976e-02
-1.237177085982528110e-02
-1.046342418614472879e-02
-1.169193041101074595e-02
-1.180151879397011924e-02
-1.092185940352918827e-02
-1.191797232270241751e-02
-8.507939838549617717e-03
-8.713040349001471840e-03
-6.892321832790959321e-03
-6.006646802503875886e-03
-5.595071171186531168e-03
-5.398458370163504959e-03
-5.957179349588580253e-03
-5.762400075405459642e-03
-5.886382783971255001e-03
-6.046698164491429682e-03
-5.855093176697672569e-03
-6.174328989941370825e-03
-6.137589816849311868e-03
-5.747087248169040555e-03
-7.078296854016920096e-03
-5.532315488196775863e-03
-5.786839896694403844e-03
-5.265414846203430622e-03
2.414818666078968022e-03
2.077519860347605118e-03
2.746681182490108477e-03
4.853079046674332528e-03
2.195925653739824745e-04
-5.729135372567235337e-05
-1.079900305500618466e-03
-2.602482175842472240e-03
-2.580404620280850238e-03
-3.307292226599893234e-03
-3.764999167565921418e-03
-3.906830407232336419e-03
-4.382836593555324879e-03
-4.942665977831806577e-03
-5.116517156349332032e-03
-6.215297314843810580e-03
-7.237167729984996141e-03
-7.700537331177044476e-03
-1.092720703462252314e-02
-1.012798838383928250e-02
-9.256357810124068303e-03
-4.978887434865113953e-03
-4.434072068549628487e-03
-4.358061311711405698e-03
-3.216260613122681831e-03
-3.232657676746518959e-03
-2.887477039717585396e-03
-2.715258667579093909e-03
-2.464140846474780541e-03
-2.347225674011108737e-03
-2.536870214802834905e-03
-2.602128901577554360e-03
-2.716885815959631939e-03
-2.789843301375755265e-03
-2.863338477912648686e-03
-2.845351417490301314e-03
-3.001800404862062926e-03
-2.999336861158087997e-03
-2.825958975064601919e-03
-2.780773123308205065e-03
-2.711824634213385633e-03
-2.663463605219650032e-03
-2.644548509748415391e-03
-2.618738879227369091e-03
-2.606331103421308769e-03
-2.597843193618086261e-03
-2.589799987047006029e-03
-2.586190692595960981e-03
-2.582784094939105917e-03
-2.580872929710859628e-03
-2.579601512642754144e-03
-2.578664796272016682e-03
-2.579548984130943488e-03
-2.578093282380749043e-03
-2.580566387692831681e-03
-2.583254394264995757e-03
-2.579080132335849831e-03
-2.594813945822825943e-03
-2.589873014051225809e-03
-2.589832189308689629e-03
-2.645143525896326460e-03
-2.582047509790058332e-03
-2.671453097969041582e-03
-2.760962024212399498e-03
-2.521760345937145310e-03
-3.161570619559701551e-03
-3.274082965451658063e-03
