-5.039946908863870458e-03
-4.999871191079241321e-03
-1.085724631730206925e-03
-1.362167113653240747e-03
-3.517694188402976409e-03
-3.073922060634949518e-03
-3.361318307885407565e-03
-3.763595654291050814e-03
-3.630700127067372843e-03
-3.829054291336017515e-03
-3.880411784194888556e-03
-3.882884681782730607e-03
-3.971677476029659114e-03
-3.979985946724018744e-03
-4.020344814405328246e-03
-4.114204793969003168e-03
-4.097286945504223857e-03
-4.269491385985611787e-03
-4.415053642935996489e-03
-4.347782743104231483e-03
-5.120748958313167155e-03
-5.105347404791835998e-03
-5.529968631236861082e-03
-5.730191879210646926e-03
-5.869356040986724483e-03
-6.065550395022357988e-03
-6.258757793629606686e-03
-6.528232655338208311e-03
-6.700827184419387225e-03
-7.341404726695395858e-03
-7.684356738486414207e-03
-7.835494637028579332e-03
-1.198732028477962445e-02
-1.295513900707121087e-02
-1.490502661690960851e-02
-1.636802351917343579e-02
-1.701938585365527640e-02
-1.817618245034562791e-02
-1.848215638751404127e-02
-1.997504871202630816e-02
-2.043702641265489339e-02
-2.147338360695761478e-02
-2.173118574150962462e-02
-2.031042824986818707e-02
-2.035269877224741772e-02
-2.030579257585100189e-02
-1.860617450097761319e-02
-1.876007679031975114e-02
-1.838683579116057870e-02
-1.334761600228528793e-02
-1.202243451531880003e-02
-1.090435035824462336e-02
-8.058643680548193203e-03
-7.032381629270056944e-03
-8.218081053785464274e-03
-2.322875506038647470e-03
-7.788097206374407916e-03
-4.705967235684956930e-03
-3.049168998569246926e-03
-2.416167720572299712e-02
-9.685600403714571260e-03
2.558702074307138939e-03
4.954918064656119864e-03
6.576835814535274792e-03
-9.408431616375285966e-03
-1.198557757656689912e-02
-2.914576224206922445e-03
-8.325753296759001026e-03
-6.443219107291207198e-03
-6.393764663911457626e-03
-1.371613611160810500e-02
-1.493130720084489237e-02
-1.449437876944002258e-02
-1.895662959747310139e-02
-1.626253725547358725e-02
-1.649711542573339962e-02
-1.681343192426456093e-02
-9.468788805101909303e-03
-5.425379156945466311e-03
-1.644590715262884278e-02
-9.902269216415677047e-03
-2.271889532613350499e-02
-3.620967490278516332e-02
-4.378970453974311700e-02
-5.263364780942661469e-02
-5.611394965654728506e-02
-6.324969956175024999e-02
-6.610170246339081013e-02
-6.137586497766417404e-02
-6.270236209893779999e-02
-6.753861675598812897e-02
-6.647756323176845505e-02
-8.322580533901979827e-02
-9.010959795641694525e-02
-8.136323142980772527e-02
-8.772355929555042398e-02
-8.151963841654705223e-02
-5.185163450266740137e-02
-4.635744278394725304e-02
-3.263839368484874187e-02
-2.211573534035608801e-02
-1.413011117412353058e-02
-1.296752888442397403e-02
-1.784004114807098695e-02
8.702506794681912766e-04
-7.589777708185540400e-04
3.637133072439656997e-03
1.956358247377677773e-02
9.741239855902000810e-03
2.173752222481462222e-03
2.687231552377965585e-02
2.993192378032016529e-02
3.751586593480221721e-02
3.379015775666924931e-02
1.561309021770288137e-02
5.995882685893324029e-03
-9.664373201553652648e-03
-1.575199758036537750e-02
-2.196357128748246262e-02
-1.592425564877128497e-02
-9.150378295274926715e-03
-4.152280946462590105e-03
-2.613385576862835465e-03
1.147952557369481819e-02
1.700994786631441699e-02
2.000834330201256908e-02
3.438062604683667089e-02
3.709033559576181693e-02
4.657952560971249933e-02
5.138491107927549428e-02
6.580663879748606393e-02
7.275890633347897873e-02
7.192242682746630145e-02
7.607095264306558413e-02
8.093756557589584788e-02
7.155827024376339163e-02
7.872744874947129601e-02
7.773213179467093614e-02
4.487180319456102878e-02
4.864906289526699235e-02
3.056018208028216457e-02
3.661804880229228842e-02
7.144354082717993548e-02
7.494495611283862047e-02
9.505288030488731610e-02
1.161760141317660783e-01
1.113653516516566189e-01
1.309524158774459102e-01
1.015238454187450817e-01
7.699528451487477887e-02
5.310812679243676060e-02
2.133792106447590653e-02
2.066630715569488935e-03
-2.092880401748062336e-02
-3.120637142946832213e-02
-2.981538012576532420e-02
-2.869794714543110609e-02
-2.405441173405721209e-02
-1.424881060613568395e-02
8.406806209471862773e-03
1.968776296680720128e-02
2.930928450798366350e-02
4.333136924646480148e-02
3.992079841034863741e-02
4.788683801458384209e-02
3.149490877613193157e-02
2.050516763996756975e-02
9.123334014042697865e-03
-2.128437724207335544e-03
-3.330959162738441302e-03
-1.468546525732657149e-02
-1.852439399206024656e-02
-1.769151140978218739e-02
-2.511662334632717292e-02
-1.323790888560436377e-02
-1.692461441406732658e-02
-1.811452293937620625e-02
-2.355113714202668879e-02
-2.747528898204541076e-02
-2.678462530983618389e-02
-2.715096524824891708e-02
-1.432696248261217803e-02
-1.428540816755248175e-02
-6.276045873933137724e-03
-4.422562296776282910e-03
-7.598442279854469850e-03
-5.189051848335551193e-03
-8.036487495580184673e-03
-1.217418064039979195e-02
-1.657668644152947984e-02
-1.434981815743326464e-02
-6.095990771889227798e-03
-1.674028286324190200e-03
1.350314957556077514e-02
2.000100281855247963e-02
2.769148716761318102e-02
3.770625863622363572e-02
3.187921175665875406e-02
2.435788468504719931e-02
2.597905280656579580e-02
1.438787548668184896e-02
3.028570792835637987e-02
5.695066375851035034e-02
6.552784450426880902e-02
8.307372548358984976e-02
9.434683723576418879e-02
1.071105259326934206e-01
1.084189425308675625e-01
1.008281457417662952e-01
9.788811795901723734e-02
8.334710442232573513e-02
6.829151136993444338e-02
6.050564819406623746e-02
5.190330246548642557e-02
3.471728675151462135e-02
2.293206164421929261e-02
8.337280214923133842e-03
-5.823815017059507868e-03
2.529802295131398319e-03
6.617521579718463678e-03
1.024713078644213550e-02
7.457512598424260140e-03
8.188323359632706383e-03
3.023537714523487439e-03
5.146682788368535898e-04
1.915942514322451287e-03
-9.852651370702634852e-04
-1.348595091835888245e-03
-1.644688832353599726e-03
-4.502951239463350019e-03
-4.187594309840025376e-03
-5.692020147886943035e-03
-5.919582177493710323e-03
-4.446590427807011435e-03
-3.485340310159039043e-03
-1.479392221346445459e-03
2.045823600018721448e-04
-2.180159376096939109e-04
5.683513792473065748e-03
6.357013816583704201e-03
8.946443437887746999e-03
1.372985733862023758e-02
1.375814049158266550e-02
1.485940613912989545e-02
2.732449234327073012e-02
2.118837201912797744e-02
2.160921804688999137e-02
1.544242244734624937e-02
3.674265636248718551e-03
2.755786920886352243e-02
3.155392382510416316e-02
3.462936597639515446e-02
3.431802166343365934e-02
1.223291611292549180e-02
1.311808631417906053e-03
-1.187489919735286448e-02
-2.819685216409002770e-02
-3.072493546742326859e-02
-3.430004336165629747e-02
-3.979279158574659803e-02
-2.095603754037675404e-02
-1.992561730198842002e-02
-2.433630208547651885e-02
-1.931930024186422762e-02
-2.204173628593119466e-02
-2.490514451826802977e-02
-1.394568411833971636e-02
-2.056301747634560126e-02
-1.139385775861006742e-02
7.616608309048298643e-03
-1.433204766652184346e-02
5.513444586910234112e-03
1.857526816763578961e-02
1.538744099872520026e-02
2.254361694707322089e-02
1.471355571770063646e-02
2.331416478536252074e-03
4.132723096392837761e-03
1.006016317035822449e-02
1.366353322850427307e-02
1.902144114022224705e-02
2.143016132845165095e-02
2.981925433183067048e-02
2.862684612989012042e-02
2.809848001086457520e-02
3.146684217157415253e-02
2.995663304737649843e-02
3.593715831827097584e-02
4.011386075339307133e-02
4.324047325699902078e-02
5.604829904091714055e-02
5.892341973838399749e-02
6.502623858093312115e-02
7.073927487252107404e-02
7.242795317639366681e-02
7.708298263483970292e-02
7.813230576793145365e-02
8.067584391640214569e-02
8.128421394730221683e-02
8.163149055984945945e-02
8.293712886578813448e-02
7.895823767287712958e-02
7.956734228673056908e-02
5.012531939483301502e-02
4.559181837412173283e-02
2.369669230571667951e-02
-9.670185993004568742e-03
-2.627390117889481097e-02
-1.522310083882763565e-02
-1.296092840959469500e-02
-6.379306216093856736e-03
-1.243011559048985346e-02
-3.011208002908924777e-02
-3.028358675554857285e-02
-3.247962161212777921e-02
-3.785850287952596815e-02
-3.387236747282960925e-02
-3.442881391326903240e-02
-3.534232937508657857e-02
-2.143999273575367820e-02
-2.180738706169898719e-02
-1.774892968471909055e-02
-1.429303076890205311e-02
-1.335282144621579431e-02
-1.004834921749757012e-02
-1.207479713052867290e-02
-1.022192972931714600e-02
-9.328554830100298581e-03
-8.096705119200407405e-03
-6.122136697307131552e-03
-4.471797131311547151e-03
-8.219107333485204531e-03
3.664830630810339616e-04
-6.973349054253065362e-04
-1.318124183185279130e-02
-1.282438842239203014e-02
-2.240926311260030973e-02
-2.518241457748476853e-02
-2.297441215395687464e-02
-2.269965265109777711e-02
-1.507020302395344589e-02
-1.764065398275976859e-02
-9.551541814962876895e-03
-1.329829066743241223e-02
-1.169887269174254944e-02
5.680301353683723381e-03
-1.666806966625689057e-03
1.080767347934281225e-02
4.428348982113258260e-03
-1.270289672593226393e-02
-1.979389983881080922e-02
-2.878703433447642179e-02
-3.909271430028608135e-02
-4.503731204412532441e-02
-5.287827220604802286e-02
-5.999547960425326981e-02
-6.666696068798683150e-02
-7.088406081574361028e-02
-7.813859947299617303e-02
-7.817996681954531013e-02
-8.351993657066747456e-02
-8.587657942372370345e-02
-8.461318663322517364e-02
-9.023805816656219059e-02
-8.642724680443361618e-02
-8.694855148649595356e-02
-8.846098073854505306e-02
-7.752209419794917067e-02
-7.799055545130835487e-02
-7.368625866097841537e-02
-6.481069035815817392e-02
-5.504466189315930513e-02
-3.565246283425246854e-02
-2.476508443023413969e-02
-2.214111233681745686e-02
-1.343595433667986276e-02
-1.660682921577147711e-02
-1.335781578513743108e-02
-1.197938325752762045e-02
-1.051423848819445922e-02
-9.678033874293907185e-03
-9.165490026563243020e-03
-8.700899150679052355e-03
-8.274320942972739762e-03
-8.269952918326405056e-03
-7.827460646714412551e-03
-7.402217187818187216e-03
-8.115883166629140125e-03
-6.058108689489923038e-03
-7.049997472100614365e-03
-8.936324995685597170e-03
-1.093835308126280340e-02
-1.158678037603973719e-02
-1.640986992809153819e-02
-2.698545184162899277e-02
-2.799549475168078630e-02
-4.704267215311069839e-02
-4.956419217497833735e-02
-5.006601097991639215e-02
-5.594905245859823489e-02
-5.499880529398207263e-02
-5.675131594624430176e-02
-5.715830144702328114e-02
-5.694798368469756317e-02
-5.695212491646829689e-02
-5.479048316607371127e-02
-5.570635415627755299e-02
-5.069956101293640605e-02
-4.814532407777961237e-02
-4.798096391980150727e-02
-2.841327642599856748e-02
-2.494067033575403727e-02
-1.665363466703825499e-02
-5.572810898623197645e-03
-4.508238510897771487e-03
-1.941021414759490013e-03
7.588263367659706755e-04
1.195905125188089424e-03
3.145481245233428067e-03
3.006201278560760408e-03
4.863062968853703455e-03
5.388421971938326706e-03
2.987172072789637776e-03
2.717539930556744227e-03
1.125708585099764649e-03
4.909887904975847447e-04
1.291765233743209375e-05
-3.265851027138730561e-04
-8.229825734391600775e-04
-1.006241651282032811e-03
-4.214490040386029038e-04
-3.646965408739683543e-04
-9.574026154264560185e-05
4.806175245905481484e-05
9.897184432997923546e-05
1.945504255123872196e-04
2.271715285047091505e-04
2.560941011483834563e-04
2.837559270447606282e-04
2.937233360466825799e-04
3.058153768012795482e-04
3.126809242438319345e-04
3.165808581239161175e-04
3.202988801828213781e-04
3.202252884250135728e-04
3.228077386209903129e-04
3.199974794928083931e-04
3.164485335831670608e-04
3.212375283260144893e-04
3.000890066676278954e-04
3.050701976667812769e-04
3.022463306063810228e-04
2.285134077595223133e-04
3.042927769419955550e-04
1.812025258195667252e-04
5.955795607966069851e-05
3.461943078521046747e-04
-5.018834759472360013e-04
-7.568648368174575548e-04
