4.630734228140175879e-01
5.445330127692928901e-01
1.066116636226172476e+00
1.114036339081018845e+00
9.837649074460248499e-01
9.157041927099816014e-01
9.150817658105695473e-01
8.928179986015873926e-01
8.893263089259950682e-01
8.917930991985747458e-01
8.909176319845237835e-01
8.910336767667909053e-01
8.911049060843384551e-01
8.910793161136102425e-01
8.910832629807577954e-01
8.910834034639938395e-01
8.910831460205035359e-01
8.910831973225440406e-01
8.910831937023214744e-01
8.910831933322889142e-01
8.910831937531517033e-01
8.910831913896817280e-01
8.910832015794145633e-01
8.910832295025431504e-01
8.910826005782072068e-01
8.910851153656764723e-01
8.910831428936515364e-01
8.910453484869015339e-01
8.913247474356917888e-01
8.909194490911684916e-01
8.900875963523984247e-01
8.972009875709016091e-01
8.688921733905188294e-01
8.518954444031876516e-01
8.658988238958779116e-01
4.847737169749862240e-01
4.852422226913869485e-01
4.504085258690603832e-01
4.269343440671628520e-01
4.284431979378839350e-01
4.290026384032381568e-01
3.226303163624656412e-01
3.238486215204245400e-01
3.184053361505428392e-01
3.288907863094473472e-01
3.627120929008530448e-01
4.264862049406242250e-01
7.017353823596133022e-01
6.529631336649931450e-01
6.624668620956706278e-01
6.560580378342985020e-01
6.101800808704571644e-01
1.972280486881520245e-01
1.350787863249100496e-02
8.736251475291439972e-02
2.112563504708042661e-01
2.781020881937584788e-01
3.164015008644184834e-01
3.458185741409901537e-01
2.376847838471372321e-01
1.938837411806751121e-01
6.380783482267872175e-01
5.788414180302133838e-01
6.861148048832405033e-01
9.328358956556845882e-01
9.389145724786299718e-01
1.026746171388915219e+00
1.129146996923360513e+00
1.098292538590400103e+00
1.141304461835491946e+00
1.144942581734169851e+00
1.062399938390475862e+00
1.073196326170855697e+00
1.107195202542605283e+00
1.100666172570238244e+00
1.218365221533923348e+00
1.121180977986162342e+00
1.238008114615019029e+00
1.352114924277464825e+00
1.263248761843403400e+00
1.405937299709025368e+00
1.284078898776254141e+00
1.242654851046974374e+00
1.162319349102610033e+00
8.034502591651677683e-01
3.701083346517418660e-01
2.117493881584522897e-01
4.864711828490365098e-01
6.643128445755839273e-01
7.086654812833762529e-01
6.554970978329250908e-01
6.725718777430750306e-01
6.522764834084704422e-01
6.167517592767309820e-01
1.984375391815306200e-01
5.322034336047126030e-02
1.494022225216644351e-01
5.620229119201494705e-02
1.092697641598344566e-01
4.244782219275314294e-02
2.188005451233777099e-01
3.085540982080703931e-01
3.427205939331466888e-01
6.543649635253534491e-01
4.706232390844678481e-01
5.060285407837509242e-01
4.982903791054890674e-01
2.854449022882849518e-01
2.649999816828566557e-01
1.177915881891950789e-01
2.910906530745080087e-02
2.229537811930499755e-02
-9.366903103060104929e-05
4.025765584456045959e-02
1.042011066648649842e-01
2.170279746847338376e-01
2.576417673332043745e-01
2.293105312683677288e-01
3.575505942243500934e-01
2.401712996665512911e-01
2.740364308125127768e-01
2.748937336160821032e-01
1.566519376347187686e-01
2.901641196450401861e-01
2.719479432884480130e-01
2.849071228900885711e-01
2.495178636587550847e-01
2.273394678105135069e-01
2.323469929620313457e-01
2.041744831073095401e-01
2.279327661121088033e-01
2.327537718433641822e-01
2.301015367460869654e-01
1.961621738333824694e-01
1.928620718914609844e-01
4.007769651723926824e-02
-5.571983129732697992e-02
2.946729242456992692e-02
-6.477342429970044113e-02
-4.154375377236627434e-04
2.803416717092934163e-01
3.327312311111421672e-01
3.094923666056290101e-01
3.991627676215372400e-01
7.357086222911299878e-01
8.540332679486380973e-01
6.423032256584831901e-01
1.219576943696350363e-01
4.688067083428988646e-02
7.895078597769382422e-02
6.249761740424988193e-02
1.987070662816102784e-01
2.543109237689728519e-01
9.970336991896143475e-02
3.012872064423618990e-01
4.496851846244209749e-01
7.622915537806002929e-03
1.338375453701343143e-01
3.307851082584777336e-01
2.512744885814112705e-01
3.603717539836043815e-01
4.121113065209726645e-01
4.690318753141182184e-01
5.552836102081971648e-01
5.612961204313147157e-01
6.045160673257585771e-01
5.997035284197210769e-01
6.581727914600969953e-01
6.472848166370843703e-01
5.298642040884542492e-01
5.137951109243895642e-01
4.032118358132544822e-01
4.441816814868771446e-01
4.492015346722531000e-01
4.223732450740728117e-01
4.743290511346038851e-01
5.782096238335932004e-01
6.893960682365836146e-01
8.334580117839350821e-01
9.946968818804177159e-01
1.089123591255775958e+00
1.281578499636416346e+00
1.371810399897090305e+00
1.413371571233585922e+00
1.480381754041776743e+00
1.347197555821713300e+00
1.409595741149684223e+00
1.111014755238890261e+00
1.076014691397230827e+00
1.082559524579171928e+00
1.036733582970118528e+00
1.079168007386494210e+00
1.081231529611032416e+00
1.072316942663249950e+00
1.128383857000045509e+00
1.096945503122349619e+00
1.100971153671889580e+00
1.113873047816648532e+00
1.141248468378530445e+00
1.170742169117203746e+00
1.326857417102146997e+00
1.227423965317764099e+00
1.355728657303844509e+00
1.608945928960393790e+00
1.567975203167593312e+00
1.452701040538125765e+00
1.390247261255159295e+00
1.391322539976853401e+00
1.425258228524605597e+00
1.390965919706365073e+00
1.429147121709960722e+00
1.249043676826646410e+00
8.898734728481634271e-01
8.884449670276474142e-01
7.301636172135249625e-01
5.465547374294722482e-01
4.763649519876330674e-01
1.675363754335310318e-01
1.550681805217334619e-01
1.994886456043926948e-01
1.744971644923213605e-01
1.791582564296707869e-01
2.241499561782800687e-01
1.687797889602659085e-01
1.978799055176958532e-01
2.879606596988202316e-01
2.894901671842356472e-01
2.555748659041677251e-01
2.679308593441569464e-01
3.417858519132567774e-01
2.609506140805846197e-01
-5.655745120694984085e-02
-9.668679220454497181e-02
-1.053617966042509971e-02
6.480421798384991550e-02
3.205318744591517666e-01
2.991977271902691582e-01
3.533410950513225096e-02
-5.328409533669451609e-02
-1.757673556877694943e-01
-1.172698130865087868e-01
2.705816281327483863e-01
3.838730174752434943e-01
5.591340634170164359e-01
7.718827789937993122e-01
8.302724052441782243e-01
9.381096663424006721e-01
9.025740545159591788e-01
9.132013518913772998e-01
8.291881171026111996e-01
6.212431773743910535e-01
5.813188656395766873e-01
6.628164468804907949e-01
1.456390668866990978e+00
1.486553964001683603e+00
1.591860788039517693e+00
1.571742421193090378e+00
1.405928498053560238e+00
1.384627029976121193e+00
1.191599403727975792e+00
1.101937765808216119e+00
9.886169678902879676e-01
8.321423138363723826e-01
8.301861562525093552e-01
6.152040736785007180e-01
6.080045200390182814e-01
6.728039485634140782e-01
5.154162427719990447e-01
4.911027889246986633e-01
4.660199358369854217e-01
4.230345236400944176e-01
4.278233579141315635e-01
3.886687455269884350e-01
3.054525073313308359e-01
3.261627445532602754e-01
1.859957904880142066e-01
2.286066904380651410e-01
1.246391180422401351e-01
8.453361220555884181e-02
4.832611006713074392e-02
8.629815019497151518e-02
1.993536089413714685e-01
1.936248543241038678e-01
3.280813747740443653e-01
4.407292875585760439e-01
6.199055423822932287e-01
7.500296575682067202e-01
8.110745560902484774e-01
1.024502304839922662e+00
1.044128875275969648e+00
1.142447588244894785e+00
1.141970768142662518e+00
1.085099517773808753e+00
1.188235854875802078e+00
1.165902874065573025e+00
1.138149524009351321e+00
1.149854887789788283e+00
1.174452233181336513e+00
1.223062594020510208e+00
1.156084415124898346e+00
1.153124838800791085e+00
1.205267304135057227e+00
1.120959972913942115e+00
1.070236219915511100e+00
9.699913954468764032e-01
8.982100377812695102e-01
8.047137451142684084e-01
6.146629044486463522e-01
5.332713734855493160e-01
2.504067244742066989e-01
2.164888006956863231e-01
1.996836947566653642e-01
2.249716847514326157e-01
2.325105612050415160e-01
2.468580731854853327e-01
2.602448729253730719e-01
2.752912478184144640e-01
2.834155386319184844e-01
6.772378598971988684e-01
6.737510006430693643e-01
6.697284840104429371e-01
6.890496978842094444e-01
6.959713989597516859e-01
6.817214051760104310e-01
7.551681264374642266e-01
8.075547417104886883e-01
3.846602379122641135e-01
2.714295413534908441e-01
3.880403722769520947e-02
-1.155039938545623368e-01
-9.812630539925806805e-02
9.906684210177267580e-02
2.744762818947370231e-02
6.501444566552046223e-02
2.725369289356746050e-01
3.051279592363064230e-01
2.661059525358044908e-01
2.822719221800523148e-01
2.797390265935698617e-01
2.775350110850361984e-01
3.107645182856560995e-01
3.085033405040032428e-01
3.299764781878967157e-01
3.155434352261724529e-01
3.169258075331962687e-01
3.166895099110805800e-01
3.131222374389859286e-01
3.172608458447420121e-01
3.134256795591374156e-01
3.075370458467110435e-01
3.697132409119897045e-01
3.713277858434518297e-01
3.875354693100289127e-01
3.920480345447041048e-01
3.922624770539324124e-01
3.931365162730257046e-01
3.926859076460921805e-01
3.948586307450254185e-01
3.879039859109846833e-01
3.830066973427587729e-01
3.903825656111586384e-01
2.829529311042937589e-01
3.080208746339748727e-01
3.481833161335927684e-01
3.447336040660348155e-01
9.095299050682742470e-01
8.868614504145817534e-01
9.101501182487424790e-01
9.521585521951528852e-01
9.415248293857970685e-01
9.427859563391994824e-01
9.433998471460333102e-01
9.429790880746576898e-01
9.430368126833753584e-01
9.430395701239662198e-01
9.430357440637571198e-01
9.430367087082123234e-01
9.430366634904906453e-01
9.430366484106003089e-01
9.430366521630481058e-01
9.430366500236982974e-01
9.430366590835782548e-01
9.430366671685038726e-01
9.430362595805720227e-01
9.430381108414491731e-01
9.430352453850276984e-01
9.430143290823130853e-01
9.431991830215654682e-01
9.428649029310925966e-01
9.426802546243436831e-01
9.471278450518725300e-01
9.285206954722569073e-01
9.285811969435951996e-01
9.237979857704855524e-01
6.790734421799986542e-01
6.845856002863695000e-01
