1.583809226125775915e-03
1.860860416626523633e-03
4.932454880342937616e-03
4.782714136653404280e-03
6.509703812325048737e-03
7.349133990597571733e-03
7.694853706403955058e-03
8.486735056309587660e-03
8.729271114602249818e-03
9.013723784440610953e-03
9.275863227451039417e-03
9.371718400940559635e-03
9.450610283297041989e-03
9.495634931014133168e-03
9.477978587398405708e-03
9.313685089272811732e-03
9.317373909081872602e-03
8.998472175838772777e-03
8.615807706071751046e-03
8.672412163803749213e-03
7.462682131309577790e-03
7.540736921892672584e-03
7.319205749587840218e-03
7.027338132112380224e-03
7.215788406981404196e-03
7.183308144003953954e-03
7.254654353004109588e-03
7.779113622542857369e-03
7.833451992658228141e-03
8.477665229794905874e-03
9.542603780109596909e-03
8.497430516833260478e-03
1.112901882697938521e-02
9.573157974855485072e-03
8.243373222105289042e-03
8.700825372165427521e-03
2.718978280153561307e-03
2.468864472855068770e-03
3.471986535822560839e-04
-3.175234181213673710e-03
-3.528888344645075056e-03
-8.324081052405372244e-03
-9.309758666601188754e-03
-1.016030164726608107e-02
-1.176473890260875711e-02
-1.210814649010962842e-02
-1.228622063140360175e-02
-1.212064588563899377e-02
-1.262424016917551226e-02
-1.022708131923520843e-02
-1.015714590279779075e-02
-1.337210824131533290e-02
-1.376988466626844800e-02
-1.522383214976874045e-02
-2.148570069996397908e-02
-2.239522050540637341e-02
-1.826159791690567386e-02
-1.821670274594464414e-02
-1.637646486468038662e-02
-1.223979394582272104e-02
-1.288130788032702811e-02
-1.177634628781945580e-02
-1.107550820581040991e-02
-1.086452736231886644e-02
-4.304020213242430205e-03
-4.361299210940021431e-03
-4.186941712578175732e-03
-2.793689726533634277e-03
-3.161642813389797021e-03
-1.990168924811203804e-03
-1.746417212502962817e-03
-1.054205560021647661e-03
9.903375016889039769e-05
3.789183798579201360e-04
1.722713615092002788e-03
2.677289474064940746e-03
3.325493619519748548e-03
5.431743844623699267e-03
6.203168328713796857e-03
6.377877691546787395e-03
7.736058110132868620e-03
7.380650521926508840e-03
7.395629025240942067e-03
6.863666427645295082e-03
6.218053057943448945e-03
5.775934563466921488e-03
4.415932554057333884e-03
4.705340518774137060e-03
3.093446066858486759e-03
3.749073249298155372e-03
5.808419149500298855e-03
5.352452176726381523e-03
9.223190340918176536e-03
1.019028122669166959e-02
1.011024016161671604e-02
1.173914623286816290e-02
1.120284764944304810e-02
1.072671309234209114e-02
9.704317288177100737e-03
7.286627762594963253e-03
6.596315849841685036e-03
1.335185429769667354e-03
-2.606067105240985195e-04
1.133966774883153226e-03
-2.728373551637117578e-03
-2.376729320507883422e-03
-3.237792587245276899e-03
-5.449184466824471586e-03
-1.521062585130848613e-03
-1.904839744084318705e-04
-2.395020635171935647e-04
3.429170843495268906e-03
6.604025797237911451e-03
8.665596727669391125e-03
1.043934132362440113e-02
1.162506660999765642e-02
1.388575725226307879e-02
1.516028454698098785e-02
1.470575277949661905e-02
1.420674244030978479e-02
1.465308708133345079e-02
1.313844482024121608e-02
1.369431082700158300e-02
1.285523165179037336e-02
1.384120502062843525e-02
1.281851276063327577e-02
1.359266375825330178e-02
1.103396504090582708e-02
1.177340946617987452e-02
1.500284985602593456e-02
1.525644084471151907e-02
2.003501977358618930e-02
2.057421259786086642e-02
2.072420202685371776e-02
1.991423459163590981e-02
1.715253110953161159e-02
1.233516692887889205e-02
1.077925734921291595e-02
7.186051545845610622e-03
5.104462916606771969e-03
4.608823381696803244e-03
1.548010147535168165e-03
1.044969481082845411e-03
2.070916741554651626e-04
-1.049363681216549955e-03
-1.266517783608676418e-03
-1.680893257144957815e-03
-2.159197231099372564e-03
-2.305749764166429520e-03
-1.993248211956395125e-03
-2.330973435504907383e-03
-1.629144597542218301e-03
2.383223256775308008e-04
1.256504723230631284e-03
4.629261149499535113e-03
5.856962684247014363e-03
7.601009058989903824e-03
9.928372220411088231e-03
8.880150264062622312e-03
1.065295259741272198e-02
1.111685087119957359e-02
8.861872451642527002e-03
9.049497764199620348e-03
7.066718932877961122e-03
6.118514148559763693e-03
5.252895461492433291e-03
4.200258928248368911e-03
2.562298041868511875e-03
1.970212941168004474e-03
1.615382062811989393e-03
6.421600981464757737e-04
6.102495420232977637e-04
-8.286827350857951498e-04
-6.244495036406786520e-04
-1.588444860381645540e-03
-3.641581485704376096e-03
-2.424761945374116334e-03
-5.206975197721400855e-03
-2.608673021858146091e-03
-1.246595516336711966e-03
-1.122121364928380495e-03
6.959787286651262887e-03
7.157485646675799604e-03
8.911426793957351322e-03
1.062317179968448426e-02
1.123742398940965476e-02
1.325146587497379874e-02
1.025792475939362250e-02
1.022261530107594456e-02
8.301595687742108209e-03
4.100282976674430799e-03
4.232307833578008091e-03
5.205487255086343502e-03
5.680111127960517890e-03
8.979527645105796207e-03
1.057376943765514499e-02
1.581604059863345874e-02
2.050804680987174458e-02
2.476633116219446179e-02
3.178452635155439021e-02
3.502558316196505150e-02
3.801661671856652186e-02
4.109333276405157526e-02
4.184506082250630948e-02
4.284786057600453724e-02
4.321197919621121153e-02
4.300019824146558006e-02
4.302280749955164629e-02
4.129657313833128007e-02
4.047264753672632359e-02
3.984184401506320888e-02
3.834380724369883947e-02
3.770544712134045462e-02
3.674202277060293481e-02
3.532898034765399181e-02
3.468977131229430272e-02
3.338649165996664808e-02
3.191658556865570318e-02
3.145842662259101113e-02
2.971026064416892529e-02
2.946126556280332168e-02
2.949394871338735166e-02
2.855243096337550801e-02
2.929857857581792679e-02
2.856397634621942599e-02
2.833306162096435599e-02
2.814928191521127998e-02
2.386848724189532742e-02
2.185186605639485163e-02
2.062035328358432021e-02
1.426574914106787384e-02
1.471859771739458117e-02
1.243887098297428995e-02
1.143209739844580630e-02
1.167104272569480586e-02
8.093553313111685743e-03
7.823629668216657701e-03
7.752715373138650487e-03
7.859582627665092150e-03
1.077371056752095442e-02
9.416969326099035656e-03
1.453563681703385138e-02
1.377729482457826921e-02
1.567305892872669290e-02
1.460485953384717088e-02
1.335787697673581839e-02
1.673945714619933661e-02
1.586164069562202503e-02
1.238836420384533885e-02
1.311698647310763008e-02
1.176875587360213214e-02
1.074708301772763636e-02
1.075060609797667648e-02
9.736899326157412091e-03
9.187272604089297481e-03
9.003520410131160903e-03
8.012591146072407106e-03
7.886254638813714260e-03
7.350405049690983059e-03
6.768300458303697607e-03
6.580697104226864054e-03
6.062440808798914664e-03
5.295580291405162406e-03
5.328034120037418095e-03
3.994714600841395638e-03
3.174665929729624577e-03
3.285212926004405995e-03
-8.157320548092160872e-04
-1.047284917424955771e-03
-5.481001164975043928e-04
-2.532330396215433464e-03
-2.594537856537814258e-03
-5.097274577178221612e-03
-5.724388364244488263e-03
-7.898206686838812884e-03
-1.104619814375822247e-02
-1.219825265865047935e-02
-1.649291035676455144e-02
-1.856942638434978116e-02
-2.054143424701567258e-02
-2.073950839158523671e-02
-2.211269321321028547e-02
-2.343805306336779054e-02
-2.407805659788456870e-02
-2.659002418106506949e-02
-2.697390848932328805e-02
-2.663744101772495820e-02
-2.406036425041417279e-02
-2.277157455399173372e-02
-2.695042745689704353e-02
-2.956604494214648202e-02
-3.445785403922507067e-02
-3.920464585478081188e-02
-4.234953188399183388e-02
-4.831331611919870844e-02
-4.779421245009469327e-02
-5.259695970530258585e-02
-5.471057773771829946e-02
-5.583442581281920086e-02
-6.271850608724026388e-02
-6.770790906273919940e-02
-7.357546065695870496e-02
-8.395347685503491697e-02
-8.770861612662046725e-02
-9.856158100610987183e-02
-1.034958186664496765e-01
-1.041973057180265033e-01
-1.106826431708614056e-01
-1.106546810351855120e-01
-1.112896087213882945e-01
-1.142741378433224236e-01
-1.113276804690867400e-01
-1.096868038696005715e-01
-1.079347187524381940e-01
-9.924474856287383850e-02
-9.272391764735077313e-02
-8.113591158713000240e-02
-6.011868938919008587e-02
-4.779860760213900522e-02
-3.250763338004716840e-02
-1.721615191838559919e-02
-1.531142022938857851e-02
-6.641649447238586780e-03
-7.519980240411703459e-03
-6.352896540407298141e-03
-5.761015922882429738e-03
-2.011929793345602208e-02
-2.226553604429828623e-02
-2.657353906699602697e-02
-3.814404263322631466e-02
-3.786911100615956982e-02
-4.976115994647852675e-02
-5.451317762372941134e-02
-6.085977400001478521e-02
-7.110776143220554069e-02
-7.417006463530621818e-02
-8.259965562918074322e-02
-8.394038571397519077e-02
-8.957734416937425392e-02
-9.390291081362224512e-02
-9.605864332089410207e-02
-9.906492371837095912e-02
-1.008206716904619521e-01
-9.947190939552585931e-02
-1.016481957681680121e-01
-9.873653803084676828e-02
-9.711056435234936834e-02
-9.572246695700800667e-02
-8.872763573460619446e-02
-8.625093397309233079e-02
-7.425326026495378262e-02
-6.122782727986095241e-02
-5.355587391431514133e-02
-3.838199014760693834e-02
-3.265784645237853473e-02
-3.083526960948383688e-02
-2.650277238231991614e-02
-2.483490423096594915e-02
-2.262152863869996977e-02
-1.936239143035506025e-02
-1.625887194363766913e-02
-1.060101636482514709e-02
-7.374804471847042769e-03
-3.147063291241106609e-03
-1.242629291008503622e-03
-6.715341728344920505e-04
3.001432993249622365e-03
4.478477168378946875e-03
4.954787712524422703e-03
6.535165244214069871e-03
7.070075487736885919e-03
5.106355294513915781e-03
4.668295761760261030e-03
9.927988224601505800e-04
-5.530446955484013584e-03
-1.066387961666865995e-02
-1.147702537486101557e-02
-1.563187153187872019e-02
-1.564588487749133533e-02
-1.505019699036181519e-02
-1.596261169401343855e-02
-1.559041308722023365e-02
-1.323058400189399027e-02
-1.517925360406228476e-02
-1.088738290659661996e-02
-6.327622933416036065e-03
-4.915735204851232401e-03
3.678348208310232900e-03
5.352169923325066081e-03
7.390901510360797094e-03
1.192831470472738992e-02
1.191691664166790073e-02
1.524859994652622355e-02
1.682117335967130492e-02
1.761709758773140344e-02
2.075505517555350024e-02
2.042917370594667104e-02
2.276733675088934983e-02
2.354045336622227064e-02
2.252969606311889736e-02
2.482509811724019702e-02
2.312746958514245998e-02
2.404075804244848458e-02
2.720774919729959315e-02
2.566773540298393497e-02
2.685581456931645378e-02
2.594452023326318524e-02
2.441065695859731197e-02
2.555320912321853641e-02
1.794311907299776451e-02
1.716661073416682337e-02
1.120647844107466179e-02
8.328602118016668540e-03
6.850912764411111466e-03
4.551931676480210770e-03
5.149712762501118535e-03
3.957003567801850412e-03
4.620808978316638324e-03
4.194458435812964577e-03
5.143433789547445859e-03
6.802682235506519667e-03
5.446863056602130673e-03
1.097910865831126792e-02
9.910552490943507625e-03
1.100798403436044175e-02
2.354150910925867715e-02
1.999961877038449604e-02
2.963636320882514358e-02
2.861803699617401428e-02
2.524162673414399524e-02
3.344752714307902552e-02
1.557619773136625745e-02
1.723496510880213536e-02
1.863201799407378234e-02
1.338797442570273562e-02
2.260552282083784503e-02
1.836008504162079183e-02
2.119238750121354292e-02
2.347251632218633546e-02
1.671544783751009386e-02
1.752614948603812770e-02
1.423151936503053855e-02
1.262185426937685248e-02
1.228665866675685524e-02
1.101263989654208651e-02
1.059464406064667720e-02
1.035591233507764108e-02
1.031981168802206111e-02
9.704231909992307864e-03
1.073360967274011347e-02
1.058127166093927353e-02
9.220848602716266024e-03
9.196852142637539085e-03
9.451883946269936873e-03
1.050233211031899663e-02
1.293143612677397948e-02
1.339028718141251073e-02
1.676077763145316507e-02
1.785222753955285901e-02
1.765179577454663307e-02
1.926996512317165691e-02
1.902403340290611047e-02
1.933790179541270901e-02
1.949839777982774469e-02
1.903036075227588705e-02
1.895284984851172347e-02
1.804179513853846131e-02
1.755626151191423331e-02
1.645284831707741549e-02
1.481822049250098791e-02
1.429879857793004382e-02
1.129827372156958637e-02
1.059343637757047957e-02
1.017049863567298304e-02
8.793385778626242391e-03
8.100390014715887210e-03
7.847789047845823637e-03
6.480869601871345510e-03
6.684508766956471018e-03
6.268004353560559933e-03
5.785833083437080804e-03
6.435907130691801391e-03
6.027521182642062159e-03
5.865370547544675357e-03
5.787151344346921564e-03
5.342474980973531407e-03
5.328778423702017208e-03
5.627096795026100343e-03
5.617744666447659248e-03
5.741440126042635095e-03
5.824568464501699711e-03
5.841685323657611235e-03
5.905536000948862808e-03
5.927246860096133801e-03
5.947159377354346160e-03
5.971296179879740512e-03
5.979266526753228284e-03
5.990792922695187608e-03
5.997455096909519966e-03
6.000947490270449637e-03
6.003733514376132646e-03
6.002348363813114415e-03
6.002815852059823626e-03
5.995367231612241249e-03
5.989961386629457860e-03
5.984872790954549708e-03
5.958957555499523953e-03
5.958504225958728175e-03
5.927103119106606928e-03
5.876244431995906146e-03
5.898221812946011222e-03
5.761921297927524374e-03
5.739423634271709380e-03
5.747152617069002829e-03
5.339168498119747745e-03
5.612669566946112271e-03
5.182261101844368514e-03
4.425436177410122657e-03
4.768417124746029967e-03
