-1.485222874389544589e-01
-1.661022505556031259e-01
-2.476849931596636911e-01
-2.756324479200226718e-01
-1.929964931344673729e-01
-1.583936230260686306e-01
-1.425910061405966378e-01
-1.425907593991415367e-01
-1.425906728149133329e-01
-1.425906490667463999e-01
-1.425906533907293217e-01
-1.425906533907261853e-01
-1.425906533907274343e-01
-1.425906533907222440e-01
-1.425906531410287559e-01
-1.425906550654675586e-01
-1.425906610581102463e-01
-1.425906300623050738e-01
-1.435031244743620593e-01
-1.434801129040773060e-01
-1.290970762290309659e-01
-1.286408264417656933e-01
-1.286868373466396043e-01
-1.286868060465505281e-01
-1.286868109426499707e-01
-1.286868123638228445e-01
-1.286868117646512710e-01
-1.286866946017281854e-01
-1.278715712925056203e-01
-1.202976063804044732e-01
-7.464523216846311038e-02
-8.529035561822623235e-02
-1.149882078754751735e-01
-1.166702501181434565e-01
-1.075442287347676135e-01
-1.086536463551715237e-01
-4.124027894416879003e-02
-3.556566792442489994e-02
-3.334686544383386880e-02
-3.272313992409719985e-02
-3.144794917654831351e-02
-7.232637517454443971e-03
-7.544436752344052359e-03
-1.009482279176328844e-02
-1.009475886220258245e-02
-1.009472691414887123e-02
-1.009471984500684080e-02
2.121642079111421813e-03
1.284005139675257687e-02
1.145754461032625834e-02
5.349405022457023873e-03
-1.608757599763578627e-02
-2.018939772621097459e-02
-2.540144271165227854e-02
-4.769670119409051556e-02
-5.027464716105901725e-03
6.983972062124654129e-03
-1.329200439467679296e-01
-1.490858639986013534e-01
-1.706248333228871927e-01
-2.246377542678040518e-01
-2.751335851029749202e-01
-3.664506357518643176e-01
-2.954176822565811045e-01
-2.158153974742512415e-01
-1.132446288785357857e-01
-7.821542187180191563e-02
-9.067724400408921914e-02
7.009116601199731622e-02
1.450143632202579658e-03
-3.320440010345269144e-01
-4.693872213148797545e-01
-3.321244330670890532e-01
-3.321465411591976724e-01
-3.321455931269240991e-01
-6.029184043906196111e-01
-7.387313847960695901e-01
-7.369250354944806292e-01
-6.015522689160903713e-01
-3.298894026228791909e-01
-4.749457285901501624e-01
-2.439482083038905791e-01
2.160732965229106295e-01
2.886165942357178937e-01
-1.733535466648206402e-01
-1.733513299111335282e-01
8.667874372439758612e-02
9.714867679600914033e-03
-1.951541738083672206e-01
-3.251770728586027559e-01
-2.819748195518760325e-01
-3.116466411816407600e-01
-2.193195238601619024e-01
-1.639644136292813248e-01
-1.046241887956580324e-01
-8.604623347869538863e-02
-5.008612435553214115e-02
2.281293293803416528e-02
1.352440215879396890e-02
-4.063232199637527992e-02
-4.606663004064794759e-02
-6.270399608378231238e-02
-6.836463101837142453e-02
-4.491226643023740056e-02
-7.948790382405375443e-02
-8.304709816522831689e-02
1.680002841154975765e-02
1.204200645223822558e-01
1.127238301686529498e-01
-2.190115313787837081e-01
-4.110234574269226449e-01
-4.044411142530493497e-01
-2.536580020560808557e-01
-2.262685981361136633e-01
-2.304010835875381080e-01
-1.812386732478231399e-01
-8.434328058671099193e-02
-3.239062427186967241e-02
-2.921939506900950514e-02
-5.575274793527431466e-02
-5.996542525146218716e-02
-9.861911559788320847e-02
-1.096496848734019175e-01
-1.012239700442299495e-01
-1.483295578890644895e-01
-1.313160187262286394e-01
-5.579804636052784067e-03
9.076161123560730348e-02
6.645959189221924135e-02
2.225138382817361260e-02
-1.414304361441398941e-02
-1.731213069727799078e-02
-1.639888686715262889e-02
-9.444171243239132818e-02
-8.029740349823891177e-02
-8.862748401676766308e-02
-2.700063972555054592e-01
-2.790847031744727036e-01
-1.897119692337055075e-01
-1.517670679268187939e-01
-2.122501162980761358e-01
-3.252576105705222709e-01
-3.351537278744292081e-01
-2.224442449542321787e-01
-2.224515070906596115e-01
-2.224416073917069026e-01
-3.480386939212257169e-01
-2.882124126312035628e-01
-6.944180338538794017e-02
-6.639022941127921754e-03
-5.303517681451932336e-02
-6.214547468378472939e-02
-8.423969651050365604e-02
-1.208678326330437230e-01
-1.103578716695462897e-01
-1.205813735697084110e-01
-5.784793517294084531e-02
-5.398849980738155974e-02
-3.354227417270860129e-02
-7.255151225006043793e-03
4.819531553473997698e-03
-7.332193973027610612e-02
-8.646539180878183573e-02
-1.106149990178251080e-01
-1.106152441388107283e-01
-1.275069018662420839e-01
-1.417461955167966525e-01
-1.514500069651185665e-01
-1.430042840023777739e-01
-1.145256123589309116e-01
-1.145256242988678397e-01
-1.145255084809886359e-01
-1.145252607962705532e-01
-1.071924016073545483e-01
-8.177456246213506141e-02
-5.050298987915755218e-03
-2.292321989494724641e-02
-8.133615710535903320e-02
-8.301610783565879781e-02
-5.195047738789514841e-02
-5.604783121193249867e-02
-9.043558474232206434e-02
-9.176183598524730034e-02
-8.356743423490524403e-02
-8.356754808019270508e-02
-1.018850664229976610e-01
-1.069517845467418266e-01
-1.235309527488238357e-01
-7.444735201139436598e-02
-2.818237676072125539e-02
2.701872502485439323e-02
6.928445883788747137e-03
-8.674944332671258307e-02
-1.169999150062571991e-01
-2.243445474165444431e-01
-3.103235073910605712e-01
-4.490595417388060784e-01
-5.810035649648985778e-01
-3.801478772643030468e-01
-1.417394922138829616e-01
-9.584069618091689557e-02
-3.399178715524234229e-01
-5.905273829555017784e-01
-5.853186560394872950e-01
-3.743407632043773137e-01
-3.743346553943625588e-01
-5.087320317092838273e-01
-4.714705106842027038e-01
-1.690082864666984930e-01
-1.017991423916954213e-01
-1.762899928854404774e-01
-1.762755906643560799e-01
-1.762849191954462547e-01
-1.762926441937002486e-01
-1.762875323694119978e-01
-1.762799309367183986e-01
-1.762728303652905948e-01
-4.663618065540856006e-02
1.482820940759629717e-02
9.023665736498606704e-02
2.542381664946590306e-02
-9.752253725463846945e-02
-9.752293972437293956e-02
-8.952305906304590388e-02
-9.349196532144847527e-02
-6.144917589483765707e-02
-6.545113955748456391e-02
-5.751553914336868245e-02
-7.644663981776851636e-02
-8.865875885117449617e-02
-1.427655963279213791e-01
-1.333002233582025187e-01
-1.088755924140151071e-01
-1.370857392607600089e-01
-1.189789065530287571e-01
5.468927902541101393e-02
7.823289508477132559e-02
1.029610182222732463e-02
-2.372221966352997674e-02
-5.065014562431045808e-02
-7.062278040553639225e-02
-4.480779359533952622e-02
-3.281502494089726107e-02
-3.427188695234127669e-02
-6.620244931125862653e-02
-5.705797218236629414e-02
-5.838361832589655798e-02
-6.650599254723060794e-02
-7.903533615760388598e-02
-7.655178671662718481e-02
-7.064592934453606254e-02
-7.064595143792588849e-02
-7.064592939004808725e-02
-7.064593830290100129e-02
-7.230691527473913360e-02
-7.142684851760194853e-02
-8.348459197642467411e-02
-8.265410725769233025e-02
-8.441424552218550204e-02
-8.441426418736978909e-02
-8.441426252296539701e-02
-8.441428915260956733e-02
-8.441416178926061664e-02
-8.441394937894063089e-02
-8.441407195977163047e-02
-8.961208861704282602e-03
1.287541440498829459e-02
-6.097105652199483888e-02
-1.244652867474842078e-01
-3.068444827696878985e-01
-2.610351168737330418e-01
-1.526478420089012189e-01
-1.051459430979569537e-01
-6.912853070630047003e-02
-4.600098474735843379e-02
-3.831939755854012475e-01
-4.952394174900779378e-01
-2.445101306602867897e-01
-5.704491874004086888e-02
-8.662700323308195061e-02
-1.734757550019943792e-02
2.153106056578073940e-03
6.060922334630218337e-03
3.373229568830009295e-02
1.007079598882163474e-01
8.615532209299925359e-02
-6.886744153504803512e-02
-2.236477396523391115e-01
-2.256554632187965370e-01
-8.843962462803289792e-02
-3.658207001727477314e-02
3.986662939844748225e-03
-2.669037948502410787e-02
-8.872812676559656275e-02
-1.173708674230408977e-01
-1.819283116541811074e-01
-2.296623868047036332e-01
-1.574552387673963105e-01
-1.058857338496015793e-01
-8.795550690954645479e-02
-1.438448113512886817e-01
-1.438471592554820266e-01
-4.476371659400130154e-02
-5.617786291795243830e-02
-2.642303579375157030e-01
-3.137744033104216124e-01
-2.909639258018308361e-01
-2.909696126111727676e-01
-3.780362223010726441e-01
-4.228957799074541390e-01
-3.044720988331151568e-01
-2.609356956091815061e-01
-2.482288289132174031e-01
-2.292952155236951672e-01
-1.209604562588456195e-01
-9.283471093637674088e-02
-1.392973796464390956e-01
-1.177469875857001524e-01
-4.654763425277938516e-02
4.327601401322351583e-03
8.230955444110338651e-03
-2.477194955191281203e-02
-8.536358208354795363e-02
-8.610009635448734322e-02
-1.187335069994403802e-01
-1.240721877688600733e-01
-8.035957879948234239e-02
-7.107081401892345607e-02
-4.696716176034140822e-02
-7.475185357945281564e-03
5.399708516531388086e-02
-1.037716452218354415e-02
-1.912573483604432245e-01
-2.192968663982327870e-01
-1.937839024081284833e-01
-2.177239203564456382e-01
-2.316443098719791760e-01
-2.749297388669688091e-01
-2.374379160616935103e-01
-1.533809750794405957e-01
-9.648575636637403419e-02
-3.131471561542509274e-02
7.332400025153038015e-02
6.847297940598660870e-02
-3.099406268282128493e-02
-3.099244230155662888e-02
1.046683386292736502e-02
3.152848531295696088e-02
6.314248400607849754e-02
8.972545114554593415e-02
-2.510350428863165895e-02
-1.225541911401387685e-01
-1.324671524093324060e-01
-2.065094716415666332e-01
-1.962553072434561341e-01
-1.101815094687736557e-01
-8.738505431759142905e-02
-1.004170622970853299e-01
-1.818222857381953939e-01
-2.924199801077557170e-01
-2.349059296890996240e-01
-2.446000239606222482e-01
-2.698160768369149420e-01
-2.770788052730806528e-01
-2.228060721911821751e-01
-1.775167331379883806e-01
-8.700351367852410256e-02
-2.996572861344961106e-02
-2.865627696879178773e-02
-6.941180287083877076e-02
-5.017667087397433695e-02
-2.238991030377257552e-02
-3.753045761592004731e-03
-4.012172727151868540e-02
-3.314205099560893486e-02
-6.276274859613183675e-03
9.192683840713604740e-03
-1.012683478971878291e-02
4.508212874562977229e-02
-3.088196075078764730e-02
-2.156718612568637172e-01
-3.383461049543823318e-01
-2.887938821822588764e-01
-2.567117582681582855e-01
-2.135440122300464594e-01
-2.589801282468907062e-01
-2.185222789478072913e-01
-1.720905084394255824e-02
2.919822525052367945e-02
-5.170817992004126534e-02
-5.170159853442155701e-02
-5.170687775802493280e-02
-5.170984909749033742e-02
-5.170772345662479758e-02
-5.170466472050893464e-02
-3.324449786604691259e-02
8.734734591684539112e-03
6.570513788402990163e-02
5.647399591991957707e-02
7.342305260462066163e-02
5.085437122820207073e-02
-1.289723584574157256e-01
-2.192269334492399635e-01
-1.892821283050047654e-01
-1.770907907653904989e-01
-7.768589477625771622e-02
8.423636352732950675e-04
-7.489065348304596581e-03
-5.643125452457578572e-02
-4.143672402575371283e-02
-3.603293018991643448e-02
-5.434888013092616099e-03
-4.322387239486667927e-03
-2.575892022798271716e-02
-3.173168200949540857e-02
-3.395668429709065850e-02
-3.395673374256615029e-02
-3.395674319337098346e-02
-3.395674559264264675e-02
-3.395674717346269800e-02
-3.395673430968248335e-02
-3.395669755737524415e-02
-3.395675406293176268e-02
-2.593751417267231921e-02
-1.986417713251469042e-02
-5.502863230092776975e-02
-5.903823857531734914e-02
-7.118500758179803489e-02
-7.118502300921639159e-02
-7.418208662002416520e-02
-7.335215539834485932e-02
-4.745803326354970653e-02
-4.106729475220403242e-02
-2.319842106915541782e-02
-2.661171601216585567e-02
-3.639622753734760713e-02
-3.639636892528219647e-02
-6.026797797379133959e-02
-7.941795302860475692e-02
-1.591115099773078301e-01
-1.471758585679358022e-01
-1.088758346008507488e-01
-1.088759773576573331e-01
-1.088758398052920573e-01
-1.088757732888200186e-01
-1.088757735134476268e-01
-1.088758495837738455e-01
-1.088759803716435742e-01
-1.088755888030437657e-01
-1.466213160338514510e-01
-1.324484491718215251e-01
5.349086111962326334e-02
8.573619464040352356e-02
2.293181509552740319e-02
-7.103792672968685384e-03
-3.988619919732196151e-02
-5.945480861780288312e-02
-1.622053981074655371e-01
-1.591869186061671548e-01
-1.200500184060523529e-01
-1.200502239517094866e-01
-1.200501084323915973e-01
-1.200500379146936247e-01
-1.200500493540689051e-01
-1.200500493540693214e-01
-1.200500480526130315e-01
-1.200500571893338142e-01
-1.200500811435604304e-01
-1.200499390928057991e-01
-1.245024251131753579e-01
-1.210348543359462264e-01
-4.856858309958967529e-02
-4.634230596083760423e-02
-5.327739665250811468e-02
-5.327740405618242719e-02
-5.119285747125487673e-02
-5.527222144827439315e-02
-1.314439266585976929e-01
-1.324862577453009282e-01
-1.243276255444775852e-01
-1.243277122910969035e-01
-1.303439566792929938e-01
-1.290908883475604119e-01
-9.682337370281528244e-02
-9.381531666178088980e-02
-9.179756477176939655e-02
-9.161484114632680031e-02
-1.368763323458601910e-01
-1.391382424691521291e-01
-1.395035912093988695e-01
-1.395036893671250944e-01
-1.395036818558595126e-01
-1.395036819587193166e-01
-1.395036818537744583e-01
-1.395036818537738754e-01
-1.395036818537741807e-01
-1.395036818537764844e-01
-1.395036818537775114e-01
-1.395036818537759293e-01
-1.395036818537749579e-01
-1.395036818537734036e-01
-1.395036818537740420e-01
-1.395036818537750134e-01
-1.395036818537779832e-01
-1.395036818537767898e-01
-1.395036818537726542e-01
-1.395036818537714884e-01
-1.395036818537761514e-01
-1.395036818537758183e-01
-1.395036818537749856e-01
-1.395036818537766510e-01
-1.395036818525194622e-01
-1.395036819293148378e-01
-1.395036871616641416e-01
-1.395036456483820519e-01
-1.395080227661084638e-01
-1.392720645054014716e-01
-1.194033969060689787e-01
-1.194898447092951205e-01
