1.027479614288674594e-03
1.156676425714233541e-03
3.381315456031751612e-03
3.407738773904046316e-03
4.049412082221167872e-03
4.439551980431287286e-03
4.029724887410256542e-03
4.314450407644000209e-03
4.272792383386422518e-03
4.231804261085978826e-03
4.307423503224489317e-03
4.273373939135627353e-03
4.285267539547067336e-03
4.296154338209381453e-03
4.287625644965310096e-03
4.294878053857718869e-03
4.294683096048220253e-03
4.294122125273617044e-03
4.296239454037719188e-03
4.295834512614933251e-03
4.296529674105685655e-03
4.297040850191792202e-03
4.297623187182875518e-03
4.298501947611194952e-03
4.299007953174680333e-03
4.301691057575485894e-03
4.302312826932391462e-03
4.305338896806719731e-03
4.313034264202155257e-03
4.310740214509682991e-03
4.328734904847509300e-03
4.340533727892639110e-03
4.334078478910534382e-03
4.412837774532892866e-03
4.385573232059764015e-03
4.422762937213707904e-03
4.538390410281884640e-03
4.579124458667588674e-03
4.887922910628671701e-03
5.100164252015242788e-03
5.107260514677833090e-03
6.491801614670875131e-03
6.687916854351666149e-03
7.034771119522754967e-03
8.005495346990290292e-03
8.045587622383318371e-03
8.197993728715526063e-03
6.921631097419963727e-03
5.851559079836080556e-03
2.683618585876629790e-03
2.238234664603458608e-03
2.400324521384174670e-03
1.111386161724302367e-03
1.239422252330562267e-03
1.423256749996957031e-03
1.354867476677881028e-03
1.338078511198489062e-03
1.546695373912194450e-03
1.241827355966737458e-03
1.353442005197412219e-03
1.694434880382562512e-03
3.869699892139434800e-04
1.303546899589146275e-03
2.185085021650367935e-03
1.752357445737885797e-03
5.829952084523183815e-03
5.666236646359454517e-03
6.468997679864953165e-03
6.812303076466777810e-03
6.805752580142106212e-03
7.529641828438045706e-03
7.426334511223259618e-03
8.712628515663865814e-03
9.929135118101393639e-03
9.986858114347654108e-03
1.343296845291937734e-02
1.320487704325062558e-02
1.412900613689539904e-02
1.583337584648698837e-02
1.505318813378438841e-02
1.606272878491943681e-02
1.511094456753436094e-02
1.233123648047416629e-02
9.321386720423801425e-03
5.462899765640358632e-03
2.325163787018727848e-03
6.942005708293185612e-05
1.423386138185543963e-03
3.329764105094928234e-03
3.617020317909190597e-03
7.396275879977097165e-03
7.692121101028540249e-03
9.430608594345385454e-03
1.352842474851829666e-02
1.371819758081710416e-02
1.445222523583530178e-02
1.523502112978714768e-02
1.463127111081474578e-02
1.533561016139399838e-02
1.078921006859839479e-02
6.129794973986065452e-03
3.729807162569811693e-03
-1.745604502472127267e-03
-2.534142328280958485e-03
-3.049876574014869900e-03
-2.185985332376630223e-03
-1.070970776925812828e-03
1.959405362745015450e-03
1.988104403140671973e-03
9.338713097957679950e-04
3.488337404444639880e-04
8.875082785782385623e-04
2.487880725675348844e-04
2.649026216095016519e-03
7.789494620435521641e-03
1.024284381828775327e-02
1.128005668055064373e-02
1.054612508735036300e-02
7.088990440551343544e-03
3.472195582783523665e-03
2.539467078562264446e-03
2.075635565051874801e-03
4.607598942383795207e-03
6.587742724024021022e-03
8.020399355289174054e-03
9.027358860353853348e-03
1.041301928999149515e-02
1.072912238543701977e-02
9.274001888810490951e-03
4.411427341140860235e-03
3.293395715071869515e-03
1.605946254363185485e-03
1.469444233691509158e-04
3.910045212137096965e-04
2.593456940572524440e-04
1.301956209603862208e-03
1.785598971854825134e-03
2.047989755241958441e-03
3.534448476652213289e-03
4.456605899978280036e-03
5.248024501690025032e-03
1.022451535787788010e-02
1.090027179403413315e-02
1.313999176184979523e-02
1.551429151018823144e-02
1.832864597450664657e-02
2.245781627222453308e-02
2.746364298234679757e-02
3.101769741971916253e-02
3.262445779451390165e-02
3.331101365329668107e-02
3.374395179475027373e-02
3.622924489237486223e-02
3.598126874750121051e-02
3.822758978945407782e-02
3.891982600301528705e-02
3.785712506852436515e-02
3.990584728891938271e-02
3.885277375558802981e-02
3.990441845653874137e-02
3.911705940353325806e-02
3.771966222949926090e-02
3.880198695422009542e-02
3.554655661767268382e-02
3.627157130471944657e-02
3.611313944285046706e-02
3.065484801662633069e-02
3.360446148902247743e-02
3.083043334459186283e-02
3.096803979036999444e-02
3.966696448235200456e-02
3.863956262224695071e-02
4.716556754546211150e-02
4.767561400097383717e-02
4.621806112732793070e-02
4.713238019214770202e-02
4.371324600446316322e-02
4.421953722651869589e-02
4.222062587831103969e-02
4.046944983307272647e-02
3.752918679134513436e-02
2.932685369608915849e-02
2.652822758933247316e-02
2.680663288599769919e-02
2.418217574207680992e-02
2.671144941046007387e-02
2.291536453477446139e-02
2.215126789681909000e-02
2.122837240719621654e-02
1.563376769411245482e-02
1.734785864580753317e-02
1.513031626798277095e-02
1.400360895310192276e-02
1.540582208120781782e-02
1.276521277794289387e-02
1.159840401330878602e-02
9.149399566141429643e-03
4.953142684372422236e-03
4.399987768829194922e-03
-1.733685855758044072e-03
-1.573514206094413920e-03
-2.835230731778482643e-03
-4.554912933601141210e-03
4.959852202994468728e-04
4.208436791297746156e-04
2.453502278640762573e-03
5.327107354562160210e-03
5.705211980863072151e-03
7.157301830298232539e-03
1.160704699707870713e-02
1.432713483472566190e-02
1.381046384350228390e-02
1.609706897835945505e-02
1.413408278370721465e-02
1.135559730028793887e-02
1.028018947099922781e-02
7.576725046153067779e-03
6.668802492191282238e-03
7.040775417717621762e-03
7.052971419548718576e-03
7.193061527136075835e-03
8.031173123510020745e-03
8.255586392441033317e-03
7.491591924684706978e-03
7.765349142721238856e-03
7.394455945391709660e-03
5.572757376123033991e-03
4.919684295152917421e-03
5.181492843628170142e-03
4.967726524026314094e-03
5.567461921541592279e-03
5.626087351927789963e-03
5.543558655131654300e-03
6.295660319511666055e-03
6.623893730466191496e-03
7.197653728342146180e-03
9.963756962330792138e-03
9.885729780305401240e-03
1.068989235384367430e-02
1.224411256037347823e-02
1.226319938867455848e-02
1.429105724711403520e-02
1.585986593419858731e-02
1.583447841468801909e-02
1.516704187949489274e-02
1.622138263150142701e-02
1.523536196719485827e-02
1.229521556428188334e-02
1.022957532284103112e-02
7.547118494492760336e-03
8.350536821897657988e-03
7.344681805668014547e-03
7.726775300332612041e-03
8.041236638384685609e-03
7.738928068134968107e-03
8.691412502632741774e-03
8.245946834903190512e-03
8.219001156292702823e-03
8.671116743460785536e-03
5.779998994248608524e-03
5.261402543345143276e-03
6.207447249238477564e-03
6.060615382962847297e-03
5.050844340945818099e-03
6.773393505207693337e-03
6.875653787613996391e-03
2.679551951255466392e-03
2.839386900760338013e-03
3.415409315872257063e-03
2.698276947884591451e-03
1.912773502472361019e-03
2.074281032146454637e-03
1.409753103754274404e-03
1.669755781536461396e-03
7.125856274535558640e-04
7.782326170548668504e-04
1.026795612059904113e-03
-2.414302537625336725e-03
4.211348352691243573e-04
9.916136115513105899e-04
3.057945582087367303e-03
1.270217087806469781e-02
1.486439450910012269e-02
2.532156154997126235e-02
3.175067157069158541e-02
3.415499974172226533e-02
3.871315819162847449e-02
3.974536281019215578e-02
3.988455857688913420e-02
4.187607189704727062e-02
4.187152159528237383e-02
4.188883826064069421e-02
4.319135091962732209e-02
4.129775212196877543e-02
3.726653709020734395e-02
3.538117647241935393e-02
2.664726968795060394e-02
2.320451199309848944e-02
2.124107585741398518e-02
1.728864868272174740e-02
1.979955240764139091e-02
2.077007964548792732e-02
2.180439437356516269e-02
2.242692927817030099e-02
2.220612798869105869e-02
2.215056454846364015e-02
2.091313220113123761e-02
1.530933487103999964e-02
1.062902705125241820e-02
8.459109081416076384e-03
5.722677818968425860e-03
4.865369417077983726e-03
5.065781875064002265e-03
4.741633568768404208e-03
5.911709699111046198e-03
6.449980086741816110e-03
6.219034298902499126e-03
6.628943190553345660e-03
7.432632222423298310e-03
7.428399992959422611e-03
7.840797341224437639e-03
8.722439303486654444e-03
1.053125737732506055e-02
1.104915537891906600e-02
1.439100952956336513e-02
1.588363083266359360e-02
1.642088889796664009e-02
1.821226317241804449e-02
2.030567295782843493e-02
2.071122854156001378e-02
2.116345546744288764e-02
2.054449894759335926e-02
2.147541801266061173e-02
1.930098173501870740e-02
1.559883588344432304e-02
1.321121487445277992e-02
7.250898113294193016e-03
6.089404608427870236e-03
3.495114888632785532e-03
1.347558310169762706e-03
1.915888258584306451e-03
4.474493443917843417e-04
1.021656849592583911e-03
2.205277435519209950e-03
2.383989615127453734e-03
5.668185166768355265e-03
6.450974539509775341e-03
5.669017926870216148e-03
7.092030884702418131e-03
6.175215001001637533e-03
4.869339718526191109e-03
4.438170170044350091e-03
4.611904527019716066e-03
4.057296367549422487e-03
6.260304151812621024e-03
7.900145416269210852e-03
1.273840385941215313e-02
1.731863798769106566e-02
1.726142544032856913e-02
1.999093682614778988e-02
1.804398864518027418e-02
1.729190112549562619e-02
2.514327148941832013e-02
3.126425434045652235e-02
3.213296516928942220e-02
3.825406248708561330e-02
3.995990872203520478e-02
3.941659200748470759e-02
4.542475154920132957e-02
4.199676567201800909e-02
3.123431069136736737e-02
2.922386598006891656e-02
2.164727785847715691e-02
1.839282009252381916e-02
1.764139863143367876e-02
1.627628677036388471e-02
1.533547736444530740e-02
1.565885800798870811e-02
1.691146876734800006e-02
1.818485644495011419e-02
1.889703931859731262e-02
1.980787128735201491e-02
2.067553100341794695e-02
2.103392359968021472e-02
2.191809389320960311e-02
2.268285181576006407e-02
2.279889302068090901e-02
2.446849995493093066e-02
2.444344405755529553e-02
2.444043827844723585e-02
2.433168310729127981e-02
2.314535569771498241e-02
2.307254181143463673e-02
2.239564145398844491e-02
2.178436908572324582e-02
2.165211654729543717e-02
2.085865517951886183e-02
2.056767035575350969e-02
2.008707477534387928e-02
1.916881119866851654e-02
1.889536699617212073e-02
1.706916998285569476e-02
1.649726055865177732e-02
1.502283191844878268e-02
1.300027808779397054e-02
1.238196395494129548e-02
9.275671601932412857e-03
8.690735373165730734e-03
8.825082460313698335e-03
7.647513585779044075e-03
8.199255695584819689e-03
7.793684802387149287e-03
7.743488256010026306e-03
7.713664164872851767e-03
6.916356083566123011e-03
5.734530773889849609e-03
4.255545034079652629e-03
6.024187513073502379e-03
6.726962774676790123e-03
6.750724022800876252e-03
6.915888720586522119e-03
6.797013668351741325e-03
6.897107096534736345e-03
6.786275162847781733e-03
7.092639511457928501e-03
7.019488432680845956e-03
6.980773529804884005e-03
8.389827161547607631e-03
8.507706738059252899e-03
9.255962962191312260e-03
9.802409359296389291e-03
9.971115924122857244e-03
1.062965595074669145e-02
1.117100728414207635e-02
1.135368869564089278e-02
1.302215287070614992e-02
1.308039111028460287e-02
1.302247733214059386e-02
1.348483452765792019e-02
1.338847521020332387e-02
1.349294574248534502e-02
1.357940229581148378e-02
1.354385988909072823e-02
1.358303314425125460e-02
1.357058631545345062e-02
1.352480878386084530e-02
1.349998516343961855e-02
1.341998862348681848e-02
1.328820977109526971e-02
1.320437354734863358e-02
1.291669881596473751e-02
1.263542979403537055e-02
1.238709473681219586e-02
1.144486176011277022e-02
1.110396997441778950e-02
9.950413297266794480e-03
7.525755443269222834e-03
7.679755101083715965e-03
2.654206783513684588e-03
3.014601795031139446e-03
3.148383106850565979e-03
2.183788867395287849e-03
3.021301140743845072e-03
4.294561919501513683e-03
4.186738573836961200e-03
6.337039869184204685e-03
5.879556721308616327e-03
5.562815927595534705e-03
5.738553552729260335e-03
5.455217296587682417e-03
5.468208313211011390e-03
4.300105648221509702e-03
4.151518994061726038e-03
3.834386953467595199e-03
3.502607423191144917e-03
3.362101637623768173e-03
2.984870779657478480e-03
2.935613979767257020e-03
2.372082434152496255e-03
2.372430107862110761e-03
2.309366672715058768e-03
2.177917941372405075e-03
2.189120150637573724e-03
2.141429818849620303e-03
2.117344174853282197e-03
2.114296311289166203e-03
2.096775143304439870e-03
2.092846792718039417e-03
2.088894618412241548e-03
2.084059289995201982e-03
2.083008975985133765e-03
2.081053272015923484e-03
2.079914005099508471e-03
2.079316603795180411e-03
2.078648938262739852e-03
2.078386686277412278e-03
2.077729214673543212e-03
2.077965533115704554e-03
2.077343017882234914e-03
2.076384664268322335e-03
2.078327109123730490e-03
2.074086104747168129e-03
2.075619625569731334e-03
2.078916613900287473e-03
2.061580998185224937e-03
2.083813547921115929e-03
2.066182249002454247e-03
2.031162332696571666e-03
2.130527636712020029e-03
1.958687727015684388e-03
2.026304425429198853e-03
2.133926925121937788e-03
