-9.513185188044408561e-04
-1.090156148679801654e-03
-2.622307403701464121e-03
-2.695703110692457185e-03
-3.505694326049735125e-03
-3.715635892325075927e-03
-3.576412665063317085e-03
-3.837144806267647496e-03
-3.812572247801531214e-03
-3.837001749479205300e-03
-3.898213414961954754e-03
-3.885870978073134672e-03
-3.908460022093902114e-03
-3.918286498641232463e-03
-3.918140527168970447e-03
-3.926483158793141540e-03
-3.927506450205967871e-03
-3.929008443852373585e-03
-3.931093163845891802e-03
-3.930933580441368751e-03
-3.931549920587424328e-03
-3.931394903055944641e-03
-3.930341208650715151e-03
-3.930187581020989050e-03
-3.927436289828955401e-03
-3.925038346315331064e-03
-3.923516745414993775e-03
-3.912702149757090950e-03
-3.911415335175529376e-03
-3.899404222996518364e-03
-3.868660143722476089e-03
-3.881047068888282981e-03
-3.806406182726086891e-03
-3.763024356217395221e-03
-3.793041593475670117e-03
-3.453343168867563373e-03
-3.473164484276444839e-03
-3.382860808819423016e-03
-3.324115452371156042e-03
-3.358042828574338799e-03
-3.386591308410840696e-03
-3.334787815418321054e-03
-3.028037669276333922e-03
-3.436607875585287811e-03
-2.524313646879329000e-03
-2.635008837394320000e-03
-4.425427398579498406e-03
-4.495094237503420402e-03
-5.461732501952358543e-03
-6.147275779433063018e-03
-5.260162428686538175e-03
-5.561167171367493653e-03
-4.793712741661229279e-03
-1.396972149504620286e-03
1.371120861908294714e-03
2.307009927181464908e-03
8.568640141375902936e-03
9.673404217809575961e-03
8.115621869371586819e-03
1.152712157080526198e-02
1.160510766040562074e-02
4.389713998877593434e-03
7.174247916369761238e-03
1.129153598383494071e-02
1.255702268689647821e-02
2.706773805619986512e-02
3.072268168152938322e-02
2.992907025016262532e-02
3.457816160411816830e-02
3.236109872733416992e-02
3.198736732570933716e-02
3.303083153461605637e-02
2.941366814405527857e-02
2.865467803170089478e-02
2.728920153597137049e-02
2.091207301626295256e-02
2.026451597955784834e-02
1.691375621943705387e-02
1.355720940135113524e-02
1.258353000218156471e-02
9.912150352368396394e-03
8.837047563892318908e-03
7.330476100413865423e-03
6.123339031979299629e-03
3.337615868541731964e-03
1.081808119140830089e-03
1.595133395768143832e-04
-4.897189266727464477e-03
-5.245066272606273977e-03
-4.427148034463704133e-03
-6.970899558518948991e-03
-5.732896891166189800e-03
-5.179056164845634996e-03
-5.052005412605383057e-03
1.313433991463751945e-03
1.930912124599107847e-03
2.809341863813392265e-03
4.819593421749422332e-03
2.782491285575371728e-03
3.949479676478987941e-03
4.044852653193398498e-03
3.777174766406408285e-03
4.653260241593933436e-03
3.291738919847350849e-03
1.957332332993228473e-03
2.099475109551389180e-03
3.186883202177524885e-03
3.815269833661071204e-03
3.868529777272932974e-03
1.855787239840163590e-03
1.451287573637002806e-03
4.696358232692567883e-04
-6.719569871761722161e-04
-1.181026563671863693e-03
-2.066982140764689162e-03
-1.970427215353021295e-03
-3.508504077162223622e-03
-4.523938240754064172e-03
-5.093191940885444594e-03
-7.491095199597041718e-03
-8.506928345477157705e-03
-7.344919840909496650e-03
-7.711484340682136368e-03
-5.443843014604238251e-03
-3.757650610023228512e-03
-4.042148719587216818e-03
1.692153374099620916e-03
1.306721608932840620e-03
-2.609287041689642471e-04
3.427461499312927946e-03
3.278609264439056627e-03
3.019490997492063015e-03
4.155235039481684593e-03
4.080314310044749239e-03
5.412500209500856543e-03
5.957962187249973146e-03
5.857387358856087564e-03
6.566532873172156899e-03
6.483596316388768807e-03
6.328294555713291289e-03
6.722381012683968822e-03
6.173671874290769489e-03
6.061714119640948355e-03
6.292061694694898663e-03
5.691703855632718537e-03
5.092462263858501745e-03
4.301007395400454486e-03
3.249783187706364786e-03
2.917430850523534784e-03
1.702622343898017258e-03
9.260171271514807583e-04
-1.866235677035936263e-04
-1.982285811809439413e-03
-2.577127133969838498e-03
-3.102371665438623076e-03
-2.834863307160472370e-03
-1.533508067554721199e-03
-1.308628228803278021e-03
-3.114057847229735631e-04
1.956853233518920430e-05
1.767458875672604053e-03
1.954940818221139777e-03
1.850627104171291689e-03
2.395054239596176859e-03
2.332549706552346745e-03
2.715181250307702188e-03
2.770580107685882264e-03
3.183501206659979099e-03
3.852136710515662726e-03
3.551753216107347670e-03
5.100202918865204271e-03
3.587870104401011222e-03
2.567435789769001355e-03
1.827584623869068971e-03
-4.045325302081792529e-03
-4.853219446128575684e-03
-6.787338567502743114e-03
-6.900339095127116379e-03
-7.045063796962756052e-03
-4.730273101637986338e-03
2.766360679489987106e-03
4.711405239982840998e-03
3.049284665272651400e-03
4.012109710294223426e-03
1.685065441785769773e-03
1.350126220591197539e-03
-3.004823844889560210e-05
-7.098023313692551064e-04
-1.988549569255029662e-04
-8.481003817571590485e-04
-6.188529024029018914e-04
-1.600849299559173799e-03
-9.905331322529553704e-04
-1.394581142765147349e-03
-7.157834072824372689e-04
4.847507052629415180e-04
5.239511864057783304e-04
2.038208539159881358e-03
2.057468900974649718e-03
2.088729413924129020e-03
2.629827989486834862e-03
2.412843266494739923e-03
2.575574430509896574e-03
2.652094175311418833e-03
2.543105630515048524e-03
2.484558091529284578e-03
2.482075629485039001e-03
2.189835937716557400e-03
1.842790267588014647e-03
1.518442451792820875e-03
1.695944286138532150e-03
1.710705024014344631e-03
1.450166411150762870e-03
1.843290464572415075e-03
2.384106610583419748e-03
3.314761329425514914e-03
3.833825304733830524e-03
4.646444123367845895e-03
5.913167655395042480e-03
5.758557239289835428e-03
7.586483685749911485e-03
6.789419007592457575e-03
4.961908994140195629e-03
5.353435271224904653e-03
1.074952466742166296e-03
-5.051874616626423324e-05
-6.760589551859005333e-04
-3.373543145169236555e-03
-4.154003993943840289e-03
-5.654872986952785147e-03
-5.386959952939749871e-03
1.834759956568801208e-03
2.664272725529105192e-03
2.490754662896990310e-03
3.666015311890588341e-03
1.244405738736905492e-03
1.103930680008233679e-03
9.560339725659458684e-04
-2.925737442347153567e-03
-1.523806407675791508e-03
-7.785496060664699215e-04
-1.678892160058008485e-03
4.332647855699705772e-03
4.655009588955288935e-03
3.373198666729630701e-03
4.208186074289081008e-03
4.154254417878455383e-03
5.047185207358333668e-03
4.026420239091917444e-03
3.690805281096197227e-03
3.840439578825420933e-03
2.359965584255253011e-03
1.919198187742593388e-03
3.162838493198620463e-04
-1.046231864986217024e-05
1.656017883643769292e-04
5.911331219296455048e-04
2.151791744861727377e-04
-2.822425741186200022e-03
-3.600420387398256712e-03
-1.234869143951044428e-03
1.133883094659103499e-03
2.419114636706686493e-03
1.904085803285185787e-03
1.742462040125175278e-03
3.302492169155424664e-03
2.734088172184922106e-03
1.424596679415342758e-03
1.769966471784673381e-03
4.070433694735755073e-03
2.584942389619593762e-03
7.963101562777429683e-04
6.185182193603229591e-04
-1.739916395598040426e-03
-2.678785315167906030e-03
-4.048481463381595723e-03
-7.106855884022197922e-03
-7.190736519458239100e-03
-9.549339815161518585e-03
-1.021548167193342925e-02
-1.036045204459680111e-02
-1.067277863483241142e-02
-1.013835418274788847e-02
-9.739033450386066354e-03
-9.288025425693284542e-03
-8.672649469929441871e-03
-7.408383202276731978e-03
-7.398104350688212809e-03
-5.699840630194501906e-03
-5.795492433360200334e-03
-4.098144662527942843e-03
-2.921667386594191743e-04
3.399273000918000016e-03
6.695849514007598882e-03
8.153600597218290877e-03
1.045739851355569940e-02
9.353289828723519370e-03
1.227835251254379492e-02
1.379430062419825451e-02
1.555959627760976523e-02
1.646769828419676271e-02
1.554041582728352307e-02
1.562664846068149982e-02
1.520667061634983427e-02
1.379091546580058815e-02
1.283521286525782235e-02
1.180318447073385596e-02
8.364574136264058685e-03
7.189841518675927495e-03
7.754961966037353729e-03
6.314690910738262122e-03
2.265110556806641893e-03
1.583797147673270383e-03
3.061154788296305469e-04
-2.034482758933940649e-03
-2.360918167785194637e-03
-2.722760565659415426e-03
-2.471327387128952752e-03
-1.402601490326038517e-03
-1.134493116075308960e-03
-2.050145175321451221e-04
8.016378859773016510e-05
1.852263998886000433e-03
1.997759851736640845e-03
1.898938173312882029e-03
2.445399444893399041e-03
2.376600899069390097e-03
2.790127400267822244e-03
2.841807323391787755e-03
3.296717227808072977e-03
4.029760176103642372e-03
3.709339408782857690e-03
5.465811383673661525e-03
3.983678653370199135e-03
3.022541321609548137e-03
2.961769814155607462e-03
-3.334929461502044411e-03
-3.348114334204206101e-03
-4.253746985083788935e-03
-6.016158274665661491e-03
-4.963605658456982789e-03
-5.833865383028226034e-03
-5.052846176119919590e-03
-2.388563457706360457e-03
-7.998523037124490552e-04
-2.988747709205579937e-04
1.520972185294956508e-04
-3.936467308402598841e-04
-1.178827993190476389e-03
-1.011031755571076968e-03
-1.751021967040225199e-03
4.282478240451949086e-04
2.082534540810200042e-03
4.280369093018781060e-03
5.724729052778799142e-03
5.904450716511432107e-03
8.769411390001152426e-03
1.122745599931407323e-02
1.149445778257706351e-02
1.497236613995924469e-02
1.406566118448655117e-02
1.185710534127750425e-02
1.300940723798585212e-02
8.199059293459057263e-03
7.648095250413844762e-03
9.063031702510023283e-03
5.794690298633527539e-03
7.287384188476910343e-03
7.769021764628462196e-03
7.745562164014545975e-03
6.970425870929363929e-03
4.116557782481179532e-03
2.990114916314032343e-03
2.414734802675455160e-03
1.020021242278669861e-03
8.981768228797888188e-04
4.213257442981233601e-04
5.867460294105787590e-04
-1.343544875395724560e-03
-3.018051178326547866e-03
-1.656974501682592247e-03
-1.803528552209742548e-03
-9.689305968608361540e-04
1.415468430459685713e-03
1.513926765828806477e-03
1.765527168550431450e-03
3.077060695798317785e-03
3.125640352901787062e-03
3.146209008418215415e-03
3.500171945093472070e-03
3.575053902972110623e-03
3.406333249367143358e-03
3.848628179447467074e-03
3.810275232575055689e-03
3.288840004590903084e-03
5.670625821074160369e-03
5.133022218625779912e-03
1.495894875427564641e-03
2.432516480161775810e-03
-5.772112560186612408e-04
-4.494326123258305349e-03
-6.794456279498413062e-03
-6.371083614923303724e-03
2.788472630981988620e-04
1.809852650509356699e-03
3.381628890101263983e-04
1.050568015293449221e-03
-5.806142521482941278e-04
-1.640734410286896067e-03
-1.085005558525440955e-03
-4.846481929344888077e-03
-3.897456510180727623e-03
-3.965977974778531201e-03
-2.041085539429518623e-03
-1.412421843495105652e-03
-1.503987932292057171e-03
-3.412980392932038064e-04
-1.121765993175060901e-03
-2.164032715263239023e-03
-2.475875019461014175e-03
-4.771903431952817347e-03
-5.489747499150995393e-03
-5.414149705099111955e-03
-7.042247486871259197e-03
-6.495893784371852171e-03
-7.271359422309796317e-03
-7.373049718501101940e-03
-6.946245549465037902e-03
-7.530851497722001499e-03
-6.440310091368152065e-03
-6.783224767813435252e-03
-7.094588699853020784e-03
-6.731547941684881166e-03
-7.849800636515811073e-03
-6.921765114294485197e-03
-7.001996138165517136e-03
-7.521352707050758465e-03
-4.200917003806642694e-03
-3.701255818341180493e-03
-4.335079252502403897e-03
-3.638513899792404985e-03
-3.786262366367180825e-03
-3.342827032682181652e-03
-2.846798000934365209e-03
-2.815926013781248124e-03
-2.601990811097531792e-03
-1.073757783818007948e-03
-8.008263413796425784e-04
6.309551285260774686e-04
1.114320412581211624e-03
2.070107214689897220e-03
1.821049274328579749e-03
-7.253516634898517657e-04
-3.344711774766378001e-03
-4.016672871257669086e-03
-2.994166955357218177e-03
-3.918338959400601874e-03
-2.627305096846926230e-03
-2.099925614751274074e-03
-1.953295458871808464e-03
2.156788858782520118e-03
2.365315755782861854e-03
2.253618953778012066e-03
3.200050708671093452e-03
3.206266108431635783e-03
2.705758986075557093e-03
3.126778468383096393e-03
2.970421424672488580e-03
1.489386644755660036e-04
-4.811998457110588262e-05
-6.320746726317208767e-04
-1.343352529065418993e-03
-1.378065350670574759e-03
-1.752433595777106107e-03
-1.854912487254353195e-03
-2.000466430302723364e-03
-2.236531496693456265e-03
-2.101578938053487097e-03
-2.700725290267869810e-03
-2.566950189279788592e-03
-2.182668047183796822e-03
-1.809425349191971268e-03
-1.689918356962799052e-03
-1.967611210787113211e-03
-1.993031692766052566e-03
-2.057270110625204242e-03
-2.129993704791206029e-03
-2.138168738761056422e-03
-2.169908706036966211e-03
-2.185404880621166866e-03
-2.191695214846856900e-03
-2.202415861246483954e-03
-2.205842822069863964e-03
-2.209142725060475512e-03
-2.211968621315668106e-03
-2.212573949509491662e-03
-2.213820585650794377e-03
-2.213497126127029428e-03
-2.212741134093673505e-03
-2.212942379875580505e-03
-2.208285652951392543e-03
-2.207748894420246896e-03
-2.204180939931629519e-03
-2.188553680040919609e-03
-2.196281315185724756e-03
-2.165579589655378719e-03
-2.137390948615632957e-03
-2.168271928139079742e-03
-2.009176298345280443e-03
-2.054345933701270770e-03
-2.017776291926336174e-03
-1.420542149655677072e-03
-1.462767858697159619e-03
