-1.349609939732348066e-02
-1.453132454111590206e-02
-2.833835299973216926e-02
-3.479957232170024367e-02
-2.793439454686406920e-02
-2.200773058170507612e-02
-1.674783486187374562e-02
-1.674284477036310642e-02
-1.673828391012361153e-02
-1.673637678935397180e-02
-1.673664680976926639e-02
-1.673664555629209363e-02
-1.673664548892054779e-02
-1.673664597533809639e-02
-1.673653601016221112e-02
-1.673745834409030853e-02
-1.673825243307535890e-02
-1.673729989880022584e-02
-1.886161077565508964e-02
-1.832022835130613092e-02
-1.744935706853642868e-02
-1.638780714477103620e-02
-1.746900240337493151e-02
-1.746764513070743138e-02
-1.746779110071255622e-02
-1.746856020724438241e-02
-1.746980364345142658e-02
-1.746154691168502748e-02
-1.760017577193774552e-02
-1.768106443321803070e-02
-4.055247582049433495e-03
-1.127362442369782627e-02
-3.622090787769005615e-02
-3.667882411368020984e-02
-2.345717188371369832e-02
-1.728118576421895647e-02
9.392225198618845902e-03
1.008413563690646955e-02
-2.296867925309627710e-03
-5.985213086273042391e-04
9.501210345747914407e-04
9.633755179721944714e-03
8.791158767758516790e-03
5.682678209466974183e-03
5.685581577598428603e-03
5.683492247086322814e-03
5.678312474887624479e-03
5.986990132076579901e-03
2.789855976938225134e-03
-7.638679639338091798e-03
-7.795707042769021641e-03
-1.393205423763125943e-03
-4.577611946019200136e-03
9.443500665832436350e-04
1.584434569015004055e-02
2.296127065863580799e-02
1.284479114217157263e-02
1.857848552192708363e-02
1.252119269688502061e-02
-2.585021617137406302e-02
-3.088212028991714486e-02
-2.950656954876855129e-02
-1.477585861601995489e-02
9.128003193369602433e-03
9.046856220560667294e-02
5.890208101945684088e-02
-8.224053460620057987e-02
-1.069510781834573376e-01
-1.292489485657054848e-01
-1.363914118474424675e-01
-6.023199869268171247e-02
-1.546631586559804768e-02
-1.196135530346359357e-03
-9.421006413465571024e-04
-8.499350056489524564e-04
3.297934568517262022e-02
5.523977865263350606e-02
6.802110844450352800e-02
5.122436339198460642e-02
6.461968365651072146e-03
2.677307395714838972e-02
2.682795016137588459e-02
-2.085592699045947691e-03
-1.222890267657482898e-02
-1.257169808371064700e-02
-1.262083527808590712e-02
-1.914979673039951188e-02
-2.286521663729675774e-02
-3.364858147173963032e-02
-3.042017943996674217e-02
-3.388550798550169635e-02
-4.328201788828071883e-02
-6.451991536792744952e-02
-5.908350831930538755e-02
-4.026332969016614000e-02
-4.463667662382839879e-02
-4.403149132227110463e-02
-3.804672813839639345e-02
-3.583446328704477379e-02
-4.966326748691408249e-02
-3.234909293652291074e-02
1.915281427084879196e-02
2.007141159366371969e-02
2.755925352145811424e-03
-6.787777833444261569e-03
8.558169410481826500e-03
3.450588090882377584e-02
4.439119092517501697e-02
1.553627782144971492e-02
-4.137043349693828032e-02
-5.556040489522966197e-02
-1.167630340615562722e-02
3.526612052527059588e-02
6.423595380646184017e-02
2.261166264916261714e-02
-5.277356488256853412e-02
-6.648946797680900522e-02
-2.450953527817105806e-02
-1.354504770581862333e-02
7.787972667628939756e-03
3.854750253545459904e-03
-2.997473770586110003e-02
-3.928688780864073027e-02
-3.136051687477271754e-02
-6.131199071476330781e-02
-5.151235535390901593e-02
1.679963726256848353e-02
7.178259307907812470e-02
5.366501527525389947e-02
1.815191440473847007e-02
-1.860477378115832619e-03
-1.403585238319361890e-02
-1.771677417387785419e-02
-2.231920026328049894e-02
-1.340971650300341877e-02
-3.060594093843426768e-03
2.288447943819450856e-03
-3.694405464485238030e-03
-3.381476582991176181e-03
-3.089140696267576869e-02
-3.221429643649925678e-02
-4.650573110294190654e-02
-3.411428297761163325e-02
-1.604543319979979954e-02
-1.602680485554576137e-02
-1.588710272330670636e-02
-6.141015262864753937e-03
1.562690355018470437e-02
5.557419718513631479e-02
5.075717548165568221e-02
1.814252690579956639e-02
1.335601429238401916e-02
-1.017397802608442647e-02
-1.574157756659630425e-02
-2.315725871561119097e-03
-9.394488488062664386e-03
-2.057696699285176123e-02
-2.247258762549476929e-02
-8.340580078522554994e-03
-3.109726887273742829e-02
-3.561702060737470532e-02
-2.608906786198780109e-02
-1.472736095550589326e-02
-5.653143227863855619e-03
-5.635341408897777057e-03
1.368891981674456469e-03
3.538111523910749453e-03
2.285584009700119754e-02
1.936210632019346595e-02
1.502041990465331073e-02
1.502685042546008515e-02
1.502618858474562107e-02
1.502581378253155936e-02
1.870645451954316626e-02
2.375416378843838924e-02
2.194850335912279862e-02
2.003802754459321767e-02
9.215375274711704381e-03
8.734396139543821116e-03
1.602412065737732205e-02
1.314250202596148331e-02
-2.538173955731019490e-02
-2.895347133736783651e-02
-2.321454326040940305e-02
-2.325384195157374420e-02
-2.796116302025637365e-02
-4.388711475546508423e-02
-7.877835420534502753e-02
-1.130351669473696335e-01
-6.978141998851025707e-02
3.547993877409789942e-02
7.042538390280642102e-02
8.334887877331557948e-02
6.825760785945021725e-02
2.082286326545225094e-02
-1.805487545352055245e-02
-5.784849042017583404e-02
-1.265102238166984916e-01
-6.481235226655338022e-02
1.181390197404864027e-02
6.189777709453765653e-02
5.303935558821511881e-02
6.379979045325308296e-02
5.313079295784840783e-02
2.823306177633825090e-02
2.830002762757003257e-02
4.400254128158552491e-02
5.947524686627719132e-02
8.231504885790999482e-02
7.454235634566674928e-02
4.349724041836790234e-02
4.351955705047396566e-02
4.337980418970092261e-02
4.330904327944158638e-02
4.339128951862243622e-02
4.348742909036962950e-02
4.323596897748506473e-02
5.339547564248987854e-02
3.417865997487919832e-02
-5.472808048871274228e-02
-5.999568044525530747e-02
-2.158945212466450644e-02
-2.168363382638809761e-02
-5.231486133437433100e-02
-5.822202502803697222e-02
-3.917332705766896767e-02
-2.380198660613821321e-02
-1.181165265544758571e-02
-5.749113490683116674e-03
-4.137824886075524601e-03
-1.100023315458606432e-02
-1.403649067401083368e-02
-1.722531063389462838e-02
-3.541543476838687060e-02
-4.077462478874459978e-02
-6.654120217286983892e-03
1.375335998660779345e-02
3.511615726379160862e-02
2.596301283847136931e-02
1.490922426781374731e-02
6.335831010053747867e-03
-3.285310553259133959e-02
-5.551809496001705591e-02
-5.265135504504493691e-02
-8.591726392030388237e-02
-5.077047856834090989e-02
9.568296274884710573e-02
9.689424707920511748e-02
-2.735644059902065522e-02
-4.838835911470823481e-02
-2.129046655619639544e-02
-2.135325520814472869e-02
-2.134450192761033413e-02
-2.132966839572225659e-02
-2.661110527966296588e-02
-2.818965799336629885e-02
-2.008830989766393488e-02
-1.745121582769872115e-02
-1.428749774150118133e-02
-1.428333281269904102e-02
-1.428130417392075961e-02
-1.427996932813112643e-02
-1.428151371512296521e-02
-1.428357419471454164e-02
-1.427210488615771565e-02
-1.711481688056788047e-02
-1.496267303576055349e-02
9.071318140712325562e-03
9.947391255766761808e-03
-9.514814538469739194e-03
1.879222812270796034e-03
2.988945519132626960e-02
2.645389460645766397e-02
-1.072955090647755537e-02
2.222224118980153929e-02
-6.091489940436113810e-03
-4.676433295286752667e-02
-1.082966590558513686e-01
-1.429461340359865218e-01
-1.162584941683927620e-01
-8.914745271938455395e-02
-7.353061191594434387e-02
-5.947693757000040160e-02
-6.545038196570478195e-02
-9.445654208454452860e-02
-1.142477454876468790e-01
-1.152794001970278148e-01
-9.519432933495362847e-02
-3.676382378499808840e-02
9.895330677531831778e-03
2.693673718208524498e-02
4.677625994363448364e-02
3.041771232435715525e-02
-8.212316976025262668e-04
-2.064122053827726830e-02
-2.343764655239113925e-02
-1.458738172572798288e-02
1.371699616352231935e-02
1.656361838145010978e-02
1.134283787132783945e-02
-1.520274813143567862e-02
-1.529758190587237991e-02
1.376899198856074624e-03
-1.015858246209702317e-02
-7.407224121420312446e-02
-8.251900692624010436e-02
-5.967859848741619011e-02
-5.971376066787902059e-02
-9.534877753550571877e-02
-9.743221677817850979e-02
-4.694553894278379741e-02
-2.908257378231149728e-02
-3.427443344164241706e-02
-3.373152467237994917e-02
-3.281471854835477098e-02
-2.007607386500319044e-02
-1.820497983685125457e-02
-3.229034863386171135e-03
-1.119948363110692506e-03
-5.292049673703084697e-03
-1.651488733116187463e-02
-1.958740354395393721e-02
-2.395290539907201505e-02
-3.733076944269217434e-02
-8.936884759069115003e-02
-7.294826282879375567e-02
3.520945849110995729e-02
7.693803424258385815e-02
5.125505925164731275e-02
2.244711956436006017e-02
6.381967019826730210e-03
-1.320793809117416610e-02
-5.101382124291201775e-02
-4.715855359160366772e-02
-2.385029348720989553e-02
-9.928749704778586788e-03
-1.670754648991544869e-02
-1.132077879118958096e-02
-1.491739508577397989e-02
-6.701429177223314215e-02
-1.050692758291663781e-01
-1.030303808494014289e-01
-8.813950826118503723e-02
-7.641015751521218480e-02
-7.531099804178628676e-02
-7.530382703423314783e-02
-8.094976999717436172e-02
-9.233258522175948058e-02
-1.091565550383352817e-01
-1.275367151403863086e-01
-9.901949823885303203e-02
-9.816385461208425312e-02
-6.308437185081154641e-02
7.216133392963011532e-03
1.787918544264829532e-02
-2.251991425890950606e-03
-1.213165146700462445e-02
-1.281509208563817552e-02
-2.486601488551817146e-02
-5.409244884335307618e-02
-9.472412703418724156e-02
-8.943876862518580773e-02
2.350731893720375137e-02
7.524910382719861290e-02
4.082354072513316029e-02
-3.187791916724456304e-02
-4.749710728594969816e-02
-3.906717688371124514e-02
-3.854215301946199018e-02
-4.648437535008978494e-02
-4.868984623717140942e-02
-4.867265046972536757e-02
-6.016723446915132195e-02
-4.942977043851989882e-02
4.158306688956029014e-03
3.793207066827573859e-02
3.340068657857900303e-02
3.673888577557218177e-02
3.852714407157662585e-02
1.742845870698938454e-02
-6.119141858761043863e-03
2.667618329300075345e-04
-5.849686519433544996e-04
-3.690729747925040188e-02
-4.356016858810151521e-02
-5.009313909640818185e-02
-4.597586763421816075e-02
-5.929199689371043337e-03
7.987148637014279337e-03
-2.148535837421388663e-04
-1.179825793984489064e-04
-1.542870284602689403e-04
-1.910416019574453182e-04
-1.537106597528999801e-04
-9.132145616035632974e-05
3.870102853661066145e-03
2.274640078032636251e-02
3.391725432802487894e-02
3.203328843278881871e-02
-9.828488706047171924e-03
-1.683558904384338528e-02
1.996938569375186128e-04
-2.800146925255097251e-03
-3.857129080473190030e-02
-6.543010121122576350e-02
-6.430515283071917831e-02
-5.008642183118647284e-02
-5.267831537233545053e-02
-3.352832689250818260e-02
-2.043599790795584681e-02
-1.551593222259741410e-02
-1.781119303369509133e-02
-1.475611894360660294e-02
8.594450030356878475e-03
8.061569705855461954e-03
1.960026381246627279e-03
1.967613986497039006e-03
1.964142442624762248e-03
1.962303707904676162e-03
1.961906472848863603e-03
1.966312229308231699e-03
1.973355290345863225e-03
1.950347103802734698e-03
1.572020748729677231e-02
1.202864411030079954e-02
-5.436880086672352119e-02
-6.126625529920620011e-02
-5.390775545819315867e-02
-5.388906364893038259e-02
-8.832389879266148991e-02
-8.447437329697796149e-02
4.917266382386356605e-02
7.345934492022304640e-02
1.423201949954506183e-02
-5.014351358544411399e-03
-1.918762617646989702e-02
-1.921854091349579213e-02
-3.115964516320594846e-02
-3.963681456622515642e-02
-4.015638874272014353e-02
-3.420534165633791479e-02
-1.724739011504322628e-02
-1.724734094585879743e-02
-1.723461600967454016e-02
-1.722639288313985301e-02
-1.722536665501229677e-02
-1.724133504579134293e-02
-1.726183230082829062e-02
-1.721398162446254043e-02
-4.766663481657550105e-02
-4.254924268163163409e-02
3.457370191801384385e-02
5.062321706891025758e-02
2.024745541948471533e-02
6.613534723346799898e-03
5.401179005750157171e-03
8.484340628801772090e-04
-2.073918486898037108e-02
-2.096400446980647633e-02
-1.189259637844434364e-02
-1.190104210178670290e-02
-1.189660414202934301e-02
-1.189352863568981546e-02
-1.189399240141315872e-02
-1.189399180114988561e-02
-1.189369571501086575e-02
-1.189554981149174712e-02
-1.189867054438377252e-02
-1.189720691897355222e-02
-1.770016784059420811e-02
-1.977875047572046074e-02
-1.515557331730047613e-02
-1.225573735548972192e-02
-8.089738690801186183e-03
-8.087489108465118620e-03
-3.882650536602491251e-03
-2.164864929041954763e-03
-3.355042688934107599e-03
-5.452200333844375683e-03
-8.887991148012142073e-03
-8.890248494958778724e-03
-5.886281092246563838e-03
-5.339893925355681907e-03
-8.264548651848146674e-03
-9.765128746606160232e-03
-1.284589824009885195e-02
-1.296593184649769658e-02
-1.104050979918282452e-02
-1.005128780575149407e-02
-9.812845704447537357e-03
-9.811601837976167279e-03
-9.811172380184496680e-03
-9.811123734852258624e-03
-9.811136122182572902e-03
-9.811136056183033735e-03
-9.811136060092619932e-03
-9.811136063823172257e-03
-9.811136063505927762e-03
-9.811136063506351035e-03
-9.811136063506087357e-03
-9.811136063505960722e-03
-9.811136063506555732e-03
-9.811136063506626856e-03
-9.811136063506272972e-03
-9.811136063506198379e-03
-9.811136063506609509e-03
-9.811136063506574814e-03
-9.811136062312892508e-03
-9.811136082157266916e-03
-9.811136019247631082e-03
-9.811135797884687482e-03
-9.811183919645425147e-03
-9.810770573956956522e-03
-9.810406635182915627e-03
-9.812598102458720828e-03
-8.920298102443897231e-03
-9.549125530849383869e-03
-1.359246323684346926e-02
-1.340008494836112361e-02
