-1.327280654035960933e-02
-1.227648639718223120e-02
-1.206698842186183958e-02
-1.396922381772873652e-02
-3.886000173095932250e-03
-3.321089625339484781e-03
-1.775447336781751017e-03
1.185705313551958058e-03
1.210176735236333928e-03
2.442254628105470452e-03
3.144606351536726255e-03
3.344086949650329314e-03
3.863875863128724865e-03
4.051255272614985407e-03
4.216904021180680091e-03
4.379267775758491354e-03
4.510246813250302043e-03
4.536512802059551944e-03
4.631592305485173963e-03
4.809432215624114687e-03
4.491912686948009575e-03
4.392983323217370013e-03
5.170466784950626497e-03
4.894459355359178157e-03
5.399420736152770080e-03
7.331895612453500841e-03
5.689585485979793342e-03
9.767917561601481558e-03
1.158786773933657629e-02
8.086690264252053076e-03
2.605638635940091263e-02
2.579877428561431346e-02
2.342457488678382702e-02
2.433173187963447864e-02
1.520833870941026671e-02
1.528590549101781042e-02
1.374616502441324863e-02
1.320943678483067069e-02
1.205294569519568988e-02
1.141381489838766763e-02
7.125281913157937956e-03
6.362946111923513393e-03
4.652592201955145848e-03
3.843738474622261821e-03
1.776926251586940370e-03
2.523497757802416284e-03
1.542987105275947035e-03
-2.466630905875725598e-03
5.986037138540208861e-04
-1.770679223612388635e-03
2.580480361688202405e-03
9.204787612007358719e-03
1.271465298753820909e-02
2.468809576088878618e-02
2.589169530175714287e-02
4.134959650361998140e-02
4.129978537116338333e-02
4.087885524053300190e-02
4.531454527090979928e-02
3.359373786178507237e-02
5.227286002044592705e-02
5.007961273097562283e-02
1.330146075781437308e-02
6.408315135287595728e-03
-1.519371293358004124e-02
-5.800663081996346865e-02
-7.714679515963193679e-02
-1.203222166644616342e-01
-1.640511639712731728e-01
-1.878864752872065891e-01
-1.920398554821755588e-01
-1.921913753645050904e-01
-1.875552073222535865e-01
-1.911441961933043054e-01
-1.884612805374253630e-01
-1.839102336536326265e-01
-1.829173674814537076e-01
-1.711936211456069890e-01
-1.663117207929952213e-01
-1.603491702633954019e-01
-1.508349879150978623e-01
-1.467813637152601547e-01
-1.497334515767702046e-01
-1.404888741222356241e-01
-1.405510957319077159e-01
-1.259176514133598934e-01
-1.070518144991078890e-01
-9.409615409510933837e-02
-5.569966378111426697e-02
-3.376454941144813038e-02
-1.484337951744306959e-02
3.884711491069663559e-03
7.854679941500089524e-03
8.067925300777763903e-03
1.051814740785303806e-02
1.576442379412798522e-02
1.768536784472264645e-02
1.769102309947367946e-02
4.208759573446949759e-02
3.894764403194542896e-02
3.508243523665159624e-02
3.534686587440548367e-02
2.431992877019190091e-02
2.354372058192370082e-02
-9.989895332793114618e-03
-1.375951521195795460e-02
-4.051831031969023444e-02
-9.101676588122881162e-02
-1.031857510478258189e-01
-1.495002389919924957e-01
-1.662223843947779334e-01
-1.879923969517252325e-01
-2.122179585625189602e-01
-2.186800816913198053e-01
-2.537413160600048290e-01
-2.794107146256497032e-01
-2.887951739841218002e-01
-3.169069010277557608e-01
-3.036853123657498044e-01
-3.107721710977622287e-01
-3.284806363483045444e-01
-3.297909238747626648e-01
-3.632427945441425443e-01
-3.699960823086894113e-01
-3.608062615327929379e-01
-3.695258584158735982e-01
-3.422127119228545733e-01
-3.237863038932946580e-01
-3.007621780781724041e-01
-2.551725360765402795e-01
-2.030783528878326860e-01
-1.496883044111486094e-01
-1.382799934239961615e-01
-9.860055670732839617e-02
-9.341604118281322811e-02
-8.576538409911613203e-02
-7.043221989528555826e-02
-7.077550287221071046e-02
-6.301251451281225657e-02
-5.811216425256620494e-02
-6.050710935633564491e-02
-5.304369011542936496e-02
-5.628542453604082341e-02
-6.090310448837971125e-02
-5.662686801617812515e-02
-7.236623360377017478e-02
-7.614333824507389659e-02
-7.586401477077794886e-02
-1.255771645385035107e-01
-1.299822247332219627e-01
-1.733990049524521404e-01
-2.544338044063254589e-01
-2.573818260246911738e-01
-3.334362977905774295e-01
-3.580850813454498072e-01
-3.482430202177104750e-01
-4.004136345255033813e-01
-3.844975403732135977e-01
-3.813087268308542610e-01
-3.798252820162843491e-01
-3.407807398894657780e-01
-3.511024975141906479e-01
-3.531661315832802517e-01
-3.714506447655234744e-01
-3.766030892179637046e-01
-3.775327096912544644e-01
-3.783627174815737404e-01
-3.715233576220691170e-01
-3.683777241342989783e-01
-3.599738069654685457e-01
-3.474427626595517626e-01
-3.331368795647672298e-01
-3.055113462249720024e-01
-2.729647410650936079e-01
-2.566557325548551871e-01
-2.216459779413089692e-01
-2.256169936824813926e-01
-2.135818066043410624e-01
-2.052534003806276708e-01
-1.961173436348496446e-01
-1.809683117782144857e-01
-1.783859229080730913e-01
-1.756313523682569155e-01
-1.669536393651283868e-01
-1.730106157055224525e-01
-1.644612690306586911e-01
-1.637650118868607951e-01
-1.682467361492208102e-01
-1.357301915093167000e-01
-1.422389604753235559e-01
-1.476797207529127465e-01
-1.428993184801679028e-01
-1.785225453428542775e-01
-1.753953832115034972e-01
-1.737622065188268172e-01
-1.804237372959184849e-01
-1.649122458717988127e-01
-1.620259625164037764e-01
-1.487130240579603302e-01
-1.304314130397980498e-01
-1.228354972270943868e-01
-8.293769647648080445e-02
-8.010830622175400817e-02
-5.927866684002074810e-02
-5.074293126890988548e-02
-5.661390793173336211e-02
-4.114326693018635628e-02
-5.131685589640602035e-02
-4.895043955291457360e-02
-2.477919357222185814e-02
-2.259326780508220250e-02
7.334248712468998538e-03
1.832488982979686015e-02
1.397626140180577119e-02
1.897237701668635229e-02
1.589154973080023070e-02
8.353566977423719855e-03
-9.452065619734030533e-03
-2.733875586634730570e-02
-3.470526208977925409e-02
-4.565011145770211248e-02
-5.988999354207323600e-02
-6.506333129136242233e-02
-7.066841166979835609e-02
-7.474848150995189178e-02
-7.860116636987410366e-02
-7.942088876056713209e-02
-8.250756512974462276e-02
-9.654810848346329077e-02
-9.796516639227707823e-02
-1.093317767282846742e-01
-1.147167325958075995e-01
-1.078790395017363152e-01
-1.101289409456315538e-01
-1.001991116919116187e-01
-1.179025824536900635e-01
-1.313835427416600310e-01
-1.535694497375610923e-01
-1.641176115485660780e-01
-1.724571924729882411e-01
-1.834249806174262643e-01
-1.761541435826620150e-01
-1.835256515483866813e-01
-1.844777294546552926e-01
-1.776709356600135459e-01
-1.848066205318622812e-01
-1.767207444528164917e-01
-1.765486884040139703e-01
-1.775170658716558880e-01
-1.671975446863133707e-01
-1.712049168608609506e-01
-1.617345545800709661e-01
-1.552706738971809108e-01
-1.533845636133154833e-01
-1.184945764485071940e-01
-1.086551158995530397e-01
-6.390492550701395991e-02
-3.188662010533055424e-02
-1.455919364510241919e-02
1.264977049039349086e-02
1.651800461499701098e-02
1.480320412980869194e-02
2.099520165451064513e-02
2.029545092995639274e-02
2.111488034486897619e-02
1.669570940549270494e-02
1.400235556728876909e-02
1.578969584609942606e-02
1.138205231681812570e-02
1.274216612908190410e-02
1.188778286049618771e-02
6.395845371323214193e-03
1.371511000432192734e-02
3.087459908879249936e-03
1.756464719856753098e-03
5.396016742715601701e-03
-5.363730112441888846e-03
1.504451691731785792e-02
8.239460821107184516e-03
-6.794136666269720917e-03
4.759354479060797145e-04
-3.305898131586859634e-02
-4.484408301789394313e-02
-5.951138021048948956e-02
-1.419135288634711667e-01
-1.617103612004649471e-01
-2.099345354125660423e-01
-2.757066484992437561e-01
-2.718272779416002205e-01
-2.596948806630927642e-01
-2.536142432581858785e-01
-2.175511816623683092e-01
-1.871818305772265101e-01
-1.551914901169720307e-01
-9.542956995801461784e-02
-7.498366464635389250e-02
-5.162207814360215974e-02
-2.420218410178221619e-02
-1.981504164246709887e-02
-2.090990551130949508e-03
-5.384334987017468793e-03
-1.387327151289378100e-04
-2.634680370355923368e-03
-4.113499170438369296e-02
-7.545642517771584956e-02
-9.878243441808944036e-02
-1.267704566691572055e-01
-1.410918483587407513e-01
-1.555783676607375154e-01
-1.701075230280563733e-01
-1.817496763382864255e-01
-1.941799054540890856e-01
-2.090340429223144780e-01
-2.220590625631965742e-01
-2.356471996925861290e-01
-2.499597179639047595e-01
-2.644170433550563359e-01
-2.767855910795281593e-01
-2.933222977252890606e-01
-3.063345780432845111e-01
-3.191527714896716938e-01
-3.374501166520864626e-01
-3.448794097440230355e-01
-3.598076860574869751e-01
-3.681152439004384269e-01
-3.666283880499564551e-01
-3.725421703031738252e-01
-3.676749995669887361e-01
-3.565659319048434250e-01
-3.587533193401241660e-01
-3.429139703871977862e-01
-3.438548839217555608e-01
-3.345237964295619260e-01
-3.175271534375264104e-01
-3.129289029403409250e-01
-2.829350634131504449e-01
-2.717125740689822488e-01
-2.672165335787337614e-01
-2.455311930850438418e-01
-2.343146207088822319e-01
-2.143885632528735319e-01
-1.644469019966476320e-01
-1.360138789249892843e-01
-1.042289805347265813e-01
-8.233473681557651469e-02
-6.360462133874997259e-02
-4.039791489249805467e-02
-3.417302304709024519e-02
-7.750297824025156879e-03
-9.510159410787000353e-04
1.942417343461131599e-03
3.331261161325742987e-02
1.705169993136588721e-02
1.638664604287313337e-02
5.148557384875161909e-03
-4.419254735792924743e-02
-5.689255635941063011e-02
-8.453484925485087176e-02
-9.480656177495090653e-02
-1.132032295584964321e-01
-1.265826137710132637e-01
-1.073785259227043737e-01
-1.140330706336230293e-01
-1.310043758446851614e-01
-1.354625629210965132e-01
-1.484823065268063846e-01
-1.684042085613495776e-01
-1.736632105092320300e-01
-1.934149480039582258e-01
-1.983091679738304136e-01
-2.065331483724238415e-01
-2.123857626085429162e-01
-2.101923145324844089e-01
-2.154090881325673168e-01
-2.108971448375218660e-01
-2.085884173402459962e-01
-2.071991272434833831e-01
-1.955424291635395329e-01
-1.930044369412156902e-01
-1.856770326346331712e-01
-1.783694779724784851e-01
-1.759848392176994181e-01
-1.687381257013859659e-01
-1.655794210394130328e-01
-1.622217174820162755e-01
-1.573138108199324259e-01
-1.556716879147755361e-01
-1.519642052935598897e-01
-1.492786769800994728e-01
-1.475130609940254467e-01
-1.443750126373918030e-01
-1.427125362905432016e-01
-1.405195459758947496e-01
-1.380831175367238928e-01
-1.363492405597882540e-01
-1.338144308832270868e-01
-1.312976777302476139e-01
-1.285447413188196275e-01
-1.246020362466444403e-01
-1.194270759495584533e-01
-1.128835511137160075e-01
-1.037671236168566657e-01
-9.492786405624496771e-02
-8.627559043640493919e-02
-6.822653656199773042e-02
-5.728992259240741486e-02
-2.180693267206489094e-02
-1.255051563912254128e-02
7.699710516503590133e-03
1.980510785905414614e-02
2.982011824880551054e-02
4.153802025407620641e-02
3.544693859127424213e-02
3.856552982833438142e-02
3.222739577959660845e-02
3.113542520215967571e-02
3.054023774108726580e-02
2.831683746836993407e-02
2.833519207622049382e-02
2.737332018868295427e-02
2.706515689493674964e-02
2.656158436607558224e-02
2.600984249369319573e-02
2.641149379556401514e-02
2.434533270164513513e-02
2.544310922473716832e-02
2.422574272141333335e-02
1.815768947468263464e-02
1.603592705550791267e-02
1.536240523955997167e-02
1.209727810023625803e-02
1.112886418884073518e-02
9.337438736617712995e-03
6.479216949899353935e-03
5.258900483504760047e-03
1.659751805456107301e-03
-2.340217039375871826e-03
-4.232145355278832052e-03
-1.386698953419231856e-02
-1.960771279306995282e-02
-3.618966019671077811e-02
-2.928430328473169073e-02
-3.756269050260710451e-02
-4.071534840684416789e-02
-4.098460765141084122e-02
-4.589711433133210339e-02
-4.756210220997824506e-02
-5.058789482628923972e-02
-5.337486480307495479e-02
-5.773478707053363718e-02
-6.087227815251492619e-02
-6.500890730728135780e-02
-7.417075889156567181e-02
-7.461034318560509637e-02
-8.658320509679773291e-02
-8.428144096865576584e-02
-8.022809784947973477e-02
-7.644584679201138488e-02
-7.239771070277434273e-02
-6.182311835557564861e-02
-4.719457079688027523e-02
-4.548955990804730287e-02
-8.885557487198450510e-03
-8.040865680548870201e-03
-5.548016625685097715e-04
1.083175731989208766e-02
1.033430201111426062e-02
1.573389177330170030e-02
1.833010734522426410e-02
1.772073194971419616e-02
1.950471164544579153e-02
1.916253613001985684e-02
1.560550003799150362e-02
1.681021423311331378e-02
1.233283381144400365e-02
1.177787811711071379e-02
1.151047495171018259e-02
4.878830234840134984e-03
5.164748509360098626e-03
3.653056647736256570e-03
1.989176143105132830e-03
2.015168898357572267e-03
1.121496235861162019e-03
7.815331166197178429e-04
6.287649753817133036e-04
2.949331820167138654e-04
2.150239284926346158e-04
9.987414086474280279e-05
-1.543793904868648655e-06
-3.278752557461758245e-05
-8.596539547350089236e-05
-1.133185368186917817e-04
-1.203935595435451215e-04
-1.428792709077380543e-04
-1.356932203157740777e-04
-1.208832986367788678e-04
-1.417265721445131951e-04
-6.407529225667087580e-05
-6.497825333867150656e-05
-6.360379932492262432e-05
1.969320757742142459e-04
-5.989023226891655423e-06
3.302638009726145880e-04
7.794371982067331561e-04
-1.416216181844841574e-05
2.140437472272765408e-03
2.634229058419014502e-03
