-3.874767639382833886e-03
-4.501263905576910473e-03
-1.680245498085084638e-02
-1.997011783432160389e-02
-1.482329781171425574e-02
-1.275751518266325484e-02
-9.294463904321155490e-03
-8.627768791907051288e-03
-8.260673025840591446e-03
-8.095098531519739904e-03
-8.094057084766546201e-03
-8.085334859286927647e-03
-8.084107023661028096e-03
-8.084732720077456719e-03
-8.084672547031690124e-03
-8.084673868922106696e-03
-8.084675313234295640e-03
-8.084675071257355419e-03
-8.084675081815638834e-03
-8.084675081835787647e-03
-8.084675081818981646e-03
-8.084675079381473117e-03
-8.084675141616891325e-03
-8.084674657863406139e-03
-8.084675409592820966e-03
-8.084688739586036108e-03
-8.084508184338336928e-03
-8.085202874818798666e-03
-8.085946884499796428e-03
-8.082409506132355245e-03
-8.127017252460025376e-03
-8.130955243216440517e-03
-8.206366012514284408e-03
-8.925333477899973639e-03
-8.513834116616101830e-03
-1.017340836103017114e-02
-9.652394926686510418e-03
-1.012882914299773583e-02
-1.097017112902517848e-02
-9.331855530474362365e-03
-9.211233683948962664e-03
-1.739007251866344153e-02
-1.808674784204936103e-02
-1.929182474488509713e-02
-1.768062429861010781e-02
-1.763776385021243592e-02
-2.363495473740350600e-02
-2.329503599122055221e-02
-3.336317848034621447e-02
-3.422498232085630782e-02
-1.652718291198457257e-02
-4.851899782215065952e-03
1.458420557652843376e-03
4.463304275118662630e-03
9.983671557921441637e-04
-3.689342650676429372e-03
-3.879176949187230355e-03
-4.386840443025837727e-03
-5.503937810643009729e-03
-6.373337617195551363e-03
-8.274291576013328639e-03
-6.564722434625163382e-03
-2.401416224843713407e-02
-4.498394954712728322e-02
-5.562644578797810990e-02
-3.820090977561934470e-02
-3.464122036730274412e-02
-2.126805494843580710e-02
-1.542421185671461088e-02
-1.221607620371381250e-02
-9.337770403079134751e-03
-9.338301795236945979e-03
-9.451143848843567008e-03
-8.920557276632344601e-03
-5.972602253417172262e-03
-9.917836150602545378e-03
-7.989645426454262608e-03
-9.208173803946355720e-03
-2.563467509463916369e-02
-2.733864873818249094e-02
-3.160032528376997135e-02
-3.736327100205250051e-02
-3.424109635798436996e-02
-3.848745903291481141e-02
-3.374609650397344951e-02
-2.465878450204252517e-02
-1.528228137842634754e-02
-1.002542474262430733e-02
-5.316590023950803524e-03
-1.134056812009189355e-02
6.958069093586223726e-03
9.002443657077441666e-03
6.357395880737208051e-03
1.548374153123949735e-02
1.061272144785909040e-02
-3.376019145463016874e-02
-3.896715480161781764e-02
-2.981588841431786693e-02
-4.027383532123249288e-02
-3.968201293906249011e-02
-1.099187009665100051e-02
-3.868765709663036373e-03
1.013611058781401647e-02
8.016313191590157539e-03
-2.754803357611388531e-03
-1.036998296226142313e-02
-1.181817666371954428e-02
-5.536136771473634637e-03
2.641323235210973203e-03
6.869364764806145697e-03
2.161952204005382697e-02
1.279465746321104339e-02
-1.237755171688102208e-02
-2.280484103458168751e-02
-7.838503361664845778e-03
-2.964367554158861898e-03
-1.318478500670077630e-02
-3.652243085022392668e-03
-1.916746872940810337e-03
-1.872679562253340771e-02
-2.474017836264435707e-02
-3.362817059708050199e-02
-2.773456296599070836e-02
-5.255039659094734930e-03
-9.801085960387360962e-03
3.782157204073827248e-03
2.897136647237441836e-03
-1.922974844436236078e-02
-2.284737775520430739e-02
-2.259408258599136798e-02
-2.640380617154097775e-02
-2.320103231326637108e-02
-3.526160848697976191e-02
-3.141743547150926963e-02
3.324115290697929152e-03
3.063849879066467621e-02
3.482512916398566860e-02
3.956293489672712410e-02
2.846843537029549245e-02
3.188659744913942273e-02
4.287101296125585270e-02
-2.508765417180752223e-03
-1.392397298760238850e-02
-2.922112943829798665e-02
-4.931019928440660838e-02
-1.026738698957455065e-01
-1.091366757658345787e-01
-1.266418378187738614e-01
-1.277309554030799932e-01
-1.169197092875404048e-01
-1.037405769170095249e-01
-9.960691768605488272e-02
-9.226916888656154503e-02
-8.766301705885481965e-02
-8.666973989735951567e-02
-8.539031302048867567e-02
-8.478471861092526374e-02
-8.525168539438132687e-02
-8.563101693360423983e-02
-8.519207712399315402e-02
-8.644470891629107978e-02
-8.629408223422568858e-02
-8.582824712307048076e-02
-8.848605334764272912e-02
-8.389819432908464381e-02
-8.504020426254692289e-02
-7.573407392704017971e-02
-7.543403215604681245e-02
-7.393890688463455874e-02
-7.244489218473099124e-02
-7.558466414979511661e-02
-7.077053729367081825e-02
-6.693019073767410287e-02
-6.651708691726977707e-02
-3.517220265561152998e-02
-2.961079039243743119e-02
-2.671225089657858556e-02
-5.922466739670169227e-03
-7.419509583756448041e-03
-4.100987058768634438e-03
-1.043682706685148537e-02
-1.648922065853907978e-02
-1.596643806908925114e-02
-3.868415157109639929e-02
-3.779568593192943887e-02
-2.041651953263641517e-02
-6.571482736533033366e-03
9.070786350153618727e-03
2.791182685442501060e-02
2.125182608693199082e-02
-4.789460438376580420e-03
-1.195623007443931060e-02
-2.850450064489021273e-02
-1.785932937624759576e-02
-1.081989114229361601e-02
-1.136851979730420584e-02
-1.079661698640118662e-02
-9.931072475772963551e-03
-1.867913739474467635e-02
-1.657380265991312274e-02
-7.396068016765944102e-03
-1.467631349930165197e-03
-2.609994376568057148e-03
-5.092212300846789795e-03
-1.579923750524873938e-02
-1.714336103979562792e-02
-1.465519146698226680e-02
-1.534762098386212477e-02
-1.503022158318050375e-02
-1.403573411270531666e-02
-1.422181064540571985e-02
-1.176249185742463815e-02
-1.213261165164226940e-02
-1.184748636250750921e-02
-1.172488049504419490e-02
-1.171933977510790544e-02
-1.179738435549992567e-02
-1.139342954079807478e-02
-1.055623656356141811e-02
-1.261264703208165097e-02
-7.328311003533700789e-03
-6.322546542610330868e-03
-3.472146874878098005e-02
-3.509592358266546558e-02
-2.168877544315144651e-02
-1.504514112428547053e-02
9.296084928201870864e-03
2.059683567895216963e-02
1.790573576657405325e-02
3.290630674401560235e-02
2.901183553825158190e-02
-1.577506217576590429e-04
-7.977558406773582744e-02
-1.358700577444592328e-01
-1.219678500696517454e-01
-1.523545920791287700e-01
-1.355988917845464270e-01
-1.244657686611425895e-01
-1.364024934812271828e-01
-1.026526158929604859e-01
-1.087214457398457679e-01
-9.268787723503717213e-02
-3.916813979053419825e-02
9.838572893182776294e-03
-2.628459973235021310e-03
2.243275696812177533e-02
1.756412366866171026e-02
6.472394748737916523e-03
-1.563361946007664439e-03
6.965521134718311719e-03
2.988171971877896706e-03
-6.303095316442360908e-03
-9.266050878187237841e-03
-1.741232867116306732e-02
-2.004666541175294942e-02
-2.037281528330808431e-02
-1.922296630869604894e-02
-3.217239567020118568e-02
-3.106474149797770062e-02
-1.168141257706899368e-02
-7.289943285708565431e-03
-1.296239813101759779e-03
7.300375127670464051e-03
4.347898630563427208e-03
1.083922917415086097e-02
1.131672710054727055e-02
-7.990650454846906850e-03
-9.857184018770859604e-03
-1.949292759019288085e-02
-2.450271218100406531e-02
-2.528566435892800821e-02
-2.656652507482181597e-02
-2.658560521554049691e-02
-2.698208088298298737e-02
-2.649002039213178492e-02
-2.813568599004808227e-02
-2.771227549522789144e-02
-3.115140021330982389e-02
-2.348143149375634189e-02
-3.095362071169316734e-02
-2.688877673157003337e-02
-1.921867676062469915e-02
-1.497298682780744475e-02
-7.535147967402473952e-03
-7.398546794354906274e-03
3.098469874535676044e-03
-2.037747764722728193e-03
7.331271363947096300e-04
-2.072165885886257850e-04
-2.132953079755993409e-02
-2.839202600669567256e-02
-2.638568773042656440e-02
-1.740480462874036127e-02
-9.945087577728974060e-03
-1.036826148156627311e-02
3.634234530387958888e-03
1.374663633650487476e-03
2.646233281864599591e-04
-2.712578604063548091e-03
-2.325938889388412187e-02
-3.218087892088500324e-02
-3.905204502897647451e-02
-5.745788836469464811e-02
-6.185617178112131492e-02
-4.814542564100322830e-02
1.256499820578580590e-02
2.573375852371098324e-02
1.838532606262794147e-02
1.471645018630413602e-02
2.322088032092833529e-03
7.183346945104403930e-05
-6.418719023679953645e-03
-7.428240569195033137e-03
-4.401768804487646986e-03
-5.478089694638102469e-03
-4.598168756228058606e-04
-2.923155487251693834e-04
-2.394621291362161383e-02
-3.257533543118530661e-02
-4.189220633997233628e-02
-3.759597296050776888e-02
-3.772056762585999923e-02
-2.540862393781412321e-02
-2.202075841260174929e-02
-2.471587338027209785e-02
-1.574596995090481871e-02
-9.807592308315436075e-03
-4.453680643495680144e-03
-1.189602759013243596e-02
-1.679149471140833905e-02
-1.786926620907878030e-02
-2.108454762834292839e-02
-3.968665229966927138e-02
-4.882757601242691814e-02
-5.577735283782130071e-02
-5.694110851453184491e-02
-4.511970756727023274e-02
-4.426725010541284616e-02
-3.802134309849123511e-02
-4.227595034760289056e-02
-4.941669962598341931e-02
-5.198928051907512893e-02
-8.011353043959489051e-02
-7.105788445677850562e-02
-3.618427954824661452e-02
-1.866933695109864941e-02
9.590790749034106737e-04
2.505298819773989910e-02
6.084348114948209124e-02
4.902182772542215683e-02
2.276983222393000501e-03
-7.232847585032908810e-02
-7.385696525532654821e-02
-4.393034924493346982e-02
-4.587303865584495960e-02
-3.188570215339442404e-02
-1.985412625310850263e-02
-1.517037046239799909e-02
-2.952131819617483111e-02
-4.609860941259368017e-02
-5.892133869704578586e-02
-5.153434372964336985e-02
-4.664118355430168367e-02
-4.756674510020481028e-02
-4.700751748511738243e-02
-4.552643471261497155e-02
-5.995382973897473572e-02
-5.027825331305960793e-02
-4.397350617106702934e-03
2.822958169304065536e-03
-7.143220547053660656e-03
7.481455213931658549e-03
2.189926658619780701e-03
2.123521144151087510e-03
3.175095376379314066e-04
-1.609370616884012346e-03
-2.492534361045942084e-03
-4.033369222220082803e-03
-1.431836588385486516e-03
-6.113515203273295036e-05
9.446445087244613806e-03
5.402370337163907993e-03
-9.142846361593640059e-03
-7.606549374344911615e-03
-5.599293941032291999e-03
2.365717703429016732e-04
1.741172559964893757e-02
2.786882952477640757e-02
1.269535139729824347e-02
-1.152163835155067644e-02
-1.706793265384107944e-02
-1.209694693148998315e-02
-1.194629036091751986e-02
-1.743032623314081167e-02
-1.727211557152640714e-02
1.133331358754397812e-02
1.393574059865537729e-02
-1.154385130125814597e-02
-2.533727552849397713e-02
-1.057347348667268816e-02
-9.560413107942632507e-03
-1.487175201330018064e-02
-6.767667866928322312e-03
-7.019399920256748360e-03
-2.016090235325884369e-02
-2.487173693185976142e-02
-1.586479565339669537e-02
-3.449958649932626745e-03
-1.094942992712348226e-02
-1.014523334562401034e-02
-1.403462622635863813e-02
-2.203048296099049952e-02
-3.687461479062781322e-02
-2.770795601320955037e-02
2.273018101823936349e-03
3.010307213270176432e-02
3.378574158832273883e-02
2.502784669518739319e-02
2.787276167112735098e-02
1.414563820900400365e-02
-2.244882451045730060e-02
-3.549285059891787303e-02
-2.845711316136894167e-02
-4.590674612614772249e-02
-4.415023409254354575e-02
-3.867599232243579266e-02
-1.360013136767360409e-01
-1.365949379995401725e-01
-1.584295779140079963e-01
-1.754609240760623412e-01
-1.724848125640844054e-01
-1.740380707545113870e-01
-1.752032132554601496e-01
-1.868235497685071800e-01
-1.709053939698838565e-01
-1.730747367361104017e-01
-1.720663949897733302e-01
-8.012181089242760568e-02
-7.739066414183455589e-02
-4.755639690207071058e-02
-2.492784703182027856e-02
-2.752427885101398075e-02
-2.007606065251402866e-02
-2.016935610893161313e-02
-1.373630836557528448e-02
-1.279851275738352542e-02
-1.242976871552265231e-02
-1.072138547263328141e-02
-1.088753851338110194e-02
-1.127763631066800928e-02
-1.066792601942729603e-02
-9.257966701755694638e-03
-1.652932455295321248e-02
-2.545359924333066154e-02
-2.773775150485622079e-02
-6.090152612902457324e-02
-6.075168042012955155e-02
-6.244028878505231833e-02
-6.964608154360225900e-02
-6.330529162419919198e-02
-6.808195510026257558e-02
-5.637664986513225146e-02
-4.877466441245057599e-02
-4.514015226667212471e-02
-1.770447582088351991e-03
2.062634017281687188e-03
5.960017660963949117e-03
1.702923706905976747e-02
1.091800147478282600e-02
1.046436448082327733e-02
1.176514247722063554e-02
1.562551337573683807e-02
1.027365475912737740e-02
1.196705339594496958e-02
1.107135526008560036e-02
-1.512584579388025381e-02
-1.983153355457701120e-02
-2.063818623335505684e-02
-1.941846544323007351e-02
1.052052540897198060e-03
-1.384569641327764323e-03
-1.547890180636853595e-02
-1.741898756890138816e-02
-2.677342650404935728e-02
-2.166728618131136611e-02
2.592797542759402510e-02
3.216871147803027770e-02
1.529892027345791834e-02
1.881874918425107540e-02
-8.941845630184866445e-03
-5.089377436000020599e-02
-5.444146547357415350e-02
-3.389301611188980101e-02
-3.392966635395306546e-02
-4.071591237737873931e-02
-3.690796943982294770e-02
3.101353735316352781e-03
7.351281084719571944e-03
3.308382911482497021e-03
5.862487219915168968e-03
5.889891918033999911e-03
6.159389945818522817e-03
5.463413638769742259e-03
1.214196690931066205e-02
1.242228988007572366e-02
9.481376132643250026e-04
-2.001884610835600199e-03
-3.600701172177320133e-03
-4.490028299090518919e-03
-4.753191944958909225e-03
-4.920143360257968508e-03
-4.944761833639179163e-03
-6.260774365222459246e-03
-6.532064817514897544e-03
-6.802665753788331507e-03
-6.270612574106598260e-03
-5.522213458478323657e-03
-5.506871725598847488e-03
-5.442257400214041418e-03
-5.464266351821153549e-03
-5.248386267657620743e-03
-5.733123923386860589e-03
-5.686836157901228352e-03
-2.845224031944835162e-03
-2.593967621058258181e-03
-2.576774800014073642e-03
-2.365671158152860779e-03
-2.379509930419297734e-03
-2.385665442967073099e-03
-2.380487850145036974e-03
-2.381670277217805363e-03
-2.381881317683257494e-03
-2.381807167050552319e-03
-2.381815044336495647e-03
-2.381815050261840063e-03
-2.381814861958565614e-03
-2.381814887662773907e-03
-2.381814886637865017e-03
-2.381814886635817176e-03
-2.381814886636317210e-03
-2.381814886636646807e-03
-2.381814886635772507e-03
-2.381814886640947187e-03
-2.381814888701712808e-03
-2.381814840114615354e-03
-2.381815180298459556e-03
-2.381814779018466381e-03
-2.381804936135949093e-03
-2.381932793953426240e-03
-2.381499874660169408e-03
-2.380984332326589042e-03
-2.382169320003630752e-03
-2.352773881196703123e-03
-2.344630104860759290e-03
-2.230423442624879498e-03
-1.784677658660733732e-03
-1.887556474531145367e-03
2.473542728341844208e-04
1.525212685229570696e-04
