-1.895597460019366604e-02
-1.574554653365376963e-02
3.732210636641185644e-03
1.040354343968996360e-03
-8.529763393488386941e-03
-9.570744278268972921e-03
-6.045394407703756981e-03
-6.045394407709949076e-03
-6.045394407712933668e-03
-6.045394407706137022e-03
-6.045394407718230646e-03
-6.045394407715200084e-03
-6.045394407716725774e-03
-6.045394407710794754e-03
-6.045394407720737322e-03
-6.045394407713375155e-03
-6.045394407708948141e-03
-6.045394407709857136e-03
-6.045394407710505923e-03
-6.045394407714912120e-03
-6.045394407711489511e-03
-6.045394407712744583e-03
-6.045394407710407911e-03
-6.045394407708123280e-03
-6.045394407715082123e-03
-6.045394407711892834e-03
-6.045394407708403438e-03
-6.045394407712517335e-03
-6.045394407707711283e-03
-6.045394407712857340e-03
-6.045394407716295562e-03
-6.045394407715318913e-03
-6.045394407714709158e-03
-7.190584402478622343e-03
-6.245184436005654302e-03
2.612895021331839134e-03
3.185490018733913749e-03
1.294690085762141346e-03
1.294690085771286374e-03
1.032012567043535728e-03
9.790204229561558994e-05
2.672775452302929549e-03
2.804114211655485151e-03
4.672335261129564703e-03
1.518550628145099238e-02
1.392764525052514642e-02
-7.761587631345957805e-02
-8.287246182362041635e-02
-8.035673976176227473e-02
-7.881749478785698981e-02
-7.221602304950852647e-02
-6.336104713464525695e-02
-6.413066962158678330e-02
-7.733361309829911434e-02
-4.912806565726786368e-02
-5.138365966521725448e-02
-1.002982336096120836e-01
-9.697889796284940578e-02
6.951904696969192499e-02
1.022825355991955620e-01
-9.141375922892300276e-02
-1.947824381549150830e-01
-1.894467665132806566e-01
-2.965353183015277394e-01
-2.948075146682619385e-01
-2.559109223514597353e-01
-2.709416236810346379e-01
-3.525681621112150554e-01
-3.890811993246905964e-01
-4.580746418187864877e-01
-3.159215206304827883e-01
-3.564506065147593494e-01
-2.668363252160398935e-01
-8.494291759515625040e-02
-7.885998152323606125e-02
-1.881382365491837128e-01
-1.701293634225021778e-01
-9.415757772584355811e-02
-9.415757772584570917e-02
-1.119340737771524485e-01
-1.944225052943273843e-02
1.799573179101564002e-01
1.888455659358020677e-01
3.861919440382614171e-03
3.861919440385435699e-03
1.438573968901659950e-01
8.952503519962569378e-02
-5.436953843570332956e-02
-1.916496453241661180e-01
-3.850161221315376997e-02
5.042800027996691137e-02
9.932888772378238584e-02
1.975249643419954917e-02
5.023342448081261763e-02
5.301833600402264951e-02
5.565933558639787893e-02
4.669199411831655849e-02
2.586246770988671548e-02
4.124719323819853178e-02
2.751645954055846263e-02
-6.193200912630709987e-03
-1.388556367679077974e-02
1.357590371848619790e-02
-7.575679188602995294e-03
1.012628496537297008e-02
6.294985281015443024e-02
4.799152358847410399e-02
-4.611968334172959760e-02
-4.769747064291778027e-02
-2.417916099809991424e-03
6.921877364304779810e-03
-5.350335487890581568e-03
7.325187407420744208e-03
1.302228875913038174e-02
4.094552760635130489e-02
-1.286590750345154542e-02
-8.529926827808541334e-02
4.843974247482552703e-02
7.492249673821888001e-02
-1.625610830695480014e-01
-2.889047654250403441e-01
-3.463445345276550125e-01
-3.044433473054116712e-01
-1.274861356710586813e-01
-1.597655287475795161e-02
1.104598596571638031e-01
1.446800901454137200e-01
1.502700786655908893e-01
1.888216160625593720e-01
1.086326478500453940e-01
-1.972157160593894787e-01
-2.858739221583903034e-01
-1.254959857333794726e-01
-1.254959857333742268e-01
-2.030570113816034250e-01
-1.634068226329846441e-01
-9.464804662069690577e-04
3.783403235790428615e-02
-1.162067036432556932e-01
-9.572247971050686088e-02
-2.387062300172772267e-02
1.349955625024078752e-02
3.864406046162513486e-01
2.223509455683861380e-01
-3.983695169372419298e-01
-6.053242650530100688e-01
-7.042638801529789161e-01
-6.944976480250583117e-01
-2.884382988917724711e-01
3.970087208099615933e-02
1.697704344218635072e-02
-4.973465434007139779e-02
-1.415305033702495552e-01
-5.058803833006886991e-02
8.505380885905250432e-02
6.895155077336935501e-02
7.531429470512650617e-03
1.031484581251968131e-02
4.007499373188883052e-02
4.475385004238276176e-02
2.636169467612281894e-02
1.148162071644086117e-02
2.123908095456077810e-03
2.842506168019795845e-03
-6.184650442235692868e-05
-3.609859238245984037e-02
-4.346516463439569627e-02
-1.436021733399024669e-03
1.781129003758433887e-02
6.685396882139872134e-03
-4.154035372889933707e-03
-2.062650062929935121e-02
-1.064711023610496847e-02
-7.111524499646618494e-03
2.086230015751492240e-03
4.071573911735637714e-03
3.979951785930830460e-02
5.644206277700520441e-02
9.085504329468406526e-02
1.089728861537816590e-01
1.500744195957935956e-01
8.662257214278319684e-02
-2.446838774864494581e-01
-2.579342873887295884e-01
-8.985610812370776329e-03
4.504147251815055625e-02
-9.733745605432705950e-02
-1.455597395934786209e-01
-1.275803390841074580e-01
-1.151367123547644283e-01
-4.989209730328713482e-02
9.183061388428506722e-02
1.473073489627014232e-01
9.509226803406245487e-02
1.857773422364721733e-02
-9.073110752510899629e-03
-7.575679188605017982e-03
1.012628496537500318e-02
6.294985281015119671e-02
4.799152358847277866e-02
-3.704002389903174319e-02
-6.368392686349415299e-02
1.086172260924321217e-02
8.947021163652500719e-02
1.844155915593176653e-01
1.284424791281709166e-01
-9.409056892352367363e-02
-9.930569872819976218e-02
-1.097485405931811903e-02
8.007098355428483860e-02
-3.895951224284602277e-02
-1.130692837856631522e-01
-1.224987150842940242e-01
-1.282659036672302577e-01
-1.094293005376898442e-01
-1.617040904600109130e-01
-2.780442807811271400e-01
-3.671122589252216462e-01
-2.382788314615646441e-01
-1.119041026313549042e-02
1.350665069458204491e-02
-3.703169931356695144e-02
5.998664239749235821e-02
7.813030592456954304e-02
-6.332941058705555959e-03
-6.332941058702196667e-03
7.869409984982406181e-02
8.306951849090492279e-02
-3.746203037930833014e-05
-7.987913815792320460e-02
-5.640150586375879821e-02
-2.472116181691798656e-02
-6.815286713355057924e-02
-7.106747432939843068e-02
3.456593511361250644e-03
2.808905845816620298e-02
2.297112930732229594e-02
-1.139155157343805028e-02
-1.139155157344051011e-02
3.173424974073586757e-02
3.347528944482865143e-02
-6.235970538217866510e-01
-6.451599544788787499e-01
-6.486420338870610980e-01
-6.486420338870305669e-01
-6.486420338870464430e-01
-6.486420338870452218e-01
-6.486420338870598767e-01
-6.486420338870654279e-01
-6.486420338870627633e-01
-6.486420338870431124e-01
-6.486420338870395597e-01
-6.006921985360288430e-01
-6.496932151502230468e-01
-2.791131726770730848e-01
-3.030880903525637327e-01
-2.050860571241930330e-01
-2.050860571241912289e-01
-2.050860571241966690e-01
-1.855386374789565751e-01
-2.499197013727410821e-01
-2.195240601599781072e-01
-3.172059820184699452e-01
-1.395299329340990990e-01
-5.978530066661674053e-02
5.270699495830712122e-02
6.733985607488755798e-02
1.966534397419515967e-01
8.601446883395687248e-02
8.917357921750150573e-02
-7.127114735787996001e-03
-1.838898314642481435e-01
-2.336125749612741886e-01
-1.337277579054464149e-01
-9.493463302621782396e-02
1.045680101352999651e-02
3.357367464837004295e-02
-2.777679596554574314e-03
-6.436583355957681577e-04
8.575494455043948180e-03
1.302228875912558176e-02
4.094552760635587763e-02
-1.286590750345452568e-02
-8.529926827808564926e-02
4.843974247482635276e-02
1.336697028449839730e-01
-2.198745280903942681e-02
-1.497601341924024998e-01
-2.015372193674952739e-01
-2.570325589780670938e-01
-3.764136411357086875e-01
-3.412416514320247840e-01
-2.523067857427457872e-01
-2.523067857427731542e-01
-2.523067857427602756e-01
-2.523067857427537808e-01
-2.523067857427589433e-01
-2.523067857427573335e-01
-2.523067857427520044e-01
-3.749412745944736836e-01
-4.070878578242784207e-01
-2.446321187692137300e-01
-1.238868129668297541e-01
6.114129837186877553e-02
1.144554099324663343e-01
2.560046707128671439e-02
3.108053733016323192e-02
-2.903925710379848604e-02
-4.386356062919266607e-02
-7.257888439448877127e-02
1.168907308920640216e-03
1.054003510788537878e-01
1.127763269756268810e-01
6.732261517500644221e-02
6.732261517500465198e-02
6.732261517500388870e-02
1.011185148737619860e-01
1.139771594859622511e-01
8.008759822724506594e-02
-9.254423327964110199e-03
-1.742619771934154904e-01
-1.275803227873826551e-01
-1.067335348482613272e-01
-3.864117331971299307e-02
-3.864117331971109182e-02
-3.864117331971224367e-02
-3.864117331971337471e-02
-3.864117331971497760e-02
-3.864117331971231306e-02
-2.024173773456808267e-02
-1.353282034484881192e-02
1.147646442132795562e-02
6.471346997946549398e-03
5.016762597092939979e-02
6.049660359652081487e-02
2.548914297046260199e-03
-1.507704642754263170e-02
-2.404541257773984420e-02
-1.728847226154826486e-02
4.597832267107041827e-03
8.645108078861668544e-02
7.482290929453418171e-02
-4.184136227099603117e-02
-1.818228232127414024e-02
2.308447280845375704e-01
2.175845614446809406e-01
-1.892587685750899973e-01
-2.288383070306641565e-01
-9.698360878546007091e-02
2.528824487216396050e-02
-4.721263184389546536e-02
-1.730082308343616759e-01
-2.102744309542382006e-01
-1.167888111438526028e-01
-2.838463803205670821e-01
-5.997893250522611241e-01
-6.710989277837998701e-01
-3.369837894303697179e-01
-3.369837894303867043e-01
-4.956521374952753689e-01
-4.775473979061024554e-01
-5.137503824456786106e-01
-4.713913857121681539e-01
-3.174937603844354417e-01
-1.738579262945399440e-01
-2.132798842711630949e-01
-2.118214512988635112e-01
8.407768768311556229e-03
-1.174512062207627855e-01
-2.308701770450115598e-01
7.980210152090587428e-02
3.623632171188533313e-01
2.369770986507658828e-01
1.447899874743291126e-01
6.840858525630030829e-02
2.655711263356084761e-01
3.659822757177734753e-01
3.590237396650850510e-01
1.681552331878163054e-01
1.681552331877991802e-01
1.681552331878153339e-01
1.681552331877939066e-01
1.681552331878080342e-01
2.268540201027217929e-01
2.161311462488708091e-01
1.009349024845591219e-01
1.105807958749965708e-01
1.072384814595120084e-01
6.568009219368883822e-03
-4.217276658604205558e-02
-1.169192566548555856e-01
-9.689208056443557315e-02
-3.840581580147379298e-02
-2.515549135443863674e-02
-2.088583417914438925e-02
1.751521225853472710e-02
1.089005003501860788e-02
1.111929991418140508e-02
2.165378573611335261e-02
3.983859584202911058e-02
3.545431372715502488e-02
1.438534208328663688e-02
1.438534208328763782e-02
1.438534208328881570e-02
1.438534208328980622e-02
1.438534208328808017e-02
1.438534208328726832e-02
1.438534208328696128e-02
1.438534208328743312e-02
1.438534208328685719e-02
1.438534208328864049e-02
2.701302471030580382e-02
3.463463241375880353e-02
-1.048501204715799294e-02
-1.679885336066676629e-02
-3.204206876757410838e-02
-3.204206876757419858e-02
-3.204206876757356715e-02
-3.652687746642079014e-02
-4.413567513044371060e-02
-5.221332304485042791e-02
-4.997091869542572007e-02
-3.475332336737854688e-02
-3.475332336737827627e-02
-3.475332336737839423e-02
-3.191044918546338122e-02
-3.725698649591915185e-02
-8.271495105399005732e-02
-8.413638814494917018e-02
-7.344331352403569990e-02
-7.344331352403504765e-02
-7.344331352403148105e-02
-7.344331352403399293e-02
-7.344331352403454805e-02
-9.828739270631445257e-02
-1.054861582571029188e-01
-8.961860787551412244e-02
-7.719656828437120033e-02
-6.279903718279659930e-02
-6.279903718279544744e-02
-6.279903718279725156e-02
-6.279903718279752911e-02
-6.279903718279598868e-02
-5.719604331167949668e-02
-5.032832731798331932e-02
1.604205448653667904e-02
1.324055755097885458e-02
-4.948744364153794938e-04
6.133548349166415350e-03
6.245505871206864616e-03
4.001742364390463956e-03
6.875309715983327118e-04
4.636159275208714264e-04
4.636159275197385436e-04
4.636159275204533581e-04
4.636159275216158396e-04
4.636159275212419525e-04
4.636159275184968610e-04
4.636159275194833224e-04
4.636159275203974132e-04
4.636159275204261446e-04
4.636159275200901504e-04
4.636159275197228227e-04
4.636159275210334062e-04
4.636159275198542280e-04
4.636159275203599541e-04
4.636159275193957731e-04
4.636159275195908753e-04
4.636159275189929920e-04
4.636159275217217662e-04
4.636159275199153770e-04
2.024058933337751019e-04
4.405128706195316542e-04
-1.622363785236709570e-03
-1.605229412358232096e-03
