5.218113552888432594e-01
5.316592615299773339e-01
6.320385542075348528e-01
6.231757266374211568e-01
7.928811905682703332e-01
7.910140045097369121e-01
7.972593311306748198e-01
8.008912794939406776e-01
8.004425983357441599e-01
8.006469956618726957e-01
8.006806671228106076e-01
8.006675412768491373e-01
8.006711996365351025e-01
8.006707874894913868e-01
8.006707133727373193e-01
8.006707432550426162e-01
8.006707368108646472e-01
8.006707373231178870e-01
8.006707373921067017e-01
8.006707373682681039e-01
8.006707373837753661e-01
8.006707371270038731e-01
8.006707385638084373e-01
8.006707368139859282e-01
8.006706982695580566e-01
8.006709845742345788e-01
8.006703564441181031e-01
8.006684284913653249e-01
8.006959307669829773e-01
8.006123851323327933e-01
8.005712886248416149e-01
8.013881212070773641e-01
7.960830832959939762e-01
7.982098872100886755e-01
7.968421598619754853e-01
5.545322300892907563e-01
5.518748273787412728e-01
5.555091198219227477e-01
5.547759187274881043e-01
5.388934715426126898e-01
5.326811064850410782e-01
6.837687321360659265e-01
6.902152702128048212e-01
7.032192382098279015e-01
6.391899857371418081e-01
6.197019894766548909e-01
5.687790466196038786e-01
5.996396514084660900e-01
6.485507890576125423e-01
7.278654939338259355e-01
7.411549634227683203e-01
1.210834261806438272e+00
1.177402133132070317e+00
1.145335016633563852e+00
1.162434249231925509e+00
1.129285133710680178e+00
7.505080522519781416e-01
7.427048027119194096e-01
1.266678111053528566e+00
1.534566198713464447e+00
2.439469896130542992e+00
2.578160848518975978e+00
2.722905881346399770e+00
4.272787044354720898e+00
4.312979304909702272e+00
3.979259044657291078e+00
4.075950726171628347e+00
4.272087677429518671e+00
4.015625117315610559e+00
3.952430688482512444e+00
3.653078286511582284e+00
3.109941305675564038e+00
2.778968212205347843e+00
2.563432312789183154e+00
2.601397946412136619e+00
5.123036450700780620e+00
4.960476966318747571e+00
4.279028860735571094e+00
4.238261526048091810e+00
4.598592132736356142e+00
4.583616940340030865e+00
2.471587533835990058e+00
2.375455191019957724e+00
2.736307678451040726e+00
2.812784170710801224e+00
2.334889493559199281e+00
2.021491287106147894e+00
1.618064747631506872e+00
1.841708158763190051e+00
1.761303211451900275e+00
1.012197675129873131e+00
9.825951666359002967e-01
1.011686175634705975e+00
7.292050725755652163e-01
7.673081885122643442e-01
5.771037780425316566e-01
5.482286132552365299e-01
5.933507898451761964e-01
5.787695455540398104e-01
5.794424211861801677e-01
6.159078095184036261e-01
6.219194519510097274e-01
6.191622012950224185e-01
6.116213174740209313e-01
5.532391921770165588e-01
3.042033839554177388e-01
3.464378524176714436e-01
6.871094830119353070e-01
7.617451365635402594e-01
6.720593470360674004e-01
6.210442275101397680e-01
5.134600492318642795e-01
4.866491368362185765e-01
5.325407775797770249e-01
7.615740826350991810e-01
6.761184950769847379e-01
6.350278528085795404e-01
7.588642987648728244e-01
9.181991389929313740e-01
2.076312626664799321e+00
2.206583421252630739e+00
2.528506000140620547e+00
2.652010273677920527e+00
2.238290128616014396e+00
1.869138859558457710e+00
1.433983148304654565e+00
2.053213328471484633e+00
2.145217197689823330e+00
2.043490589126813362e+00
1.600163707325510387e+00
9.338968741756569214e-01
7.975432610554935575e-01
1.720353699037201478e+00
1.603483950907772737e+00
1.057303845108573448e+00
1.156186420046312779e+00
9.522480115015915514e-01
1.284124445262968983e+00
5.706139128121594517e-01
4.667996741772396097e-01
7.680833138734878274e-01
8.662879306573292304e-01
7.153317580359636052e-01
1.032604996268720932e+00
1.475728961538050221e+00
1.742858049488507088e+00
1.770288729364117186e+00
1.916276080889409483e+00
4.209619456480971245e+00
2.213704938450734350e+00
2.213336891671588091e+00
2.425118359559699677e+00
2.716074629145295738e+00
1.747866971304650630e+00
1.292650443206643018e+00
7.712048393338302166e-01
5.513778574916667896e-01
6.271521363334489063e-01
5.625215951840086825e-01
5.061154220915498048e-01
4.467592997584175496e-01
4.734823274169014939e-01
5.876385115400253323e-01
5.145447408592738192e-01
4.973594448045670080e-01
4.969976068087502696e-01
5.673698025463070893e-01
8.339291039917278159e-01
8.360889773083695076e-01
6.216984573375561318e-01
6.443641200288940940e-01
6.314214008775582698e-01
5.697331356894512755e-01
5.157461050993616958e-01
3.675458931722420108e-01
3.849590287732841953e-01
5.930295471638952209e-01
6.774541565052122349e-01
1.829609446008371831e+00
1.813633607317217455e+00
2.015571548121830592e+00
1.904345522630878307e+00
7.410927321468965268e-01
7.785149747668197451e-01
1.566872368683373651e+00
1.688661174026559131e+00
1.969798156270799350e+00
2.043112761315676096e+00
1.851442983116184937e+00
1.949033913413453334e+00
1.106315419755855345e+00
6.611140198309144456e-01
5.945679144028748198e-01
4.778068351553022008e-01
4.239585153204366574e-01
4.836202651594148638e-01
6.089569780804671151e-01
5.497446278091243643e-01
3.028697123444263894e-01
3.456972484752623420e-01
6.261201751929481585e-01
7.920555617701348083e-01
7.466786220443044630e-01
2.076522448943504795e+00
1.960299507537565100e+00
1.875805421253623040e+00
1.093253845016481041e+00
1.157121457611427040e+00
2.695519347786953901e+00
2.710267033260891356e+00
2.232444290483910798e+00
2.585583011699955858e+00
2.779383491493794267e+00
2.948988635487818311e+00
3.052515865339175960e+00
2.856162631151149434e+00
2.872398418218644167e+00
2.462670132941511714e+00
2.275807916758378457e+00
2.220261049435988454e+00
1.974091281844184476e+00
1.684363695916289094e+00
3.181791821918040775e+00
3.204442619219085131e+00
2.575986213068519604e+00
2.601330342015830688e+00
2.826242991368348889e+00
2.736583259974248783e+00
1.215290009736818888e+00
1.112364896789177271e+00
1.332337829275551888e+00
1.428998124795796576e+00
1.317980378599359570e+00
1.269463233451443518e+00
1.139512738724153706e+00
1.578527053272836822e+00
1.822244871050923365e+00
2.010209296473527196e+00
2.163853624525300834e+00
3.377653292029751064e+00
3.506641435750768476e+00
8.204476076013017760e+00
8.369954978555789182e+00
7.764825119301850265e+00
7.583703101992514739e+00
8.055095199040634313e+00
8.034248052741757462e+00
7.783493757691366532e+00
7.627900066992069128e+00
7.909089236938742218e+00
7.945425875295901719e+00
7.994030801663934760e+00
8.235538878598443802e+00
8.436235617250677166e+00
5.841077003549306035e+00
5.324210386964007391e+00
4.944349023031659129e+00
5.164370517085177248e+00
5.059243321776310864e+00
4.660849990560488543e+00
4.560950476195381853e+00
3.533015222475341055e+00
3.833756709966507081e+00
3.168116998698428333e+00
1.612270343971745623e+00
1.079148738788615391e+00
1.932135345154154304e+00
1.640342813073174533e+00
1.443014752568448911e+00
9.545917450135796845e-01
8.953690647294643146e-01
7.357349742810167514e-01
7.391038805940728373e-01
6.753810962407553742e-01
6.930019168767520554e-01
5.974629620528717489e-01
5.883431305268380651e-01
5.624141258097841156e-01
5.116803857164662350e-01
4.923642411690286602e-01
5.323711187134843037e-01
7.617394375193804468e-01
6.754504612225843418e-01
6.297300331328263834e-01
7.508407053503145523e-01
8.343918033211210616e-01
1.997491489603069104e+00
2.366387318169087095e+00
2.970600085680897617e+00
3.230682309968299748e+00
6.625503152834189891e+00
6.544811146366353860e+00
6.172113808386008316e+00
5.961023500628393812e+00
6.204930477828466628e+00
6.355971326353650142e+00
6.185220569248037314e+00
6.007469495895264799e+00
6.171267973448686384e+00
6.400744061441999477e+00
6.468163460667381237e+00
3.115326164018045407e+00
2.921194933768068047e+00
1.656886998836589298e+00
8.767278233255570985e-01
1.386296096133404321e+00
1.438760726742071672e+00
1.304240095942909239e+00
1.185902704418942077e+00
1.277660187610266895e+00
1.479795707121096315e+00
2.615357733757540881e+00
2.578273992359414901e+00
2.562293984591548224e+00
2.639497194467836483e+00
2.601771593702014496e+00
2.582256884979680756e+00
2.559061455614371816e+00
2.342628671483126368e+00
2.351365160553299027e+00
9.840296672212370810e-01
1.410671120122079403e+00
1.447485082484200047e+00
1.243259140215002612e+00
1.305081132857043746e+00
1.282821134267361440e+00
1.271690086523028951e+00
1.292431756822816302e+00
1.248412270161286530e+00
1.201954843164039222e+00
1.165586992869867888e+00
3.963490612136267854e-01
3.989418740888763248e-01
4.745283747837926169e-01
5.169342640025756941e-01
9.070650721835266106e-01
9.446784249354434060e-01
1.051058790918660169e+00
1.102997477237745994e+00
2.548698446732537981e+00
2.438854285591844917e+00
2.390924283246432136e+00
9.268745683168884142e-01
9.563674165932665172e-01
1.826697223076386045e+00
1.942931493906592255e+00
2.491598011475667285e+00
2.599632635930770874e+00
3.403742181038477366e+00
3.638858261178234965e+00
3.518568559859982514e+00
3.750712382657223287e+00
3.870729196572328501e+00
4.139118925990555198e+00
4.219523790962682597e+00
3.442739759698824287e+00
3.269697737456753739e+00
3.088927469876633136e+00
3.169165192399254760e+00
3.231004262114291148e+00
3.210407634631639695e+00
3.076296947438049489e+00
3.084911075679958259e+00
3.381576424758385269e+00
3.250559284556166162e+00
2.947622102436449509e+00
2.232896249187377169e+00
1.317685330316426207e+00
1.767532814619032333e+00
2.483485312135383261e+00
3.107621647334071202e+00
2.552244691229958118e+00
1.343816537250199783e+00
1.365702320294189143e+00
1.322235564765015248e+00
2.096256457874115409e+00
2.052497764579357398e+00
2.088260187171278481e+00
1.902324012838415790e+00
1.943533732171962791e+00
1.925158595595857225e+00
1.958879460392596750e+00
1.994893599593242639e+00
1.670901325985020058e+00
1.502103198403925477e+00
1.358756121859578503e+00
1.429389386422929009e+00
1.521959670248058449e+00
8.221360787614775401e-01
8.286156380718219250e-01
5.095375643737724003e-01
5.261994810208878715e-01
5.670083786920258051e-01
5.093793674762087109e-01
5.099791195538647681e-01
8.023163073288906988e-01
8.365916594961633201e-01
9.041737279653665471e-01
9.177817072480349836e-01
1.207004629951969221e+00
1.185238191499893068e+00
1.184613685137477557e+00
1.195444715529913715e+00
1.189032642398303530e+00
1.189867623466633217e+00
1.190052893906712539e+00
1.189419130671593106e+00
1.189194280806261661e+00
1.191080150528809556e+00
1.188506541588599363e+00
1.201510960792602445e+00
1.240671287717292959e+00
1.258250355236488094e+00
1.547908241679194052e+00
1.534554381736724205e+00
1.496993990361865201e+00
1.508713029016461649e+00
1.493041357679897096e+00
1.568535285324358819e+00
1.603294942475826712e+00
9.611563552334376759e-01
9.310621381018617804e-01
8.248691404037797881e-01
7.782190219158300337e-01
7.943951046405490768e-01
7.699766400202183725e-01
7.338864011290308076e-01
9.692809175453821480e-01
9.787501582334849903e-01
1.062927344486915615e+00
1.070282786828446575e+00
1.071070416615142573e+00
1.072374533248808604e+00
1.071737193101722330e+00
1.033204137723359617e+00
1.025970745690604424e+00
1.004689082339573325e+00
1.022362475069806598e+00
1.039812624150544540e+00
1.039495113908983859e+00
1.039621885711012661e+00
1.040706447126873879e+00
1.029118049544345048e+00
1.001530386306156872e+00
9.933499364601339199e-01
6.240380233201892057e-01
6.344506727616414654e-01
6.567413821437487753e-01
6.451102719562599175e-01
6.448450601150564898e-01
7.384931743196394560e-01
7.415844716218269461e-01
7.448158039960723897e-01
7.467370876189779461e-01
7.465905666326646539e-01
7.466718045137323845e-01
7.466907098469917070e-01
7.466851430968688419e-01
7.466862554164825916e-01
7.466861880680717434e-01
7.466861471348250623e-01
7.466861591822682165e-01
7.466861873569279329e-01
7.466859442855828810e-01
7.466866247089929409e-01
7.466877912096689940e-01
7.466627347815986138e-01
7.467316261468048832e-01
7.467090581917816827e-01
7.457638563995661052e-01
7.500014840725677256e-01
7.444106846659450660e-01
7.334658037187202773e-01
9.540337141586469061e-01
9.656878432218265473e-01
