-3.099541816294084165e-02
-2.967664123373425777e-02
-3.713632501136841096e-02
-4.101416667738357058e-02
-3.332483941681198270e-02
-3.511008998039653189e-02
-3.331128100615177168e-02
-3.168843558919020448e-02
-3.210551766703188814e-02
-3.108580995765701863e-02
-3.089851359723476062e-02
-3.081436571016179030e-02
-3.047061982997103027e-02
-3.045583455765424677e-02
-3.034425631947293076e-02
-3.023134200751139561e-02
-3.021693550016790741e-02
-3.012305819751593186e-02
-3.003437983004920292e-02
-3.003044246540599246e-02
-2.975274389137881961e-02
-2.928292601145998653e-02
-2.869719145610584096e-02
-2.826740219801999326e-02
-2.678205456145953123e-02
-2.734594479657117411e-02
-2.454487018674555293e-02
-2.290374180761913653e-02
-2.431205503069493526e-02
-1.352829855243799749e-02
-1.900304496310680630e-02
-1.817559438045614206e-02
2.081937542602676702e-02
3.398691608360154826e-02
5.734926189977512800e-02
9.960815533957306789e-02
1.044300931415361455e-01
1.197356557898374696e-01
1.335813745034893363e-01
1.357431185054570055e-01
1.460786206852073277e-01
1.481137027520132987e-01
1.483268366128724924e-01
1.520898313674865221e-01
1.500505029060568429e-01
1.508250905612985582e-01
1.504809219539195442e-01
1.430727892713888894e-01
1.364913612381560282e-01
1.263350096062518246e-01
1.178781700684694844e-01
9.770426393778132435e-02
8.940589576703750208e-02
7.252195280433727798e-02
6.150324300296997060e-02
4.600103085152711796e-02
3.542049039228413465e-02
1.930236162937954900e-02
1.000566865850156979e-02
2.212738146268959649e-02
4.641619924415455595e-02
6.129678987789534406e-02
7.406224983179472698e-02
8.957016193987067665e-02
7.837292456152025744e-02
2.441151288289852492e-02
-2.124347240990009933e-02
-7.807703277596816926e-02
-1.720731292469069862e-01
-2.489674388765129032e-01
-2.834351740082129423e-01
-3.697733322753513630e-01
-3.744244343762636040e-01
-4.089789075595742229e-01
-4.322987497892550879e-01
-4.059045833433020389e-01
-4.173513742301244722e-01
-4.119626589289030472e-01
-3.910228350328487368e-01
-4.076312025906753123e-01
-3.896568783667634372e-01
-3.925756455057392569e-01
-3.884573329620843452e-01
-3.558149013108519165e-01
-3.459799486154073733e-01
-3.154701779755906266e-01
-2.700641672217479750e-01
-2.504290610400483619e-01
-2.065935004234933925e-01
-1.606100275096591645e-01
-1.439664106984604730e-01
-7.797584492446321680e-02
-7.354858083571066962e-02
-6.104688329827993865e-02
-4.061356657729299491e-02
-4.043031556895438500e-02
-7.384595091735036976e-03
-2.986313300807715964e-03
1.171637297441985824e-02
7.992651214546923552e-03
9.582980790184068842e-03
1.261263015752185981e-02
-3.678155610858617475e-02
-5.148596559853090698e-02
-8.769716315017395125e-02
-1.190827576135091437e-01
-1.389748803947760680e-01
-1.704676221424360760e-01
-1.792765046303471388e-01
-1.988301496291231540e-01
-2.000837584097371891e-01
-2.121989831771169399e-01
-2.013447039761143142e-01
-2.311069905937979119e-01
-2.551785069112670334e-01
-2.722285866960164613e-01
-2.894067623833659342e-01
-2.847323196513815713e-01
-2.860892067253842930e-01
-2.447082765097747803e-01
-1.830955086505049456e-01
-1.419105127276162337e-01
-1.213796456647582706e-01
-8.458159760658084947e-02
-4.217082955152964829e-02
-5.125899735527114642e-03
3.328414649277489784e-02
6.800642633558150185e-02
1.090470735009948094e-01
1.239588298200793304e-01
1.332548871978510574e-01
1.331721352971073913e-01
1.327674122676930635e-01
1.443992980120911707e-01
1.469659135017343521e-01
1.540958510759242450e-01
1.581066760317580977e-01
1.590516797494131440e-01
1.609661222282094961e-01
1.625696049283582023e-01
1.585897024524886845e-01
1.600282862998758104e-01
1.575786750340256448e-01
1.437509846323016260e-01
1.449291641348464943e-01
1.213275137118531022e-01
1.185001911503285044e-01
1.039744852861077262e-01
5.615262335559315782e-02
1.251310756799036382e-02
-3.170300142348599776e-02
-8.668833895031738401e-02
-9.709199702532333998e-02
-1.273602443329681089e-01
-1.374131466493721532e-01
-1.398531722075964934e-01
-1.486930375044329122e-01
-1.452165241468205137e-01
-1.455011244655637914e-01
-1.430116190842526391e-01
-1.357852374330131284e-01
-1.501889385066395577e-01
-1.566157983022973266e-01
-1.664826311305285245e-01
-2.020265429877691754e-01
-2.183779845124896868e-01
-2.493811022604329741e-01
-2.634067067921171956e-01
-2.755529474044312588e-01
-3.007568026045783771e-01
-3.028641752570201962e-01
-3.132388904246388162e-01
-3.220242657006415765e-01
-3.240498841794631213e-01
-3.389382005759821181e-01
-3.426309652476982048e-01
-3.002195975827545715e-01
-2.729560329849069489e-01
-2.167948850220153267e-01
-1.983217200303128147e-01
-1.800598352994378926e-01
-1.597345322973190984e-01
-1.693337956284328427e-01
-1.643861360876577304e-01
-1.584913591279352718e-01
-1.806894192247800457e-01
-1.810597821491035653e-01
-2.014541033047366203e-01
-2.305133797278004493e-01
-2.266186260559066301e-01
-2.651931680550508874e-01
-2.679558852878690112e-01
-2.354306188351142359e-01
-2.491598658949979450e-01
-2.301284642930651603e-01
-2.226519637659560846e-01
-2.253533693205251875e-01
-2.049220500956905888e-01
-1.999287129152147457e-01
-1.740853271288051451e-01
-1.062487836983985606e-01
-4.217002099791143654e-02
-2.965806360352301121e-02
1.708511004449650775e-02
1.975224128190026379e-02
2.630486361337988632e-02
4.549869806721608401e-02
2.721018400344522511e-02
3.357426076326050501e-02
3.459788481091052859e-02
2.045193175629128612e-02
1.741603343959054542e-02
-2.931084430682014824e-03
-2.142812492134275187e-02
-2.168129766797524324e-02
-1.260268357008561581e-02
-6.102801118444919383e-03
2.275561336553117223e-02
2.182941452367812007e-02
3.461478445487250338e-02
3.681084568374250882e-02
1.525492003451846094e-02
1.577758617068851163e-02
-1.620050725692987262e-02
-2.934465259495489670e-02
-4.890354643292272457e-02
-9.344179866488373787e-02
-1.023392725804528613e-01
-1.306419677944794244e-01
-1.386336374649360104e-01
-1.502246865359125882e-01
-1.543345685594952887e-01
-1.702282154008095405e-01
-1.915821574412040484e-01
-1.992731182680817503e-01
-2.388937324852144495e-01
-2.632995749535507746e-01
-2.972236872966174115e-01
-3.264688786247291197e-01
-3.413712131605822764e-01
-3.731756695788052691e-01
-3.741522378778734947e-01
-3.848949066523986717e-01
-3.897192867508644243e-01
-3.897394387066456800e-01
-4.027288164729547759e-01
-3.994510528131105520e-01
-4.055268857698943741e-01
-4.148257073141883300e-01
-4.049689983753532174e-01
-4.184416512920908771e-01
-4.096903693150198977e-01
-3.704916376635125630e-01
-3.640365311770943357e-01
-2.983719146060834770e-01
-2.648406400767572832e-01
-2.225221908408482885e-01
-1.462337427800828316e-01
-1.313226140727156710e-01
-6.632283914308788331e-02
-5.379576767964463352e-02
-4.967130473663534940e-02
-2.014194351558249579e-02
-1.414802435019782076e-02
-5.950974234330310732e-03
3.181033176854582145e-02
3.453085404071302988e-02
4.944515012995366610e-02
6.515639276124361723e-02
6.885514466257135202e-02
8.222918514312109461e-02
9.757785355573909969e-02
9.862495536346368996e-02
1.251160255022455148e-01
1.211423915649479655e-01
7.875222872415910125e-02
8.439631213566850532e-02
7.088985211907154749e-02
5.570644245198784483e-02
5.828418887009535060e-02
6.739990911250762218e-02
6.473999488864939922e-02
9.912202639572162410e-02
8.648316671201454475e-02
2.755966189064398830e-02
1.215188269366659392e-02
-3.079844816403884411e-02
-7.641416054259733692e-02
-8.457637330494460759e-02
-1.149766537454266213e-01
-1.226710010539155959e-01
-1.278642462488172038e-01
-1.508009964698057703e-01
-1.495502682415911222e-01
-1.935950925197185146e-01
-2.269308552004137003e-01
-1.963490797559938605e-01
-2.259315249282499716e-01
-2.021664402703729768e-01
-1.172370083441103272e-01
-1.105198438232168345e-01
-3.874534245966524543e-02
-2.267865417476963574e-02
-1.096636866134647059e-01
-1.583816135449919171e-01
-1.895188823688692126e-01
-2.339483062106778588e-01
-2.339604340650611736e-01
-2.505277380078196336e-01
-2.544774191362381144e-01
-2.367612154158639237e-01
-2.388067828068175524e-01
-2.446672086334784058e-01
-2.404129086672029680e-01
-2.534337109676934596e-01
-2.562190565726941704e-01
-2.653918643056711879e-01
-2.764045830548785276e-01
-2.848695320934381270e-01
-2.994288963980428764e-01
-3.082465478183884500e-01
-3.249077076843278067e-01
-3.325285768615386384e-01
-3.414055785445663238e-01
-3.475372822838641573e-01
-3.152833117688027542e-01
-3.165428606622844865e-01
-2.921674471315868771e-01
-2.672235332266092445e-01
-2.649321185654467392e-01
-2.326720838531619595e-01
-2.395470318161512235e-01
-2.066007866190316122e-01
-1.768800624790981268e-01
-1.575104542540098906e-01
-7.425721731189066643e-02
-5.306426599080927425e-02
-1.415654642809398463e-02
2.888184204785614398e-02
3.961429553119307639e-02
6.973571063885601606e-02
7.000059604996317075e-02
6.702287150237060120e-02
7.565729802469833842e-02
7.359147505085480989e-02
7.465704937559888843e-02
7.750798572054393154e-02
7.387681730266967839e-02
8.123797981025353276e-02
7.660970622712455491e-02
5.682298890685861387e-02
4.671234826008606456e-02
-2.378338801909045050e-03
-4.350728339538222078e-02
-6.699656033879178296e-02
-2.126084695904332800e-01
-2.175027882149306035e-01
-2.522504596743024852e-01
-2.775162703145846455e-01
-2.493929983492953750e-01
-2.757461558684098923e-01
-2.938318319262726019e-01
-3.196221270620225874e-01
-3.435906610585058862e-01
-3.681867859941909682e-01
-3.564912088990370154e-01
-3.462463321471652700e-01
-3.352075994608034182e-01
-3.206230716256362467e-01
-3.147671096688825498e-01
-3.103012361063959834e-01
-3.061745516067447270e-01
-3.114006678872678902e-01
-3.107229397552354055e-01
-3.127071227569614975e-01
-3.187173314085998688e-01
-3.175370821918555575e-01
-3.203201697452150998e-01
-3.198502529198586908e-01
-3.167962104592995654e-01
-3.175308328950933179e-01
-3.145482665704308345e-01
-3.129713627368324036e-01
-3.120164698691837990e-01
-3.091673350180315083e-01
-3.078169890747305959e-01
-3.058942921858706643e-01
-3.033233826514638021e-01
-3.014135153339203566e-01
-2.992166765009778295e-01
-2.960503861488627542e-01
-2.939659118092971535e-01
-2.910362147213829687e-01
-2.869875181401764785e-01
-2.851876674534024603e-01
-2.801640057942611506e-01
-2.763973709014839741e-01
-2.738915841406813767e-01
-2.663861706243087490e-01
-2.649269891559731249e-01
-2.571002485545760829e-01
-2.529795262634693676e-01
-2.528257309094748551e-01
-2.429828992219250083e-01
-2.421611098823335251e-01
-2.306179669944194988e-01
-2.118709949479403165e-01
-1.924935960156273496e-01
-1.718887748995517051e-01
-1.503928406372508630e-01
-1.083237030141476070e-01
-9.893432380737021692e-02
-5.650972564262723985e-02
-5.334639649761778457e-02
-4.883956904651663017e-02
-3.594183506983963938e-02
-3.667161541393810370e-02
-3.091300814487919421e-02
-2.769692828364833312e-02
-2.548115049767094714e-02
-2.217093055188420342e-02
-1.974922786573891573e-02
-1.403183822751263507e-02
-1.311178870699056601e-02
-3.614510300793165581e-03
4.647717361837305772e-03
6.140732732584735371e-03
3.855063851174237582e-02
4.137832924920727129e-02
5.275005007836886667e-02
6.469776029000930129e-02
6.987969420924761144e-02
7.884837329832580788e-02
8.902749636912102305e-02
9.853004381184000959e-02
1.090735756895874764e-01
1.313637978867730760e-01
1.438103110271481133e-01
1.710730720694044471e-01
2.059416813220017461e-01
1.894839647085523326e-01
2.303206898279432646e-01
2.321349580348673891e-01
2.374808579945131004e-01
2.519795114918937928e-01
2.508081582867121018e-01
2.557880136467660659e-01
2.596839631481979715e-01
2.583526721704901830e-01
2.584385322916368244e-01
2.607142129040958545e-01
2.529064148433149972e-01
2.527429567360733875e-01
2.520845209602802783e-01
2.261568357090849857e-01
2.236893900149258818e-01
2.075300561340183980e-01
1.921770015998353620e-01
1.893422185651060241e-01
1.680673678323766629e-01
1.526560509548525457e-01
1.488656000543431279e-01
9.509999626126022787e-02
9.251719302957732427e-02
7.569089639357678978e-02
5.879409524586257096e-02
5.615913442799903149e-02
4.446002852394628779e-02
3.950582668886797044e-02
3.348284562002349501e-02
2.696049534311091220e-02
2.263258492913599110e-02
1.190032468925393550e-02
9.278294542792938498e-03
-2.981796008962265491e-03
-8.834436985214676533e-03
-8.810589431113541314e-03
-2.214807416113513325e-02
-2.132655190718554111e-02
-2.334155858853807428e-02
-2.658743744800190489e-02
-2.614170902941451158e-02
-2.761964393414033381e-02
-2.819189594968757664e-02
-2.829561440537587888e-02
-2.885796352223716360e-02
-2.893800999855683509e-02
-2.908618415447207853e-02
-2.924082387389510124e-02
-2.925883090471442793e-02
-2.933458008411896079e-02
-2.935027837099899936e-02
-2.935022325183205688e-02
-2.937113668771736130e-02
-2.929622673893134480e-02
-2.930464359682568090e-02
-2.923088778640230145e-02
-2.901595267455437180e-02
-2.913158247844089416e-02
-2.862442733544300760e-02
-2.838285141978438494e-02
-2.860299103652943001e-02
-2.657780577410510242e-02
-2.752300076231068565e-02
-2.604217109081631218e-02
-2.046291688156936378e-02
-2.178074063796659951e-02
