-8.034826462569762129e-04
3.388676290866743206e-04
1.763849063943434201e-02
1.659872587941950417e-02
2.284062542710960098e-02
2.638386995001035240e-02
2.489550510593668831e-02
2.781544767778865168e-02
2.797388535601565140e-02
2.822411297810708403e-02
2.913667469016411118e-02
2.907980870025099474e-02
2.940406739936943931e-02
2.961587494849467553e-02
2.964175338422542910e-02
2.979353531228258467e-02
2.983841331953306086e-02
2.987740660945510662e-02
2.992949543670664347e-02
2.994398398697117880e-02
2.996757244575846274e-02
2.998306972750849897e-02
2.999164056418697488e-02
3.000263173962117169e-02
3.000654460259810294e-02
3.001564066710561349e-02
3.001799105086916039e-02
3.002049696454639482e-02
3.003743626010291906e-02
3.002257106353103250e-02
3.004751134865268555e-02
3.006694806022066832e-02
3.001517065723695310e-02
3.014614968221639157e-02
3.006922435364088250e-02
3.005622069763997165e-02
3.054253342522659717e-02
3.059698807325737097e-02
3.191214455740833122e-02
3.239769355187716721e-02
3.262513594456088739e-02
3.761863583655004201e-02
3.867173231956803903e-02
4.122741876723187704e-02
4.296887897839282711e-02
4.556884854645859573e-02
4.458637028369899502e-02
4.309356688928393797e-02
3.373663782799062733e-02
3.760138534056216980e-02
2.630272880130642837e-02
2.192686698980760712e-02
3.494307295764127741e-02
3.126407117898541421e-02
5.137511390115212517e-02
8.644484823793370520e-02
8.640509094805318147e-02
6.676103536924594961e-02
5.740737224649526682e-02
2.011701713181161463e-02
-1.016739087042091774e-02
-6.575261095701297187e-02
-1.059490136135276817e-01
-1.114994253507858163e-01
-1.409712693667723171e-01
-1.461352431706715027e-01
-1.625844437989577285e-01
-1.801615066284935063e-01
-1.877686406166520494e-01
-2.069744259547196541e-01
-2.181480206236640351e-01
-2.327193981980802129e-01
-2.472728245345197917e-01
-2.513259447497808718e-01
-2.581355338577341341e-01
-2.638027689111939744e-01
-2.596407942557178439e-01
-2.594915766812638802e-01
-2.567214111384313324e-01
-2.396077277800585659e-01
-2.340436507475665007e-01
-2.053070775813279902e-01
-1.712940818965316692e-01
-1.412497308612335467e-01
-8.872525668354799833e-02
-4.181522391006132350e-02
4.439137991403517558e-04
1.647171749970740076e-02
1.599015172352946657e-02
1.849197577128969608e-02
2.018868588115921639e-02
2.224746954242033323e-02
1.145399268024159707e-02
1.223521766423779980e-02
1.406390133067553921e-02
9.521939381609374406e-03
3.415003133587045381e-02
3.913671725959776831e-02
5.331449685887235806e-02
2.696951247484981329e-02
-1.878959476931223171e-02
-3.107551862642117524e-02
-3.101838175665726921e-02
-1.579392788629247271e-02
-1.242632890539849266e-02
-3.223084514625197683e-03
-1.040674458311704326e-02
-7.683825469544224712e-04
-1.572623278662262092e-03
-2.497438118704231602e-03
5.958550502923156203e-03
7.645697131964702964e-06
-5.405609564008239873e-03
-1.096950398468458932e-02
-2.650359030871746180e-02
-3.817484813730744053e-02
-5.391868292695829040e-02
-7.262761477812215705e-02
-8.525749031410276291e-02
-1.010620504719093177e-01
-1.182338150321881887e-01
-1.266320827240363656e-01
-1.445589786351257899e-01
-1.607442785694180309e-01
-1.710220956396469871e-01
-1.873079780557041496e-01
-1.935699262428383083e-01
-2.117393178375633900e-01
-2.247048717561517528e-01
-2.266949814762613258e-01
-2.365438837020623908e-01
-2.388645441116039603e-01
-2.350565842934891903e-01
-2.291523402607063553e-01
-2.190940418964000824e-01
-1.883279205721054561e-01
-1.734242348385146015e-01
-1.501817452959573751e-01
-1.171508569043898385e-01
-1.046226060982198419e-01
-5.500389965733201714e-02
-4.466269810076609059e-02
-3.386497440758036437e-02
-1.780931745685898626e-02
-1.968887782554506680e-02
-1.631910767370977483e-02
-2.158042654984075603e-02
-2.852386880197882446e-02
-4.015491257543188364e-02
-4.555304858911471411e-02
-5.242920931470758383e-02
-8.652293748965038389e-02
-9.683454101250180135e-02
-1.282283914683205739e-01
-1.482386798126288097e-01
-1.658634170321960921e-01
-1.902123731535847739e-01
-2.198114531046160836e-01
-2.471688783687858715e-01
-2.524722859761093785e-01
-2.778391866929889042e-01
-2.938702673316559988e-01
-2.999369145293079297e-01
-3.144456556466889152e-01
-3.106572129686702710e-01
-3.016918086175304214e-01
-2.927928481238463165e-01
-2.833391991589930825e-01
-2.702426620728444195e-01
-2.594799689007621923e-01
-2.414807967963031321e-01
-2.210537136846172646e-01
-2.031840093276774950e-01
-1.716526607462575404e-01
-1.496418145965346391e-01
-1.254690138682309497e-01
-1.000390926879317494e-01
-7.899188881941973661e-02
-5.812896433860176293e-02
-4.600996113395512677e-02
-3.547723989132500061e-02
-2.199887981045471272e-02
-2.431803045206278047e-02
-3.725347942087951780e-02
-4.091229297874034165e-02
-6.957068002010281804e-02
-8.249873680707159318e-02
-6.722447668016454103e-02
-7.803446200127189814e-02
-6.704293180247011819e-02
-6.270806063434496147e-02
-7.234242415659171421e-02
-5.920668068214680890e-02
-6.568383156372352427e-02
-6.384969323509770422e-02
-5.248924379379081573e-02
-5.686612887768027064e-02
-4.981829099374995851e-02
-4.691114513856664558e-02
-5.118842685838944501e-02
-4.617005773572122052e-02
-5.071311985400245304e-02
-5.766695438318762690e-02
-5.933564508167990526e-02
-6.642469897550251634e-02
-6.952248962925709763e-02
-7.293812920888151363e-02
-7.865584788777675584e-02
-7.989374557938316856e-02
-8.564226907697475299e-02
-8.871839505910203427e-02
-9.163386385018333635e-02
-9.879528741166460071e-02
-1.003337769331871521e-01
-1.030410730055007357e-01
-1.051000167585222356e-01
-1.035127989145610550e-01
-1.048669371738951417e-01
-1.001152458808162449e-01
-9.407036230525142595e-02
-8.598131980491854898e-02
-6.887125458383144827e-02
-5.325810974821921367e-02
2.001837576032160573e-03
1.331309070784652063e-02
5.027425474027217428e-02
6.144738776213767850e-02
4.866233509642300947e-02
4.621699480661775605e-02
3.266297066874831317e-02
3.869327718873605271e-02
3.037879553567230870e-02
2.377206787306424679e-02
5.300426508650688678e-02
3.831648988853439408e-02
4.021978778041608582e-02
5.074193359672865555e-02
-1.328525359224031616e-02
3.192048546533963332e-03
3.474486260225791157e-03
-2.312929203132998990e-02
1.909182141660848223e-02
-5.359298989709104788e-03
-1.757264054625739397e-02
-1.559685087790245450e-02
-8.053327360582010486e-02
-7.605776492021582014e-02
-7.395171167042266513e-02
-9.957729671355131096e-02
-9.333451639886028439e-02
-1.037562943052008219e-01
-1.096589399746630417e-01
-8.921683512085708256e-02
-1.089962958783045888e-01
-1.137212338634036729e-01
-1.342864430167114986e-01
-1.512032919615406423e-01
-1.568098763554499064e-01
-1.674886115623817340e-01
-1.707534704173421236e-01
-1.739731795846433671e-01
-1.780113021758143454e-01
-1.711443814575519529e-01
-1.681292323798377897e-01
-1.368527076612853222e-01
-1.041624828078085568e-01
-7.565087346636477361e-02
-5.567723566661725298e-02
-3.844793433554913320e-02
-2.124514266141392174e-02
-1.999205376595845213e-03
7.822764806946054528e-03
2.904282985224915237e-02
4.365248083316217165e-02
4.201498389273582157e-02
6.010708698503416242e-02
5.749565712040390075e-02
5.231001680258734465e-02
6.240366882479848887e-02
4.852543039805477798e-02
5.726325319021013244e-02
6.850798025393960156e-02
6.308590290056775851e-02
8.464157214364062543e-02
7.676060263191948618e-02
6.723162897867203391e-02
5.224190198456180739e-02
2.115407296897049011e-02
5.051641595930116829e-03
-2.861412124151762118e-02
-4.472862242216009421e-02
-4.279482940220798171e-02
-5.439944421045864176e-02
-4.480924336810758468e-02
-4.041991572751582606e-02
-5.588616787743121150e-02
-4.782973823056355794e-02
-5.681074456066669692e-02
-6.418791859949485312e-02
-6.123361064572895029e-02
-7.362767097825974327e-02
-7.645583429686697574e-02
-7.788948683545235396e-02
-8.963441993123055784e-02
-8.365909271864357954e-02
-8.132156393608874767e-02
-8.115598427423405259e-02
-6.664506919034508814e-02
-6.622712012112744184e-02
-3.951796066905691185e-02
-2.543596407280278998e-02
-2.817391817726688785e-02
8.505869428606604304e-03
8.218417446546770477e-03
6.452142166313024063e-02
5.930195049493029030e-02
8.332426225576884671e-02
9.750565832030501368e-02
6.046660261012856696e-02
6.464426781104656849e-02
5.451494258591003950e-02
4.352664342778495010e-02
4.236733229859145772e-02
3.519230916672966281e-02
2.847294562598078754e-02
2.400403110057781897e-02
2.117030206382114477e-02
2.566801339356938189e-02
2.861982495389667897e-02
5.112968473146456416e-02
5.831469798776223873e-02
6.560270216210045691e-02
8.099087995692115516e-02
8.275203544508387410e-02
9.466886262849191769e-02
9.779737877753572062e-02
1.006429414400646094e-01
1.059510246494785868e-01
1.064384355438110774e-01
1.096095446553453367e-01
1.102221859035107526e-01
1.109708444258737797e-01
1.129779803906768576e-01
1.131440164949561039e-01
1.148592807858569431e-01
1.141612563949172543e-01
1.143552581625334186e-01
1.136628081482642660e-01
1.108386228392390926e-01
1.114751563556094782e-01
1.063233422440041237e-01
1.061527968515898895e-01
1.031958637775781118e-01
1.003127290289054507e-01
9.925513228612717342e-02
9.617141686473544560e-02
9.234680055803359822e-02
9.149015220920921065e-02
8.408372585640397356e-02
7.944440949637321392e-02
7.713887405265845709e-02
5.620313692438787256e-02
5.437846213950610352e-02
4.670188540769266983e-02
4.093331478277838914e-02
3.727070569439369652e-02
3.467708435255441313e-02
3.276648847827370870e-02
3.136507838807270354e-02
3.034049431131729396e-02
2.958309967985177716e-02
2.902928729699730953e-02
2.862175755610079850e-02
2.832225582036659861e-02
2.810237784304371253e-02
2.793974677018775873e-02
2.782266015641774240e-02
2.773203362826797205e-02
2.766845451669266293e-02
2.762381914070416097e-02
2.757603326751939532e-02
2.756439501498583050e-02
2.753396855014507427e-02
2.749574924594852185e-02
2.754243631015498156e-02
2.743608522460843843e-02
2.746723210082768762e-02
2.755481528339651098e-02
2.718275923049099166e-02
2.765392704075083849e-02
2.733528098861036371e-02
2.669855516564259568e-02
2.853526053167186605e-02
2.562002352924905302e-02
2.693396853445510775e-02
2.873586552008558503e-02
