-4.598591484881458732e-03
-3.819581906782243755e-03
7.672768123475915206e-03
7.385376281188880260e-03
1.041176714452561949e-02
1.192199242701640072e-02
9.767712996758749766e-03
1.105529900562967835e-02
1.071885941618765103e-02
1.047496518789731157e-02
1.079721477148471755e-02
1.059094468212717216e-02
1.063418674756864621e-02
1.066834937959802200e-02
1.061511809062195069e-02
1.064433619681517777e-02
1.063624915567811663e-02
1.062950678472292416e-02
1.063664581642815091e-02
1.063116374903631291e-02
1.063142316826371468e-02
1.063110627525274895e-02
1.062858976752988245e-02
1.062747580422434071e-02
1.062390940462810615e-02
1.062098651631161045e-02
1.061471435297879629e-02
1.060572314451062141e-02
1.059863889011597102e-02
1.057498081839246262e-02
1.055713268960790582e-02
1.052984307353332580e-02
1.045373546428790719e-02
1.043254508082785623e-02
1.030010477016325351e-02
1.012664094729436547e-02
1.019521569548895515e-02
1.023278690225494503e-02
1.078981215469099544e-02
1.059993485385989781e-02
1.082052475403689346e-02
1.327577283979750750e-02
1.423505288093646418e-02
1.624310153828928058e-02
1.721042399924486294e-02
2.016436100635864148e-02
2.000663582048297501e-02
1.810752640259380777e-02
1.222025008122152277e-02
1.283488869273889665e-02
3.360551211931469585e-03
4.869837481786846653e-04
2.482394840883517945e-03
3.791362571798463990e-04
1.755200951901328410e-02
4.110633302419908208e-02
4.651831666504741003e-02
3.434408072130143430e-02
2.844472853209394775e-02
1.739224878948641625e-02
-1.359194916211031723e-04
-4.331313694333195630e-02
-6.537099553406397479e-02
-6.624053230624890598e-02
-8.109395218112289139e-02
-8.016134222613371940e-02
-8.923056280104468829e-02
-9.624708411861447599e-02
-9.891818242837061015e-02
-1.083783246417806129e-01
-1.126563526672332977e-01
-1.200154417661317002e-01
-1.268810947951180546e-01
-1.266758591191806116e-01
-1.294021074315642728e-01
-1.316606377887146184e-01
-1.281739889009831934e-01
-1.277634596137078304e-01
-1.269090541229661584e-01
-1.157922855647930127e-01
-1.136386678300922853e-01
-9.561412105936337169e-02
-7.307396407025459895e-02
-5.403618516030120333e-02
-2.603114899847966401e-02
5.842866091927688063e-03
2.508265045114721828e-02
2.006193987040664345e-02
1.472895053929617649e-02
1.086718616682651184e-02
1.060060896761464561e-02
8.804103958989098824e-03
-1.508096293459687542e-03
-2.154265743197170298e-03
-6.468694240045667031e-03
-9.789539306480405170e-03
9.164535994071626793e-03
1.339940994742598590e-02
2.620971438974168885e-02
2.821703319009416164e-03
-3.720802000393491626e-02
-4.797211010357138594e-02
-4.714135912936550515e-02
-3.168166658496024413e-02
-2.767055390531655487e-02
-1.892138043964172039e-02
-2.417384091271040578e-02
-1.482711613583360087e-02
-1.430876981185996710e-02
-1.270633115119215728e-02
-3.096816251304604795e-03
-4.477827342812842545e-03
-5.389525085675841466e-03
-6.221334658955266460e-03
-1.388081517377958568e-02
-2.031403471010675282e-02
-2.697337799369371042e-02
-3.823802068509533914e-02
-4.384564481335549713e-02
-4.826452642927206438e-02
-5.715636538905165265e-02
-5.371795256008224384e-02
-6.095128405972538577e-02
-6.880768357427789750e-02
-6.961116030958580669e-02
-7.695688354576492307e-02
-7.724217346253182959e-02
-9.060787764691108359e-02
-9.992744924684357488e-02
-9.811211142027488619e-02
-1.077008205921619333e-01
-1.067757256829390683e-01
-1.045201395304221764e-01
-1.037795440115185930e-01
-9.506999814284167183e-02
-7.888851049988639119e-02
-7.035888450928098892e-02
-6.248236065023116126e-02
-4.714393442622991093e-02
-4.372833676021899152e-02
-1.904456851900249853e-02
-1.576819952536799921e-02
-1.432132785117281974e-02
-6.490769036003159187e-03
-1.126195840385562329e-02
-9.583081056505720480e-03
-1.427852364077662056e-02
-1.981926405576301536e-02
-2.676815715154898939e-02
-2.785657841294376935e-02
-3.066871318017786591e-02
-5.056823217919800828e-02
-5.340394239647629215e-02
-7.156897477882223635e-02
-8.191090312840536292e-02
-8.372977369078217491e-02
-1.034034926596313630e-01
-1.222022911393054467e-01
-1.419372067390485270e-01
-1.500365866286703653e-01
-1.692713343947525595e-01
-1.970252784665001422e-01
-2.035807274363910235e-01
-2.206209973420636128e-01
-2.227858961290435647e-01
-2.153745726474120548e-01
-2.101807800566805606e-01
-2.039245732336263106e-01
-1.942097668555003986e-01
-1.853074468907561778e-01
-1.723646224883893519e-01
-1.558944735436308682e-01
-1.429238090009948836e-01
-1.193426881786817939e-01
-1.029149656755878744e-01
-8.621635193603417735e-02
-6.775832162744403753e-02
-5.213219831212884126e-02
-3.757351770646212563e-02
-2.918500333249247208e-02
-2.142889334032658383e-02
-1.143931343159791322e-02
-1.428362232823030681e-02
-2.660886076844740794e-02
-3.118859083701581991e-02
-5.601239388802915775e-02
-6.800456054966488861e-02
-5.306092321406992440e-02
-6.178480421532705352e-02
-5.261075455267239659e-02
-4.887117049369912869e-02
-5.735154455376499649e-02
-4.683343319026250784e-02
-5.258486089353893445e-02
-5.142695677671267618e-02
-4.228593317541003149e-02
-4.571600512901474733e-02
-4.039076861514051542e-02
-3.774212276684178052e-02
-4.120226621302940095e-02
-3.698986720656913946e-02
-4.024906265674245420e-02
-4.636466397531527339e-02
-4.777471230090700460e-02
-5.304701476326237342e-02
-5.580646992372046561e-02
-5.794478775885734956e-02
-6.196807481343109825e-02
-6.296941449578236094e-02
-6.632251190249000006e-02
-6.854964149289854980e-02
-7.034884741595259783e-02
-7.456257618576370150e-02
-7.609220616328010722e-02
-7.628326641288091237e-02
-7.763783845510902060e-02
-7.651285872277796551e-02
-7.597317790507623902e-02
-7.355823452967082121e-02
-6.978174482687118929e-02
-6.468919808432244123e-02
-5.413427744892896493e-02
-4.314126094744367979e-02
-1.023170859167924635e-02
-2.636274930967682367e-03
2.333133729038409238e-02
2.784601872299292957e-02
1.629387805577398041e-02
1.337924467968373832e-02
2.263038010078027157e-03
7.025963241937409863e-03
-3.547883257373567710e-03
-5.374414643607884103e-03
1.622480039370390731e-02
7.540985705762915173e-03
1.288072925558588801e-02
1.956410036838720709e-02
-2.781967517348369820e-02
-1.390689661280931563e-02
-9.388500745799029448e-03
-2.606968645109149565e-02
1.032932617361561820e-02
-3.801253555858601432e-03
-1.282887045781443483e-02
-1.055238196415328282e-02
-6.190231011114398496e-02
-5.528830370888912493e-02
-4.605203050517812924e-02
-5.969458149691578286e-02
-5.266375881198191722e-02
-5.150670033636516737e-02
-4.929266945480736961e-02
-2.451322907821979619e-02
-3.001881110024266774e-02
-2.582044421237261050e-02
-3.933253659961025855e-02
-4.938537627480781012e-02
-5.577914399584528449e-02
-6.112771486034443424e-02
-6.510513710629488304e-02
-7.003910540319041589e-02
-7.283648665823082291e-02
-7.339354250136692626e-02
-7.388152132394935900e-02
-5.598958423791811079e-02
-4.130317838878133641e-02
-2.930366121795704645e-02
-2.685669671010536969e-02
-2.238406004754765061e-02
-1.495361397252713102e-02
-8.815830050125195855e-03
-4.953107257465005041e-03
8.876518213872692034e-03
1.709549563016493981e-02
1.293307448004649834e-02
2.467528272069982598e-02
2.040884114733348617e-02
1.257931999664896501e-02
1.881584369000666168e-02
6.876889604975847808e-03
1.331739484693287949e-02
2.495514007136482443e-02
2.208210368461246964e-02
4.265240161605650393e-02
3.895674751574249722e-02
3.220229877206821217e-02
2.083235437222598005e-02
-4.662132302829389424e-03
-1.709842029135565100e-02
-4.441472989768295576e-02
-5.566834700370192068e-02
-4.976899738652446059e-02
-5.670361444392001127e-02
-4.530814168827842353e-02
-3.935253013358494534e-02
-5.180921511341160524e-02
-4.376572664367059384e-02
-5.063176864913146447e-02
-5.617299818462395677e-02
-5.366758252877053964e-02
-6.311211967639049347e-02
-6.598491915778154082e-02
-6.735379338938962679e-02
-7.648085025048799446e-02
-7.341975620452016738e-02
-6.973035553235634731e-02
-7.092055584877093866e-02
-6.048399558308356627e-02
-5.928105480953757556e-02
-4.261198027824693313e-02
-3.145557073502569523e-02
-3.963065141864666879e-02
-1.639111517460746514e-02
-1.735924966546295925e-02
1.016665183945691595e-02
1.041944317346339341e-02
3.040400551906826190e-02
3.606524358922898188e-02
2.506190131701267060e-02
2.433666440978424564e-02
1.885267407702288442e-02
1.525607760887819075e-02
1.278860426966996547e-02
1.063191843651616064e-02
5.879373554753891500e-03
2.785059964868041252e-03
3.179925239603054524e-03
3.841868344990671466e-03
8.420042448193127554e-03
1.883817963992572703e-02
2.384665889480584375e-02
2.275736997862648492e-02
3.048035538560396607e-02
3.042265865965705987e-02
2.809313986322488008e-02
2.813311328721210258e-02
2.429493502020205892e-02
2.455151518809410571e-02
2.320805937951495729e-02
2.367017113916965176e-02
2.424111182094178946e-02
2.361584073518579671e-02
2.943208076842497578e-02
2.949029036888751315e-02
3.198695644993927722e-02
3.405568812476474777e-02
3.427813619328733130e-02
3.672537614801107270e-02
3.758836541229551576e-02
3.836203918398518875e-02
4.306056435974717211e-02
4.334399733784211756e-02
4.331728222056158845e-02
4.403996188390402189e-02
4.372611013682648623e-02
4.328568474362204377e-02
4.190753242258261207e-02
4.211898307375775558e-02
3.818323486766693475e-02
3.613204324165125714e-02
3.544935187102675467e-02
2.042501866971240670e-02
2.004425155707539527e-02
1.580624839308807095e-02
1.231880972423924844e-02
1.197572722206879589e-02
1.078939194035345543e-02
1.018241509285046711e-02
9.963765738144680223e-03
9.551220591761349146e-03
9.415720662732850188e-03
9.290769885253850197e-03
9.172167008565833973e-03
9.130026232310649303e-03
9.077717385512339837e-03
9.045792536049888921e-03
9.028865806709092390e-03
9.010165220234202937e-03
9.001017796923388437e-03
8.994046088671046532e-03
8.985758243882497470e-03
8.984430267671110817e-03
8.978439642034964641e-03
8.970654817425403188e-03
8.978060943121745144e-03
8.953475713317161216e-03
8.955554132135445933e-03
8.967807298559643536e-03
8.871757865017346895e-03
8.967616946112750079e-03
8.869954814554922851e-03
8.662664216358252969e-03
9.116636561997182309e-03
8.242330573451989856e-03
8.470431832806627967e-03
9.077151534249407183e-03
