-9.512449841772932253e-04
-1.090006478337333202e-03
-2.621924925520956184e-03
-2.695276195655525991e-03
-3.504847184478298693e-03
-3.714521228442060116e-03
-3.574546300676438668e-03
-3.834097908532239744e-03
-3.809088388551529029e-03
-3.830713012171274752e-03
-3.889597446822788684e-03
-3.875815826996071353e-03
-3.887847934870619984e-03
-3.896861275809486089e-03
-3.885158855237111700e-03
-3.863787977586028224e-03
-3.878547298627898435e-03
-3.806755320899939642e-03
-3.769075274030690703e-03
-3.801824942415114351e-03
-3.467432618017278305e-03
-3.495649446448073801e-03
-3.409555008928865337e-03
-3.371651742054782453e-03
-3.421366733824311550e-03
-3.480543554551843687e-03
-3.564220077130175399e-03
-3.767318890650241461e-03
-4.042154464494728330e-03
-4.299033674189866976e-03
-4.933228074065595242e-03
-4.653312246009430435e-03
-4.064157221255829296e-03
-2.855488259464271459e-03
-3.449499925323748148e-03
-5.856005398265978421e-04
-1.095218715068462575e-03
-6.305123647435450021e-04
-2.478878632260904621e-05
-1.439810172116072506e-04
2.087205782774660158e-03
2.302704967596949214e-03
2.217740188040521251e-03
2.885932212565507637e-03
2.570058642865587217e-03
2.459277885912804652e-03
2.681736894100329900e-03
1.612213448830099750e-03
2.302991372101849659e-03
3.821960447153104588e-03
3.744896546716798731e-03
6.819319388666455692e-03
6.958941594377829679e-03
3.510583607364254656e-03
2.957523591250230729e-03
2.151892569021038922e-03
-5.726875583745123181e-04
-3.961471300304423085e-03
-6.784034113165689911e-03
-5.931540186799838521e-03
9.840830325613008408e-04
2.154817847809579329e-03
1.760146452133328366e-03
2.647305461684650984e-03
5.868750817362959485e-04
2.469727886157569753e-03
1.372725359460651119e-03
2.832587903023958253e-03
4.937588408084577114e-03
6.321874648848817453e-03
7.119845729557676070e-03
7.940541996150662571e-03
8.632665966619190376e-03
1.056735665610616937e-02
1.120503265204040796e-02
1.381246999452149377e-02
1.559393902179347091e-02
1.334252609135517728e-02
1.496282519700716657e-02
1.355364485700666539e-02
9.896327770502040544e-03
9.110477386946379957e-03
8.786880451509711948e-03
7.511444421898026864e-03
7.658083439611954903e-03
5.128445159824632400e-03
2.070636205124333582e-03
1.024985339804432814e-03
-6.270962092359364665e-04
-2.687696643437274650e-03
-2.981641705327683130e-03
-5.770028777457547955e-03
-5.977922014215089272e-03
-5.266220613407398068e-03
-7.288065610624634878e-03
-6.006411394867371134e-03
-5.446200863558986471e-03
-5.271312692624388618e-03
1.219638610280451710e-03
1.334171009826924095e-03
2.661659874442388104e-03
4.287414160347162440e-03
-3.759189208907981212e-04
-5.397005075297202359e-04
-1.051229142577190384e-03
-3.644718426252776915e-03
-3.325196716776022965e-03
-3.245896973842660876e-03
-3.600984055250782464e-03
-2.850929778108502420e-03
-3.161064282688574693e-03
-4.288218122101184956e-03
-3.805272983494461386e-03
-4.667025293647000805e-03
-4.185029039264007676e-03
-4.479316016081436209e-03
-4.308030463033739842e-03
-2.015213096598620236e-03
-1.052989297657189747e-03
4.900316357486423540e-04
3.870645690962437688e-03
4.831634976323525080e-03
7.191971050633240783e-03
8.451457731255537786e-03
6.425157802188845649e-03
5.129620358503115748e-03
-1.956116543222270916e-04
-1.950205585504279277e-04
-1.929214346109802986e-03
-1.410815041130868402e-03
1.650308567590787374e-03
3.233414394851456646e-03
3.490771920881290645e-03
4.310268612569813362e-03
3.978288658509781389e-03
3.520733806521924181e-03
3.617948369628735776e-03
3.310976864743685709e-03
3.128920306160601524e-03
2.987756727337293958e-03
2.729226520004031983e-03
2.313329353476445849e-03
2.083472407782258756e-03
1.572616370746886521e-03
1.725505539992870088e-03
2.661670050547370204e-03
3.569432991946650240e-03
3.836355571001259356e-03
5.406686422799714467e-03
6.281618781922092276e-03
4.734899263745427286e-03
7.746810648549103118e-03
5.098113293175142620e-03
4.358145618122106352e-03
4.835884016180434092e-03
-1.251693457277803633e-03
2.367732683862199504e-03
2.568224128904369845e-03
1.738152276792165980e-03
3.959429003819084358e-03
2.361537515664784669e-03
3.108064383361245318e-03
7.050574840499996415e-03
8.105014770036471014e-03
9.218703149396600960e-03
9.767760272116890116e-03
9.435671594067421633e-03
8.735130754140859807e-03
8.000593489513442222e-03
7.393438711962665479e-03
5.306779394107124723e-03
2.626270459373457669e-03
-1.100392427115002821e-03
-3.605898407040762383e-03
-3.455226640496571189e-03
-6.285406664346185161e-03
-1.971983240742350603e-03
1.762276701874746594e-03
6.417247270044910100e-03
7.565735001913934804e-03
9.186738189060576071e-03
1.031309183457784946e-02
9.837503551824226117e-03
1.034709611264807497e-02
1.169128033622737761e-02
1.018197568199845707e-02
1.118191239136885617e-02
1.010029248771092056e-02
3.409212505095340993e-03
3.367260320634397029e-03
2.389418226580087515e-03
1.379579190451554402e-03
3.761967476442884886e-03
2.776800517392854963e-03
4.402401749410138343e-03
5.112877945382594304e-03
4.314871255145550158e-03
6.199999356370550566e-03
4.093759074331812173e-03
4.104033155687890518e-03
4.268922950720632076e-03
2.023584281932806674e-03
2.543438786990200300e-03
-1.504014442802054921e-04
-1.389449695800865775e-04
7.501093014533311530e-04
-7.588882065822612688e-04
1.569782157105052093e-03
9.864824843026371703e-04
-1.503533431529808237e-03
-2.131233048028560034e-03
-5.456653138859762775e-03
-3.845006441223730934e-03
-2.560159013743527369e-03
-2.205739542928191518e-03
1.840396537747007299e-03
2.432945471075563700e-03
2.480668304302928017e-03
3.631656815833999782e-03
2.036047172193173379e-03
2.207103437533769821e-03
3.126080596913689749e-03
3.336682346515379427e-03
2.237315176634450693e-03
3.316487885726619993e-03
2.476968178760132963e-03
9.842091459726976833e-05
-1.871530578820192886e-04
-2.237807723496734388e-03
-3.204229461441686355e-03
-3.111246054435461584e-03
-4.753368505996344653e-03
-2.598754686998534010e-03
2.987766853143258503e-04
2.996460682058004962e-03
7.500867683787284211e-03
6.921971250979884298e-03
9.577077244017229846e-03
9.658403102200785462e-03
9.308355078656412041e-03
1.241498902631750154e-02
1.325269841587134456e-02
1.573474908576175807e-02
1.630320929576829780e-02
1.539048534159239562e-02
1.571413961261990816e-02
1.505023721247375143e-02
1.380036741700778162e-02
1.282798275276211993e-02
1.172828663018824977e-02
8.397547751179922082e-03
7.150717365285321966e-03
7.740689545405000926e-03
6.325644866980077198e-03
2.241036804200150119e-03
1.590588408297919330e-03
3.036325314428535600e-04
-2.037776433368553540e-03
-2.356229938909067730e-03
-2.722463955545088420e-03
-2.466835149769328571e-03
-1.396939623120330327e-03
-1.127277854624880076e-03
-1.907793170255818634e-04
9.447134908227941032e-05
1.881080767360797986e-03
2.043159477096840454e-03
1.947232815857279434e-03
2.551048767428611749e-03
2.498792331689305476e-03
2.940465560331954626e-03
3.173896635011866276e-03
3.562547670382026476e-03
4.571122339666836704e-03
4.585783727911107652e-03
6.042701635307971310e-03
5.927711784379916492e-03
4.802237253416734644e-03
4.943751706627756877e-03
3.604074108243111602e-03
3.922494355759991239e-03
4.270686516872486752e-03
4.217643340023398413e-03
3.424746450067638753e-03
1.871166747407074010e-03
1.920590930106593321e-03
3.048119140439391195e-03
3.453086210440501139e-03
3.545567858607242065e-03
1.240874627209097259e-03
7.610254686148505091e-04
-3.452818618811836267e-04
-2.081995892828232466e-03
-2.440708199177858001e-03
-3.982164429329681891e-03
-3.544650045028888922e-03
-3.637277967915941365e-03
-4.442609014401948525e-03
-3.334309279448085042e-03
-3.361549819813457705e-03
-2.767228564491236355e-03
1.302408781252266997e-03
2.264774257470733750e-03
3.790440454801310283e-03
5.855263044051007941e-03
5.858592463594473713e-03
6.017474148160499581e-03
6.442380073718210511e-03
5.252945810244291983e-03
5.450422236537001697e-03
5.954406779259080636e-03
5.670579139351440354e-03
6.428094653513145157e-03
6.432667129052382048e-03
6.538191891329935695e-03
6.825670230634569430e-03
6.684741338065768208e-03
6.760180078411015710e-03
6.661147400117254508e-03
6.516886166395053498e-03
6.288528626462887468e-03
6.031669753166712077e-03
5.689201350226226125e-03
5.094430428913094763e-03
4.757777944815412899e-03
5.456333912598630188e-03
5.695942931267423265e-03
5.739392872690055915e-03
6.877574965588054839e-03
7.162499351845720216e-03
6.844822412755248789e-03
7.731529723923276365e-03
4.335692757269119305e-03
2.086261166273100168e-03
5.774803970752650367e-04
-4.998353954090083498e-03
-4.979536952733228800e-03
-5.030222130893375124e-03
-6.834094488001516560e-03
-4.207460929271738224e-03
-4.232811372977796603e-03
-3.314883218439692355e-03
6.573977005664965187e-04
6.313879584308272879e-04
3.882730081379679073e-04
1.451316815958911786e-03
1.961921287515659869e-03
2.608311123862956660e-03
3.900928635317808032e-03
4.824757019397286559e-03
3.387753276850464287e-03
2.437330414533513991e-03
2.731800635340506274e-03
2.343074028554738113e-03
3.265485033888048446e-03
5.217916386916157494e-03
5.615287024296701859e-03
9.442618172315163719e-03
7.960613671422530485e-03
9.795649768193911283e-03
1.037647811329596957e-02
3.928943460174309094e-03
5.995941739286162094e-03
8.689645653267111594e-03
9.409707659314668626e-03
1.000753063116297491e-02
4.636129189049336199e-03
4.140377224726190554e-03
1.722181186029257032e-03
-4.127001603617982788e-04
1.172630964103092959e-03
-2.032349550072390333e-04
-5.425797438994350635e-04
-1.722988849787164848e-04
-1.738482600490636777e-03
-1.970745979343505906e-03
-2.535648559985998265e-03
-4.674042235273345725e-03
-4.808338616883739078e-03
-5.559881394553508813e-03
-6.308393998161198474e-03
-6.290350537327824704e-03
-6.865774555421722339e-03
-6.976186290136528190e-03
-7.081686786819991336e-03
-7.311419954418043286e-03
-7.261265575596458771e-03
-7.368298789568027835e-03
-7.317153491929970568e-03
-7.284898024876656011e-03
-7.223150282407388503e-03
-7.012259593814977078e-03
-6.973747265903865525e-03
-6.568333587637422213e-03
-6.338007624340582374e-03
-6.045488805332586979e-03
-5.213164562775918914e-03
-5.152612836121680563e-03
-4.291450418425557696e-03
-4.085650564074975663e-03
-4.545081518811502734e-03
-3.938792164304723460e-03
-4.272554418858138733e-03
-4.293901023196881189e-03
-3.481110675719403542e-03
-3.710474678523415469e-03
-2.758650888109064232e-03
-2.828409966654226761e-03
-2.982420441064400664e-03
-2.658136067360774256e-03
-3.594783198583304147e-03
-3.722991696856929513e-03
-3.536772693991688428e-03
-3.483136626913490262e-03
-2.353152033173433466e-03
-2.355586987840470672e-03
-2.050230684377396008e-03
-1.765201675529950867e-03
-1.744470374836410960e-03
-1.530559957543157525e-03
-1.426739349361564636e-03
-1.328179325056528864e-03
-1.018630248166848802e-03
-9.370770421697855942e-04
-4.949111413633859547e-04
1.862662319854674656e-04
2.523084296995544459e-04
2.090081146611379864e-03
2.063776413138845855e-03
1.864240554864727813e-03
2.381503201493135637e-03
2.212924677504723124e-03
2.394701794486803984e-03
2.516805342418977718e-03
2.571520907771292479e-03
2.893950124899081697e-03
2.897298538538320683e-03
3.448747187736620791e-03
3.876383236492405258e-03
3.709703439154837020e-03
3.480420619353802748e-03
3.557605093776547434e-03
3.414088983026926805e-03
3.365263852098704378e-03
3.317951960474490279e-03
3.243495910017312692e-03
3.147092325944414026e-03
3.040238440132091158e-03
2.949915069492625632e-03
2.635173197106244290e-03
2.527221247728737765e-03
2.157385090041974689e-03
1.377180249650526147e-03
1.470596909066188007e-03
-1.235048673120623676e-04
2.471135429120855788e-05
-5.427245766433672416e-04
-1.048254254099927280e-03
-9.545198114028871812e-04
-1.878477328018768973e-03
-1.957349976231335942e-03
-2.259014346747903121e-03
-5.018773093128734569e-03
-5.258552180518787089e-03
-5.192400134109043976e-03
-5.905958738253880985e-03
-5.748340136125188599e-03
-5.946165283869700967e-03
-5.952762920734243519e-03
-5.843784384272397193e-03
-6.041213840894213774e-03
-5.384894096438375827e-03
-5.685510452702446232e-03
-5.382848528398994671e-03
-2.954529702297819735e-03
-2.481263243037354609e-03
-2.426420438054799344e-03
-2.176616999689958126e-03
-2.298279056472539179e-03
-2.245392402655961225e-03
-2.218928577819786162e-03
-2.245179562540400037e-03
-2.220457532420579312e-03
-2.223571855854177166e-03
-2.224560105293860862e-03
-2.218385254225818583e-03
-2.220394005482617932e-03
-2.218820383668639647e-03
-2.217689025447877431e-03
-2.217562230065196240e-03
-2.216766204545615477e-03
-2.215591603175365819e-03
-2.214345329180004377e-03
-2.213900998632873859e-03
-2.209025573613246189e-03
-2.208255397304144125e-03
-2.204508703077938305e-03
-2.188804085804960716e-03
-2.196444192845177414e-03
-2.165693356709212300e-03
-2.137474264474108297e-03
-2.168326951735566593e-03
-2.009216334984217749e-03
-2.054377030279048392e-03
-2.017797204760710551e-03
-1.420559253744179372e-03
-1.462778532358566383e-03
