8.074550048592704296e-04
1.020496436633085233e-03
6.257233277993206645e-03
5.195942818614314625e-03
4.718123475987726079e-03
5.776008365364785312e-03
5.994122093922137594e-03
6.194066890265390729e-03
6.549281755985263652e-03
6.638034747232231941e-03
6.816797355372270981e-03
6.940585258450032193e-03
7.146300655027350464e-03
7.254329527900316675e-03
7.482855136546987321e-03
7.978021874178483144e-03
7.935904927648826379e-03
9.009846870568384916e-03
9.731684428392131658e-03
9.708567562587549007e-03
1.395779850885617637e-02
1.425441986785056653e-02
1.424253023957111446e-02
1.591436347720448508e-02
1.524569125760557448e-02
1.423995943945711995e-02
1.653888816888091778e-02
1.203719201652047113e-02
1.233140667161273379e-02
1.458888376191824418e-02
-3.725078027667196381e-03
-4.532695168837299823e-03
-1.540463753796903791e-02
-1.434333334354205049e-02
1.401765971630726092e-03
-1.678926362266755295e-03
2.587629774651009629e-02
3.474100158907737074e-02
4.629714249533861681e-02
6.862719928616156650e-02
7.259601186140338114e-02
9.260510555805792632e-02
9.707904900188396580e-02
9.117243628041077352e-02
9.728534884549819295e-02
9.769978528151834762e-02
9.035952310646337693e-02
9.556735220911707906e-02
9.226201239925295450e-02
6.880049098183922685e-02
6.589499691042030594e-02
4.335467846700159777e-02
3.884951103536474909e-02
2.898460804697487042e-02
1.890919177970037598e-02
1.910764953803113786e-02
3.099377597837452841e-02
4.071703188250819228e-02
2.088103523670675060e-02
1.686764957308000898e-02
-1.192842822976568871e-02
-5.808404189760471570e-02
-7.192431812880813180e-02
-1.052164767080254748e-01
-1.314369142472961993e-01
-1.566744621795245762e-01
-2.168508155168233920e-01
-2.374856262829065645e-01
-2.830694221352342277e-01
-3.069860611155516006e-01
-3.223545869300998845e-01
-3.369333296212504436e-01
-3.562054423012286364e-01
-3.673320928333289048e-01
-3.853673971591999314e-01
-4.046061230657364005e-01
-4.172723669153212134e-01
-4.445866406205088994e-01
-4.641550082931975019e-01
-4.679578719220442995e-01
-4.926119104465033760e-01
-4.913934485835694810e-01
-4.887237654313970059e-01
-4.880539833598519506e-01
-4.502144264784143646e-01
-4.354609388137808401e-01
-4.083021134010368369e-01
-3.697202526954448953e-01
-3.400633991821366831e-01
-2.960679720030160444e-01
-2.674330344310023033e-01
-2.395484039419874533e-01
-2.061286663311135969e-01
-1.954872601316809400e-01
-1.910489054353651239e-01
-1.779703493909100265e-01
-1.759290574032255361e-01
-1.521026677751898815e-01
-1.310974308610101113e-01
-1.096104473209624647e-01
-8.401628235678662571e-02
-4.130474943472493138e-02
-3.409173567129156202e-02
-2.625027331313785003e-02
-1.763395707216315611e-02
-3.228339506330712982e-02
-1.297949824150481865e-02
-5.596442238987987122e-02
-6.598335718671824446e-02
-8.370281137063442789e-02
-1.472557034829916622e-01
-1.458595392259851020e-01
-1.555055623817483690e-01
-1.541252965266813602e-01
-1.169029230845705786e-01
-1.029335440512375022e-01
-6.139087545626427389e-02
-2.859746828495862009e-02
-7.084599107313980203e-03
3.383573851413358008e-02
4.613051705604424152e-02
4.860987759424533622e-02
4.986516467788826984e-02
4.522721018275845106e-02
4.290671693706115536e-02
3.794418427167782493e-02
4.719289484715710747e-02
3.620073399149280335e-02
3.739981550892456513e-02
3.390756344812234646e-02
1.737890101119812791e-02
1.001164183658839572e-02
-1.828465805914251952e-02
-7.776941172501775079e-02
-1.531848474259269732e-01
-1.949940445615798990e-01
-2.959683893563580526e-01
-3.362962139212460899e-01
-3.908911661560056094e-01
-4.497569449549432274e-01
-4.613868147022854860e-01
-5.013940515452007807e-01
-5.117521604942955049e-01
-5.193373374133163356e-01
-5.414239051469240671e-01
-5.382284210904610955e-01
-5.517340046173273560e-01
-5.561159103459440978e-01
-5.509448353526588127e-01
-5.530340145490185710e-01
-5.228497447620217287e-01
-5.056764144075817091e-01
-4.704677752729743423e-01
-4.212431806321819128e-01
-3.874785397710710511e-01
-3.418128800719444360e-01
-2.835229530102013062e-01
-2.435616266624146820e-01
-2.239318861273260075e-01
-1.556403541343350239e-01
-1.460024456517434455e-01
-1.125250461265884933e-01
-1.042471784892368969e-01
-1.075924665181622886e-01
-8.905207608593057600e-02
-8.789406767724930458e-02
-8.271654899923847060e-02
-5.601262619498551670e-02
-5.177091143379751459e-02
-4.594121327296983581e-02
-3.697753086047574772e-02
-2.936325664059923415e-02
-3.201017906343155139e-02
-1.755001306481180495e-02
-1.208108138139956864e-02
-3.596801019561692014e-02
-3.821873313892941437e-02
-6.898386191868009776e-02
-6.088651445404773266e-02
-3.304281941965609565e-02
-4.070438256954255624e-02
-9.399204507568861486e-03
-6.754601832290065694e-03
-3.578420062936617414e-03
6.022035933009010564e-03
3.677331549783349317e-03
1.508679451540097943e-02
6.069941261643176447e-03
4.075401909886079005e-03
-5.216007376355246382e-03
-5.096739439519103881e-02
-4.985850866363977785e-02
-3.310767503807061224e-02
-6.127509715934528062e-02
-4.765709305970573795e-02
-9.711333626579099487e-02
-1.771582151944448846e-01
-2.471825086767733548e-01
-2.938217417321632996e-01
-3.576789904874477233e-01
-3.989356302488430983e-01
-4.260960526833424411e-01
-4.574137392272353830e-01
-4.672789393203910513e-01
-4.870689046986020898e-01
-4.965640760203388626e-01
-5.049971358963600832e-01
-5.140564653160974995e-01
-5.103109193990229553e-01
-5.113207920804848650e-01
-5.089556075942187618e-01
-5.019397536456060571e-01
-5.018097951330001694e-01
-4.940399128449874944e-01
-4.886865710335685509e-01
-4.857711816961963747e-01
-4.739701973028648263e-01
-4.697209188006410407e-01
-4.584275420077179031e-01
-4.413878914427247224e-01
-4.288069709337241076e-01
-3.889659604347001087e-01
-3.656102293098646983e-01
-3.303678452988401126e-01
-2.907853983112629881e-01
-2.525921166809639296e-01
-2.010549998347234135e-01
-1.126913154343086310e-01
-2.192178489269424810e-02
1.159083696442962316e-02
4.767196245046715491e-02
5.171826215510230695e-02
4.375086661124036325e-02
4.278881620287335041e-02
4.386733757455599236e-02
1.532941597430592835e-02
2.042776974797636327e-02
2.955224864378061880e-02
2.032636907817593833e-02
4.226346144465355920e-02
1.864827041159538429e-02
6.617594586325672122e-03
-1.218800549200796390e-02
-3.783644678355731900e-02
-3.688799407839675470e-02
-5.197839312106083964e-02
-6.508876473231109405e-02
-6.661109723589125897e-02
-8.742227615829301079e-02
-8.833042579365965596e-02
-9.026651318984582617e-02
-9.596266461905908485e-02
-9.358734854008962656e-02
-9.451258985788418832e-02
-9.124770597921544324e-02
-9.025709060500215764e-02
-8.428621107200311158e-02
-8.507796768311369495e-02
-9.154890579234635506e-02
-9.730125026936788102e-02
-9.951344032706974096e-02
-1.141697161819567458e-01
-1.257121853287047342e-01
-1.283946845290905026e-01
-1.697831900418040885e-01
-1.703473173097886928e-01
-2.041343671836171048e-01
-2.895127489478214189e-01
-3.042456258252431711e-01
-3.814893324084715487e-01
-3.789153960276918642e-01
-3.951736078872081226e-01
-4.022144974435353237e-01
-3.716455987298710184e-01
-3.806226105371239843e-01
-3.372416516995775382e-01
-2.988314825720475021e-01
-2.245179847461618028e-01
-1.136736780865945512e-01
-1.081715797489174180e-01
-6.599433567299586856e-02
-6.283754564054264136e-02
-6.059355769804276870e-02
-3.759366186270746146e-02
-5.367119650930299996e-02
-4.114264397099763604e-02
-5.504747335543583309e-02
-8.827873626536311691e-02
-9.117163084268450901e-02
-1.360994893980493614e-01
-1.224862235505531360e-01
-7.830361535810952123e-02
-9.747498918524467870e-02
-8.618590347334229018e-02
-1.149316874068833649e-01
-1.674470686042057177e-01
-2.101338682552930104e-01
-2.257351900543469458e-01
-2.377711424885626812e-01
-2.370816211341458257e-01
-2.462158254385822809e-01
-2.398676203736438139e-01
-2.433564414982631874e-01
-2.388718294711842383e-01
-2.234502664629723356e-01
-2.203456614810312408e-01
-2.033657567407317623e-01
-1.939576253295996755e-01
-1.863854431948472057e-01
-1.688188225508421014e-01
-1.675285463525993390e-01
-1.532454213838422008e-01
-1.401930395053356260e-01
-1.355755490124873619e-01
-1.070965557878186258e-01
-9.707209164821119229e-02
-5.485618261319921696e-02
-6.430599590086595423e-03
2.659072195521957477e-02
4.053641546653881378e-02
2.832344945842242556e-02
2.723200693745933543e-02
3.047650351341651964e-02
2.105173007254010006e-02
3.005503999731761258e-02
2.545812304869262202e-02
-1.771686763055092470e-02
-2.840973555230722272e-02
-2.282570677730512074e-02
-3.104606485115412109e-02
-3.020603803966681253e-02
-4.955593944118428379e-02
-6.377979342722131517e-02
-6.711708412823701175e-02
-8.729302142644543294e-02
-8.889038170059054833e-02
-1.014318509799761736e-01
-1.037092815540257007e-01
-7.074107443640065274e-02
-6.366582078885610341e-02
7.111162493273498302e-03
2.351252634271437311e-02
3.870802391577123774e-02
4.945186960161021550e-02
5.071522719341715196e-02
5.530985233615590829e-02
5.876670329802800852e-02
5.603733445833210258e-02
5.342190565469959879e-02
4.948081351602118261e-02
2.453449501900577950e-02
1.052915990803439915e-02
-2.654080689275215010e-02
-3.760775840966911615e-02
-5.745837381700617807e-02
-9.061736933152841900e-02
-9.971945942710194744e-02
-1.067916076013075144e-01
-1.204297039017150350e-01
-1.619216245191477666e-01
-1.926656452047962598e-01
-2.204925387966975570e-01
-2.269997078325570461e-01
-2.244360500183323337e-01
-2.119473420620926196e-01
-1.871418377187500648e-01
-1.649023144035195176e-01
-1.749715842785445896e-01
-1.664916583180509613e-01
-1.623552634546540085e-01
-1.655650850541716956e-01
-1.294875597485490581e-01
-1.209584305338874122e-01
-8.851597077410083836e-02
-4.814230800888540801e-02
-2.455349463711695504e-02
-1.632786243392604988e-02
-2.946467801025877756e-02
-3.144118574971903335e-02
-6.132731348115626896e-02
-1.208095527006168290e-01
-1.452691326066386512e-01
-2.101356737388709317e-01
-2.640145759948012705e-01
-2.962449276007921295e-01
-3.402933482963800271e-01
-3.571485551155683114e-01
-3.810653977156924777e-01
-3.917854354156492525e-01
-4.020147787154844110e-01
-4.156249843598692761e-01
-4.184056479350211077e-01
-4.270181543230359145e-01
-4.329693807846470843e-01
-4.317096630621696796e-01
-4.374644095164178514e-01
-4.329964198635470884e-01
-4.244265266101357459e-01
-4.156799656149304245e-01
-4.017214534592487007e-01
-3.857585131934662681e-01
-3.701397654768617818e-01
-3.484690061076960998e-01
-2.892757041620174774e-01
-2.532488266473684746e-01
-2.148341042507057874e-01
-1.750126981886526711e-01
-1.455641132073525745e-01
-1.320685345197299410e-01
-8.945112637421918922e-02
-7.186745223662782678e-02
-6.066946128856632106e-03
9.796705121684805631e-03
8.663090653491838100e-02
1.024558270904877277e-01
9.664550413496769687e-02
1.240384034285662573e-01
1.193415833135148957e-01
1.262920705149637168e-01
1.328191245249621399e-01
1.321037994057691345e-01
1.386225174473677269e-01
1.378780361245232067e-01
1.445297956013787966e-01
1.451851672993712816e-01
1.412045318178361264e-01
1.367081863523912089e-01
1.320872598050116531e-01
1.201123515932286251e-01
1.181948739624605477e-01
1.070096861246388059e-01
7.976076130362502736e-02
7.763268445121652983e-02
4.160308620995438467e-02
3.994436338004739989e-02
3.886197250121031788e-02
3.197703165181094848e-02
4.801685015614984287e-02
4.397083012865954377e-02
6.442102515006224717e-02
6.434646629244000771e-02
6.420154856509313612e-02
7.047302169817767914e-02
6.804210723058642940e-02
6.891959067472534783e-02
7.056456132504823620e-02
6.734710476374661248e-02
6.718775141724528388e-02
6.745440005845472486e-02
5.877240724051052689e-02
6.299637295148140248e-02
5.934353722130336628e-02
6.229985657938955784e-02
6.993086755606703342e-02
6.358766089347139827e-02
8.932826444591994430e-02
8.800154302779072957e-02
7.182519013890736881e-02
7.213439604097665603e-02
4.112772644274489270e-02
3.605653597683646655e-02
2.480866071333319087e-02
1.086114758992198087e-02
5.962435399963723036e-03
-4.687436418889809678e-03
-1.238654860569285768e-02
-2.066542417676709917e-02
-2.911899782111821919e-02
-3.901630699207759428e-02
-5.056505670891196097e-02
-5.951285137697521349e-02
-7.858887331453699721e-02
-8.752294805649815657e-02
-8.974816799518652022e-02
-9.495523079348112960e-02
-1.070195956384459440e-01
-1.039083704563614347e-01
-9.985215737944680425e-02
-8.773043914897618589e-02
-7.975746598505309426e-02
-6.692365241577717672e-02
-5.017762500704594369e-02
-4.591279734585899247e-02
-1.090399217487018901e-02
-9.397088579341912606e-03
-6.963206809049337287e-04
8.622529929684758301e-03
6.688173137293294303e-03
9.979195668120529120e-03
1.091534870904375433e-02
1.082039589781689029e-02
1.204301489211668033e-02
1.204627798615928204e-02
1.230817420209902140e-02
1.262340888856665171e-02
1.262095544015597905e-02
1.277562826245043012e-02
1.283779082860225969e-02
1.286037229917726295e-02
1.291727969532154019e-02
1.292844206043081319e-02
1.294543186304234449e-02
1.296211147334231165e-02
1.296126709795339740e-02
1.297104072202613298e-02
1.297139583842971816e-02
1.295979641570400680e-02
1.297593370702745073e-02
1.294399331448163083e-02
1.293378984059770018e-02
1.296426944519768129e-02
1.282354288384504951e-02
1.291813366988633222e-02
1.284439565654824436e-02
1.250008616784860360e-02
1.303147074321696700e-02
1.211775815673390121e-02
1.198431154784275129e-02
1.263325553187247437e-02
