-2.143135068989964614e-02
-1.772940705381194013e-02
4.805165978215461021e-03
1.647081807473654022e-03
-9.397914309718292947e-03
-1.055258770142710432e-02
-6.505472054618313335e-03
-6.532451920319120274e-03
-6.522710932632010822e-03
-6.514327249652002508e-03
-6.515504218159971078e-03
-6.515504218157245828e-03
-6.515504218162027593e-03
-6.515504218150844698e-03
-6.515121886593409385e-03
-6.518048012039345460e-03
-6.521747534528057715e-03
-6.498240565624236430e-03
-7.808914549117020217e-03
-6.720106714267547882e-03
3.574875968385476770e-03
4.235989817865415050e-03
2.060830506750628479e-03
2.081487169993866126e-03
2.069505845348440249e-03
2.083699409070956417e-03
2.147249422254449668e-03
2.087394550640714243e-03
1.469339977031949157e-02
2.559538670570671304e-02
-2.087426775138222917e-02
-4.343798009232019419e-02
-5.826959399662851036e-02
-5.478675469362355444e-02
-3.501626181592635417e-02
-3.632929301754633106e-02
-5.783467963607795588e-03
6.470178986691428472e-04
3.353705435711771578e-03
1.130868318220896659e-02
2.237859981281171626e-02
7.806501654158348735e-02
7.416795110349344577e-02
5.201734500958463125e-02
5.213775564547924735e-02
5.214418141337057166e-02
5.200304899377629353e-02
7.276103827529692425e-02
7.905064728535717011e-02
8.929007722255069210e-03
-1.444323033259721327e-03
-1.422615218057386201e-02
-7.139960689179753080e-03
-2.273964336702965355e-02
-4.891997722581068603e-02
-4.260054931369967185e-02
7.630701234139131844e-03
5.281557216578993547e-02
6.347674794245901364e-02
1.077334796140228812e-01
6.357434999221153737e-02
-6.198901780653134214e-02
-1.126532451456568884e-01
-4.284258891609944025e-02
5.461338575507157511e-02
5.350687562080606863e-02
-1.180723526518027977e-01
-1.631503481826347690e-01
-1.681642827147535046e-01
-1.470008538324037994e-01
-2.353789149165527450e-01
-2.303931384262195847e-01
-2.707002153792539834e-01
-2.613757383098317955e-01
-2.737433941445243657e-01
-1.110304868441414489e-01
-2.015586660913674943e-01
-5.274343135560137785e-01
-6.378393048505393015e-01
-4.590768364506717103e-01
-7.771776731507754610e-01
-8.597167229899836949e-01
-6.670555390700675380e-01
-5.225295727637143672e-01
-3.044209990642672281e-01
-2.928072829763656570e-01
-3.671862761421205157e-01
-2.893207407934215158e-01
-2.286668310070045715e-02
2.036453339453095715e-02
-8.526323952010358281e-03
3.025712498395979194e-02
4.738583573256812016e-03
-5.752932136702672283e-02
-1.325242877722348500e-01
-1.619248658657314044e-01
-1.748909943375225873e-01
-1.567169785021800821e-01
-1.418135089658811021e-01
-1.420353786472037527e-01
-1.024249861275872003e-01
2.972509399216639869e-02
3.890902063648071785e-02
6.185461853592946931e-03
-2.156715207403626412e-03
1.062519992074807337e-02
4.673161772839126010e-02
-5.933774446744165265e-03
4.864834883708114149e-02
5.649074199835363297e-02
-1.512843317026057177e-01
-3.351082287626504508e-01
-3.982833811348467368e-01
-3.508007456659510415e-01
-1.506089301410444836e-01
2.850090874425644655e-02
1.030611597834912851e-01
4.289646847998074275e-02
2.376368653249761806e-02
6.366579201422115086e-02
7.452650279803980926e-02
6.628435472205809753e-02
4.069026154078853041e-02
1.853528260841983549e-02
9.129010472520297098e-03
7.780899392095801115e-03
2.499625205290726196e-02
1.343805855186956666e-02
1.714198069751863771e-02
8.447644257993776329e-03
1.649024256380216685e-02
8.584784970747823263e-02
9.912142995878285567e-02
5.207796985149248936e-02
4.526060308239610031e-02
3.521895331948565050e-02
-1.936206151105986789e-02
-7.025281149962377125e-02
-2.440731537591656064e-01
-3.311725410522909918e-01
-2.937076967976259279e-01
-5.137776968875699124e-01
-4.939650858247356391e-01
-4.272277729019863801e-01
-4.347651986311278360e-01
-4.329754325338157628e-01
-4.509705680973512543e-01
-5.659163007141263524e-01
-5.749628736735100665e-01
-5.631311580209155121e-01
-5.321598628232874217e-01
-4.535233031562372341e-01
-1.085699921706576032e-01
-8.287562382323192256e-04
-1.000666732903475603e-01
-3.771280050250325894e-02
8.444349656898005041e-02
5.633833514005767013e-02
-6.501697771559389327e-02
-2.399895006967509015e-02
-1.205342619434730984e-02
-4.425763642702525147e-02
-6.459323546579900932e-02
-8.905523478927659942e-02
-8.901924822721593578e-02
-1.040808511967381972e-01
-9.973693120252660749e-02
-3.597048421434659304e-02
-2.845314822303797453e-02
-3.715624678678038084e-02
-3.695022276207296508e-02
-3.679609501925705517e-02
-3.685415278577967163e-02
2.106799300250889601e-02
5.311954107657383684e-02
1.303883615259752255e-04
-6.350617591064337819e-02
-1.172117553359150327e-01
-9.586025901339635669e-02
-3.542257857471537569e-02
-3.218083039872772499e-02
-4.831196729833534161e-03
-2.014681110135221084e-04
-6.725103455789643511e-03
-6.633453568090240740e-03
-2.606004053498020990e-03
1.537355967480229756e-02
3.155362257693042349e-02
6.574625636340906965e-02
5.278087136581840338e-03
-1.168414573680444102e-01
-1.169771529478717681e-01
-2.735949168002546963e-02
3.857479602543474606e-02
2.984246066870713254e-01
3.005055933069151752e-01
3.965449016008171929e-02
-2.464860878821233808e-02
-1.042319467565174934e-01
-3.872074829096485704e-01
-4.110718451647768501e-01
-2.315307802711000507e-01
-4.407841279543709967e-01
-4.379616483086233303e-01
-4.719068829331182768e-01
-4.834735975596765600e-01
-6.594704862277829260e-01
-6.895104579091475561e-01
-6.400459508085614146e-01
-5.590710979032303962e-01
-4.796368140073822839e-01
-4.710680394863328568e-01
-4.641761584842523103e-01
-4.613557102135818488e-01
-4.681832102797227613e-01
-4.839676916874743329e-01
-4.658605111349392591e-01
-5.259667421870135584e-01
-4.887283951382940250e-01
-7.598199923399474864e-02
-3.247366106028097554e-02
-1.046299549342528945e-01
-9.974170420389828762e-02
-1.113908942026788362e-01
-9.500892465911790763e-02
1.271024465476192598e-02
1.760461491558985500e-02
-1.755766710822586826e-02
4.532088663042251053e-02
6.580055812260504622e-02
1.152900157251119800e-01
8.410063235714228258e-02
4.288985870884372970e-02
3.702207035191684703e-02
3.276072965878126103e-02
-4.640618238143053714e-02
-5.155766988358180536e-02
-1.315638749052451019e-02
1.266750367597319765e-02
6.192691344935488673e-02
3.791705279624719288e-02
2.847412622353776273e-03
-4.474750561558678980e-02
-5.885024216668820196e-02
-3.437806027847570278e-02
-2.433541098096957470e-02
-2.577260089230924700e-02
-2.989210227812354875e-02
-5.430087231780637846e-02
-5.337021451793817067e-02
-4.641520844682225921e-02
-4.644724766995658727e-02
-4.641483993542792202e-02
-4.637603565977811704e-02
-4.312780541461268963e-02
-3.582007655055755718e-02
-2.235004572069744858e-02
-2.394499471144587166e-02
-3.858438478477040079e-02
-3.856209680738229700e-02
-3.859729779679402228e-02
-3.865113090929762907e-02
-3.853700892479215018e-02
-3.833284719057288015e-02
-3.847677028532839327e-02
3.638682272752136182e-02
5.033658737291581142e-02
-5.339321276904152036e-02
-1.194804127640485686e-01
-1.723262207151191050e-01
-2.553166312263434601e-01
-3.758213520240076266e-01
-3.659242997717513379e-01
-2.740186863356155467e-01
-3.349730865206735908e-01
-3.651834638051790205e-01
-3.086754396405886336e-01
-5.999456238644965134e-03
1.953952549075735068e-01
5.078558873052727018e-02
6.211693188619341055e-02
3.383268788958149892e-02
1.366378666663864601e-02
2.510053665628751360e-02
5.399223734324271051e-02
8.228440179958028400e-02
3.249550312043468503e-02
-4.649847721398400052e-02
-1.437494604791826058e-01
-3.058443296479435025e-01
-2.182075351073596570e-01
-5.570793858503982413e-03
6.131992279534103502e-02
2.581403233400405006e-01
2.287424751367491127e-01
-1.172339030058574122e-01
-3.711777914292419545e-01
-3.101277829522403606e-01
-2.310327790245414459e-01
-1.670399245137527133e-01
-1.492748947593999509e-01
-1.463809148135834515e-01
-2.599606186844055644e-01
-2.736473991722859767e-01
-2.013138601649944182e-01
-1.453065873652422957e-01
-1.057865256229436196e-01
-1.007353423864228714e-01
-2.862136862046955887e-02
-2.609811671701754016e-02
-4.567984827315269003e-02
-8.040756286344856452e-02
-1.127851827838997206e-01
-1.335951172657053321e-01
-1.009986299727760467e-01
-1.374630287418379948e-01
-4.368654415391354240e-02
1.442261517437425367e-01
2.328621616918590265e-01
1.114518111253167271e-01
2.284675747424605441e-02
-9.344717941468896547e-03
-7.729828447718941134e-03
1.240957416033812259e-02
9.734680536026923958e-02
8.313851236094536856e-02
-6.644564553631478188e-02
-1.098200316246055602e-01
-4.286609814412069980e-02
3.147659606531335707e-03
5.042231693576666902e-03
-2.903342494610786431e-02
-5.877264556757538783e-02
-4.450744357139056750e-02
3.446163323280986707e-02
-8.075684980871704333e-02
-1.935541981542079348e-01
-3.073087885767108451e-01
-1.607636136771521396e-01
-1.000680073403687337e-01
1.540174112197705870e-02
5.856077807594078227e-02
1.467366029275203598e-01
1.165713220943132150e-01
2.917746225482053396e-02
2.866006858127437967e-02
9.027796230423662527e-02
9.993908696714025319e-02
5.079780114956911063e-02
9.021215130759933920e-02
3.099457344892430494e-02
-3.591703263057709206e-02
-7.861180359038384691e-02
6.338810354969685000e-03
-1.921469712537447402e-02
-1.567129028049034367e-01
-1.247132042194404600e-01
2.202345291547046918e-02
1.694076187684666057e-01
-1.719004557968943289e-02
-1.996454681001321729e-01
-3.136053704193101921e-01
-3.545530229643719666e-01
-4.152154706125831263e-01
-2.058829388960222440e-01
9.516678348768477236e-02
1.552701930545690168e-01
-1.296055090113697739e-01
-1.830097739250205469e-01
-1.974721382188072694e-01
-2.048216530923598899e-01
-1.442551546005106378e-01
-1.704580158440239801e-01
-1.343478183486581656e-01
7.327856080227596915e-03
7.554620997429746521e-02
6.231354260323701544e-02
5.467531148778075750e-02
1.061510488845669176e-01
6.155299457805524233e-02
-3.387573634944395645e-02
1.490478445461188017e-01
1.652174878093696370e-02
-2.316882934772601654e-01
-3.431449902278577158e-01
-2.948920628849003855e-01
-3.128751825232913286e-01
-4.389778426782081633e-01
-3.785837844342738179e-01
-3.505042827094697611e-01
-3.511523083378123022e-01
-3.422282167333157710e-01
-3.464653807879259917e-01
-3.596331923391183905e-01
-3.573243542831895936e-01
-5.364644410046973677e-01
-5.688427657546207827e-01
-3.632615367678120322e-01
-2.832662788894986239e-01
-1.376014383468889823e-01
-1.393646865961819525e-01
-3.238838511456738622e-01
-2.710636580427775999e-01
3.987475143815703144e-02
9.609599503202612136e-02
-6.188239046124842380e-02
-1.232110384037050088e-01
-8.722375183343700211e-02
-1.337967710770818497e-01
-7.922726667309105963e-02
-9.738025168788508323e-02
-3.116593393980919210e-02
9.983970115188619057e-03
1.745574313291976543e-01
1.618122267152721783e-01
7.945752116520304886e-02
7.970461709172466103e-02
7.947516449895716817e-02
7.935885260083315462e-02
7.938227410701995113e-02
7.941468188192311872e-02
7.946921672216834820e-02
7.944005836948710153e-02
1.025718249160576245e-01
1.066442482089009630e-01
8.726269709663786456e-02
7.574467293019984671e-02
6.754474834486298707e-02
6.742222160592212243e-02
8.131498725875027644e-02
8.401106925948180482e-02
2.920525012075795429e-02
1.102671422161152770e-02
-5.126633026812783128e-02
-4.360270816860913057e-02
-2.108638042782894767e-02
-2.107424341959275235e-02
-8.795478510895146304e-03
-5.394771510826228134e-03
5.561830477763097386e-02
4.955933374470121444e-02
4.282285094833757771e-02
4.290359402401203170e-02
4.285473623053726033e-02
4.284741189907574632e-02
4.286009448329863858e-02
4.282917802468674817e-02
4.279564128598548761e-02
4.278692036348918232e-02
2.156382407315200408e-02
2.090810538801452650e-02
7.996313971094921175e-03
6.961479108997586582e-03
-1.242534751301445535e-02
-6.330976159040120795e-03
6.136835728700207326e-02
8.346706264138373244e-02
4.834300251237279994e-02
2.634109467276645952e-02
-1.817704824773136094e-02
-1.824782423218597113e-02
-1.834471793364930020e-02
-1.840271576624803035e-02
-1.838859913526852755e-02
-1.838859913526700793e-02
-1.838682561747334576e-02
-1.839130959383942360e-02
-1.841005327941758196e-02
-1.846317299350054911e-02
-2.408030875153495051e-02
-3.564918485054541925e-02
-6.003036012496886648e-02
-5.730296812591630790e-02
-3.415720686247023657e-02
-3.420970038697510734e-02
-6.913349359464972255e-02
-7.589172549082692787e-02
-9.285484623020852368e-02
-7.543868467498762720e-02
-6.177892534006888120e-02
-6.167102599344456704e-02
-5.576335612980395928e-02
-4.995383160732154437e-02
1.440257818857806210e-02
1.151398125565965269e-02
7.662824100079461583e-03
7.885081969777408065e-03
5.234262936547769834e-03
1.376900870617227095e-03
1.117824785575157126e-03
1.104528484209471150e-03
1.097251329773228298e-03
1.097920068145546556e-03
1.097999513991317934e-03
1.097999513991358266e-03
1.097999513989601859e-03
1.097999513990916345e-03
1.097999513992385656e-03
1.097999513991288010e-03
1.097999513989187477e-03
1.097999513987717949e-03
1.097999513988931388e-03
1.097999513991205611e-03
1.097999513986457239e-03
1.097999513988738834e-03
1.097999513992371562e-03
1.097999513994819690e-03
1.097999513987482027e-03
1.097999513987621455e-03
1.097999513989539409e-03
1.097999513991508753e-03
1.098092192230758386e-03
1.097416084419396316e-03
1.098026164450290835e-03
1.094199915462658931e-03
7.877089923594804248e-04
1.069006290443545899e-03
-1.336383430140006094e-03
-1.317406877488337333e-03
