-3.600111213135812754e-02
-3.766775623427473518e-02
-6.967047359571217069e-02
-7.193135131248258596e-02
-7.583946048253165095e-02
-8.269116977394701251e-02
-7.956020674381102109e-02
-8.284873099319782497e-02
-8.357649694088241377e-02
-8.327775815004201387e-02
-8.460719800817241565e-02
-8.450787927150150980e-02
-8.478114613390659582e-02
-8.513555446618145672e-02
-8.510355616029158243e-02
-8.528842522491071609e-02
-8.535447310841676183e-02
-8.537076415192759726e-02
-8.543346559824492592e-02
-8.543337855819357896e-02
-8.542987703974898317e-02
-8.542573251977625404e-02
-8.538849875088946884e-02
-8.533067488602764927e-02
-8.528239079683573587e-02
-8.515332032568521947e-02
-8.501680458517653360e-02
-8.488622005536322623e-02
-8.450563555053700049e-02
-8.430753341846138060e-02
-8.383980460532119983e-02
-8.293684487715140274e-02
-8.278600165290617152e-02
-8.094853351875418157e-02
-7.959417853509598295e-02
-7.911549806655437944e-02
-7.281193511487266123e-02
-7.102475873857509725e-02
-6.793324258174482377e-02
-6.449321193585445811e-02
-6.027270333991191498e-02
-5.936312676084623541e-02
-5.111845815300482265e-02
-4.598088521841631193e-02
-4.490809450515299145e-02
-1.799876228448302889e-02
-1.396762908625336259e-02
-4.152339975530049652e-03
8.754909641908762211e-03
9.857645525647135143e-03
1.002297782505081301e-02
2.195453920652100030e-02
6.927825743843545221e-03
5.517817121746266228e-03
2.875413665895995736e-03
-1.806804165649929239e-02
-1.102186530575174905e-02
-2.496844029753318706e-02
-3.313770520712826934e-02
-4.814417466922674832e-02
-6.943470606960358560e-02
-8.915127899245323118e-02
-1.161886339921581607e-01
-1.258012384384369631e-01
-1.456575991367145273e-01
-1.605897600395430891e-01
-1.746999731465962991e-01
-1.731170800401709009e-01
-1.770886000524859172e-01
-1.856643202804702797e-01
-1.969468073076668102e-01
-2.010111995365524706e-01
-1.983171633536142120e-01
-2.007041149856332862e-01
-1.971933940910670646e-01
-1.880212606408936116e-01
-1.873255146328192400e-01
-1.704446616078368337e-01
-1.539690216241595411e-01
-1.515953073528045203e-01
-9.715697713693140225e-02
-8.576343539336542254e-02
-8.006446729237066962e-02
-4.825098513436520964e-02
-4.176385618395930116e-02
-5.318248786868415290e-02
-3.226210516502205083e-02
-9.983774650191156938e-03
2.892871531299329863e-02
3.672742139494528102e-02
4.800865935018915759e-02
5.742482108528473850e-02
5.320931114602635986e-02
6.324843912557903680e-02
6.222737782881621049e-02
6.070332815515228769e-02
6.894086655095491012e-02
5.855351894077434616e-02
6.216023662060349980e-02
5.284800968160164453e-02
1.973492088364994790e-02
1.077312073294938062e-02
-8.656782503142000304e-03
-1.183517637938126012e-02
-3.013875938344344474e-02
-5.404888989951168315e-02
-4.933797855264986099e-02
-9.085322388972240371e-02
-9.058850643413279835e-02
-7.750609215796762375e-02
-8.286806533140241016e-02
-7.361844535135483869e-02
-7.739308941452620327e-02
-9.112723299379153763e-02
-9.613688149220023238e-02
-1.172953975248989117e-01
-1.336612491655445878e-01
-1.492008561730332472e-01
-1.722169823467432082e-01
-1.977479152222579306e-01
-2.173845564001010700e-01
-2.452294104026176702e-01
-2.489946606863308320e-01
-2.620006035620308094e-01
-2.656207171892028263e-01
-2.606859563277532654e-01
-2.655092034689182645e-01
-2.451261125234003857e-01
-2.363924268383912342e-01
-2.264241385281073327e-01
-1.996997265526438137e-01
-1.943194845590666131e-01
-1.659080420155585323e-01
-1.555675624402451385e-01
-1.393124745283160770e-01
-1.264534187094690232e-01
-1.246152520769379518e-01
-1.162086907218180531e-01
-1.202070222430497853e-01
-1.188352093536498427e-01
-1.170760904373155109e-01
-1.224169131642109110e-01
-1.208247543631157106e-01
-1.207968454755665028e-01
-1.212825240205295946e-01
-1.211217311211252728e-01
-1.178889111804064666e-01
-1.190076212553397572e-01
-1.167991730760174207e-01
-1.063584130437101871e-01
-1.017881693762850842e-01
-9.121287331222102668e-02
-8.134312152303774246e-02
-7.457939725039482159e-02
-6.330426580367988498e-02
-5.382167432950792779e-02
-6.013438370376775893e-02
-5.915017184630031594e-02
-7.444308470619859230e-02
-5.314401099010113150e-02
-3.281645992026826358e-02
-7.112585756695331655e-03
4.937573459280329702e-02
5.203410267325502686e-02
8.323622070716536758e-02
9.294402037991154886e-02
8.011887733987126115e-02
8.846451697993790164e-02
6.528344194408454426e-02
6.029052506866881822e-02
4.400509327443675317e-02
2.201024496334736194e-02
2.375217989701475067e-04
-2.882592606092357953e-03
-1.136118199454542663e-02
2.712649423784390963e-03
1.081369097432313166e-02
2.669160060732450948e-02
5.339873749066106901e-02
6.973192457578251957e-02
1.146494074494102122e-01
1.512562219470360847e-01
1.612274171232254971e-01
2.114043570092175028e-01
2.159870952220044327e-01
2.271285813705039291e-01
2.457580251966695051e-01
2.076092846851139151e-01
2.145595157397885144e-01
1.971983609774790869e-01
1.566515726107888806e-01
1.638317134833993660e-01
1.562248017333377759e-01
1.527397838437045130e-01
1.845123348437188726e-01
1.872638823408589726e-01
1.961038548395820369e-01
2.178574014815795601e-01
2.129965995491302500e-01
2.287430869023261426e-01
2.370050434627055391e-01
2.317140019208310808e-01
2.483360335356548099e-01
2.408522780198351643e-01
2.388922753714767810e-01
2.436082552118814804e-01
2.243597866221397619e-01
2.222803522792062281e-01
2.086327070002617079e-01
1.798195617360645593e-01
1.683795511645781728e-01
1.203098629605334202e-01
8.538183356261427881e-02
5.056407427120893083e-02
1.864841936055091839e-02
-9.524287851496006721e-03
-3.360415813170426064e-02
-4.131019470344970967e-02
-5.330241860191940045e-02
-6.218224862004632925e-02
-6.412157341635105201e-02
-6.368811099235462125e-02
-7.864612547041309465e-02
-7.248128426171415728e-02
-7.605553891434900515e-02
-9.345698828504925282e-02
-9.123890127649031401e-02
-7.962119491096428248e-02
-6.304665270536839727e-02
-4.638155271992846357e-02
-1.045133967841276219e-02
2.118248830356818033e-02
3.733451672555329615e-02
7.994305854580860404e-02
1.010282967368129892e-01
1.117526313924076115e-01
1.464036266411331833e-01
1.440287340564808116e-01
1.541279750703574147e-01
1.605197979942837305e-01
1.439591332933412016e-01
1.483926503086719917e-01
1.322953843024123333e-01
1.034773565448751514e-01
9.486122645354504168e-02
5.449850609116868583e-02
2.757057237795671606e-02
-8.104466365457228556e-04
-3.992510251568073820e-02
-4.273295982913387359e-02
-6.618408573335635148e-02
-7.641328627629363768e-02
-7.893712103562643134e-02
-1.174092315708985534e-01
-1.179992143250526287e-01
-1.137039887850554848e-01
-1.280662316559164904e-01
-1.206794823621068075e-01
-1.236345951553074196e-01
-1.307195513290365652e-01
-1.271522281536172638e-01
-1.335163972970121182e-01
-1.348052871152670695e-01
-1.346293408277829673e-01
-1.458868850422949393e-01
-1.438283292380959089e-01
-1.591124428975576599e-01
-1.679275077979897057e-01
-1.762696299500990937e-01
-1.786954682155914576e-01
-1.613340371038983201e-01
-1.577003069050811890e-01
-1.456789656185120130e-01
-1.344258139857992251e-01
-1.297656788914235415e-01
-1.200204396283218178e-01
-1.086293112791054949e-01
-1.086328292306573545e-01
-9.409543128402976520e-02
-9.674353149961463505e-02
-1.056952282939587623e-01
-9.981862585763004447e-02
-1.081660747199153089e-01
-1.079525290254015751e-01
-1.122175170193837890e-01
-1.141166159466666941e-01
-1.105858545229480155e-01
-1.127053516113187825e-01
-1.001147380975676432e-01
-9.932383732642205421e-02
-9.424935090980464392e-02
-9.420306903594480308e-02
-8.945458679465430329e-02
-9.311375646221228819e-02
-8.284837292920615992e-02
-7.571372151702678022e-02
-6.170156975278992539e-02
-4.267375704200230407e-02
-3.524893040768106722e-02
-2.275213403609708737e-02
-1.884517952123939202e-02
-1.387471817401496332e-02
-1.513069006110039257e-02
-2.271058684795912788e-02
-2.652887842310701350e-02
-4.378605014909429244e-02
-5.645601549682670306e-02
-6.035293269178607783e-02
-7.648865572729945939e-02
-7.504252349678822154e-02
-7.909302345517740807e-02
-1.022278052755732358e-01
-1.038098184811202113e-01
-1.205308400748042325e-01
-1.310533185403953971e-01
-1.245743335591234235e-01
-1.326670794383722762e-01
-1.249932555322605526e-01
-1.105809573325229611e-01
-1.115616763183052834e-01
-1.128936322049662044e-01
-1.095761219142759035e-01
-1.114605578129629210e-01
-1.112107610623655068e-01
-1.124839120397645581e-01
-1.132579624218598424e-01
-1.237692310375741594e-01
-1.284035395210851305e-01
-1.377118159245547813e-01
-1.455190349858828391e-01
-1.562835624827379755e-01
-1.595529349379367634e-01
-1.787746279633057322e-01
-1.884758401977019993e-01
-1.931929512508868685e-01
-2.427244705159476434e-01
-2.287971971002035199e-01
-2.791856017658463918e-01
-3.189030424544426201e-01
-3.258025302748897012e-01
-4.241726848455876775e-01
-3.893207922783165631e-01
-4.174827090908707072e-01
-4.084553943114396790e-01
-3.116245246036807304e-01
-2.894807618673480021e-01
-2.091473114480439932e-01
-1.113743760167876795e-01
-7.642861800904779401e-02
-9.841631364882542574e-03
2.529421335535648671e-02
3.608664206786281470e-02
6.725146704472793890e-02
7.003052036941555258e-02
7.885410091819093636e-02
9.466495793222336197e-02
8.436847185634228918e-02
9.194138949820288009e-02
8.152411403688079872e-02
7.832735750310383660e-02
8.106409991574951845e-02
7.336499477032309979e-02
8.570844653632307686e-02
8.543818865400581997e-02
9.226814272442888931e-02
1.016855703861772459e-01
1.003185684156291529e-01
1.020956764445429404e-01
1.061816410529533294e-01
1.013726024397350045e-01
1.037050622306858322e-01
1.009743341220783464e-01
9.540076420439144722e-02
9.586943536532857579e-02
8.680959374013576257e-02
8.361592766988654168e-02
7.849846502476773291e-02
6.766057213155264594e-02
6.420775827765512478e-02
5.726894164265429465e-02
5.277627647011760847e-02
3.670873101688972712e-02
-1.105201175074852805e-02
-4.539098306651988268e-02
-6.385567291056405692e-02
-9.635239945417997665e-02
-1.107607238338394195e-01
-1.073922765478167174e-01
-1.346782630298068717e-01
-1.324700584801799530e-01
-1.268495460393122554e-01
-1.288961139407081291e-01
-1.429894920785738099e-01
-1.424116986289371556e-01
-1.471187989893968096e-01
-1.516557373507868012e-01
-1.519727664523888855e-01
-1.553978587349233997e-01
-1.566432989878172033e-01
-1.576437388042614407e-01
-1.593318770532378692e-01
-1.597279063394576037e-01
-1.607216474692843011e-01
-1.613617707879323737e-01
-1.615311888839635890e-01
-1.625233930345326150e-01
-1.622593946046897717e-01
-1.627666600782134987e-01
-1.637100685012258805e-01
-1.620799864633308551e-01
-1.643989814532598459e-01
-1.620555711293314993e-01
-1.583998479109486324e-01
-1.595671111706045420e-01
-1.508655572074209250e-01
-1.498020010707283578e-01
-1.465845192198786950e-01
-1.260289959377168256e-01
-1.226944347919588785e-01
-1.043353265369108274e-01
-9.443163081600020048e-02
-8.655369189873533819e-02
-6.928933751909116534e-02
-6.553565727139705477e-02
-5.160283557626847012e-02
-4.827765299501859259e-02
-5.014592288517111945e-02
-4.532493940032322061e-02
-4.606027137838736296e-02
-4.709126652138343611e-02
-4.703445919905165779e-02
-4.807748729120263353e-02
-5.392047867883326823e-02
-5.419405603669873867e-02
-5.788620637862719465e-02
-6.174459535998275822e-02
-6.209900574977113286e-02
-6.970961210444030776e-02
-7.008198973270141074e-02
-7.152885117045476582e-02
-7.377301940897394716e-02
-7.383149604046156111e-02
-7.489242030161288866e-02
-7.543825230533525439e-02
-7.563272222215369767e-02
-7.608871925816335091e-02
-7.623031689127406085e-02
-7.638743732091662908e-02
-7.654349875401385284e-02
-7.660047089773308615e-02
-7.668112086460376897e-02
-7.672973041442467113e-02
-7.675863781966821286e-02
-7.678826643926432716e-02
-7.680206799199455758e-02
-7.681214797201318945e-02
-7.681217170295773222e-02
-7.681347625019850633e-02
-7.680049798101561132e-02
-7.677813654558840462e-02
-7.677239352238973691e-02
-7.670523516709079614e-02
-7.667549560705703982e-02
-7.663291514484885103e-02
-7.643773350614513351e-02
-7.647481583995539844e-02
-7.619505849947057208e-02
-7.584726529880794765e-02
-7.607250332561221740e-02
-7.483130524049454169e-02
-7.491150105502256129e-02
-7.479055854046763596e-02
-7.116231363013822420e-02
-7.425473109055995280e-02
-6.911025933681132216e-02
-6.315641434188566661e-02
-6.665459304003192031e-02
