1.034335740165392981e-01
1.113523243926548834e-01
2.115697111186095603e-01
2.210358900285592232e-01
2.235858726697761423e-01
2.398640951424109713e-01
2.286314916493912275e-01
2.340085890867281693e-01
2.348618802960288909e-01
2.324796374622029038e-01
2.348361420563779833e-01
2.340112248315990851e-01
2.340222258840696234e-01
2.345405677627374619e-01
2.341740506056384508e-01
2.343782066306638323e-01
2.343977180266423876e-01
2.343224020662431628e-01
2.343993984394947827e-01
2.343479426941812993e-01
2.343426544135009115e-01
2.343269356406413040e-01
2.342522431092828872e-01
2.342511713283015606e-01
2.341010884174808959e-01
2.339996655338967557e-01
2.339389401266882829e-01
2.334171625342394141e-01
2.334452624597116999e-01
2.328342650584458440e-01
2.316125591010716744e-01
2.322004961241649068e-01
2.288376777002743556e-01
2.278106570351333404e-01
2.278520541588828219e-01
2.145077796246637747e-01
2.117426144904288321e-01
2.051469066479832404e-01
1.988004306294199885e-01
1.931397138057260321e-01
1.927711497338925606e-01
1.780734420874449386e-01
1.755484368169382969e-01
1.733086806882184472e-01
1.533837125203416085e-01
1.653746233961582157e-01
1.680952872141805721e-01
1.878508436985237284e-01
2.154899638510153204e-01
1.911717030382567573e-01
1.707268448450789955e-01
9.469927169801453659e-02
-9.757704438363339061e-02
-1.580668521310511221e-01
-1.132364075138510978e-01
-1.522469815919880176e-02
6.088090436581971437e-02
5.685321914666632837e-02
8.604883921535835811e-02
8.781596072500102990e-02
5.451400773167945635e-02
2.423466127107828244e-02
-2.008360893961894100e-02
-2.143214449376779768e-02
-2.519996444999712468e-02
-2.691581430621631590e-02
-2.277217530738591053e-02
-2.290430726733347355e-02
-2.236896113356481863e-02
-1.861718278968991017e-02
-2.049399833520296893e-02
-2.336798630589567716e-02
-2.487108852185313662e-02
-3.756093038883918933e-02
-4.209602244967211582e-02
-4.896454538935887668e-02
-6.073941379084065589e-02
-6.400579336999126512e-02
-7.322588732016907520e-02
-8.323468130018270295e-02
-8.415294472504894485e-02
-1.075921127594935689e-01
-1.198505862957225387e-01
-1.390603195876600195e-01
-1.431428441724180989e-01
-1.214386726630564128e-01
-9.850067856246946807e-02
2.944738903582023309e-02
1.472497148423680402e-01
1.763923902771162844e-01
1.947823315985800219e-01
1.938087204658550389e-01
1.437242450729389609e-01
8.435640718746360844e-02
-1.389780854418563860e-01
-2.368307235942952726e-01
-1.888963801209896654e-01
-2.226771992682255175e-01
-1.504324006265348457e-01
-1.984129945351394142e-01
-2.833402402578725221e-01
-3.155612251494107623e-01
-3.231620430351028195e-01
-3.634738427010891781e-01
-3.499575201881316433e-01
-3.354631767131039388e-01
-3.194057555767491619e-01
-2.898366561539829078e-01
-2.794041433136012498e-01
-2.481314778163756785e-01
-2.333453614063538128e-01
-2.148153517495418607e-01
-2.005852698489304919e-01
-2.002445371942245811e-01
-1.879018970968053259e-01
-2.015519121854831841e-01
-2.225380752772653792e-01
-2.281260508660489794e-01
-2.618395070311343997e-01
-2.739076946408418034e-01
-3.012817011695757552e-01
-3.241697399167601246e-01
-3.380001049748804220e-01
-3.725255937437564335e-01
-3.642584000322557913e-01
-3.884227212118045447e-01
-3.973828062448993559e-01
-3.839374605942015295e-01
-4.032075565265841877e-01
-3.953939976850691096e-01
-3.954900014972216882e-01
-4.096563429406905876e-01
-3.947553460310348483e-01
-4.045378111219158357e-01
-4.019071491928395967e-01
-3.784715975704884272e-01
-3.877306012587816708e-01
-3.580505663492073998e-01
-3.424371131499978071e-01
-3.307639292909154149e-01
-2.002013945888018454e-01
-1.761663990434165772e-01
-1.273328134651507126e-01
-5.388057008875343779e-02
-5.698486022399430750e-02
1.931275595691644628e-02
-4.403476890352013562e-02
-5.573203876525886780e-02
-8.149954070713250065e-02
-9.188122406676976772e-02
-9.898611079659899725e-02
-1.130402521268237953e-01
-1.219146061493036337e-01
-1.736169788866652741e-01
-1.769338719249326508e-01
-2.401121860207783287e-01
-2.428530364838098199e-01
-1.843067333276963982e-01
-1.408423266019679376e-01
-9.067350295966231100e-02
-4.812933613059999088e-02
5.861488248770353043e-03
5.061909118563621968e-02
9.009987271174560441e-02
1.258753611751249613e-01
1.537008545150983230e-01
1.580189804854009727e-01
1.561036981742076890e-01
1.396822271611937172e-01
1.049769715179840746e-01
6.841629463996685978e-02
4.452145588339744692e-02
5.940403349353493533e-03
-2.603444084701284772e-02
-4.889648112496005478e-02
-7.167745628945673686e-02
-8.401115192102331930e-02
-9.506775495027117162e-02
-9.673921306832347633e-02
-9.351669091085229590e-02
-9.129389575533854162e-02
-7.971901565230349318e-02
-7.247204861638428808e-02
-6.913684634461268741e-02
-6.000845981989590822e-02
-5.675312735693441302e-02
-4.918682025482490339e-02
-4.454856377668858780e-02
-3.320629398546773997e-02
-1.982018860558731888e-02
-9.765869479489586863e-03
-4.293673659879128357e-03
8.067747123171407214e-04
5.543174938847811664e-03
3.569803642399588250e-03
2.238465862191771349e-05
-6.268239225033830214e-03
-1.448809906299797223e-02
-2.259246077350670484e-02
-3.181773071982699208e-02
-4.570382296647984566e-02
-5.219371841677895862e-02
-6.425009281618304646e-02
-6.800825207246818938e-02
-7.552954222765721759e-02
-8.176783043778448890e-02
-8.543262556991541856e-02
-9.361139372444754470e-02
-9.674591519423997310e-02
-1.047701526327395605e-01
-1.115950821453018799e-01
-1.175532626435961819e-01
-1.313851856234389270e-01
-1.391880526466455770e-01
-1.524643522924883365e-01
-1.653114413270456995e-01
-1.756866737080572394e-01
-1.922612773691781962e-01
-2.055223594922606645e-01
-2.263713770008859427e-01
-2.402545524570846303e-01
-2.637733616000701442e-01
-2.753946659334762792e-01
-2.416532610910682166e-01
-2.352901262633271262e-01
-1.485824489556240857e-01
-9.135723371210041632e-02
-5.723143176954626626e-02
-2.754984045064920450e-02
-1.701348608734176010e-02
-5.418864461277045352e-02
-1.298321067493640457e-01
-1.557045869416306683e-01
-1.405090866659895743e-01
-1.368705142552519571e-01
-1.287959514945475337e-01
-1.149716444273610472e-01
-1.362001154979870510e-01
-1.687804190487876554e-01
-1.230817813311225473e-01
-1.671334290506626130e-01
-1.927240393852802103e-01
-1.937370112345833950e-01
-2.596898640025671612e-01
-2.469344947069369578e-01
-2.158185150105526307e-01
-2.121051974590147382e-01
-1.692612240915217781e-01
-1.509353047014781457e-01
-1.602411475647237959e-01
-1.484579465402399712e-01
-1.688814836044423284e-01
-1.612331042163483996e-01
-1.349829188599567797e-01
-1.046151922646892662e-01
-7.331448242647430058e-02
-4.822624718414580958e-02
-3.736494259318735855e-02
-2.769384921951149880e-02
-2.029025757558150511e-02
-1.438651798848924329e-02
-8.461191574682981609e-03
-1.020799958570585766e-02
-8.411900551481579086e-03
-3.702121074402726225e-02
-6.615081217346965858e-02
-9.054585475115534132e-02
-6.901838753604783161e-02
-6.944347430815647759e-02
-6.420116712698786809e-02
-4.448120141994366117e-02
-4.161396473409596092e-02
-2.518226023452425910e-02
-1.846538776604032470e-02
-2.871841007561323419e-02
-2.529496393125956269e-02
-3.490894133891624118e-02
-4.613671101385752316e-02
-5.437095903829491927e-02
-5.739332792959880858e-02
-7.921695444132634267e-02
-1.043631228481327194e-01
-1.481746337549196824e-01
-1.751749025482726707e-01
-2.150785552282922786e-01
-2.592319868821073570e-01
-2.710544804336992852e-01
-2.782821208560167792e-01
-2.710390611386988002e-01
-2.411633135848699205e-01
-2.129690452183207738e-01
-1.879780396598616232e-01
-1.602722912140763512e-01
-1.310775711818331080e-01
-1.127842393970428930e-01
-9.745569974938170232e-02
-7.794826562690188032e-02
-7.061303413745161073e-02
-5.254473845182754121e-02
-4.253698181704072129e-02
-3.520086630675946238e-02
-1.685926484542444453e-02
-2.021600622561818897e-02
-1.069842738135091606e-02
-1.568282271379856097e-02
-4.112596478123470983e-02
-4.450670585283270780e-02
-8.356695558980059557e-02
-1.079410008638705676e-01
-1.187975694734853122e-01
-1.524720786129403205e-01
-1.408047040498243974e-01
-1.517427349382727830e-01
-1.526006265861222788e-01
-1.196170967269962748e-01
-9.349798860277802603e-02
-5.993244508633736173e-02
-2.827417029059033082e-02
7.623638963676744595e-02
1.011306377745683355e-01
9.280419669104031377e-02
1.200028222241195514e-01
1.193071916286782969e-01
9.733750121340602190e-02
1.075932554109639838e-01
7.210803007681634846e-02
-4.674728129916783798e-02
-1.658606817724945226e-01
-2.278372607053872900e-01
-2.693075330851139038e-01
-2.791430178396773210e-01
-2.523731852638411155e-01
-2.586448320321189653e-01
-2.466746832729774241e-01
-2.015118203254002149e-01
-1.955315437743838647e-01
-1.781123152339615379e-01
-1.537450523209853981e-01
-1.505757337369027227e-01
-1.239354465697900531e-01
-9.996188535810431042e-02
-9.443577732305585837e-02
-2.952607677807936662e-02
-2.322346630410846227e-02
-6.448504682372492580e-03
2.284576320845365521e-02
2.570239064261611514e-02
4.774270756569619356e-02
7.154791080253065927e-02
7.494406982909082582e-02
1.157587979660937294e-01
1.169668131440154829e-01
1.225298032040845614e-01
1.347298326975080174e-01
1.341753540843682591e-01
1.400210507879959543e-01
1.434863298489970629e-01
1.464856785450530108e-01
1.492019683231260441e-01
1.542687471006616295e-01
1.592426065604134466e-01
1.589911355320234310e-01
1.658474300958497072e-01
1.782450099313359626e-01
1.790068492150971302e-01
2.091146485705823455e-01
2.093442947427291145e-01
2.124659699788435385e-01
2.203801471883061192e-01
2.192854171706479227e-01
2.223312051741922479e-01
2.238067984881009498e-01
2.238475177570780628e-01
2.251153577652341420e-01
2.252873901244626387e-01
2.255422113655221605e-01
2.259138497728904738e-01
2.259209056466603416e-01
2.260469915793910101e-01
2.261481702453913556e-01
2.260484467609924220e-01
2.261039887976163398e-01
2.260875504776405087e-01
2.257064115427833695e-01
2.259829809208102336e-01
2.253812352168092503e-01
2.247388338942334640e-01
2.256344098607491744e-01
2.224902803348115798e-01
2.234382645737003070e-01
2.232931596172327005e-01
2.138227934617077941e-01
2.239687755572328798e-01
2.081415621179248387e-01
1.932854115882259027e-01
2.036409201674829472e-01
