-1.109551324160432118e-01
-1.216041661675021368e-01
-7.857963293829424434e-02
-7.010139600014472783e-02
-1.189467160796039633e-02
-9.399758319330348000e-03
-2.320614686665073770e-02
-2.320614686665006116e-02
-2.320614686665135873e-02
-2.320614686665074464e-02
-2.320614686664775397e-02
-2.320614686664943666e-02
-2.320614686665298937e-02
-2.320614686665197976e-02
-2.320614686664882603e-02
-2.320614686664847562e-02
-2.320614686664791010e-02
-2.320614686664983911e-02
-2.008941247479393774e-02
-1.967132512578833453e-02
-3.949584053325222444e-02
-4.105420772918280670e-02
-4.189038242719290289e-02
-4.189038242719220206e-02
-4.189038242719050203e-02
-4.189038242719114041e-02
-4.189038242719193839e-02
-4.189038242719232003e-02
-4.311127493082293066e-02
-3.994428313978292538e-02
-3.257866374879629656e-02
-3.637430820319369901e-02
-6.188380167310434526e-02
-6.180152932069945398e-02
-5.613597110047322675e-02
-5.706314694245131353e-02
-4.652643748706540572e-02
-4.495312589096766426e-02
-4.309877420700167910e-02
-4.510142278783946940e-02
-4.571019757326706678e-02
-3.192155356508660780e-02
-3.092022927466714366e-02
-2.970267970381512343e-02
-2.970267970381568895e-02
-2.970267970381309033e-02
-2.970267970381488751e-02
-2.591394642080893651e-02
-1.926090069993614470e-02
1.079739640201380539e-03
-8.146270013013461346e-04
-1.412071844304976093e-02
-7.658137385570982884e-03
-4.080122707446317935e-03
-1.149436244054482040e-02
-5.124584389047139726e-03
-2.334112807870654047e-02
-8.732692805995705132e-02
-1.151128075020902419e-01
-1.628314803878437023e-01
-8.410529440209231489e-02
8.616449000769411948e-02
2.306437932997114637e-01
1.372526948942206504e-01
-9.039023096499777810e-02
-1.308504259103488998e-01
-3.121261676867363223e-04
5.311551023528916088e-02
5.761769188615715326e-02
1.273464827898478369e-01
2.068768424578384668e-01
1.962489171215842931e-01
5.679133531420180875e-02
5.679133531419795766e-02
5.679133531420291203e-02
2.794326570172391278e-01
1.385582851763186019e-01
-2.268134969526899858e-01
-3.381341578042103557e-01
-5.638541412237325912e-02
-3.529260730495136222e-01
-3.111556998025312715e-01
-4.505227216984968031e-02
1.032180572937188012e-01
1.967731079976290862e-02
1.967731079976598949e-02
8.722986411776660620e-02
1.629632343874103106e-01
2.231734920866084992e-01
1.893972154276060693e-01
7.284837419828717187e-02
2.025635820619101080e-02
-1.279597493961451282e-01
-1.454186990511278088e-01
-4.023466706693036576e-02
-4.189616309641740199e-02
-4.263313544081063361e-02
-5.504738936586589526e-02
-5.421664135112111427e-02
-5.652974034836009964e-02
-3.205471839600266409e-02
-3.242101755072453184e-02
-3.576481059515754929e-02
-5.682669381916796714e-02
-2.862179955973793641e-02
-3.566938633160438021e-02
-1.579479591876363151e-02
-2.289287476928101445e-02
-1.164690156966608214e-01
-1.313612575890484024e-01
5.378988411134782294e-02
1.643241798470804482e-01
2.625353930555574533e-01
1.644081977511440973e-01
-1.043250626013223908e-01
-2.887485741722105592e-01
-2.173660318794321256e-01
-5.572651980658609866e-02
-7.382883125110130396e-03
-4.172529078245441718e-03
1.775116429760525971e-02
1.932118527703972216e-02
-2.131002419836897088e-02
-9.852741243448870367e-02
-1.236645623267203370e-01
-6.526670207745319252e-02
1.730456266545241095e-02
2.774649267925328316e-02
2.336050721106047810e-03
-5.989967499521511515e-03
-5.075779699861004968e-02
-6.082249800124515937e-02
-4.417046155999013179e-02
-4.417046155999033996e-02
-4.417046155998802237e-02
-4.417046155999029139e-02
-2.341375234616899226e-02
-2.061782589869423990e-02
-6.870683225924310855e-02
-1.071899151475782935e-01
-1.999830695793529678e-01
-1.237010316405871835e-01
2.229048671068704912e-01
2.986119370363061187e-01
2.546953245042586911e-01
6.514344074523770178e-02
-2.823044706499233114e-01
-5.773217553395446622e-01
-3.323231505322916113e-01
-1.270193754757843740e-01
-1.568016226095662879e-02
-1.055746244911716508e-01
-4.416857975846515127e-02
1.151171772393987103e-01
1.438913879375238181e-01
2.107929847211330657e-02
2.107929847211381658e-02
1.485236107240912873e-01
1.717202397526350066e-01
1.554991717862188039e-01
9.177701566023058199e-02
4.582003536293188101e-02
4.390987736608958220e-02
-1.401485305281575944e-02
1.647913918282599074e-02
-3.218055860926960499e-02
-1.427854030851630485e-01
-4.006866036381887541e-01
-2.443837754841674814e-01
-6.156526771990851726e-04
2.870746157829731082e-01
1.828520247756638684e-01
6.532388837845394536e-02
-5.407653466783449853e-02
4.372389583728207574e-02
1.729791616678339090e-03
-1.242363285573728771e-01
-2.019853456388737978e-01
-1.361560230723181386e-01
-9.566345354164856873e-02
-6.054202954935469089e-02
-4.392179991975355552e-02
-2.497542230130901653e-02
-1.536033983049579429e-02
-1.958119757973566383e-02
-5.747395281662227157e-02
-3.324635625074530421e-02
-4.148222821719209363e-02
-7.240394382448742117e-02
-1.125186430752521394e-01
-9.504263358642439652e-02
-4.581009510695816661e-02
-3.180964462304405188e-02
-2.985582542113725257e-02
-2.109502709189485514e-02
-4.429491466872218647e-03
2.864233000717964633e-02
9.668035184641281601e-03
-7.005593777373882169e-02
-1.156871643706330888e-01
-1.999830695793506086e-01
-8.586587264774057926e-02
1.133458358931541954e-01
2.093131609990123432e-01
1.200317643969936870e-01
1.159260565482077288e-01
1.470270161940817333e-01
5.676123666715436611e-02
-3.581562774005846855e-02
-4.213383796218411054e-02
-1.361053577268558565e-02
-1.614208182829212357e-01
-2.035477171106907790e-01
-1.151620408957326203e-01
-6.070648372239571822e-02
-3.972540253661837467e-02
-1.623894982468722381e-01
-1.914600655980513710e-01
-8.642249072679028532e-02
5.434562514711453046e-02
6.869050715042830657e-02
2.939067098807685713e-02
2.713947646111293174e-02
8.770991436309532674e-04
-1.436032944375169491e-02
-9.857940389820823990e-03
-9.857940389820799704e-03
-9.857940389821006136e-03
-9.857940389820896848e-03
-1.643456733026594715e-02
-1.367823278189324136e-02
-1.189636281652679990e-02
-1.133565635368880345e-03
-1.084190201971785457e-02
-4.089897555925033762e-02
-4.463621741471918147e-02
-5.539750172300186848e-02
-5.878259753434186830e-02
-4.135594424732154384e-02
-3.177963480557539216e-02
-2.500944318289531967e-02
-2.500944318289494844e-02
-1.873596582151438802e-02
-1.760636191946285053e-02
2.522229510993157040e-03
-9.236692120503937897e-03
-4.830390004068280119e-02
-1.250437114615662038e-01
-1.141168916874364531e-01
5.378988411134733028e-02
1.643241798470769233e-01
2.625353930555582305e-01
1.644081977511465398e-01
-1.043250626013204202e-01
-2.807737609608408902e-01
-2.232060840105451194e-01
-1.610044874958863337e-01
-1.305213749197227380e-01
-1.435755590874878695e-01
-1.213499702680975040e-01
3.524657883115065587e-02
4.560079524309723631e-02
-5.188404509897959899e-02
-7.982321407942012670e-02
-7.922535335986799487e-02
-6.842346157506916382e-02
-1.895488091303325351e-02
-1.234367911536679574e-02
-5.589213145093335777e-02
-1.080991612043653016e-01
-2.340691046217243387e-01
-5.847525335657333123e-02
7.150185124795077618e-02
1.329697343873660342e-01
1.615021514976955896e-01
9.467018182591802056e-02
-9.039023096499979038e-02
-1.308504259103487610e-01
-3.121261676848347401e-04
1.178414873075464969e-01
9.657323155201914811e-02
-4.836041388930734965e-03
-5.234960768954195764e-02
-3.471005737904880178e-02
8.994495582886575732e-03
1.656978446513003578e-02
-6.509692203426791553e-04
-6.509692203380931970e-04
-1.819570812189756637e-02
-2.738206379557717521e-02
8.948763011888397805e-04
9.667245751969073472e-03
2.803995709932598224e-02
2.803995709932724512e-02
2.803995709932748798e-02
2.803995709932411914e-02
2.803995709932633959e-02
2.803995709932803268e-02
2.803995709932717226e-02
3.267227379620534639e-02
8.284141219679766466e-02
9.220969089135835906e-02
8.989353254291707063e-02
-1.044474425826572364e-02
4.684030979115583193e-02
-1.886337603131961471e-02
-1.521680856746652766e-01
-2.432062096909692606e-01
-9.067683128882195187e-02
9.962028831903805767e-03
6.387613813423974329e-02
1.676221615070002530e-02
-1.654566674468586993e-03
-1.301272207773875554e-02
-3.272905139435175210e-03
-3.272905139435181281e-03
-3.272905139434254939e-03
-2.090985711654731738e-03
3.284062778905025032e-03
-2.779661748039452974e-03
-3.370621461929382626e-03
-6.646234732113990955e-03
-1.084190201971805753e-02
-3.323885488199587734e-02
-3.774175966725552833e-02
-6.193010268738368546e-02
-6.576016302601049579e-02
-6.422883716642828478e-02
-8.332394073172436078e-02
-8.385574493658638773e-02
-8.626498737540873318e-02
-9.858286453758954848e-02
-1.173532332809689438e-01
-9.602523679036988058e-02
5.046530461848691002e-02
6.653625430249682227e-02
9.597702033391680709e-02
1.120153970036231739e-01
8.327794630963150646e-02
5.124040617194431518e-02
1.916365283253124857e-02
1.916365283253148449e-02
1.916365283253110632e-02
-5.468561526526973318e-03
-3.178377744748931560e-02
-7.657947202926970731e-02
-6.426336484974137786e-02
8.528898200627306470e-02
1.322247445461041115e-01
8.557521494520194116e-02
3.711425743815396222e-02
-5.675726764150395426e-02
-5.675726764149827130e-02
-5.675726764149743864e-02
-5.675726764149847947e-02
-5.675726764150239301e-02
-5.535932514099571600e-02
-1.134192939682600043e-01
-2.943466701019275544e-01
-2.950456413521809207e-01
-1.789257036976396598e-01
-1.789257036976366344e-01
-1.789257036976352744e-01
-1.789257036976436011e-01
-1.789257036976482640e-01
-2.995650407604822929e-01
-2.805776959041337282e-01
-9.290477008507087853e-02
-5.710133363821724706e-02
-1.753050197489761097e-01
-1.066451752175872209e-01
-3.332026648199012259e-02
5.105758016120374998e-02
2.549435861721913513e-02
-2.309053051571472240e-02
-2.309053051571487852e-02
-1.671198140517506786e-02
-5.686599578836361302e-03
-1.351175541175396412e-03
-4.540450096444675725e-03
-2.659121374912089622e-02
-2.659121374912071928e-02
-2.659121374912074356e-02
-2.659121374912030294e-02
-2.659121374912087887e-02
-2.659121374912075744e-02
-2.659121374912030988e-02
-2.659121374912203420e-02
-1.068256550325484208e-02
-1.880342578807428500e-02
-1.026671756280773395e-01
-9.927202845851613999e-02
-1.154531923089222771e-03
1.044356262112946208e-02
-8.388971201348060028e-03
-1.671333983310114429e-02
7.133741536799149269e-03
5.200537155544353307e-03
2.184927441905085838e-02
2.184927441905054613e-02
2.184927441905092083e-02
2.184927441905075082e-02
2.184927441905167023e-02
2.184927441905091389e-02
2.184927441905078552e-02
2.184927441905079593e-02
2.184927441905040041e-02
2.184927441904995285e-02
2.648091065437576178e-02
2.987874172273841111e-02
-3.690654828090832867e-02
-2.858317855787411918e-02
-3.457486109021387644e-02
-1.505847557693054499e-02
-2.037806949727917483e-02
-2.198602870605014317e-02
-2.198602870605000439e-02
-2.198602870605017440e-02
-2.198602870604975112e-02
-2.198602870605048318e-02
-3.111849902753393085e-02
-3.348833138588427211e-02
-3.853933274589207286e-02
-3.397309758514994310e-02
-2.923343286844982611e-02
-2.923343286844942712e-02
-2.923343286844980182e-02
-2.923343286844972549e-02
-2.754052943745877169e-02
-2.734732443690608000e-02
-2.199024585903335341e-02
-2.283669757452885807e-02
-2.322310757563397776e-02
-2.322310757563353714e-02
-2.322310757563385633e-02
-2.322310757563444614e-02
-2.322310757563324224e-02
-2.322310757563511921e-02
-2.322310757563321795e-02
-2.322310757563440450e-02
-2.322310757563312775e-02
-2.322310757563471675e-02
-2.322310757563391878e-02
-2.322310757563415470e-02
-2.322310757563319367e-02
-2.322310757563360653e-02
-2.322310757563254835e-02
-2.322310757563400899e-02
-2.322310757563413042e-02
-2.322310757563513309e-02
-2.322310757563389796e-02
-2.322310757563308264e-02
-2.322310757563222916e-02
-2.322310757563372102e-02
-2.322310757563338449e-02
-2.392665670261468966e-02
-2.421196518816760845e-02
-2.117083631621861223e-02
-2.052879833937293341e-02
