3.479019832597561503e-03
3.083887770323151620e-03
5.917169905645837738e-03
8.993355451163923681e-03
1.347420550423544458e-02
1.145980449841419065e-02
8.591823938013054551e-03
8.592571411565002801e-03
8.591237928988986264e-03
8.590620727053025624e-03
8.590701105350500091e-03
8.590700685536243816e-03
8.590700612534939162e-03
8.590700642908438017e-03
8.590700641013828548e-03
8.590700641016560737e-03
8.590700641017247688e-03
8.590700641015344696e-03
8.590700641016196445e-03
8.590700641017450651e-03
8.590700641014690705e-03
8.590700641016899008e-03
8.590700641015231939e-03
8.590700641016727271e-03
8.590700641015127856e-03
8.590700639727437415e-03
8.590700660648461010e-03
8.590700611917408830e-03
8.590700249448357528e-03
8.590755236983998663e-03
8.590325058603479058e-03
8.589284416987924206e-03
8.591844887025249650e-03
6.643542019324883384e-03
5.676936850236604694e-03
1.688487919427569817e-02
1.785882517797354394e-02
1.979482671372416805e-02
1.979314765715783908e-02
2.138204009365304858e-02
1.896705467760869193e-02
4.370872338220585691e-03
3.571443482940411720e-03
8.416567017595391956e-03
-2.410110404872483226e-03
-1.189505524231464217e-03
5.000588268536254599e-02
5.542511679851627737e-02
5.298419881025386718e-02
6.644535953383812199e-02
7.243730861408538557e-02
2.626396698174173969e-02
1.954188535783795908e-02
7.537318076322976033e-03
1.305402959305868027e-02
1.430775437487796439e-02
-1.444710788422418372e-03
-1.876629233734740734e-02
-2.093053803208741112e-02
1.856377427887428641e-02
-3.978023315320118602e-02
-8.568039570058608168e-02
-7.812140159661480621e-02
8.211326309811042834e-03
1.991957116769433808e-02
2.521825980647925819e-02
5.516231489389640270e-04
2.774561244615121602e-02
7.465244990744925035e-02
1.177128091926978731e-01
7.569034349958954355e-02
9.440961864840533013e-02
4.604263945119967810e-02
-7.554640706488488511e-02
-8.706652010531908126e-02
-2.872736179417515259e-02
-1.643639107538905422e-02
-3.683875763214963101e-02
-3.680471790933262377e-02
-3.437969630216369810e-02
-5.270323048928554632e-02
-7.216678897816834748e-02
-7.344065203817742860e-02
-3.679707601348007617e-02
-3.682524460679899997e-02
-3.427339498373216387e-02
-3.655249445102245337e-02
-6.152949364059179943e-02
-7.797115594080065992e-02
-7.371760127681208086e-02
-5.640387956238155504e-02
-6.036182947763318873e-02
-6.889695604211933111e-02
-8.050955638348829269e-02
-6.208671151088947238e-02
2.100939299120900203e-02
3.266760313599398335e-02
7.366339917374110230e-03
3.567517591956750889e-02
3.728067626295641229e-02
3.733524454090828004e-02
2.319414721817461902e-02
1.997244627674002806e-02
9.527131885095638589e-03
6.619111055712939042e-03
5.170249983131915139e-02
5.615624973699099437e-02
4.961128277032391537e-02
5.868773596939194648e-02
4.671029847491836584e-02
3.343910306763063500e-02
3.311493358280610810e-02
4.783495966053608051e-02
7.975363753610843764e-02
9.390335296036141088e-02
1.350791525823626937e-01
8.661613762631054092e-02
2.564000295000664828e-02
-5.375218706835793031e-02
-1.082635542263961220e-01
-1.156679308292648117e-01
-5.205171275792953162e-02
-3.509309223665406374e-02
-6.947931405484081280e-02
-7.422399762629573738e-02
-4.365457740402713116e-02
-2.235843614591485201e-02
-1.362171272639181759e-02
-2.531785697800074605e-02
-2.564706686477532735e-02
-1.483017886208797161e-02
-1.425310578076671719e-02
-1.355991050201321192e-02
-1.356484088054422076e-02
1.806911600043190611e-04
-2.142590266820095738e-03
-2.237596556124105129e-02
-2.924760871633473591e-02
-3.291434628299812204e-02
-2.606312075896467101e-02
-1.938011567610539373e-02
-1.521419240685339611e-02
-5.017510546689638029e-02
-5.283337798647164130e-02
-2.340150274434078109e-02
-1.271593022162025716e-02
-6.391616332127131317e-02
-1.774273377560325188e-02
4.409552856057199349e-02
2.445894284421028242e-02
2.975027028712795910e-02
4.930154652880094218e-02
1.489868526550350569e-01
5.998930516690700876e-02
-7.349839431940906331e-02
-1.308232544304974709e-01
-6.319468353340258748e-02
-1.537246183134234959e-02
-7.542254060585280688e-03
1.008573950051919535e-03
7.434096120324656942e-02
7.042884519348739658e-02
5.338923358804487790e-02
3.868032049675452361e-02
4.170563788766065705e-02
9.006040308143778428e-02
1.066298707084735731e-01
7.731931567649474868e-02
5.820738611141366980e-02
2.319695256747976442e-02
3.360574447427654848e-02
3.847568610232453973e-02
1.011972476504114510e-02
-4.281743199917303379e-03
5.615482404606861322e-02
7.187740866404671025e-02
7.501361685369878352e-02
8.810049966305666391e-02
9.497892424355827701e-02
9.492699858036980631e-02
7.045936453514380082e-02
7.215016570761934034e-02
5.710973001773583801e-02
3.325288310798697050e-02
-3.944765583269368298e-02
-3.540939666639425498e-02
3.800572254898686858e-02
3.351726317305027403e-02
-8.043204743434689830e-02
-1.219619972811272907e-01
-8.013884918575547855e-02
-2.165059020927237454e-02
8.502058393757130905e-03
1.536229551840800932e-04
2.778822574876213536e-02
2.285231493280719811e-02
9.521696167538555577e-03
6.619391242365424248e-03
5.169516619233776450e-02
5.615524967773773135e-02
3.838782766286911313e-02
4.980130421772394067e-02
6.046313128712815094e-02
6.545931264944575279e-02
7.364149194480504312e-02
6.012267908788625215e-02
4.151564932216298548e-02
3.861530074329651979e-02
3.460722081474208733e-02
3.836048802276527392e-02
-4.969504474962731927e-02
-1.386405220418013562e-01
-1.060690859067463382e-01
-2.203214346119559009e-03
7.100697969059413528e-02
2.487809826975079588e-02
-2.029792922986205922e-02
-3.885469200067665635e-02
-1.842066143376991372e-02
8.705034538526178894e-03
-3.166649719236597216e-02
-5.029163127705996161e-02
-5.219224078338285944e-02
-2.249924649859134582e-02
-4.238934088774658909e-02
-4.238579824636087151e-02
-5.999408196785476627e-02
-9.481772175313779583e-02
-7.191535856306821572e-02
-3.147507948791224835e-02
1.871850221605485601e-02
-8.405662876821184612e-03
7.701975149276158936e-03
3.612465362947763631e-02
6.048424744456828983e-02
1.143869654329938458e-02
-1.310822833816870092e-02
-2.116161142628964972e-02
-2.122747811041690580e-02
-2.010016097781495894e-03
-1.770743742367675289e-02
-1.853283023054123901e-01
-1.949524088939395827e-01
-1.637255839305852001e-01
-1.638741069358519986e-01
-1.637713318849817468e-01
-1.637413870914412317e-01
-1.637554328407120618e-01
-1.637480143254136100e-01
-1.637701068140718919e-01
-1.638563150324923723e-01
-1.636781867358621800e-01
-1.798727367348871287e-01
-1.599882869192770507e-01
2.847941465510279990e-02
3.669721875032452840e-02
-2.901529622020712195e-03
-2.730640441500447636e-03
-2.893334820986370910e-03
-2.602661740641664181e-02
-1.383593071947421954e-02
5.410127004514553046e-04
4.137807674212924669e-02
-9.375411122336996597e-03
-9.931143259519095712e-02
-1.055131535875858256e-01
-4.186174314694501852e-02
-2.142289315630697619e-02
-4.235647185448068730e-02
-7.993781365475152723e-02
-7.199542941268041729e-02
-7.228479939952662039e-03
-4.793882289398180944e-03
-1.050735587866025687e-02
1.578051972240916484e-03
4.759875416027776335e-02
4.061519380384077255e-02
1.459170364628337505e-02
4.298091598556951637e-02
5.245254652182420457e-02
7.975186424807864660e-02
9.390930630212371288e-02
1.350731983920522572e-01
8.661351380294016189e-02
2.565716548402149216e-02
-7.091539702169741277e-02
-8.446793843332672802e-02
-8.815393543528342313e-02
-6.080839321043165352e-02
-5.214507409613493988e-02
1.832974093530553112e-03
1.316253776808700565e-02
-2.573821985241036767e-02
-2.567841921034963448e-02
-2.573890203529872328e-02
-2.577789389598093145e-02
-2.574138222234519449e-02
-2.573898307082056469e-02
-2.581237320453814640e-02
-2.097746423179083775e-02
-5.326008165556533891e-02
-1.036248436118527017e-01
-1.159277939687880232e-01
-5.900330001403555208e-02
-6.224459536433708806e-02
-5.855640760346674661e-02
-6.787556593988408604e-02
-2.849224212497086794e-02
3.952850386761715823e-02
7.542245893092780484e-02
4.590288787514047036e-02
4.472842137159885323e-02
3.151510053613326007e-02
2.500727642113350149e-02
2.500622652144278424e-02
2.500431399940164848e-02
2.475250892252071552e-02
2.698116879828050055e-02
2.693506520409401361e-02
-8.471904994466695343e-03
-2.577273750715364589e-02
3.652985709747443022e-02
9.135291327140897255e-02
4.440971617307411939e-02
4.443456414339208571e-02
4.443368603648923526e-02
4.442519619613540666e-02
4.442616238089912989e-02
4.442533808005793422e-02
4.823838358525717879e-02
4.376733977999114344e-02
4.465869978837162108e-02
3.783121479500164280e-02
9.900595964997868648e-02
1.235752009619916214e-01
1.253483284063593994e-01
1.218487700238424509e-01
1.084500152301378917e-01
1.049385173987491676e-01
4.310958640139241071e-02
4.567752234942134421e-02
5.733118431099572948e-02
2.932201510835366620e-02
1.629451653614605658e-02
-3.464583166422895849e-02
-6.833777783104440229e-02
-1.659399665586568096e-01
-1.496229187361051982e-01
-9.355161995307011147e-03
7.113069189927614944e-02
7.898403930087430358e-02
1.107518802489458054e-01
8.904434853932226279e-02
1.105534116288267033e-01
2.535937958240493117e-02
-1.677272689718894427e-01
-2.183158852059651767e-01
-4.822578404340711888e-02
-4.828630047660567581e-02
-1.414902454658181485e-01
-8.599961657017174410e-02
1.151824823784958034e-02
7.208623612593768881e-02
-7.483810866638878311e-03
5.868601210933637596e-02
1.204216748570000467e-01
1.111880674757462911e-01
-3.063898128468051790e-02
-2.514273066192192485e-01
-1.440150205229515923e-01
-2.843831790602992151e-03
1.829037686600396284e-01
7.671968630968800662e-02
-3.921309899972503371e-02
-1.160967721164511274e-01
-8.451900869438414010e-02
-1.102661993973614307e-01
-1.008515579738043372e-01
-7.018660253201522425e-02
-7.022203299762459772e-02
-7.015276992858703042e-02
-7.012210655605460863e-02
-7.012521148423861428e-02
-5.733766829063367126e-02
-6.540998112539397891e-02
-7.205723261814771241e-02
-1.285131800114769074e-01
-1.190011865376934125e-01
-1.402364183797389086e-01
-1.084666052437579242e-01
8.929153073173728972e-02
1.041938966793985039e-01
9.071361269396606419e-02
1.385444674714106927e-01
1.417910902986454225e-01
7.344045078844270436e-02
4.954856686326521847e-02
4.555803026102051706e-02
4.355482106181464419e-02
6.071921191418050423e-02
5.943098147679507642e-02
6.341299630653343677e-02
6.341573568313518816e-02
6.341577140240475807e-02
6.341657155003610491e-02
6.341643805162480718e-02
6.341643747911920870e-02
6.341680410276301361e-02
6.341437417215825545e-02
6.341387801685365033e-02
6.341790437130194469e-02
5.251475257048457412e-02
6.322875637182842623e-02
6.876743250511359318e-02
7.422142987252450252e-02
5.279216303855738257e-02
5.279767569386078357e-02
5.278399552360814317e-02
6.283280846180439028e-02
5.413509125034008523e-02
7.714222264365854474e-03
2.684023920470891139e-03
2.008247262236101047e-02
2.007564653622673223e-02
2.007291135947519845e-02
2.920220536167011938e-02
2.981129320882795058e-02
-6.793505471212848285e-03
-1.135538960738925740e-02
-1.258053804255868276e-02
-1.258831573682956534e-02
-1.258983667234427929e-02
-1.259279090292441533e-02
-1.259033733733105898e-02
-2.163985248250267432e-02
-2.380636251491924024e-02
-1.186077802705249803e-02
-7.338589482607130871e-03
-3.000502194943464526e-03
-2.997204414484795285e-03
-2.995183040121912523e-03
-2.993914076892797982e-03
-2.992053760908995261e-03
-1.119253372174979812e-03
1.690732562012168161e-04
8.576144022007646528e-03
7.641023192439446582e-03
5.062364692207560121e-03
5.142601379768803327e-03
4.932141648728632574e-03
5.108261133957338069e-04
4.715515884154087493e-04
8.899597406272487200e-04
8.888845442669300774e-04
8.891145712769987818e-04
8.892129248057880578e-04
8.892002311352714423e-04
8.892003251577428914e-04
8.892003359796206820e-04
8.892003310532849755e-04
8.892003313681532241e-04
8.892003313678224340e-04
8.892003313681663430e-04
8.892003309620872013e-04
8.892003370590396798e-04
8.892003243951542230e-04
8.892002332934578323e-04
8.892164485948092674e-04
8.890992856526911368e-04
8.888294327835578488e-04
8.893088335946611840e-04
3.489637515994900422e-04
6.520193897031266407e-05
2.267633742135217231e-03
2.788690218510590183e-03
