3.678397643316753843e-04
4.740429428826305192e-04
1.209575639591591121e-03
1.223118420820107962e-03
1.977860269425224873e-03
2.077591394904323811e-03
2.072216157782866622e-03
2.284061873586839576e-03
2.269858083314889308e-03
2.318151640837869815e-03
2.364003531311341215e-03
2.362676097207995311e-03
2.386387268539854646e-03
2.394392530515767128e-03
2.398026942680743078e-03
2.405751475283619129e-03
2.407677460293594467e-03
2.410389321576304842e-03
2.412838958630200877e-03
2.414629682783831811e-03
2.416211936012179796e-03
2.418698475327074951e-03
2.422147595239992207e-03
2.423406436480193479e-03
2.432174443002282915e-03
2.437427309771806987e-03
2.442468985876656944e-03
2.473503078434169476e-03
2.470224508901441851e-03
2.511684422759597000e-03
2.589153990381148473e-03
2.540979212401579899e-03
2.783957943021284423e-03
2.837592228918945757e-03
2.785830972247837350e-03
3.825596859642456729e-03
3.790237615635535726e-03
4.212666857725569716e-03
4.441281345425782644e-03
4.399485337541163277e-03
4.727153295144762360e-03
4.515030760375226063e-03
4.170352160870844857e-03
6.524058219575910519e-03
6.830731067548659850e-03
6.854241130318980066e-03
1.508007370389470234e-02
1.605778417844597183e-02
1.716000291157391416e-02
2.009473240113345688e-02
1.981417693015308928e-02
1.573083034277243664e-02
1.514514196156820959e-02
9.960531404836804603e-03
8.596443583857880932e-03
5.258550971723768147e-03
1.882771780343621849e-03
-1.497440909427193764e-03
-5.304867606316640560e-03
-2.016489556929602044e-03
-7.053926089083051992e-03
-6.082040196474288590e-03
-4.550379810599847891e-03
1.555819132131147989e-03
5.756706596136398381e-03
7.983499318061311467e-03
1.329841855505169319e-02
1.551975384621947715e-02
1.695292815408859857e-02
2.217676700644367893e-02
1.507515845908138918e-02
1.421047801158772245e-02
9.557526467594621225e-03
-7.551828235132901877e-03
-1.057887972724575951e-02
-1.341115121299379410e-02
-1.787413181309804519e-02
-1.916885963966426243e-02
-2.273727543024748471e-02
-2.596180336315497342e-02
-2.740509831251530110e-02
-3.209271783367061148e-02
-3.342343864332757153e-02
-3.356103026292815011e-02
-3.646303583439341328e-02
-3.579425662518912615e-02
-3.785999073025875239e-02
-3.906900445063737903e-02
-3.922281161572725716e-02
-4.071290713714643961e-02
-3.680846731538710975e-02
-3.745734576021331891e-02
-3.317481002066069440e-02
-2.860694380855882679e-02
-2.643892536551979006e-02
-7.366966195437748416e-03
-3.623270250676238931e-03
-2.848986656403677473e-03
6.548107654066145922e-03
6.061259452741859025e-03
6.741327150888317549e-03
6.527388489807579332e-03
6.988680254513360626e-03
6.571868300233450755e-03
7.117173480400187588e-03
1.131076851048693974e-02
1.153918634153321826e-02
1.590101473888513167e-02
1.751113872791707285e-02
1.820319309134816460e-02
2.025837885360948221e-02
1.858983276549350250e-02
2.145123436941384631e-02
2.356355975892025084e-02
2.196643266001910288e-02
2.509880730019627484e-02
1.404690025821761501e-02
1.187000277610342821e-03
-1.222814974591710305e-02
-2.395726373040072896e-02
-3.071925780237406978e-02
-2.985742384602280489e-02
-3.033851434304021821e-02
-3.270250776476837928e-02
-2.944631892381375723e-02
-2.792321724685064427e-02
-2.518276505700637116e-02
-2.139955202791611957e-02
-2.143760685679123312e-02
-1.857515560860165116e-02
-1.700092246592320791e-02
-1.638123366558285818e-02
-1.422172146906333992e-02
-1.458954588465528196e-02
-1.284571729114888927e-02
-1.290731717940016808e-02
-1.393887447064528357e-02
-1.345165770492653262e-02
-1.507377926763637035e-02
-1.377074432860793743e-02
-1.412630007985026491e-02
-1.439904110859755240e-02
-1.270190994818503130e-02
-1.397129469803566962e-02
-1.112651821587562657e-02
-5.700562150211992314e-03
-1.036925400155582280e-02
-7.982037052411630361e-04
1.628201953476096165e-03
2.125573829079476472e-03
8.713731923272176327e-03
4.248502810579547415e-03
8.930087896562523622e-03
5.144530391931401853e-03
-7.912207226912396085e-03
-1.187113606394314159e-02
-1.355630017226074069e-02
-4.579066680773845842e-03
1.450426515563820555e-06
3.022537488357849005e-03
1.311269120547380734e-02
1.225131830582037486e-02
1.416510196945885112e-02
1.668152294422110826e-02
1.573329821258617062e-02
2.396361756621470662e-02
2.423208342890842762e-02
2.333089573922680904e-02
2.493099352730419882e-02
1.832237205132757757e-02
1.825513583075796115e-02
1.940722137290144117e-02
1.194849337901474941e-02
1.367567769899911967e-02
1.665031434087546960e-02
1.754772289557163939e-02
2.445621437981315704e-02
2.549146754440407420e-02
3.197255074722137047e-02
3.256416396621356069e-02
3.210363199815975677e-02
3.103811982308044698e-02
2.263262390774455762e-02
1.877972469911014242e-02
4.613581502043637844e-03
-1.529268933976837136e-03
-1.017392198302326158e-03
-5.982437996993736004e-03
-1.532479277339082388e-02
-1.564360571473939060e-02
-1.631703699407729274e-02
-1.226641666609624981e-02
-4.139942047884113095e-03
-3.255584083356202318e-03
2.586534021435011460e-03
3.935999227314981863e-03
3.863077592299508402e-03
5.568007299108307384e-03
9.706614112299831454e-03
1.063294618145316575e-02
1.403449584335984997e-02
1.622274088227266056e-02
1.743880370634119659e-02
1.868832977968291204e-02
1.937090574645148472e-02
1.630116803147557344e-02
1.336030682885665753e-02
1.024115346111914224e-02
4.109855149751862752e-03
-2.166162619687160215e-04
-9.301942973368681339e-03
-1.374026563498060780e-02
-1.303021873451403953e-02
-1.223651870002595218e-02
-7.804281861007686741e-03
-1.088333845616176916e-02
-1.119004180519354505e-02
-1.286265483408728129e-02
-1.557711836096555870e-02
-1.477703846269340371e-02
-1.984045870623224461e-02
-2.223989541002388895e-02
-2.450186581802033317e-02
-2.324955526113880663e-02
-2.716972671384890875e-02
-2.708737485567322412e-02
-2.703537346786870008e-02
-2.984271700487140314e-02
-2.575698055882257725e-02
-2.294286158755859395e-02
-1.093096691925016239e-02
-1.262615717630304751e-02
-7.507584096598454368e-03
-4.596616712217139848e-03
-4.341973800702343678e-03
-1.144711981065604268e-02
-1.950048917546873609e-02
-2.430186162860362153e-02
-3.193393531577547184e-02
-4.309844236553785762e-02
-4.653064486641203534e-02
-5.753007086045762442e-02
-5.914994404029275815e-02
-6.061729551065039162e-02
-6.430968664088651532e-02
-6.324568849099214407e-02
-6.403002711571717520e-02
-6.387637776704047088e-02
-6.249321817530190115e-02
-6.041156503995687849e-02
-5.905484195194231345e-02
-5.498718905969172954e-02
-5.029134604328983071e-02
-4.789677325402516561e-02
-3.805392198420107230e-02
-3.493063017425805661e-02
-3.279315128084674819e-02
-2.726041925549178152e-02
-2.754052991624180574e-02
-2.595161576525999159e-02
-2.317072087390228963e-02
-2.532352901468746045e-02
-2.265266878410394924e-02
-2.515310447244979361e-02
-2.955584774090976724e-02
-2.956081159634521560e-02
-2.678801443929408263e-02
-2.606462859188852024e-02
-2.401378763924873205e-02
-2.382962687960901715e-02
-2.158985410600740631e-02
-1.052873856462920032e-02
-8.165918557769652822e-03
-2.050979942946530837e-03
2.507091872346865237e-03
1.132833862722187543e-02
1.379181379259440676e-02
1.375272975893319059e-02
1.862826773572639344e-02
2.004818534684601333e-02
2.240957838498283325e-02
2.357792703284625896e-02
2.524804574431616794e-02
1.571571434676756474e-02
6.293610669667139279e-03
-9.056603601460811587e-03
-1.423732400913967772e-02
-1.821748574695090592e-02
-1.648958835672818812e-02
-1.844170667284795312e-02
-1.527437141093685585e-02
-1.471582846176340727e-02
-1.670635810526137008e-02
-1.530215243134656553e-02
-1.712097502019274686e-02
-1.768010127309190341e-02
-1.871358951055791114e-02
-2.029582517533523242e-02
-2.185362109997541352e-02
-2.454822625028055261e-02
-2.606662704170224082e-02
-3.068996432891919757e-02
-3.309130891451509543e-02
-2.928695593186270152e-02
-3.145060305862876909e-02
-2.591827882914738909e-02
-2.130479235488704978e-02
-1.236130075680265568e-02
1.873501322162469951e-03
1.137621015168775382e-02
1.086353300546250705e-02
1.592570874330400885e-02
1.452664408329663696e-02
1.427581002646153077e-02
1.510770804048178553e-02
1.411593686179399634e-02
1.461353806950851236e-02
1.340984074105655219e-02
1.381716209456494704e-02
1.277071840583414442e-02
9.153055027552552472e-03
1.513063999312179789e-02
2.167924256695191385e-02
1.504854244567376161e-02
1.888079457449581833e-02
1.844979069599207711e-02
1.751088407931472579e-02
1.897922946145395515e-02
1.823640976164847549e-02
1.867797196025416245e-02
1.966966037683044385e-02
1.823958637255052029e-02
1.989885881694198125e-02
2.309769319725819142e-02
2.354654185528495119e-02
2.984874561691448075e-02
2.877980773456258190e-02
2.706518850456945263e-02
2.835456179664842813e-02
1.931784759395698686e-02
1.866853309158739496e-02
1.473720463300596563e-02
5.621827606204074165e-03
3.313649176315438920e-03
-1.062462512542527472e-02
-1.117103295012340791e-02
-1.707764536881648670e-02
-1.665915051880032666e-02
-4.849803247377884423e-03
-3.471162077869674976e-04
1.327258434894292884e-03
7.567057420007928040e-03
2.271888563412062349e-03
-2.695614828256507473e-03
-6.624012134232899404e-03
-1.883007567170572744e-02
-2.386003118873162784e-02
-1.941616821760665246e-02
-2.419708565807432779e-02
-2.011102829705457840e-02
-1.691717645556159097e-02
-1.461820580838590379e-02
-6.114985347477383537e-03
-1.030940234140742019e-02
-3.873265672884503193e-03
-5.695371416061506716e-03
-9.855166994712571266e-03
-1.178758724329344310e-02
-3.195956210983645629e-02
-2.394027497831194284e-02
-2.492037497675547025e-02
-2.162506829546601700e-02
-2.553266104822073113e-02
-3.524136569969271715e-02
-4.357814519052041063e-02
-4.719253688574806538e-02
-5.476159377066119188e-02
-5.482511986592378955e-02
-5.633150797875077775e-02
-5.881413674397216462e-02
-5.601014173496193099e-02
-5.897205880688140278e-02
-5.673614311611632766e-02
-5.537563124772892226e-02
-5.758903649480086318e-02
-5.141026788062395131e-02
-5.433203370162333068e-02
-4.590406718175182865e-02
-3.433145279435594749e-02
-3.039798160183314682e-02
2.762924977188434272e-03
4.461008346202932455e-03
1.028120605102816540e-02
2.187374612099022078e-02
1.977698917226943659e-02
2.638508469889863650e-02
2.617347905740008071e-02
2.585099696803012242e-02
2.732250584307697322e-02
2.696603222513864473e-02
2.702623380985424983e-02
2.789242226303389333e-02
2.772926535385539237e-02
2.801559075124036152e-02
2.821331489446152543e-02
2.832596540550365305e-02
2.838520075473045107e-02
2.869235896680762468e-02
2.889970531819443383e-02
2.876706002811364044e-02
2.998717983815249108e-02
2.955416340319939536e-02
3.032679011948703415e-02
3.399604140111105177e-02
3.455946606231629498e-02
3.178702229264281087e-02
3.310446468110620627e-02
3.035047347107625373e-02
2.951401573882935295e-02
2.807140701470667646e-02
2.208035202423277998e-02
2.010564517612276406e-02
2.012376352020176645e-02
1.770738437137761925e-02
1.521330418640171565e-02
1.337857524546577116e-02
1.218555637579281196e-02
3.573625081403349751e-03
2.911291618292977459e-03
7.981988005028916927e-05
-2.377855826393617499e-03
-2.674200709797762941e-03
-4.575116784621529806e-03
-4.419742580857480112e-03
-5.358916131855557749e-03
-5.906498605352241034e-03
-3.553584769803977764e-03
-3.538581343060070213e-03
-2.505438971658674550e-03
-1.891107538972763282e-03
-1.587178167165488553e-03
-1.105784864282843925e-03
-7.613240622356157129e-04
-1.554121267741485608e-04
-2.451481344784696314e-05
9.907609635224114142e-04
9.998042264123883742e-04
8.635626412029649744e-04
1.007588821764408274e-03
9.478132999906426111e-04
4.664677820083254771e-04
5.192107697508169988e-04
4.253095304105343043e-04
3.288899105211646112e-04
3.411072513986881613e-04
2.924500710673334216e-04
2.781818403988910605e-04
2.736294163924123633e-04
2.581631801565919030e-04
2.562146982331682207e-04
2.524325617074162824e-04
2.479175159828990991e-04
2.482592670933290308e-04
2.468018915878730270e-04
2.437111183128951508e-04
2.494478141050342256e-04
2.436756111769389200e-04
2.436281267300458562e-04
2.626278398096415110e-04
2.277976445772348637e-04
2.698688953081907426e-04
2.832941872014876168e-04
1.776545119230085040e-04
4.691882255009518360e-04
5.578668742964016216e-04
