4.244129737151017441e-03
3.813354557383443356e-03
7.380849746441570103e-03
1.114371053556397970e-02
1.672033554523983181e-02
1.426700194333144905e-02
1.074131702891514654e-02
1.075426168825350214e-02
1.073158197433488580e-02
1.072111097913017001e-02
1.072246450896451563e-02
1.072238599799044990e-02
1.072236212659427243e-02
1.072229676111598889e-02
1.072328305035125627e-02
1.071613381841413255e-02
1.069837741022347175e-02
1.074223422314192315e-02
8.374227956909974582e-03
7.172460211054692246e-03
2.108227752660910004e-02
2.225388759402209191e-02
2.469780704656088927e-02
2.475116858014523094e-02
2.476272005953778291e-02
2.473962709466751009e-02
2.468596469531448082e-02
2.468251156087586731e-02
1.559197991714104080e-02
1.178894254536955351e-02
1.245961906326358351e-02
1.942060968180593650e-02
8.651090832265567743e-02
8.813704815107080426e-02
9.434749677303375104e-02
9.808162778268093851e-02
6.672333462106866397e-02
6.123693568719437708e-02
5.410352446784501973e-02
5.860730876388019206e-02
5.958622420014285381e-02
6.391115481311339386e-02
6.164122973927325250e-02
5.963627108391692661e-02
5.962661552011439686e-02
5.958980749877073463e-02
5.960583480151161739e-02
5.274289181345175048e-02
5.139616871663468117e-02
5.943883113604263302e-02
6.288575923840906967e-02
6.565544369657770607e-02
7.282922862893562166e-02
8.019331317994746189e-02
9.143248485515986790e-02
9.503568468319616158e-02
8.644236502591845506e-02
7.003880164646450468e-02
4.802464290391725982e-02
-4.260653586988617791e-02
-9.783550753610795181e-02
-5.221476674194155954e-02
7.493524243058152789e-02
1.156257147547313235e-01
3.286267044746632449e-02
3.710838262049211828e-02
5.694133883023446557e-02
7.000559699876392206e-02
2.760718056245918192e-02
1.113285256524238799e-02
-8.097106337991506059e-03
-1.054487676782715593e-02
2.445814988900053832e-02
2.627269915865777447e-02
2.521271807197466436e-02
1.407062317307871124e-01
1.165703410239177923e-01
-2.069646722478662992e-02
-8.146864756446478562e-02
-3.339696032646323476e-02
-2.046169303737451484e-01
-1.851899860721766267e-01
-3.790129235362946214e-02
4.734826818521018638e-02
1.516456808928567761e-02
1.683150324351384217e-02
1.164428620262664554e-01
1.307582773105168406e-01
8.292206213909350532e-02
3.277792935631952675e-02
-3.943794358630030306e-02
-7.827552636541679210e-02
-1.308770048435751177e-01
-1.112248950468930214e-01
-3.346724394971935940e-02
-3.991480535219971842e-02
-2.935844135559148929e-02
1.909739412491052654e-02
2.243089594365726275e-02
-9.209766458175831783e-03
7.221323301120090646e-03
3.655662433776551284e-02
2.704328759714031555e-02
3.592897362349337792e-02
5.179679250701828275e-02
6.642262207090651738e-02
1.132590758321641716e-01
1.726451408616990757e-01
1.927603005915027590e-01
-1.200833263303705684e-02
-1.689198678365189665e-01
-1.436300404342345238e-01
-6.676424675882394744e-02
-4.612608112786553000e-02
-8.730294749734812676e-02
-1.159077898903836945e-01
-8.567367728891839285e-02
-3.583779489605113527e-02
-1.281877010860201123e-02
1.588399674749829335e-02
2.057835896025678180e-02
6.968399738871161597e-02
5.631452258611970019e-02
4.736438482843035452e-02
2.420606747201575065e-02
2.854823411076062856e-02
6.932611227734220005e-02
1.228018319455464191e-01
1.300137452400886851e-01
8.389924740504063616e-02
6.289239793156903291e-02
4.245402571957278270e-02
3.136121564864318562e-02
-3.880186233503801069e-02
-7.525793703771856136e-02
-5.549238924540222245e-02
-7.146587518026567554e-02
-5.046394249161064577e-02
1.179997004992490439e-02
5.465898511165136198e-02
3.784650804849033767e-02
4.872724639900642002e-02
3.438100677389333698e-02
4.617735216709769469e-02
4.597190501758130488e-02
4.635745143828322312e-02
1.764191388058437837e-02
4.417380945566164174e-02
4.234457747075481837e-02
5.642575269556964618e-02
5.642465968855344544e-02
3.788757895101959455e-02
-1.131381425750488043e-02
-3.851842283361594371e-02
-4.072183280820817347e-02
-5.844746494681780924e-02
-5.361516957220419100e-02
-3.407055993308015507e-02
1.357646128374210464e-03
-2.688182434471414906e-03
2.014082761793680593e-03
1.002676782046672405e-01
1.024007027162733841e-01
9.359785981587294412e-02
9.384378748709891471e-02
1.171854541176263614e-01
1.251094123680079606e-01
9.414506506275627240e-02
8.244314203433841803e-02
6.625046682083585159e-02
6.618128406118371776e-02
6.617852078108774072e-02
6.598214194144950973e-02
7.564028008522306890e-02
7.587057150172656084e-02
8.974184107530697521e-03
6.099875024227329606e-03
5.077936859541751224e-02
5.563705599832877852e-02
6.277591438685568848e-02
5.876700535154694149e-02
4.318703030723839570e-02
3.767313927745093161e-02
4.577711705186113256e-02
4.574920022899563871e-02
3.245868585992213451e-02
2.372119752029069537e-02
4.285468455191236009e-02
3.747137544623296151e-02
6.976439692399684367e-02
7.098570755810366950e-02
7.758850018024734951e-02
4.312118567017768009e-03
-3.181388431411751212e-03
3.171441638576324995e-02
4.310729637360924404e-02
1.253783462452802769e-02
3.466034312638504450e-02
1.645544076719200957e-02
-7.711482515168696650e-02
-1.090615025498917617e-01
-8.420785487100675148e-02
-3.957710102634470067e-02
-3.102951886262648312e-02
-3.479007124096224896e-02
-3.601538685371481058e-02
-5.917430878733570543e-02
-6.697084170442103856e-02
-1.874472958843380332e-01
-1.774618958102809618e-01
-1.634490223235755824e-01
-1.651983888057254601e-01
-1.633438086217277596e-01
-1.632964718506261514e-01
-1.633396638779366361e-01
-1.640172007647903440e-01
-1.626565175296402765e-01
-1.569688950032131214e-01
-1.559189685752789545e-01
-7.698643923294568037e-02
-7.895029505771654355e-02
-8.099920879466976364e-02
-7.968945564529333891e-02
-8.017144202435944056e-02
-8.200570103092828800e-02
-1.216859906467075703e-02
-1.187110724707641021e-02
-7.914510332831485931e-03
-1.163969269624733592e-02
-8.142022183582444880e-03
5.023316156249081621e-02
5.203679936829494479e-02
4.545403199065250338e-02
1.319878761982783144e-02
1.584284803251470586e-02
1.031039460730335949e-01
1.307972247051335524e-01
1.001907516222265843e-01
7.908893451658642604e-02
5.972989240070208927e-02
3.293515343662602873e-02
-1.587119973500235662e-02
-4.011212597897814008e-02
-3.589067790049237094e-02
-3.555420577195200077e-02
-6.236255750611649669e-03
7.971011286069033808e-02
7.635947015633838542e-02
2.037104029321340493e-02
7.997774316373676418e-03
1.674390434404521288e-02
1.655889054412788483e-02
1.657765432910377965e-02
1.665242687158519433e-02
1.738316688774282567e-02
1.832841473026200832e-02
3.561599302224511404e-02
3.526168483699669565e-02
3.338201040231419253e-02
3.343334556102556254e-02
3.341710613889198322e-02
3.340214080202390939e-02
3.345202715384380798e-02
3.354590382318507064e-02
3.361003034409376644e-02
5.261303874539762643e-02
6.535469053917550286e-02
7.812730263613201775e-02
6.681458832137550374e-02
-6.813294129382420350e-02
-7.288638179033680997e-02
-8.162458512491753415e-02
-6.634943607756751960e-02
-4.620886843944917860e-02
-4.703617494082706386e-03
-5.634901011548026223e-02
-1.151863700004859270e-01
-1.350929784569635805e-01
-9.716642006923065233e-02
-8.488666140946132810e-02
-7.006407414276728807e-02
-5.483379389373034540e-02
-4.451178629735141196e-02
-5.036187324837488460e-02
-5.847890724509358790e-02
-9.040086106267741783e-02
-1.452893487772381753e-01
-1.662246705712145667e-01
-1.055776815701593152e-01
1.333656154306415639e-03
2.239507321870259568e-02
8.284030397518177269e-02
6.557711342762834184e-02
1.368117436555824594e-02
-3.008514461469518828e-02
-4.153701252525990317e-02
-5.675671066972651918e-02
-4.388620402831651390e-02
3.245135570356960566e-03
1.043144992799550745e-02
2.150113384178477596e-02
2.226379308935975965e-02
1.320054033631960951e-02
2.955096082829651236e-02
5.305833000597180021e-02
5.840893389218504428e-02
2.700026531843177646e-02
2.691248877288946947e-02
5.712742454268988218e-02
5.634374424859604769e-02
1.931872620634066118e-02
3.634235473388314642e-03
-4.396404437502736753e-03
-1.252969797851142750e-02
-2.853751374251910222e-02
-5.959674941708695967e-02
-5.374430190236229032e-02
-5.027705739188746692e-02
-2.040611097047689837e-02
3.769163663219540880e-05
3.439894576939982879e-02
2.848404481925294329e-02
1.226985622481172392e-02
8.717301860513088085e-03
6.496272184071061329e-02
8.037681565910566317e-02
7.250072230548422481e-02
9.199065694048425001e-02
7.435081874195513529e-02
4.924617293036606669e-02
5.361507262360244025e-02
5.531172860284033765e-02
-8.473583631251989726e-03
-9.212767350337543876e-03
-4.082523043185981603e-04
3.046508629105299654e-02
-1.372829156853591810e-02
-7.525560530155324390e-02
-8.503204523389551461e-02
-6.307587499164860056e-02
-6.658730127211601180e-02
-6.632028145254441343e-02
-4.170834133712057051e-02
-3.604488956085089013e-02
-4.324135229100506406e-02
-4.301233450047800555e-02
-4.280368878085823170e-02
-4.807779076388852407e-02
-6.626374023710711325e-02
-1.038976418314669636e-01
-1.146509812262812844e-01
-1.521193421701358961e-01
-9.431012851631860594e-02
-7.776269854637481160e-02
-6.623042099466469601e-02
-5.334091373158032778e-02
-4.628752767441184079e-02
-9.107846921157340681e-04
-4.761103967643082191e-02
-6.253224568455999222e-02
5.619617589866750945e-02
3.283505432321333350e-02
-7.035828377695657609e-02
-9.453658515966707754e-02
-7.663350264751954410e-02
-9.000097180376109840e-02
-5.471092853642631898e-02
-3.080152284106760230e-02
-2.141538906898043243e-02
-4.133408099694969862e-02
-4.108049493793113072e-02
-4.292903904807032940e-03
-1.238315164355637162e-02
-1.189637612120780438e-02
1.380797773309373061e-02
4.081883117194867044e-02
7.116005320267931866e-02
1.127981602460866595e-01
1.571005492337283205e-01
5.685993317998650626e-02
-4.838222083635731335e-02
-1.579193791292528015e-01
-7.210452263941208306e-02
2.540524480636026372e-03
4.349046957541177760e-02
6.414001129688551295e-02
6.003946361959424521e-02
1.537086636168831857e-02
-7.358421232815426198e-03
6.563193467910440580e-04
-3.585340875653679135e-04
3.299056713905355810e-04
-3.285470876411467241e-04
-1.629739429996744648e-03
-9.388576046083944643e-04
-6.336336381549510788e-02
-4.629312256952382992e-02
-1.041258754903135429e-02
2.290267577879647951e-02
4.102872249801291921e-02
6.973549422450521507e-02
1.767143529647527411e-01
1.115050843713733947e-01
-9.798406296439268748e-02
-2.123648235751664226e-01
-1.435257853751212009e-01
-4.663752984788296224e-02
-2.301067420245615780e-02
6.030773796082368118e-03
5.502430392449784990e-02
6.227294097347373103e-02
6.713641184266329331e-02
6.756140097310650572e-02
4.082452659947745366e-02
3.220524070943656808e-02
3.148737891286754187e-02
3.139865559566600711e-02
3.138855071987128181e-02
3.139074728538954889e-02
3.139389086599066875e-02
3.138022228059985513e-02
3.135419204175310393e-02
3.134828882663912714e-02
2.503838426911497717e-02
2.153439505246408300e-02
2.123017911201998190e-02
2.433746881979118384e-02
3.135699688572695515e-02
3.162730713528416615e-02
2.405788191170419102e-02
3.236564715556334432e-02
1.344119600196881092e-01
1.427083272457180529e-01
9.432771384459734398e-02
8.117489361650613577e-02
7.203453952144196759e-02
7.173059735849290908e-02
5.900339023874167504e-02
4.775874800457032693e-02
1.668349768218590698e-02
2.289338942809273497e-02
4.543731986960349023e-02
4.532830436101658450e-02
4.545871916244870192e-02
4.553250343565472258e-02
4.553599133322336345e-02
4.544108265055509660e-02
4.528694845156151783e-02
4.555760343839496823e-02
1.804695262774849360e-02
1.797618287136395349e-02
8.927073576352408113e-02
1.172770859120166459e-01
1.033783448060830584e-01
8.811191982798037559e-02
6.150108780502590300e-02
5.014010129196941334e-02
-2.811210444305979259e-02
-2.935185649797217994e-02
-6.738067602645461673e-03
-6.950986995523533545e-03
-6.862883791260516488e-03
-6.807636848813880884e-03
-6.816415019454787755e-03
-6.816229889717038797e-03
-6.811512226783843910e-03
-6.841209743159915556e-03
-6.881143785262115904e-03
-6.867264386078477008e-03
-1.936197736595986554e-02
-2.126908010409183161e-02
-1.775081664878121537e-02
-1.151197602442692591e-02
-7.585237621798613349e-03
-7.457255756356260049e-03
5.008550349438875907e-03
1.164171564126056414e-02
4.587790990002037911e-02
3.972780286930997079e-02
2.637929830344872689e-02
2.640382389558103629e-02
2.126640811415874549e-02
1.708881464888745497e-02
-4.505479168202090011e-03
-2.038260668707129238e-03
6.362008559608924030e-03
6.040173848773895161e-03
5.925829332392968480e-04
5.748700816203688871e-04
1.072415271776157092e-03
1.054186139579126828e-03
1.058150149385040468e-03
1.059734732485503568e-03
1.059492973085444240e-03
1.059511465566764571e-03
1.059513558475805306e-03
1.059512589847547625e-03
1.059512658312555594e-03
1.059512657961494183e-03
1.059512657653241411e-03
1.059512657701610055e-03
1.059512657700776087e-03
1.059512657700734887e-03
1.059512657703889265e-03
1.059512657641704849e-03
1.059512658016044514e-03
1.059512658320605361e-03
1.059512572618442764e-03
1.059513769622328532e-03
1.059511289270173746e-03
1.059493348908723204e-03
1.059778109749408281e-03
1.057805275502811957e-03
1.053166625166288223e-03
1.061386916129398355e-03
3.959885082857076354e-04
3.633256317364747727e-05
2.781152373805971696e-03
3.432018682682183141e-03
