3.680631828753018323e-04
4.745015225636421002e-04
1.210748202152984445e-03
1.224486261985129661e-03
1.980537597651987891e-03
2.081066399985898908e-03
2.078214904045575483e-03
2.293432612975517329e-03
2.280805267380632290e-03
2.338279721010479584e-03
2.390008076326203060e-03
2.395423566375415574e-03
2.450951636418861879e-03
2.458862491408740983e-03
2.508297173382094750e-03
2.595041827162232126e-03
2.562212830636380334e-03
2.813902105774142987e-03
2.879712315113410609e-03
2.874961405336070794e-03
3.907321833165430802e-03
3.943968695887698113e-03
4.458463524979134132e-03
4.653055291354393427e-03
4.957422636497869559e-03
5.334189605715728907e-03
5.272569516649653135e-03
6.509693925860409597e-03
6.358292374330149974e-03
7.112377804717970667e-03
1.130060034703347926e-02
1.205680317804008403e-02
1.909586446876029159e-02
2.011063953903239124e-02
2.192046347695145864e-02
2.405412880163444039e-02
2.555581510623542579e-02
2.641952274893418634e-02
2.670506879284189131e-02
2.798562566156640244e-02
2.809269176331724224e-02
2.880063157617583289e-02
2.869566644736361999e-02
2.865621830304157860e-02
2.892338930381937664e-02
2.858665225582624619e-02
2.915176994341853178e-02
2.887028435911915755e-02
2.881040695761526160e-02
3.077148407399028784e-02
3.134822822037154622e-02
3.183536726952205381e-02
3.288812801920168449e-02
3.311235347203875246e-02
3.136291893820582211e-02
3.063316262821173461e-02
2.669540819505786255e-02
2.132690119795210837e-02
1.828428028089539720e-02
8.628075073851472487e-03
7.640420480742014971e-03
8.153221946424791394e-03
1.585368531237115602e-02
1.810156264230633819e-02
1.485940256500527593e-02
1.770096722641747999e-02
1.468562568288158884e-02
1.516927353906353387e-02
1.242031106568213319e-02
9.909178923201396663e-03
1.006621936839729656e-02
7.771405367306278601e-03
8.214837217669060734e-03
8.882112029076200815e-03
6.128474915286807358e-03
6.775810993665781767e-03
5.183497151351011169e-03
-2.765216657243904294e-03
-7.630864109420115553e-03
-7.153911416760641399e-03
-1.618940014937393645e-02
-1.209655294631593186e-02
-8.355954194496559989e-03
-4.429240049321245959e-03
1.929158682062389685e-03
1.952071399422770567e-03
9.265985002567363876e-03
8.008086345077707058e-03
4.462130839279615339e-03
2.191239178037949174e-03
-9.903646399344309681e-03
-1.224843222749516861e-02
-1.997879413807176346e-02
-2.417760124730089846e-02
-1.281287032694559090e-02
-1.494363360084590905e-02
-1.081251325511616360e-02
-1.678747849675769595e-03
-4.383596090156416641e-04
1.271994430889628264e-03
5.428109485003351255e-03
9.121541260870631024e-03
1.089649638933903354e-02
1.422660339818257805e-02
1.552835290444875421e-02
1.774943992944586976e-02
1.880745834772627745e-02
1.887474453328468957e-02
1.655124696591870129e-02
-4.312992700726187012e-03
-2.006980888638023111e-02
-2.319716869326326342e-02
-2.710991967334193398e-02
-2.699321264240395202e-02
-2.824636653202653586e-02
-2.755557241428022164e-02
-2.383918380082341443e-02
-1.850496482054047806e-02
-9.418551826917156977e-03
-2.972943499254151935e-03
4.591006505071304131e-03
1.077841211334814621e-02
1.016338420356716760e-02
2.014794622070624486e-02
2.096616243790720008e-02
2.323476940826911530e-02
3.055765285093754724e-02
2.896193722845805119e-02
2.874391914562814815e-02
2.994006756578955833e-02
2.332329942136552800e-02
2.288918539832083057e-02
2.146148615934359571e-02
1.915120434381518619e-02
1.897686655409419609e-02
1.549450860553492834e-02
1.558479583689589137e-02
1.181411812056442842e-02
4.838514656403712991e-03
2.889915664350707972e-03
-1.139314627027778262e-02
-9.088989551827417537e-03
-1.619770702326350093e-02
-1.531279008048044496e-02
-1.597223550432857325e-04
-1.110303582501056489e-03
4.228185450930824554e-03
4.813984475107373900e-03
-2.712441737013187790e-03
5.695184442348611136e-04
-4.116645774858502388e-03
4.535537887275349622e-03
3.782334370258044753e-03
3.268938989798606237e-03
6.026598925267852985e-03
2.940711075096868327e-05
3.191020649308191556e-03
1.212585157678307008e-03
-8.015762274488913430e-04
6.746375424165163698e-03
4.655280994711747354e-03
8.835873188252832758e-03
1.323628882599504550e-02
9.414655524518438304e-03
1.550156594100887512e-02
3.908239816180117399e-03
-3.153637259750301496e-03
-1.079086199969358367e-02
-1.891436496013628593e-02
-2.394016583773955070e-02
-2.917360765392146282e-02
-2.759639771500217026e-02
-2.533555933864430412e-02
-2.158562110686959579e-02
-2.452812529317378865e-02
-2.434265740478602780e-02
-2.641572283394966192e-02
-3.005683163519139167e-02
-2.325564135469473243e-02
-1.926529580618148788e-02
-1.237909189216476052e-02
-1.611955213662147855e-03
4.481705917203035201e-04
7.251757996147839731e-03
7.166404388994749089e-03
8.908015477956155587e-03
1.019418169613842129e-02
1.117833375219049082e-02
1.759711757741661345e-02
2.143428585026408567e-02
2.166265851814605514e-02
2.135652390539213158e-02
1.955731698295316845e-02
1.668658736011920801e-02
1.647222777442152591e-02
1.399664986057573383e-02
1.410701246619624344e-02
1.244719323913542376e-02
4.663224237252221877e-03
2.775116224631184094e-03
-6.830438157755544179e-03
-1.088456871176686144e-02
-1.012916950768174423e-02
-9.656869011080537746e-03
-1.447369072936273773e-03
4.254356008035609440e-03
1.236573893947579689e-02
1.200947742400595292e-02
1.372139885268046540e-02
9.387314958870305107e-03
1.017645442168814245e-02
1.008518025821459468e-02
8.030446344007862239e-03
9.390950558071449635e-04
7.321851617408297111e-04
-1.075725506876153495e-02
-5.143456465089056920e-03
-9.759956673059184962e-03
-4.218840683661809633e-04
1.453942598599104220e-02
1.829134892193347295e-02
2.223339434398921566e-02
2.554716358629383066e-02
2.549911214092772868e-02
2.448922031472356223e-02
2.663800444228136069e-02
2.596203311624176169e-02
2.610156132014253283e-02
2.724282229468273642e-02
2.621776071125263285e-02
2.701982911169291401e-02
2.874804056608435895e-02
2.893941592054478235e-02
2.956645028686075496e-02
2.680002698001523326e-02
2.617415335793587400e-02
2.406160700941797209e-02
2.286934977320970869e-02
2.091468211135005806e-02
2.067849240801537467e-02
2.088342023296853311e-02
2.135165157778161349e-02
2.159776276617780127e-02
2.076348062722632379e-02
2.552646663446567210e-02
2.257901071105464924e-02
1.594810916105793980e-02
1.385974697345516982e-02
-9.560830427158762551e-03
-2.172410187288068006e-02
-2.537124133136143406e-02
-2.904913180361049299e-02
-2.708230031130343801e-02
-2.939741174579237754e-02
-2.738379393000779649e-02
-2.330350260533577134e-02
-1.926379131233571518e-02
-1.119316062254487217e-02
-7.338693667788978928e-03
-1.720101856272302334e-03
7.876237867187205199e-03
9.414539486040682942e-03
1.783805411997865104e-02
1.924587525717387851e-02
2.233594908198984277e-02
2.603428854408347190e-02
2.140622033474045421e-02
2.098626629920084460e-02
1.311021088609708868e-02
9.444910443681788295e-04
-3.031817374369442583e-03
1.079859421139190574e-05
-1.121322734029817081e-03
8.261358537970891688e-03
1.416233807181961971e-02
1.147902358050517657e-02
1.502531896717946083e-02
1.353130657385736950e-02
1.109337162479504327e-02
1.278998295038934196e-02
5.925350180983250323e-03
3.011769387105665743e-03
-1.401982110201273855e-03
-3.393302686877494936e-03
-3.961578356576485674e-03
-6.738518266641702406e-03
-7.602151824785343022e-03
-9.629621221640414022e-03
-1.268527792828999870e-02
-1.352678524735376892e-02
-1.724368794021068768e-02
-1.822640314122664015e-02
-1.781745124430219110e-02
-1.951512534779077657e-02
-1.892835110998349057e-02
-1.933708082526991445e-02
-1.957522914363065206e-02
-1.919761652309381200e-02
-1.936922395869519753e-02
-1.886820739603528585e-02
-1.885693089651544266e-02
-1.816099882261223639e-02
-1.802667771991064288e-02
-2.061202575417987737e-02
-1.889611088433879038e-02
-2.223171183375221432e-02
-2.125942501748810665e-02
-2.236087512792053408e-02
-7.938355321236888890e-03
8.845749282248082518e-03
1.908386650788194971e-02
1.679486655146065002e-02
2.099003415578610393e-02
1.961081069027015983e-02
2.163228383999073884e-02
2.226250827688621564e-02
2.332834201095217511e-02
2.459750617150935348e-02
2.479988455360894462e-02
2.950529451691032146e-02
2.935453562763692265e-02
3.070783679669462571e-02
3.168608007572662477e-02
2.967340756158247730e-02
2.993009854632320763e-02
2.702708959098270788e-02
2.578728309529519994e-02
2.465712042473300336e-02
2.180126329369271726e-02
2.242202347926870731e-02
1.902361589339422385e-02
2.098528289924998444e-02
2.472837942698511218e-02
2.510423842529837385e-02
3.233714283326737798e-02
3.152106975254756471e-02
3.185980577893650356e-02
3.334560372175315174e-02
2.454303096155088446e-02
2.298509550228793746e-02
1.875598837536304048e-02
1.469088539277561833e-02
1.346861588332149209e-02
8.294361852307698471e-03
6.573764849307537662e-03
4.383101404703983357e-03
3.445113396847286017e-03
4.190618966313430435e-03
3.464607512537322236e-03
2.619885051046003978e-03
1.921818483323222424e-03
-2.197043805048867499e-04
-1.173896968231380716e-03
-3.318935149577813531e-03
-4.287419767484692765e-03
-6.802268284907754710e-03
-8.685352765581201215e-03
-1.019904571783411193e-02
-1.517391891129395848e-02
-1.605296960409400078e-02
-1.695739980364373289e-02
-1.928567299655750689e-02
-1.779599178921219271e-02
-1.979614634186466215e-02
-1.879833947400798982e-02
-1.768975464218548732e-02
-1.891985706612120399e-02
-1.410751282057605763e-02
-1.388932818818182022e-02
-1.987796902900634127e-02
-1.694964137877243843e-02
-2.092379371458083157e-02
-2.086804170964676533e-02
-1.934194562790357563e-02
-1.006861549207885287e-02
-8.841914566303026371e-03
-3.912552617779081060e-03
-1.058279334893382417e-03
2.932327431921904690e-03
4.123752982883684658e-03
3.495979843286946970e-03
4.727963732617429353e-03
4.786715355274200230e-03
4.853252387206467150e-03
5.418129691874422164e-03
5.534654546680600924e-03
5.556567908921641180e-03
6.911441142694315504e-03
6.370874759549719456e-03
7.468348500424218210e-03
1.192864424390841643e-02
1.280800853566230538e-02
1.793441876493404030e-02
2.000757202979769334e-02
2.046722558654094984e-02
2.237479710535458105e-02
2.561990297461398669e-02
2.583701051836382115e-02
2.766435880479573700e-02
2.830422822047867423e-02
2.850612357363547025e-02
2.915828602707523295e-02
2.869982684562370767e-02
2.879629138842360742e-02
2.839915657046122519e-02
2.685912281379024963e-02
2.724310122213551705e-02
2.412657696124528850e-02
2.200200530178463357e-02
2.226936422667208024e-02
1.126449064693321560e-02
1.328033044571981861e-02
1.129437469027385482e-02
1.101130989667582077e-02
1.089150156291353311e-02
8.506628555332882563e-03
8.540421557163101543e-03
7.530445141515734221e-03
6.824722197444413330e-03
6.247753072669982866e-03
4.827130014254394329e-03
4.620146948628605678e-03
2.157834362581358568e-03
2.129251016187309279e-03
2.248325877757284628e-03
1.549188578243541328e-03
1.716835975277683371e-03
1.447376641852800511e-03
1.201227767967962034e-03
1.242568725333360533e-03
6.092511203501985552e-04
6.069629982659825252e-04
5.193997511999664130e-04
3.689982485571877916e-04
3.778548655337347494e-04
3.196972912098197390e-04
2.919597947475037567e-04
2.867876335603838337e-04
2.660160529321310588e-04
2.613050930571811348e-04
2.562018756330899168e-04
2.506610388612219706e-04
2.492421549554946669e-04
2.469226232118612997e-04
2.460199565215270682e-04
2.446745862385569484e-04
2.449541242404837589e-04
2.449791036897100709e-04
2.424524947006219270e-04
2.483911957394507853e-04
2.431037527741834758e-04
2.431622659034219757e-04
2.623005648154814735e-04
2.275970067901672339e-04
2.697039164265452619e-04
2.831780231452741409e-04
1.775745279375219100e-04
4.691186744728103697e-04
5.578273790420588052e-04
