4.445627203984566789e-01
4.706899193705712525e-01
7.427480958751495610e-01
7.722506993866667946e-01
7.709666147510862988e-01
8.119801403998487821e-01
7.871927320683226315e-01
7.989844848388898413e-01
8.032140323985516028e-01
7.959217299262838496e-01
8.031573393958593154e-01
8.009600316471852111e-01
8.002802335850304205e-01
8.030061034334611270e-01
8.008267522541063776e-01
8.011337041120299984e-01
8.030911786966293819e-01
7.987335006441521612e-01
8.017872632268144839e-01
8.011198413655606920e-01
7.886792461691179978e-01
7.876737813070701089e-01
7.660030365104990580e-01
7.628937199579970407e-01
7.532531177278909418e-01
7.373537441579751661e-01
7.391360645492868198e-01
7.125799324305153171e-01
7.014894030713054729e-01
6.879482313289240203e-01
6.149963385055920995e-01
5.867179561627068329e-01
5.478968632891723090e-01
5.169507553150726187e-01
5.566786696727969996e-01
6.484628777890153462e-01
7.050014695981412505e-01
7.191580771590734278e-01
8.071545472837498014e-01
8.043745622255011885e-01
8.263831101361094333e-01
8.282116859571524436e-01
8.126806545060121234e-01
8.240287537092847447e-01
8.045225538274497490e-01
8.031344695793171118e-01
8.009383518122566992e-01
7.731383607942019509e-01
8.032933460052356089e-01
7.739660993542495371e-01
8.198095928032760327e-01
8.497654391914200023e-01
8.460509417989600101e-01
1.134836402218962981e+00
1.109022017990817233e+00
1.124036893127079217e+00
1.219971976692894478e+00
9.660424281300681315e-01
9.373701212538422256e-01
7.472451331631172478e-01
3.417023548994010951e-01
3.042749199119340608e-01
4.274439182375568413e-01
3.789892143332833641e-01
4.226349088723133640e-01
4.153580681404653863e-01
3.376179952000410989e-01
5.212195332569204143e-03
-3.009421940664206430e-01
-6.877315393151883782e-01
-7.482510156021912051e-01
-8.756368865414374536e-01
-8.760188199394531861e-01
-9.266210470510689579e-01
-9.534642880070576254e-01
-9.124683788319973843e-01
-9.343672291236646554e-01
-8.977508275265919657e-01
-8.616604983090898617e-01
-8.642414971546870106e-01
-7.878962410453390630e-01
-7.686784230120811134e-01
-7.101929298868689955e-01
-5.989252251091204959e-01
-5.467362071162167325e-01
-3.563092914993954419e-01
-1.656159403040352585e-01
1.054816323015818520e-02
2.051481894917250859e-01
5.224028194181591367e-01
6.018110032750456639e-01
8.281044121900756894e-01
8.645688360164787145e-01
7.560773571227101808e-01
8.455319979911282147e-01
7.688755465139434087e-01
5.480995502903149852e-01
5.353426077903804536e-01
5.513884610628975481e-03
-4.743120835986443240e-02
3.154657136836901826e-02
-1.008491505058347892e-01
5.828185359054104120e-02
9.923700689493084037e-02
5.889725336016089080e-02
2.121425406270082137e-01
1.850771750424749507e-01
1.750791419808492011e-01
1.418193988598210886e-01
7.338893511158214866e-02
1.359901804695358256e-02
-5.576195739883989255e-02
-1.281412199153546538e-01
-2.221520995763769379e-01
-3.092049221157390781e-01
-4.325092810350378292e-01
-4.721382328200225409e-01
-5.619607181840300392e-01
-6.522068431933489840e-01
-6.145498021040896042e-01
-6.871226806781887131e-01
-6.382409018807764234e-01
-5.626486456681435433e-01
-5.517203950963371906e-01
-3.238386272784334885e-01
-2.153484399237519109e-01
3.172038231554951543e-02
3.266443968908124273e-01
5.574283448944461483e-01
7.822783833464814762e-01
9.355579508554692225e-01
1.054203386067777526e+00
1.030451890640369017e+00
9.882007027238332020e-01
9.645784653513873597e-01
9.417817946150837116e-01
9.168978632491509018e-01
9.038018067998241367e-01
8.729521726987073960e-01
8.636243779994957626e-01
8.325120575978175452e-01
7.992666888183275198e-01
7.916002774276768017e-01
7.199418707841340748e-01
7.161527427085552233e-01
6.663084686914051424e-01
6.055122165172172055e-01
6.071128850799307752e-01
4.848408275371889897e-01
4.629177589314568686e-01
3.167404137742061421e-01
1.769259127473896132e-01
1.316737939991603212e-01
2.081338615365723593e-02
-2.615080144184155075e-02
-4.144182031515067366e-02
-6.407007119921376281e-02
-3.681586650568822311e-02
-4.109191536683268198e-02
-3.922856812142984373e-02
1.717557312281896981e-02
-4.381362834957853308e-02
-1.744898806603963348e-01
-3.116156906998879261e-01
-3.123977345753281565e-01
-3.933475239724766870e-01
-3.834840695557271140e-01
-3.642309781841273630e-01
-3.940656398401832794e-01
-3.272633134678448741e-01
-3.153339050571832280e-01
-2.669497743477350360e-01
-1.617961522361194837e-01
-9.695042258572861282e-02
-8.653708054215773771e-02
-2.059247024635329701e-02
-7.626156959145341530e-02
-9.456279099802997190e-02
-1.235808996222570177e-01
-1.617704245015449960e-01
-1.537853075550191517e-01
-1.714112424328635698e-01
-1.659669764755248300e-01
-1.348884824600434240e-01
-1.481114590360996797e-01
-1.060908929855791938e-01
-6.987668422886224306e-02
-6.211102647802207999e-02
1.303546995793059687e-02
-1.150314692265550984e-02
-1.620891034027493460e-01
-1.877089501978539132e-01
-3.292003114866166591e-01
-4.175640108531540884e-01
-4.202468970639205437e-01
-4.929108155077262521e-01
-4.645566127563846015e-01
-4.601022354003547754e-01
-4.377986501623460924e-01
-3.304159576877009341e-01
-1.910836464658504097e-01
-5.770359511071862513e-02
-4.624107993912068837e-02
1.305165333284965742e-02
2.224184522268098096e-02
7.211042625524545502e-02
1.188369030295773898e-01
1.515709591844861259e-01
2.257226352951022808e-01
3.011083162316524064e-01
3.865366896846838540e-01
5.421967379308916257e-01
5.706284628517246382e-01
4.590133232581908862e-01
4.623965908893409305e-01
3.146783448430336971e-01
2.335037649037741692e-01
3.595514677337347531e-01
3.195749704825323056e-01
3.557803257647799700e-01
3.833624112709370646e-01
3.322945118193257330e-01
3.324624607517938646e-01
2.730506663781359644e-01
2.203430955138855063e-01
1.813562495165447763e-01
1.060840749245467729e-01
4.984536249642988748e-02
1.313155642907371141e-02
-4.396471083649824974e-02
-1.236685141422503159e-01
-1.649977527366256469e-01
-2.789736886867203447e-01
-3.638213835472259294e-01
-4.399252181563744757e-01
-5.367268931711954849e-01
-5.803695652683845685e-01
-6.534383309902703774e-01
-7.163140822244813410e-01
-7.316338058987098547e-01
-8.122813816789156149e-01
-8.215113853986757420e-01
-8.420918230180831632e-01
-8.510751723538317881e-01
-8.412453491945792727e-01
-8.538960584069554827e-01
-8.437043071388868887e-01
-8.316119763459730585e-01
-8.382992015046633050e-01
-8.036779033812850859e-01
-7.894606106834289871e-01
-7.590279211274391091e-01
-6.440825393548037514e-01
-5.996000235422294100e-01
-3.299304263369357004e-01
-1.895605153644109031e-01
1.473532827417931967e-03
2.554495075347427147e-01
3.406512834863568706e-01
5.733169995619209480e-01
6.093023424843651004e-01
5.100944338341677486e-01
5.674408954074163791e-01
4.915548414076907346e-01
4.763007893196764542e-01
4.129099674333868708e-01
3.836477269118668265e-01
3.637924791954124104e-01
3.254121893012693612e-01
3.005534486449513709e-01
2.926493009398358214e-01
2.410631491658206116e-01
2.348351310677472270e-01
2.408055999930444613e-01
2.204628742840362143e-01
3.066465229665163994e-01
2.807104562976924234e-01
2.731290183570057595e-01
3.445696446586715700e-01
2.841422314905081570e-01
3.258211031186312168e-01
3.416148636958238893e-01
1.729050803130604830e-01
3.937797983268815361e-01
2.831343112166783138e-01
2.120938146647289302e-01
-1.333700095676889665e-02
-2.882136991646649382e-01
-3.795435206236232872e-01
-3.989815773490090201e-01
-4.584148904490887855e-01
-3.735666639790627963e-01
-3.055627297322083269e-01
-1.676159478540282244e-01
1.171356583163309373e-01
3.208147897202003329e-01
4.286076681651228570e-01
7.615546733205594832e-01
6.950130848292702668e-01
8.656801079399132348e-01
8.670363594118903894e-01
1.601044291884075044e-01
2.667906313184887912e-01
9.559999361064981660e-02
-5.836237010270937248e-02
-2.154329747979231713e-01
-4.620373066366775805e-01
-5.221018237615295821e-01
-5.767881634378688727e-01
-5.942927937315337639e-01
-5.681350327361822661e-01
-5.715422130629834729e-01
-5.872962051612208301e-01
-5.781261949166836001e-01
-5.966045782011217824e-01
-6.035239149700276640e-01
-6.106985283863157754e-01
-6.260643806133595612e-01
-6.390964353815636878e-01
-6.510017163290144904e-01
-6.679693692905026570e-01
-6.893461679888029936e-01
-6.943463788156141181e-01
-7.202408311164384402e-01
-7.211899574958304804e-01
-6.924708348325614438e-01
-6.982067476759276081e-01
-6.466744542027136333e-01
-6.193256537396063521e-01
-5.814368308179800326e-01
-4.955579327252798705e-01
-4.544988431519454419e-01
-3.724824431314438522e-01
-2.950577643477641510e-01
-2.196730980549585766e-01
6.449593430936560734e-02
2.032513561283245673e-01
4.484809131762045320e-01
6.881479056677390904e-01
8.720153489276940562e-01
1.162568222504628102e+00
1.204634480661626483e+00
1.411724699189661703e+00
1.423650935071758994e+00
1.246413972396979375e+00
1.238715159934542953e+00
1.079861160941831155e+00
9.761394056322370005e-01
8.313703499386861928e-01
6.311290376964932003e-01
5.865443050702585648e-01
4.126232297658081194e-01
3.468133019586855936e-01
3.609269777635538690e-01
2.788700991318225908e-01
1.599747440630181761e-01
1.015324634691575634e-01
-6.956546849439351754e-02
-1.241579533036847316e-01
-1.826003669023920084e-01
-2.949978911842648932e-01
-4.359211954359635266e-01
-6.136560787387770333e-01
-8.455573345943276919e-01
-1.023807634694771984e+00
-1.077849743666628779e+00
-1.188684389677205022e+00
-1.191363873108325144e+00
-1.259787321784916481e+00
-1.278737521586453596e+00
-1.275613296844618105e+00
-1.295309946633977471e+00
-1.286267166890167957e+00
-1.289181783386992741e+00
-1.290948221566730725e+00
-1.280230077817860579e+00
-1.283117194329769895e+00
-1.270325339461095160e+00
-1.263035424788250705e+00
-1.259081427457221292e+00
-1.246304793671716649e+00
-1.244241628404974653e+00
-1.236077188863416332e+00
-1.229316790833286266e+00
-1.227371900596191390e+00
-1.218569273438150358e+00
-1.216937028518870978e+00
-1.211640107270869571e+00
-1.205805377404580270e+00
-1.204859125499112560e+00
-1.196478668108746257e+00
-1.194644807151123977e+00
-1.189271435871892546e+00
-1.180720638374433529e+00
-1.179274463757958635e+00
-1.165910657861242594e+00
-1.158595262285169625e+00
-1.147255378715323459e+00
-1.122271881927069170e+00
-1.104966164556684394e+00
-9.919270292641360065e-01
-9.443641723273391575e-01
-8.582221351338426008e-01
-7.598239097265953035e-01
-6.669893912170400396e-01
-5.386908919685683417e-01
-2.876440704531683101e-01
-1.589851084270602621e-01
2.877942089709972437e-02
1.653520134416361920e-01
4.265072396314392722e-01
5.221408257786552820e-01
6.952443084968688014e-01
7.216623930660890363e-01
6.156654610041398801e-01
6.709741795113908225e-01
6.228057792912506940e-01
6.061355229193299277e-01
6.178021791168936128e-01
5.871020624909323304e-01
5.884325462892527892e-01
5.796456442798191278e-01
5.570936043813811134e-01
5.535383030663975079e-01
5.252444017912404339e-01
4.925370549000949727e-01
4.763568520970123954e-01
4.029022728339468062e-01
3.899295084061017991e-01
3.552120041054008803e-01
3.231583173920501983e-01
3.035993093217621008e-01
2.740714493883837366e-01
2.470979877131883051e-01
2.097708086307016606e-01
1.831497247811957052e-01
1.239243636911618873e-01
7.872227231820473625e-02
4.414434248245252546e-02
-1.371964630780058390e-02
-5.231927567906084070e-03
-3.703678927460501286e-02
-4.892402329278090073e-02
-4.871893323659026720e-02
-6.690859128213909324e-02
-6.670571047729198511e-02
-7.069048889202676766e-02
-8.143120375717692594e-02
-7.813039006360715522e-02
-8.579284692238170473e-02
-9.504974495254955857e-02
-8.720321724847340805e-02
-1.078317575198399769e-01
-1.029045866409289273e-01
-8.451390417346194006e-02
-8.086364258514415482e-02
-2.437176395661530548e-02
-1.529006976197361299e-03
1.573924665877928647e-02
8.034250238223081264e-02
9.046861771868731916e-02
1.314124061389986553e-01
2.296117420616422267e-01
2.554881659378760994e-01
3.196856571747301867e-01
3.601835115121400088e-01
3.829544235327889679e-01
4.318647872476509275e-01
4.444652564196718836e-01
4.869233560459483301e-01
5.220664343008063479e-01
5.428556261308460362e-01
6.200355390098638564e-01
6.324686835673259955e-01
6.871683296383014339e-01
7.137626617091034076e-01
7.074190501662919184e-01
7.476853884346094103e-01
7.419700792899307507e-01
7.451696201024680111e-01
7.558963250349902685e-01
7.515072624457556083e-01
7.565461807132142225e-01
7.578439604737293722e-01
7.571838539858904982e-01
7.595010413950165074e-01
7.589973414182140665e-01
7.594991998347743190e-01
7.599299127315539693e-01
7.593626968209232775e-01
7.600056833339045026e-01
7.590204827543417521e-01
7.588671660306555156e-01
7.591062385959348457e-01
7.559138665549968161e-01
7.578582976351173617e-01
7.544002506974913924e-01
7.494427536099639298e-01
7.557532948729003275e-01
7.377585985535901614e-01
7.416170536811609315e-01
7.429597429335043079e-01
6.944615717811293276e-01
7.406040787648798807e-01
6.715140569820586824e-01
6.043544365205077984e-01
6.533602666603799403e-01
