-2.130157135577962196e-03
-2.284016611720657026e-03
-5.870470651003807314e-03
-5.975928111308560602e-03
-6.399183412207142679e-03
-6.977603185926173519e-03
-6.367890409641686206e-03
-6.654255133169369174e-03
-6.617251146687109717e-03
-6.522022085726292100e-03
-6.608038752533089769e-03
-6.561522039280029937e-03
-6.563180243605890724e-03
-6.575750386542737053e-03
-6.561279216070943845e-03
-6.567078100460439945e-03
-6.566101879945642796e-03
-6.563637279582526171e-03
-6.565292981122217673e-03
-6.563834964207894244e-03
-6.563940120753551134e-03
-6.563207243683785545e-03
-6.562454384153491686e-03
-6.562860027725988393e-03
-6.558657751064693800e-03
-6.560768350741516368e-03
-6.557387769931630195e-03
-6.546173716415312240e-03
-6.561209079820141954e-03
-6.528867301749428226e-03
-6.524035680604249252e-03
-6.562415820108132708e-03
-6.407973401801274511e-03
-6.541726143671731941e-03
-6.463513751741577565e-03
-5.961151532116816358e-03
-6.010314805471516850e-03
-5.875391139949630651e-03
-6.153445557763375859e-03
-6.141522170808321433e-03
-6.110410171552670654e-03
-7.782633434564468350e-03
-7.683859280301439526e-03
-8.819662046667262750e-03
-9.058498312412538445e-03
-9.005621190588213726e-03
-1.128383482944935595e-02
-1.148495669114391569e-02
-1.365464028452869141e-02
-1.443356202750673695e-02
-1.524723500408383878e-02
-1.658604097170276667e-02
-1.728582773828387514e-02
-1.830171806006852808e-02
-1.872109976596279812e-02
-2.085066877738509655e-02
-2.187615257687188647e-02
-2.457513380324435198e-02
-3.269490499606529654e-02
-3.309090147506746349e-02
-3.477933273681274584e-02
-3.936686467450312144e-02
-4.018552879887827417e-02
-4.745289850886953709e-02
-5.060096932902712064e-02
-5.133774310715176481e-02
-5.747433346409659000e-02
-5.693670346607566934e-02
-5.785027318301591559e-02
-5.992209080555234435e-02
-5.471038726933675350e-02
-5.537615785970197158e-02
-5.213907372127277173e-02
-3.821747101771591493e-02
-3.565765338705166598e-02
-3.001227120343362420e-02
-2.584766840600282584e-02
-2.592892589455144531e-02
-2.194626001067067483e-02
-2.046356401880311537e-02
-1.957805303880398237e-02
-1.696706581886177692e-02
-1.776249544544462183e-02
-1.726898328626548518e-02
-1.759415334845233769e-02
-1.856784450530055142e-02
-1.862874587559070275e-02
-2.110289555192645938e-02
-2.176369753283093761e-02
-2.250333822262209210e-02
-2.246278679888450563e-02
-2.289204678003836993e-02
-2.137143296429965672e-02
-2.077941996206618402e-02
-1.988843086214995767e-02
-1.205755199766365277e-02
-1.104876801445144052e-02
-1.122362073965540476e-02
-8.022559558602608901e-03
-8.614769387289888947e-03
-8.555814839394920018e-03
-8.399691644974036780e-03
-8.149978855159669203e-03
-8.531016667560661904e-03
-7.337748817588176688e-03
-8.161972396557781381e-03
-8.054266537823751709e-03
-4.705608384117563291e-03
-5.141149509674891940e-03
-5.267541745201212086e-03
-5.031361107753680798e-03
-5.281491323053267434e-03
-4.434079920328008739e-03
-4.661216164812788561e-03
-3.334473482943664351e-03
-4.051393171933393225e-03
-9.637879496089088449e-03
-1.329158270096553011e-02
-1.711601224946233957e-02
-2.061550809352136887e-02
-2.661806376059523693e-02
-3.100842580151400019e-02
-3.245120124895414793e-02
-3.533445130524080768e-02
-3.185229749058041127e-02
-2.764305361168670899e-02
-3.193844741418340460e-02
-3.099698077177996669e-02
-3.090415787381267654e-02
-3.255014327342170555e-02
-3.025314943041191099e-02
-3.016050591159668767e-02
-2.906662641404681585e-02
-2.766084688277844345e-02
-2.577120644924136769e-02
-2.502113639687070928e-02
-2.329132654260425081e-02
-2.291084643122915168e-02
-2.372480769337392825e-02
-2.302372508648658361e-02
-2.251282167403235307e-02
-2.377837467123118664e-02
-2.310908056979117664e-02
-2.452666476717179495e-02
-2.510259877243060239e-02
-2.099683369171996550e-02
-2.388058764750281698e-02
-1.705305343162441534e-02
-1.401906105171332566e-02
-1.295961716157995568e-02
-5.719499015395581795e-03
-6.886714985300204650e-03
1.855116167920579755e-03
3.701165258560113608e-03
1.171288645990408665e-03
-2.482154190718872857e-03
-1.093806597296379359e-03
-3.121026633597783449e-03
-3.094110600820307744e-03
-3.211400589953645069e-03
-7.260706287759293408e-03
-8.349061824616695743e-03
-6.323593170685305048e-03
-8.624237869961411812e-03
-7.802782032141802535e-03
-1.807988836920614364e-03
-2.076315647108975797e-03
1.019579101303266398e-03
2.253907051179902636e-03
-3.448665108804503665e-03
-2.462150603683693935e-03
-2.836309508016245356e-03
-8.505885206906652757e-03
-6.119794392101408215e-03
-1.044120369409682995e-02
-9.798837624548729919e-03
1.303300915247802534e-03
1.200609342692686345e-03
7.496741844970396945e-03
9.284234614702383329e-03
7.943166041085917423e-03
7.533602886199817009e-03
2.051441682028767866e-03
-4.129283439348301749e-04
-1.440432093659028620e-02
-1.541755782512678821e-02
-1.732558631847296027e-02
-1.972596669510918652e-02
-1.401461560659205546e-02
-1.536475051080967921e-02
-1.551227129243549704e-02
-1.341283185633433163e-02
-1.231663040876152665e-02
-9.936141874409942787e-03
-8.743968890545010531e-03
-8.945047521516192451e-03
-8.471812608664811700e-03
-7.787163977991481793e-03
-8.149558402892788031e-03
-7.424747922772628912e-03
-5.368908900443490964e-03
-3.247147775322166419e-03
-4.091148969915326186e-03
-4.089715310233381362e-03
-4.939849639721508034e-03
-5.294019702256281407e-03
-1.677268430227487738e-03
-3.526303708509274850e-03
-3.164011115572771832e-03
-1.622879434589484223e-03
7.287332204304066384e-04
7.863904918260850724e-03
1.043530622537923100e-02
9.886114457656617130e-03
1.186451968343673474e-02
5.696247464442089591e-03
-7.064437570758440310e-04
-5.340658277681608473e-03
-7.394206703335119701e-03
-1.131807839471779889e-02
-1.226450440557298738e-02
-1.145877068043564539e-02
-1.444830257107465252e-02
-1.533111511214089659e-02
-1.726787244060580886e-02
-1.804600574462594809e-02
-1.886103775239401231e-02
-1.981249650096430712e-02
-1.739703139817989908e-02
-1.739032800734385126e-02
-1.476821276391458021e-02
-1.532382935560255149e-02
-1.612357917848247085e-02
-1.538224285007768095e-02
-1.888467932627818646e-02
-2.091066435140449820e-02
-2.770228469402886279e-02
-3.307813108435822547e-02
-3.674514440162561513e-02
-5.117823560006431322e-02
-5.330701975164391787e-02
-6.080570269895374524e-02
-6.157779121279662732e-02
-6.205480585846150088e-02
-6.453444250269249616e-02
-6.331586828387843202e-02
-6.425504810156067170e-02
-6.450038275189338977e-02
-6.376429961049381867e-02
-6.428416934153166618e-02
-6.374918919210995072e-02
-6.316379782823139388e-02
-6.298377332188437316e-02
-6.185584420098887148e-02
-6.064133170348424973e-02
-5.965270076059307758e-02
-5.868589201791836463e-02
-5.815475386953047193e-02
-5.621497145720782962e-02
-5.483439824306735044e-02
-5.324307814066588096e-02
-4.804344623872247588e-02
-4.460493684683057569e-02
-3.731842582299930988e-02
-2.997076535997837687e-02
-2.548754972498310650e-02
-2.613248154010328755e-02
-2.339272668554930740e-02
-2.185356326842073302e-02
-1.835795850137531340e-02
-1.617459215224310159e-02
-1.522289390403173438e-02
-1.352327487928871308e-02
-1.421646687588021089e-02
-1.377167262447165016e-02
-7.743178306282186979e-03
-6.800491781168306778e-03
-7.242951259641537513e-03
-5.570052596630228545e-03
-5.510676393723537222e-03
-5.637283063991175951e-03
-3.976360008597967788e-03
-5.363085928291254703e-03
-1.131765991315133654e-02
-1.510955937631297194e-02
-2.067723169545124945e-02
-2.442497780485113068e-02
-3.128584280729703598e-02
-3.749934771415998347e-02
-4.143229299781771291e-02
-5.004987120057095146e-02
-5.267322041444661568e-02
-5.473074642981644311e-02
-5.801037680215958420e-02
-5.855194324400705280e-02
-5.984477578827405997e-02
-6.032690187394326720e-02
-6.106971789457980859e-02
-5.972792473302337285e-02
-6.010504009808925741e-02
-5.873767992619082640e-02
-5.391342290165211659e-02
-5.276085296208897490e-02
-3.949070010679352899e-02
-3.396158496874750882e-02
-3.157145595423302420e-02
-2.751637448901609467e-02
-2.516057284167650537e-02
-1.872367923171184417e-02
-1.397887252926875538e-02
-1.196659983793792528e-02
-3.966397813151950266e-03
-3.494254954332243462e-03
-1.477041672801115285e-03
7.539215392696910299e-04
7.714333915967192153e-04
4.566504825503517849e-03
2.592357468395535460e-03
5.679551942043019677e-03
3.262639388300190083e-03
-5.319560718403340376e-03
4.549558441369453993e-04
-6.951430581025608464e-03
-1.605881489185416976e-04
-6.755897713879473188e-04
-1.370117162571812906e-03
-2.797442420146831524e-04
-2.518362116203350987e-04
-2.429893393041318919e-03
-2.659231647099916801e-03
-2.017450080480944451e-03
-1.270970105854500425e-02
-1.039392633865190464e-02
-8.341463674334276268e-03
-9.095393670528719582e-03
3.394032274369244723e-03
3.982842168490740783e-03
4.415783236835019859e-03
8.430014856431107886e-03
4.861387085426487932e-03
2.297954862083599441e-03
4.641315545913158452e-03
-5.346721323308659818e-03
-3.736280497257524896e-03
4.862208855085816198e-03
4.172857376673114876e-03
1.068569634599268389e-02
1.168137011083735487e-02
5.695990372739240248e-03
8.183443892484149398e-03
8.087619665438954691e-03
5.264435131516542049e-03
3.434292502512990668e-03
-7.268717738846892581e-03
-1.389377300232132878e-02
-2.457418626112582716e-02
-3.573333105615314476e-02
-3.479319626900031354e-02
-4.248959809633563733e-02
-4.882909857465826675e-02
-4.776754432647471738e-02
-5.329956519466082926e-02
-4.995459590439367548e-02
-4.921079929780579343e-02
-4.833996766512949073e-02
-4.387036941767962633e-02
-4.260813621735921874e-02
-3.378850614979925920e-02
-2.272382615729070729e-02
-2.191844923480129603e-02
-1.255186895065366071e-02
-5.513364509685472412e-03
-3.221911424164941931e-03
1.583174155717892266e-03
-3.335810267870559752e-04
-4.636396820035805846e-03
-8.946625418839102006e-03
-1.412213456617360773e-02
-1.278630537627011877e-02
-1.588636913667936662e-02
-1.624706941364292487e-02
-1.627009063161843905e-02
-1.724488024439604916e-02
-1.690342013397503132e-02
-1.671433756998423614e-02
-1.509935735131619911e-02
-1.381309540290373908e-02
-1.252919503399603680e-02
-1.173282070199414134e-02
-1.116003941621271367e-02
-6.729341203470459026e-03
-6.060574513724935851e-03
-5.840893428420586980e-03
-4.363928416497154898e-03
-4.365818904780676205e-03
-5.800890728920720177e-03
-5.172977179500643126e-03
-3.434346771854687817e-03
-3.818041046611434647e-03
9.805685589877296063e-04
8.580841790836518310e-04
1.165824748817839533e-03
2.449735713394229301e-03
2.151843313332952538e-03
2.613244874781857005e-03
2.925419738181495814e-03
2.715747017842788137e-03
3.180234091297517822e-03
3.164216113018665250e-03
2.816268324458810323e-03
4.044536028739151301e-03
2.778646996870434791e-03
3.559684505719755594e-03
6.997074072815849533e-03
7.614245680416440593e-03
9.205041516169730834e-03
1.026502925212858380e-02
1.066709773814481128e-02
1.435260608602437031e-02
1.215243354899451025e-02
1.595110997450656376e-02
1.345436548751877820e-02
9.530518779477741009e-03
9.895871085401625536e-03
1.908626887988526099e-03
-6.093106551017695924e-03
-6.573117138977274850e-03
-3.160316482565649066e-02
-3.113129936485520277e-02
-3.452551065493014715e-02
-4.106761711362567208e-02
-3.799963268132927618e-02
-4.078290624512045937e-02
-3.872032910297516783e-02
-3.443727632135143435e-02
-3.498107774148222909e-02
-2.317897458280961109e-02
-2.306679524192476946e-02
-2.241985798021665921e-02
-1.917006626741909331e-02
-1.877977450652073416e-02
-1.748134975178380901e-02
-1.573622056403067154e-02
-1.314470469599440458e-02
-1.281227370172268940e-02
-7.406056978703713829e-03
-7.670249144732431412e-03
-7.280754354615633257e-03
-5.938649711270200561e-03
-6.208640642116644223e-03
-6.003028143730640767e-03
-5.850074519954617802e-03
-5.860652428534443223e-03
-5.765229294855893361e-03
-5.743305273749997261e-03
-5.729152784299560569e-03
-5.701098358991615010e-03
-5.696607247968388243e-03
-5.687513650635017161e-03
-5.679066597858784156e-03
-5.676244750890882887e-03
-5.672339538470018774e-03
-5.663419843814450003e-03
-5.664453645204822578e-03
-5.655286889983099190e-03
-5.635129985152470891e-03
-5.652829595630033850e-03
-5.594058445345630876e-03
-5.580290453875647906e-03
-5.618933413056310076e-03
-5.359231308570275992e-03
-5.545245975844503156e-03
-5.346517907819298317e-03
-4.540376480263134430e-03
-4.627325845452013794e-03
