-1.213678299410522569e-03
-1.347960295911020774e-03
-2.689004228202126080e-03
-2.639328995920357281e-03
-3.165247866787616014e-03
-3.394065478482277166e-03
-3.510341122735028893e-03
-3.688480052223747953e-03
-3.745105991353823993e-03
-3.804304046176488520e-03
-3.854737207932332817e-03
-3.872147856944829596e-03
-3.890561282208602686e-03
-3.908327213609258388e-03
-3.899308762810724509e-03
-3.902892979412500140e-03
-3.914014935358299009e-03
-3.844218953248644891e-03
-3.894300908283254876e-03
-3.830119695291177816e-03
-3.608194510005822628e-03
-3.556439405390717304e-03
-3.786824462521412929e-03
-3.698299341010422535e-03
-3.835941371538420519e-03
-4.051569793354771291e-03
-3.924854885923883055e-03
-4.538858004432429899e-03
-4.701655995346830895e-03
-4.652635448109473590e-03
-7.098189870642623509e-03
-6.708966481527633974e-03
-6.952023780067803638e-03
-5.874677672714014726e-03
-4.164124373666716443e-03
-4.296357288253548415e-03
2.204726676724213293e-03
3.105957658877042671e-03
3.419429100298834213e-03
6.193512367696304803e-03
5.868985967145193099e-03
4.421484843571977727e-03
4.321511544866138421e-03
4.277790780783123116e-03
4.119467693567587831e-03
4.071752241309172828e-03
4.696036969340982269e-03
4.824882365111654407e-03
5.053817812720439936e-03
7.671390083431305421e-03
7.917227656657067902e-03
7.555241331632433187e-03
7.688312480796068854e-03
7.634316849611871673e-03
6.025122861433119224e-03
6.454366716542271273e-03
3.253738579064888864e-03
8.479365793427485597e-04
-3.230480836743118245e-04
-7.468423384618292152e-03
-8.431527835845440896e-03
-4.433000844917447947e-03
-4.370500853861361887e-05
3.807763274509961236e-03
4.861291788542129386e-03
7.770986104586009684e-03
1.445687692659043157e-02
1.507325796306882570e-02
1.800107560615054822e-02
1.893167958892578301e-02
1.614726005014809757e-02
1.574108419328667380e-02
1.390313531031436671e-02
1.178319779048879988e-02
1.158191495449546748e-02
8.648077915852325076e-03
8.512884306631501516e-03
8.596903063530192748e-03
9.316613158071352513e-03
1.099631427256012386e-02
1.265141000661502632e-02
1.363702734676072725e-02
1.372534594336845271e-02
1.374892267493386597e-02
1.360305553186638358e-02
1.247271502107587943e-02
1.338543463573334952e-02
1.113265079050834890e-02
9.460445707114868014e-03
6.783018361325121766e-03
-1.783886338210228205e-03
-2.995997975974780403e-03
-1.177564253104154690e-02
-1.442844609708429648e-02
-1.120429508578115255e-02
-1.403849276081214903e-02
-1.285249903594450072e-02
-9.405491668028944860e-03
-9.146459111294543906e-03
-7.742190435005361082e-03
-5.308835351647942999e-03
-3.557228958046233444e-03
-1.726391777283542948e-03
-1.434744946252201111e-03
-1.167333772166804888e-03
-2.677161330516714208e-03
-8.849962950451950713e-04
-2.227560748112339829e-03
-5.331107415443957741e-03
-6.595637338572284472e-03
-4.058377689654756211e-03
-3.596853799697507549e-03
-1.484041610827732975e-03
-7.008436167130302919e-04
-2.121281616063592536e-03
-2.058907818571991451e-03
-3.669067528689093187e-03
-3.354091409305332266e-03
-4.632767835051383384e-03
-7.223363459818346599e-03
-7.457459030745552421e-03
-9.059416974032345055e-03
-9.245833431256053614e-03
-7.595031724274087237e-03
-8.040604508337389350e-03
-7.520366116591869522e-03
-4.271869755470386956e-03
-2.579091232973974683e-03
-8.915510394349009582e-04
4.333239364168409852e-03
4.852155755291567493e-03
6.453039780985306631e-03
8.367753437947780815e-03
8.263338159261663166e-03
8.710123266697962496e-03
7.665906268336071354e-03
6.165902372042022205e-03
6.790264454870668757e-03
9.498407247179298241e-03
1.385295219519794285e-02
1.512984811332484039e-02
2.051181450967926381e-02
2.160227276593517515e-02
2.052075197724877523e-02
2.342855703717491855e-02
2.088459954005213171e-02
2.114531599720831379e-02
2.104568646010775840e-02
1.565754704151144094e-02
1.451664070502936207e-02
9.906436262780753121e-03
5.976997833577850361e-03
3.083039442496670907e-03
-1.466848171266213864e-03
-1.186879971888864585e-03
-3.186890834095768097e-03
-4.419754994517618996e-03
-3.567780469864392182e-03
-4.848627014868872945e-03
-5.346626010872295408e-03
-5.532006338169255522e-03
-3.926498880169031896e-03
-3.084804107935648285e-03
-2.217605223486971214e-03
-6.644455615166628640e-04
4.834623175410789758e-04
8.131711951092250113e-04
5.769108804845372862e-03
6.147663579837445678e-03
7.923188058744206827e-03
9.694393314365874412e-03
1.007726471304285984e-02
1.127379825174508465e-02
1.267970983542886579e-02
1.270728073910238135e-02
1.439589234008674390e-02
1.362021295883980576e-02
8.720974275052879171e-03
7.483385605080723757e-03
5.259080191293453478e-03
3.575474300413431904e-03
-2.871396230546822102e-03
-3.704924180723410260e-03
-4.675676309723866483e-03
-6.373482325979822755e-03
-7.176796475715773241e-03
-8.614739457466075168e-03
-8.494652038615838063e-03
-8.453487420454984178e-03
-7.427463620130445726e-03
-4.660387606222643475e-03
-4.386444179999067494e-03
-8.606952348782370352e-03
-7.835631524273453663e-03
-7.839525051450375176e-03
-6.919496832925219054e-03
-2.589962376914001219e-03
1.007269790480697482e-03
-1.654616929633150220e-03
-3.035098977243427636e-04
-2.719684277863199454e-03
-2.318881050187699550e-03
-7.031200499642417320e-04
-1.973921320068583625e-03
-1.869489433448871904e-04
-1.621927842986255457e-03
-1.940547121515324427e-03
-2.180422313438739809e-03
-6.523925510335202779e-03
-7.331052606134865618e-03
-9.811017869926833695e-03
-1.231212065393264866e-02
-1.293603384032135373e-02
-1.522502558892017965e-02
-1.634598400963801351e-02
-1.713956436903928821e-02
-1.896135839963128400e-02
-1.941847240963616439e-02
-2.025324080464214332e-02
-2.123811828097742910e-02
-1.979576251847612808e-02
-1.884273500706816484e-02
-1.627025076567173434e-02
-1.297618822303242894e-02
-1.172746294916617721e-02
-3.859362243862059314e-03
-1.767952983425934372e-03
-9.904758968167391361e-04
-3.577552760139525445e-04
-2.128839615229507251e-04
-5.489714029380449167e-03
-5.424241555398391125e-03
-4.673472932917329022e-03
-6.646029494971455662e-03
-5.993032809864220524e-03
-3.972227059511990871e-03
-3.402416516967311094e-03
-2.363408720505577728e-04
1.396236569770200990e-03
2.413088509420019488e-03
2.263801318461705105e-03
3.595812544867591030e-03
-9.582687758380482868e-04
1.256541334540784956e-03
-1.767966806178099910e-03
-2.418179119882401650e-03
5.248738803147602432e-05
-1.690712570910203692e-03
-6.999067915305099384e-03
-7.384873391174542542e-03
-7.239370491537524405e-03
-8.699201649784361889e-03
-8.485037352387033577e-03
-8.546168419814309872e-03
-8.988422596064919029e-03
-8.774402268875831912e-03
-7.906924822829845129e-03
-7.784080934931767934e-03
-7.897026733835420947e-03
-7.698069343579218120e-03
-7.731536751992480229e-03
-7.986099158975617368e-03
-7.897466188717132754e-03
-8.152095488651797672e-03
-8.954143546376684693e-03
-8.375130996903616676e-03
-1.027865207989584959e-02
-1.138931946617745793e-02
-1.145915479948810684e-02
-2.103359157904870907e-02
-2.210529763691512772e-02
-2.330047568466511732e-02
-2.916358639946799863e-02
-2.916812591880443839e-02
-3.432301867119262606e-02
-4.039940819653135146e-02
-4.178320273947884467e-02
-4.417197242202811069e-02
-4.987691427023967228e-02
-4.977140270724350612e-02
-5.423408919265168548e-02
-5.379800117780312446e-02
-5.288293315105727088e-02
-5.467817174170751249e-02
-5.008754639857743163e-02
-4.976739731189704086e-02
-4.434806940246255325e-02
-3.643364987993431836e-02
-2.689534814746322861e-02
-1.645154792721523901e-02
-1.165873319758538480e-02
-5.552147555082672867e-03
-3.596045024636253078e-03
-6.417658262654930487e-03
-3.601807247113470584e-03
2.294809312967681803e-03
6.696688979632360594e-03
1.027262696869628289e-02
1.564501215520706923e-02
1.785223242464500232e-02
2.059107407783975635e-02
2.279453011771995566e-02
2.583778974019610916e-02
2.675678065717886772e-02
2.812420535162700810e-02
2.789139526028917848e-02
2.682823905969106831e-02
2.681735477625497854e-02
2.512970826081439846e-02
2.424901944468229459e-02
2.305710706284760936e-02
2.075231793566504473e-02
1.790545038025835936e-02
1.536747980443078747e-02
9.122934495514144551e-03
4.150161893573604301e-03
1.792873736757298131e-03
-4.302944094640511093e-03
-5.830004747290762866e-03
-6.264323303183459701e-03
-7.610222531348563926e-03
-6.731684274055844790e-03
-7.175652832011376707e-03
-6.789273144788506020e-03
-5.296526330584669200e-03
-4.823404968418683672e-03
-1.305344693790144641e-03
-1.099558778717793256e-04
8.786896322973045646e-04
2.679425363389722863e-03
4.106277760328159131e-03
3.313557037529278257e-03
-7.113632393992606710e-03
-8.962660919964542811e-03
-1.383940643755623111e-02
-1.649110678433565735e-02
-1.764467339608600735e-02
-2.417376963686521107e-02
-2.673625821102725703e-02
-3.301362204242267590e-02
-3.982875095234381796e-02
-4.215009792292039037e-02
-4.518036567265953929e-02
-4.555581888245369138e-02
-4.663323445120290400e-02
-4.743530856727419531e-02
-4.706332326116148546e-02
-4.839591853193393745e-02
-4.770784943329549332e-02
-4.865556177709327856e-02
-4.491855221660048803e-02
-4.084127845429316728e-02
-3.594502204893357949e-02
-3.245495996649516712e-02
-2.866178929040831547e-02
-2.812243394779587180e-02
-2.777409235970610193e-02
-2.369725623905188927e-02
-2.650325843665315290e-02
-2.470677742029214752e-02
-2.368610691696589748e-02
-2.093478132262407976e-02
-1.308791189697275717e-02
-1.129112710128483618e-02
-1.102196146295680163e-02
-1.083881715228061579e-02
-1.202166030325798989e-02
-1.233982654507122939e-02
-1.248739606747027373e-02
-1.178616028388295746e-02
-1.187414775855883883e-02
-9.051640951690993059e-03
-8.607059415902063026e-03
-6.169831724109167345e-03
-2.393073713282053115e-03
2.117867313506503150e-03
1.841612071868049556e-03
1.888969613371564585e-03
2.636275711503220480e-03
-5.872831803676704411e-03
-8.985197946887384796e-03
-1.880658832259085242e-02
-1.573374313663605459e-02
-1.391891023021870830e-02
-1.406720948607129672e-02
-1.570442605302493216e-02
-1.661297877260177469e-02
-2.373139907206935420e-02
-2.543742896928619796e-02
-2.692829534992200249e-02
-3.054229476742088140e-02
-3.001171554443691006e-02
-3.183324831055604764e-02
-3.261898989513094260e-02
-3.167389890306786249e-02
-3.299287598871274846e-02
-3.151178426063130228e-02
-3.055069334943843681e-02
-3.028677330137824128e-02
-2.790720426841825086e-02
-2.829912270735486512e-02
-2.658249638068377330e-02
-2.597078634831464367e-02
-2.874774250904132272e-02
-2.538053416288374789e-02
-2.533483391284782615e-02
-2.337632528032057913e-02
-2.225293601357729995e-02
-1.596775120348310067e-02
-4.806745224597941228e-03
-1.723151064421030165e-03
1.011825768185365629e-03
3.635757641393534516e-03
3.617768204137991606e-03
3.233495453494170460e-03
4.215978319461976404e-03
3.898379967623202477e-03
4.360405905493345592e-03
4.397444964603086995e-03
4.707824605292836029e-03
5.304453944715938063e-03
4.786329138731702099e-03
6.814772584244085593e-03
6.385064016971680328e-03
6.779377737519617919e-03
1.341482713204181915e-02
1.375173239928547710e-02
1.567184613441105490e-02
1.562115127781234236e-02
1.656517345178987188e-02
1.522615338504438275e-02
1.065125805129289727e-02
9.906595886908812695e-03
-1.054128820015840700e-03
-2.912910859143663222e-03
-5.390242088508093166e-03
-7.819091544479760125e-03
-9.723923420767149189e-03
-1.090974278086548691e-02
-8.924527201690519995e-03
-8.790825691638241846e-03
-8.010571037045296702e-03
-7.489157469495672133e-03
-7.341442858224364945e-03
-7.118094153935931867e-03
-6.861499142947241787e-03
-6.857873150306923599e-03
-6.899158795649051705e-03
-6.257190430410095733e-03
-7.068961596052225280e-03
-6.312846011883356707e-03
-4.567687098911064197e-03
-3.209041802711892332e-03
1.838538040340688060e-03
3.654466024802724856e-03
7.072366074312341072e-03
8.511885374307156735e-03
1.423583577689887386e-02
1.451928150845271936e-02
1.509657869637428401e-02
1.651981973290473152e-02
1.618021371270894973e-02
1.666065238311384769e-02
1.636981596977761522e-02
1.606842493180503026e-02
1.573159596278933883e-02
1.401378146902487742e-02
1.395151055466886322e-02
1.097589206008115631e-02
7.677726707729077768e-03
7.779259988156922781e-03
-3.917194366098036146e-03
-3.275622853271286262e-03
-4.593519870643253573e-03
-7.200685097835691877e-03
-4.909849370174424951e-03
-6.194048039522725112e-03
-4.441922535781973533e-03
-4.749440786729097405e-03
-5.546227012344439634e-03
-4.861021819531368207e-03
-5.394905528942734417e-03
-5.226878387690017148e-03
-4.432781067082238423e-03
-4.201265124291046239e-03
-3.912763186216651999e-03
-3.749313393335764345e-03
-2.819719403650450783e-03
-2.793026880397174536e-03
-2.537715796314145549e-03
-2.326566033107339317e-03
-2.302136456744471003e-03
-2.191159860573165929e-03
-2.149277519357911063e-03
-2.126016875483939788e-03
-2.091119862856435398e-03
-2.081183882644779652e-03
-2.069065520972246820e-03
-2.059747946976532573e-03
-2.056226208090034327e-03
-2.051540144479675320e-03
-2.049407879995652354e-03
-2.047960854375599493e-03
-2.046534568017836786e-03
-2.047051934567980982e-03
-2.045867480789022134e-03
-2.047068424459720388e-03
-2.049688599026509416e-03
-2.046174446454337038e-03
-2.056814752985927208e-03
-2.056303908323763637e-03
-2.051779828220812348e-03
-2.094941814209419842e-03
-2.055127801105527743e-03
-2.100679397950418106e-03
-2.196416664118830322e-03
-2.005123753328395906e-03
-2.418143266681248467e-03
-2.508341079040942497e-03
