2.283563772558414983e-03
2.669531254748211836e-03
6.461296045427326884e-03
6.172395562421363613e-03
8.868238918024360165e-03
9.987253552379317389e-03
1.067458425386104588e-02
1.184209052542769050e-02
1.222249634737463536e-02
1.273226837216831497e-02
1.315843163803082083e-02
1.336061735284293020e-02
1.362475242643388686e-02
1.378285970967593060e-02
1.389887481911680420e-02
1.401340180333303723e-02
1.407739028244561243e-02
1.413415271217362094e-02
1.417679450477489847e-02
1.419782823123439189e-02
1.421603916779027969e-02
1.422063035539184762e-02
1.420924908098384308e-02
1.420221970579352636e-02
1.416618427473373409e-02
1.412130256348763900e-02
1.408759343156596767e-02
1.396688523107246331e-02
1.390247597741881523e-02
1.378240783369053153e-02
1.349352267631319206e-02
1.347725910609104752e-02
1.299169743616690291e-02
1.255655947270843675e-02
1.261450946809614636e-02
1.097437822982487779e-02
1.130724277410734106e-02
1.078880116126250052e-02
1.088287393100478492e-02
1.128670180892333078e-02
1.098336785809558153e-02
1.282838468003062726e-02
1.217146309720814820e-02
1.314965259262317922e-02
1.225834338902910547e-02
1.205629802574076717e-02
1.366686688581612331e-02
1.313450575105722801e-02
1.354220870291096904e-02
1.397257574272722097e-02
1.105652529773478755e-02
1.040717625455600537e-02
8.330231150763145465e-03
1.705951319274488830e-03
-3.386116486807349852e-03
-7.794237765871950795e-03
-2.123884028144792241e-02
-2.835476152214708168e-02
-3.646391802773592261e-02
-4.791917486523718933e-02
-5.759766438515408205e-02
-5.958350354755979905e-02
-6.910887038665991522e-02
-8.771132974960640927e-02
-9.284895624234357214e-02
-1.164216506404608387e-01
-1.251692044900526990e-01
-1.259775206593612418e-01
-1.393280507461926443e-01
-1.379514630882230919e-01
-1.414375354825240239e-01
-1.460410563113710980e-01
-1.409933744138558986e-01
-1.432110350190350656e-01
-1.398902429274288539e-01
-1.324545538864206340e-01
-1.310824890656858144e-01
-1.210941150947513062e-01
-1.130639306180515058e-01
-1.062524507015251973e-01
-9.138219668157609998e-02
-8.429148523565772877e-02
-6.997969133337557379e-02
-5.884597778047907790e-02
-4.510158128676811790e-02
-2.963714230775009451e-02
-2.295236779202211932e-02
-5.376077467636321099e-03
-1.341000777880254746e-03
-4.293549877222573464e-04
7.312255124206670266e-03
6.275475003711091307e-03
6.780504557371810730e-03
7.567578031270224409e-03
6.443287904710328154e-04
5.890143242798885409e-04
-4.203656459897454380e-04
-3.540813862628876610e-03
-5.531133305321604948e-04
-2.626904939562224248e-03
-2.295058179918004534e-03
-2.267934955354255436e-03
-3.876493289350218217e-03
-2.550000543853191397e-03
-3.241273599334175849e-03
-5.922335953031382903e-03
-1.094081165469237837e-02
-1.534432086293488831e-02
-1.980740857241916966e-02
-2.126211585561953513e-02
-2.170642426848226614e-02
-2.355574717984918950e-02
-2.280196156303013894e-02
-2.363819811731328324e-02
-2.597593870551892503e-02
-2.637160610199559829e-02
-2.721668136699674154e-02
-2.771702021950321962e-02
-2.779385388586886468e-02
-2.710081756204792136e-02
-2.625978579569387961e-02
-2.667474725979588485e-02
-2.441736391940154197e-02
-2.557023088205748196e-02
-2.619341694668079340e-02
-2.410331544243354135e-02
-2.895987229713427660e-02
-2.726694352926553946e-02
-2.465834723527312103e-02
-2.619210372697746217e-02
-2.590794623959304793e-02
-2.349220000674068914e-02
-2.417655114704839181e-02
-2.325717960628585768e-02
-2.358175042548828204e-02
-2.408074294202781213e-02
-2.350542180884841043e-02
-2.406462024199918989e-02
-2.393726993395391481e-02
-2.339415118167481253e-02
-2.406783117732685939e-02
-2.323234742517421916e-02
-2.342068843897703034e-02
-2.377760769406310482e-02
-2.252846364940810919e-02
-2.313061926493501300e-02
-2.126962520264757961e-02
-1.961033981544091365e-02
-1.905253758402349062e-02
-1.414601175351478356e-02
-1.178037952809823409e-02
-5.605603955272730511e-03
3.344166390001972427e-04
2.838107005798664369e-03
6.517443152586309407e-03
7.010779400380417158e-03
5.643991241822859592e-03
6.706816912454623136e-03
5.600810778895524804e-03
5.471086742600679738e-03
5.013829795921929955e-03
4.476890265269510213e-03
5.497102058743703716e-03
5.086525714615919985e-03
5.145249004650119876e-03
5.408922522981920826e-03
5.171174298981672489e-03
4.970187595797748853e-03
5.473656343006841167e-03
6.081687142024496881e-03
4.947767251524359984e-03
6.990278430563072985e-03
8.210916062751505776e-03
9.710342081906657083e-03
1.427139010254373577e-02
1.523891576871301383e-02
1.732361406488018216e-02
1.572016619769390361e-02
1.605150744160182413e-02
1.365330890184924227e-02
7.165002141455150721e-03
5.297565845835692025e-03
1.058801430283311078e-02
9.299306226389832467e-03
1.422990838664387608e-02
1.515652169412924459e-02
1.632160235575386836e-02
1.766101005682766539e-02
1.393916633993062815e-02
1.397058595546980635e-02
1.069825481223036015e-02
7.702812022269351147e-03
4.828951385248952261e-03
-6.848271836523052176e-04
-2.048127606407193838e-03
-6.084026848399460251e-03
-7.826166739256070273e-03
-9.779020034730381145e-03
-1.076298576413524388e-02
-1.146169552212322751e-02
-1.246484827736487472e-02
-1.291691779668216987e-02
-1.348673117174455094e-02
-1.405606729039682659e-02
-1.435791174039423995e-02
-1.474080029426746638e-02
-1.514498704562563039e-02
-1.524214119098494732e-02
-1.552178142352145761e-02
-1.561726743962826326e-02
-1.627320886941661243e-02
-1.667071178767740719e-02
-1.694335150092345088e-02
-1.763649298973062052e-02
-1.866377089306548581e-02
-2.038578349511028023e-02
-2.058113245071986966e-02
-2.224307305130120149e-02
-2.367373441344974502e-02
-2.247166547910576379e-02
-2.598939206513031092e-02
-2.293685497593585254e-02
-1.972644966699204153e-02
-1.973342996006540589e-02
-8.739394955850757207e-03
-5.883310629335641861e-03
1.117164700274004283e-03
8.378244425077055121e-03
9.856588410792821095e-03
1.413187048905712243e-02
1.485247349996883168e-02
7.298010849749609827e-03
7.134275252933955716e-03
1.004153866628390047e-02
7.970706647693894323e-03
1.261676089431187399e-02
1.332994700719211320e-02
1.214241874978995092e-02
1.784242623763297036e-02
1.265188388281593412e-02
9.920414676259146566e-03
9.352687631546712649e-03
-3.656449335590373183e-03
-4.525797318786193429e-03
-9.162339083173967960e-03
-1.230598933290156898e-02
-1.222180093280336895e-02
-1.559883321293502323e-02
-1.375675721267677516e-02
-1.331059745550633965e-02
-1.101034574408953949e-02
-6.471447383135156377e-03
-6.157249315629589360e-03
-1.472938519846857426e-03
-1.679060442667648862e-03
-9.932133547847824505e-04
2.434757151331200351e-04
-5.563390450166063152e-04
4.177638204951518441e-03
4.996919513375555448e-03
2.452052860734850719e-03
1.267076082104471018e-03
-5.563251436323216233e-04
6.191730072123155862e-04
1.953340463631659998e-03
-7.360868558585283074e-04
1.270753683188884922e-03
1.766676636525209721e-03
-1.172489544745616537e-03
-6.681700806347729525e-03
-7.961698895638261164e-03
-8.113017961352244484e-03
-8.091121407389831668e-03
-6.491734762850458022e-03
-4.246555450294221996e-03
-2.802678202936588394e-03
6.276757836375918389e-04
1.646638627707461278e-03
3.578164250751082222e-03
4.978378695752952096e-03
5.197178435314748872e-03
5.631889011993183522e-03
4.761303675941454434e-03
3.845559785003179777e-03
3.009036340045796298e-03
1.415769768721797037e-03
-8.258903037231407358e-04
-1.952012693101328649e-03
-5.061743494260474187e-03
-6.724399034277172074e-03
-1.003876898249591101e-02
-1.631885241364912018e-02
-2.200590704693400693e-02
-2.782098936425653549e-02
-3.164617542671400996e-02
-3.519779416219284696e-02
-3.637652307885441694e-02
-4.096539461580470803e-02
-4.166606821876241151e-02
-4.488681747369973468e-02
-4.534665837860581139e-02
-4.403501368179182224e-02
-4.413249103051335859e-02
-4.249881112491289692e-02
-4.049688264088950607e-02
-3.814066437798574460e-02
-3.585184720318799340e-02
-3.099913353327122048e-02
-2.767892123567832277e-02
-2.723541074815738830e-02
-2.362729127195061993e-02
-1.531786354623814080e-02
-1.230320798106919293e-02
-6.173276876282287294e-03
3.327676410777044114e-04
2.666148864576345107e-03
5.928571241917999189e-03
6.607557710282289595e-03
5.401451205521114705e-03
6.368736361612890515e-03
5.393448502773576583e-03
5.262807315432749787e-03
4.725206015063898937e-03
4.266277565496285826e-03
5.191846542878812178e-03
4.764610373203813191e-03
4.836493496840445390e-03
4.930374759049754863e-03
4.762928213741354951e-03
4.426845184966281439e-03
4.710172583710993920e-03
5.556622636450971563e-03
3.816345636784159757e-03
5.954405556965366476e-03
7.331535379918648759e-03
7.404451822757013822e-03
1.343053859992341878e-02
1.316255045432134820e-02
1.389012206678512905e-02
1.594669249634401639e-02
1.352892338690638192e-02
1.470569585844900239e-02
1.321745086402281895e-02
1.057741911493289416e-02
8.621685400522882681e-03
7.332763558557780711e-03
5.654315533019403824e-03
4.982814412497086308e-03
3.880398246529961556e-03
1.432681093073450524e-03
6.362479074026929646e-04
-4.543221313712614111e-03
-1.026547243111282197e-02
-1.412136401631270549e-02
-2.101233317061341338e-02
-2.250143134747414550e-02
-2.710438198296824183e-02
-3.207255330156558171e-02
-3.169850565773304346e-02
-3.705289767009026236e-02
-3.611283883850039539e-02
-3.336396273808651253e-02
-3.539665699216068551e-02
-2.944446677660914405e-02
-2.881076919522558913e-02
-3.034720517212057336e-02
-2.704566711558947095e-02
-2.820584550897755824e-02
-2.765991462118576674e-02
-2.539075663907427657e-02
-2.459501155303410458e-02
-2.149316437725539569e-02
-1.904126190146688061e-02
-1.785615188585343294e-02
-1.481859632636859173e-02
-1.218851470132390792e-02
-1.015045788770481926e-02
-6.774927822021128282e-03
-2.464143195113584379e-03
1.226725116287950097e-03
4.250941012427589608e-03
6.394982941203841004e-03
8.410494288052757991e-03
1.107241510393683001e-02
1.301612934122441632e-02
1.459228033359472390e-02
1.454203820520020597e-02
1.530083834016486566e-02
1.602008043157764766e-02
1.608937820628580581e-02
1.671818300332132343e-02
1.622464779967168827e-02
1.692727413818182619e-02
1.631923435718435691e-02
1.531490488897464114e-02
1.573841245891200238e-02
1.492179276040645278e-02
1.892597573085636267e-02
1.735419043324554211e-02
2.136354149446509018e-02
2.331335973614632670e-02
2.494920568142646247e-02
2.510928748337508051e-02
1.587007338997313902e-02
1.402716768470757720e-02
1.794946173546378351e-02
1.486642234497346365e-02
1.756507363869635324e-02
1.655703298915286309e-02
1.244211689739825079e-02
1.073564327383314150e-02
4.518869521013370479e-03
4.609855037605289918e-03
-4.197041475612600507e-04
-1.276178858352495409e-03
-1.602674868094960394e-03
-5.276473651532396884e-03
-3.474006121794435617e-03
-3.082466787404012070e-03
-2.389165887013510771e-03
4.146328167891038217e-03
6.683468139390740838e-03
8.431372780260792954e-03
1.270480501034217981e-02
1.255532440886623566e-02
1.402873872493402146e-02
1.518949966296569490e-02
1.485421463726878909e-02
1.618958609684163774e-02
1.537759440811850044e-02
1.525680235355786167e-02
1.707662690507959213e-02
1.563121870779653547e-02
1.740211766594646978e-02
1.698582819086912402e-02
1.609297005495963911e-02
1.990530995638786424e-02
1.721426306392528915e-02
1.788052052613546897e-02
1.848079910851276736e-02
1.418906056155036510e-02
1.423505240353388664e-02
1.319056855456348341e-02
1.117571491062182253e-02
1.071265894045834478e-02
1.050517407818847733e-02
6.968212004035011578e-03
7.618399533549283405e-03
6.153008507364086249e-03
5.173973543567889598e-03
7.814264127524575554e-03
7.962162263332923234e-03
1.277330070456178177e-02
1.718805151314399191e-02
1.812226224598706761e-02
1.760748931250376986e-02
1.919327727909087705e-02
1.683717438388703663e-02
1.503115027548614785e-02
1.508603507861027045e-02
7.727037234838889622e-03
7.648122549733650348e-03
7.031318027291680144e-03
5.038424855476115842e-03
5.158902280986079822e-03
5.400772662641159690e-03
5.114648922901700659e-03
5.326423909530036624e-03
8.737938688199246504e-03
8.911220136237891706e-03
9.633426992425257046e-03
1.070601782299082996e-02
1.068258678412904381e-02
1.130074884341302800e-02
1.145152437310650688e-02
1.151626616493397343e-02
1.190545915946249721e-02
1.147006823884874106e-02
1.190838448545848346e-02
1.175920012128287701e-02
1.044035923348180656e-02
1.017900455396384025e-02
9.796878150819457801e-03
1.001660044682143105e-02
1.001913343256362852e-02
1.001365102695832981e-02
1.009790856506280823e-02
1.008216426891223559e-02
1.010704454278972368e-02
1.012651839332957479e-02
1.012438204436934275e-02
1.013853549039585474e-02
1.014091589051415755e-02
1.014409268478321316e-02
1.014728052006396916e-02
1.014690821398684349e-02
1.015027981971297621e-02
1.014363798719824378e-02
1.014781655023305404e-02
1.014459461166962624e-02
1.012628863229630277e-02
1.015006953295164577e-02
1.010839771066341861e-02
1.010100394978603183e-02
1.015251545847390205e-02
9.983904673095718094e-03
1.012826158053227801e-02
1.006751591193549324e-02
9.704789141427489635e-03
1.038805531662703209e-02
9.442065774204462178e-03
9.430977231318060303e-03
9.974681449305635231e-03
