-4.598591678036627675e-03
-3.819582237044244662e-03
7.672767288956506768e-03
7.385375182811329021e-03
1.041176543635551760e-02
1.192198985785120069e-02
9.767708921714406134e-03
1.105529334171127115e-02
1.071885092610598209e-02
1.047495300247421046e-02
1.079719788836805937e-02
1.059091897588205697e-02
1.063415171523902567e-02
1.066829887503952141e-02
1.061504179434503807e-02
1.064423650725185647e-02
1.063609472455794881e-02
1.062928715021695114e-02
1.063635713061645421e-02
1.063068770773875280e-02
1.063081550459616699e-02
1.063022778257574977e-02
1.062715982809575750e-02
1.062583292960418008e-02
1.062108041902866395e-02
1.061696927509787024e-02
1.061009031563259555e-02
1.059646520602738028e-02
1.058841597262906269e-02
1.056020901498604808e-02
1.052851129141485660e-02
1.050593329987529155e-02
1.040005174575120601e-02
1.035577763809367169e-02
1.023925929955581474e-02
9.928209684184263403e-03
1.003197987192883806e-02
9.993225564867438959e-03
1.015791318363938947e-02
1.033542936323232631e-02
9.709772959657357247e-03
1.173715981880415517e-02
1.373493829883502826e-02
1.143871961963489545e-02
1.537990164676806236e-02
1.643930616468666783e-02
3.050888628256278462e-03
4.252817826063976653e-03
-1.342883157164148633e-02
-1.579446993043114728e-02
-1.303753778630012058e-02
-1.635020368720845399e-02
-1.173437656292131495e-02
-1.983289321737590274e-02
-2.088073732381884318e-02
-2.204948417587983614e-02
-2.443401908100760467e-02
-2.731223374675888910e-02
-2.747001368452766865e-02
-3.037007639160266975e-02
-3.920004423007106970e-02
-3.899288025003612435e-02
-5.050736462798813275e-02
-4.417888823225917666e-02
-4.180505389458144538e-02
-3.641879628189918783e-02
-3.496664769303360620e-02
-3.584261489820296520e-02
-3.532006853937980084e-02
-3.767806253753259310e-02
-3.983773609314997938e-02
-4.318216258389455386e-02
-4.631962247429043111e-02
-5.188950200186123740e-02
-5.656555605697413669e-02
-6.160059759286946185e-02
-7.031566448287591975e-02
-7.323790914212746639e-02
-8.106428982371155501e-02
-8.498613484649328309e-02
-8.188005399927454631e-02
-8.727208197962316172e-02
-8.411766046135682462e-02
-8.285005997751419826e-02
-8.592285272013008846e-02
-7.913174031664765851e-02
-8.219865205286686072e-02
-6.698995287866495174e-02
-5.490848995685626566e-02
-4.381824275428065907e-02
-3.015592931706739810e-02
-2.551930059567502490e-02
-7.796764565045423076e-03
8.825675845087952581e-03
1.368009249956531233e-02
2.483903641327670289e-02
2.243625263737949321e-02
1.912459821616076250e-02
1.861235002673908290e-02
1.503650883287555029e-02
1.544559442917368269e-02
1.577684038479703135e-02
1.183326291644242953e-02
1.266250699805444163e-02
5.405856568076701681e-03
5.177985011318610511e-03
6.303502611713916390e-03
-3.882747476993755453e-03
-4.328584104103720340e-03
-7.356505575651723500e-03
-1.428150018605090985e-02
-9.089966494825556936e-03
-2.267115449624802423e-02
-3.536626394306891658e-02
-6.209369092177368515e-02
-7.612589227054010477e-02
-7.966773861320181060e-02
-7.825802951479512992e-02
-6.797894839379262089e-02
-6.094159977150741259e-02
-4.707089171073564060e-02
-2.524523899917432632e-02
-9.223044522065347237e-03
1.111305139600094437e-02
1.159023935185793039e-02
2.638256469390019496e-02
2.876899268352194061e-02
2.089958056317861232e-02
2.049822321194091218e-02
1.722707935589395944e-02
1.476828921879278292e-02
1.345022929310878655e-02
9.631309182121952292e-03
7.916415486499487827e-03
2.081634725827515020e-03
-3.798740367710793341e-03
-4.038878368721231043e-04
-2.093223366586995093e-03
-2.579689134957734685e-03
7.058352619130956948e-03
7.337390793898734137e-03
-2.458950807680791717e-03
-1.182968066237107853e-02
-4.392505857850721035e-02
-5.477175229111745647e-02
-8.361151148236667385e-02
-8.566556405125395901e-02
-9.232453914922364446e-02
-9.490728331183265198e-02
-8.535500992640354667e-02
-8.276455006930324987e-02
-8.042828224944682802e-02
-7.358162884785404700e-02
-7.383745632756492927e-02
-6.969895690660021792e-02
-6.684915942284481993e-02
-6.712581348886484389e-02
-6.273544465022767858e-02
-6.283237341406827658e-02
-6.161871522634894405e-02
-5.812878810704055765e-02
-6.031097094159172667e-02
-5.700819586722501858e-02
-5.756990897488203918e-02
-6.261500891358655341e-02
-6.360850692911461379e-02
-6.970744497297989839e-02
-7.322203400871744872e-02
-7.418897117311097633e-02
-7.679689180357904266e-02
-7.764694083035580952e-02
-7.417458862516765339e-02
-7.454570663444032297e-02
-6.943982956092963066e-02
-5.984279442740603194e-02
-5.550324554136279454e-02
-4.630951788470293734e-02
-4.204779780645306886e-02
-3.530116402416671323e-02
-2.919190341014665097e-02
-2.550422860878846440e-02
-1.432793253600887426e-02
-1.172721915683238789e-02
-8.928087639986165974e-03
-1.263986180947100288e-02
-1.797031402852860768e-02
-2.610026400559843640e-02
-1.823315368963666916e-02
-8.311826238839364542e-03
1.365281606039613765e-03
1.460403332189100754e-02
1.015075906572457907e-02
1.984711030849775626e-02
1.359732732969754464e-02
1.699462717670978396e-02
1.834955494753351402e-02
1.606256699903701665e-02
2.009965504816457055e-02
1.795139264321241740e-02
1.952326256343715066e-02
2.516267757008548711e-02
2.581811492543828468e-02
3.087475662571424750e-02
3.062484288232350180e-02
2.884897105941946344e-02
2.893336485570859387e-02
2.805577408447109539e-02
2.771697767636841642e-02
2.658229875612041354e-02
2.540741135790161587e-02
2.531483584203926204e-02
2.093330615430288172e-02
2.090447126150436763e-02
1.939165534450903311e-02
1.773695205030526023e-02
1.819031588989522552e-02
1.561446543313327502e-02
1.545721067872311838e-02
1.560788140447540856e-02
8.878510302524070946e-03
1.415441101599881901e-02
5.383738960041818504e-03
-1.032421630708019178e-02
-2.156429813710518395e-02
-5.383731500352552379e-02
-5.760754320506852877e-02
-6.204251627444731798e-02
-6.193446484792543977e-02
-6.982188150850511532e-02
-7.122333815613385299e-02
-6.780975965235333525e-02
-7.652249419908924155e-02
-8.114479199464391668e-02
-1.080866902110360073e-01
-1.124651810491391762e-01
-1.270994143420961231e-01
-1.263142884209448036e-01
-1.219553988961587232e-01
-1.237294753463576702e-01
-1.083768739605279058e-01
-1.010858104134067237e-01
-7.512464835550558551e-02
-5.184984056318871215e-02
-1.504081109907426730e-02
-1.231328956150948978e-02
-1.486911120869836324e-02
-1.309533609279822305e-02
-3.819278957877352693e-02
-4.464658538482583344e-02
-4.037122789749293672e-02
-5.086236789860129615e-02
-4.663212211512181293e-02
-5.651353084055100312e-02
-6.890815963381156928e-02
-7.834613445253445219e-02
-8.956033209034608422e-02
-9.237456088850333480e-02
-1.083619197869713502e-01
-1.073255017220937080e-01
-1.035202723834519056e-01
-1.018463888836370623e-01
-9.491559194972440383e-02
-9.057333116666790862e-02
-8.670032191748078265e-02
-7.733555437980509095e-02
-7.597682964050862797e-02
-7.039209463712622905e-02
-6.887572533009947429e-02
-7.064686700202228720e-02
-6.792421173657879618e-02
-7.021962393764194510e-02
-7.068324563732611421e-02
-7.024387527790076913e-02
-7.344144339344806094e-02
-7.324700560443900277e-02
-7.532406975128830284e-02
-7.864807937133797000e-02
-7.902782919252543392e-02
-7.959050571325948509e-02
-7.975880286462083690e-02
-7.854668893740138214e-02
-7.797858235905380520e-02
-7.464482688551518641e-02
-7.128574045160138151e-02
-6.568087173750911112e-02
-5.481853191226407351e-02
-4.406320275706392120e-02
-1.067535195543825241e-02
-2.971080063892857226e-03
2.270518098908204385e-02
2.776970234410691685e-02
1.601812291672191635e-02
1.231399839346991078e-02
2.879894521272988346e-03
5.421595820250217981e-03
-4.715125683665536208e-03
-4.022798230978561970e-03
9.981249269702981500e-03
1.022651195834406793e-02
1.189408914445661339e-02
1.388393451772589916e-02
1.455218198353566694e-02
7.491621875796564134e-03
5.783253090132240565e-03
1.302494483141765271e-03
-1.755730745038370372e-02
-1.917233707022347744e-02
-1.544454804226129928e-02
-1.707987685174332596e-02
-1.203417564415729113e-02
-9.587350890522294486e-03
-8.311934451317549294e-03
-8.218080166043627635e-03
-2.091123287643082557e-02
-3.262325254073578096e-02
-3.607371876701109814e-02
-5.683732905298430338e-02
-9.706189800824066571e-02
-1.317037292356800227e-01
-1.284286526432271147e-01
-1.422610250451465663e-01
-1.387223194844854346e-01
-1.365848048011351346e-01
-1.416711234395703067e-01
-1.322670654700948967e-01
-1.297227964571201486e-01
-1.274055723661915995e-01
-1.103988724137456717e-01
-1.028719832445063181e-01
-8.708407518166624839e-02
-4.772264543605336112e-02
-3.852308774036144329e-02
-1.028576144638729956e-02
-6.672767301237513687e-03
-2.599187676113881920e-02
-1.778082309837875769e-02
-1.972860280183865930e-02
-2.131939154690987506e-02
-1.192154480866948474e-02
-1.625891545167773913e-02
-1.011182740259440604e-02
-6.262322520005170721e-03
-8.256928831521096954e-03
1.010369415972449305e-03
-9.911795425918057054e-04
4.453215910029156149e-03
4.009556256112905247e-03
-1.054355353584127998e-03
-1.930334039171532554e-02
-1.781160215973521740e-02
-1.529479514645060156e-02
-2.322938448827802094e-02
-3.042840603165711949e-02
-4.687431525185167119e-02
-5.198450951606948395e-02
-5.298441117666900790e-02
-5.931184357738476104e-02
-5.529400505246172964e-02
-5.664658165169758619e-02
-7.543035657496000024e-02
-8.327647624898655565e-02
-9.141243881145651173e-02
-9.985631035702950686e-02
-9.995324789457293857e-02
-1.059049316990303413e-01
-1.045297145714533665e-01
-9.931904996602206048e-02
-9.795627453722920153e-02
-7.885961992688303446e-02
-7.137350234942561877e-02
-6.809734962051725016e-02
-5.120200368949998082e-02
-5.070468129637641097e-02
-3.375923779743202069e-02
-2.795743286746953452e-02
-3.154274112937732744e-02
-1.749106053365601793e-02
-2.256982329146831057e-02
-1.651381941272189735e-02
-1.268676328730748010e-02
-1.523267176894524053e-02
-1.277885831645268928e-02
-1.662648660229313355e-03
-4.225550956423568608e-03
-3.901861011721153519e-03
-9.271833515833168655e-04
-6.238299085885200095e-03
-3.002357689865417165e-03
-3.314402791824386588e-03
-6.197847228535610827e-03
-6.068068809208179877e-03
-8.234355896963169164e-03
-7.884762225622931817e-03
-1.003032909602509341e-02
-1.099623755777686361e-02
-7.753449297089254171e-03
-9.058748636833695300e-03
-1.406633997579514149e-02
-1.029877868682887651e-02
-5.177859591327861610e-02
-6.991772550467381664e-02
-6.538675136860924719e-02
-6.535934083694436292e-02
-5.349888670632305110e-02
-4.076148279251783080e-02
-2.184179286849079887e-02
2.924168804755293213e-03
1.756816666538570104e-02
1.893157515187899459e-02
1.863587828439225436e-02
2.011471544439177167e-02
1.271104745011139396e-02
1.081387801270156102e-02
1.354822681112870415e-02
4.472103898085087910e-03
4.678776694104979164e-03
8.516471200849693932e-03
3.979570354905434884e-03
7.659798870497850666e-03
-1.378690241608244646e-02
-3.571859064779223797e-02
-5.628561604082541608e-02
-6.276107531045656274e-02
-6.497525328766788622e-02
-6.836168412122212157e-02
-6.788287041185442350e-02
-6.124301049363840843e-02
-5.819039599230971943e-02
-5.678689943076008217e-02
-5.223843974309290428e-02
-5.264186640732215067e-02
-5.011037991418218485e-02
-4.833724798358079999e-02
-4.896335727612063926e-02
-4.472864896904689413e-02
-4.495374205676509749e-02
-4.172403629019530436e-02
-3.534216539762528864e-02
-3.365042171682273292e-02
-2.488388132243458950e-02
-2.049247783344129020e-02
-1.562065519048313859e-02
-6.894033156615079344e-03
-4.773711390891967159e-03
2.311549670803143049e-03
5.408088641870971436e-03
3.241770314733043168e-03
6.090535073007522990e-03
3.744324847036483751e-03
2.054663066717852572e-03
8.020625682409234783e-04
-3.407164723282750819e-03
-7.799464949654811262e-03
-1.389926510339262525e-02
-1.769679357623490934e-02
-2.560032404889719254e-02
-2.888755250809104183e-02
-3.337092426465747275e-02
-3.838417705693688425e-02
-4.049073915920022027e-02
-4.471409674067278184e-02
-4.772526036170145897e-02
-4.982005809591470713e-02
-5.382809994008218302e-02
-5.632988318511160386e-02
-5.991293736341835735e-02
-6.245495097720753924e-02
-6.452744058701881391e-02
-6.779232677457733280e-02
-6.894119700440007326e-02
-7.149870724967886948e-02
-7.363815125016404117e-02
-7.389761715034835754e-02
-7.659578717299592165e-02
-7.549072871377206229e-02
-7.403570996596088583e-02
-7.138389009695907117e-02
-6.469179540361141845e-02
-6.023895646013135985e-02
-4.519843567101720222e-02
-4.071029792622758714e-02
-1.428833944367711994e-02
-8.813577360670220642e-03
-9.110013688392645109e-03
-3.188470240967691220e-03
-6.926190188920851656e-03
-5.469378799113864056e-03
2.072142247741799725e-02
2.933950599566085421e-02
3.397570030147922804e-02
4.986678579695740660e-02
4.715332860337822368e-02
4.809487880726612957e-02
4.992479241438455700e-02
4.732982912239436929e-02
4.862216829124842848e-02
4.183803768976269988e-02
4.120648208325678602e-02
4.071287589726260703e-02
3.872586845597417171e-02
3.933172411038094590e-02
3.842563460726371866e-02
3.923895506226888347e-02
3.954766178245006092e-02
3.950584268275269401e-02
4.374284659287256544e-02
4.334750003664083334e-02
4.306346733002886645e-02
4.353932372731424832e-02
4.161220180827922971e-02
4.220825843821778001e-02
3.848296522005358739e-02
3.628979155286909952e-02
3.605009986772734348e-02
2.122302018474166857e-02
2.075002792286979869e-02
1.776296209162986361e-02
1.398970641524712594e-02
1.372046909067794508e-02
1.170960044684677889e-02
1.105897322218618757e-02
9.534994621410131446e-03
9.106569757509114585e-03
8.862245746494664192e-03
9.043305355060001979e-03
8.960063849647918743e-03
8.963205398673410387e-03
8.995057296570161537e-03
8.967355752040405414e-03
8.980439441743875637e-03
8.980525006718925382e-03
8.975865660609868429e-03
8.980288582338392250e-03
8.978438522932888008e-03
8.978478078595523992e-03
8.979181341716466896e-03
8.978548302451285629e-03
8.978719984698171550e-03
8.978520894836316407e-03
8.978496147113346551e-03
8.977879304270439814e-03
8.977687883144878228e-03
8.977616519602655068e-03
8.974922558011333082e-03
8.976500527960808856e-03
8.973073064692820358e-03
8.966968115855117674e-03
8.975413507439916269e-03
8.951700086804263365e-03
8.954300107064536163e-03
8.966928633705819468e-03
8.871161139107521312e-03
8.967188636020272108e-03
8.869656712104245430e-03
8.662456811784475380e-03
9.116472170799073266e-03
8.242218292756876841e-03
8.470342179036399050e-03
9.077093440846643532e-03
