-1.549312299707299168e-02
-1.416655983952861200e-02
2.130141049713998175e-02
2.732460566652627695e-02
2.230621932122102413e-02
1.969528663848687036e-02
1.261873861751497752e-02
1.178000930537407426e-02
1.104551527585161119e-02
1.076034078824364242e-02
1.079396762403411411e-02
1.078997855682913010e-02
1.078939477401082842e-02
1.078969550930829191e-02
1.078967579154127207e-02
1.078967579153939510e-02
1.078967579154072910e-02
1.078967579154309873e-02
1.078967579154110207e-02
1.078967579153731343e-02
1.078967579154149238e-02
1.078967579153812181e-02
1.078967579153910887e-02
1.078967579153949051e-02
1.078967579153917132e-02
1.078967865122405258e-02
1.078963165398746059e-02
1.078978489530027507e-02
1.078998886442073327e-02
1.078523439593290223e-02
1.083442500275262448e-02
1.086238087984760584e-02
1.112788048695676803e-02
1.229921778340084884e-02
1.228516525407446353e-02
1.733717002459583822e-02
1.692577573076569156e-02
1.723482058103002409e-02
1.573577369718483221e-02
1.542912930057216761e-02
1.463136119235693491e-02
-1.389439526562835647e-02
-1.312358379825870162e-02
-1.132297056381488358e-02
-7.292258979144599848e-03
5.038170632663550690e-03
-4.191381416654891244e-03
-4.696011273609542944e-03
-6.532859940409561916e-02
-7.775170294732298981e-02
-4.740126370695293967e-02
-1.527663695528653359e-02
1.741824799214048217e-02
1.398746324725236301e-02
5.901092765561316740e-03
5.410034405439953509e-03
4.678270176006860126e-03
5.348464427454480488e-03
9.966086560403706815e-03
9.249170972162349888e-03
8.091792714832559894e-03
-5.359309601302447018e-02
-9.790557135398483823e-02
-6.045144484845237087e-02
6.161488404279891890e-02
3.210014898945875439e-01
3.539152729581988011e-01
3.977257239635078045e-01
4.637727159759348905e-01
3.636156570807529964e-01
3.314169794893922494e-01
3.545683167603471686e-01
3.429194610330013604e-01
3.584039628531922039e-01
4.243851940612274332e-01
3.488021860541977159e-01
2.371454616443006147e-01
2.221037938273401346e-01
9.755752539066571416e-02
1.124690089800795684e-01
-1.603378227072472031e-02
-1.463884392659250966e-01
-4.656350077884644639e-02
3.373650753059967422e-03
2.339962013832727616e-02
7.771667663513351365e-03
2.987855982469721575e-02
5.047665040914526332e-04
-2.205226575483669113e-02
-8.829418905038388665e-02
-3.987536193992895911e-02
-3.116540577767350217e-02
1.658455483128110086e-03
-9.461952752288447718e-03
-7.570720739056235882e-03
2.623597588229821271e-03
9.974472760273493319e-03
7.081394733955947637e-03
1.119742527951008391e-02
1.396421594389430851e-02
-1.657340571883588257e-02
-1.809949069238026703e-02
4.901292566685046953e-02
5.599557265679331458e-02
2.080626804423263768e-02
1.680052333148795290e-02
6.975199503723340452e-03
3.117952824841137456e-03
1.863741272155690007e-02
3.204956575126619717e-02
4.152329034166137023e-02
4.404223077918652945e-02
-5.375210577783434002e-03
-7.366864527889793735e-02
-1.224425793653992345e-01
-1.095129747898163780e-01
-4.763334641889315629e-02
7.825260468436116834e-02
6.747410117011398700e-02
3.549484420438069748e-02
1.520610825223195003e-02
-9.160903284619599518e-02
-1.585084348623351791e-01
-9.908650203561550351e-02
-5.914587288012640443e-02
-7.267206442588435532e-03
1.025083510601502990e-02
4.906005488587808494e-02
4.477335210599111409e-02
1.743675210764283542e-02
1.811845168618949481e-02
1.549990289054020004e-02
2.551781719106613593e-03
-6.263203505716298872e-03
2.348187001087464164e-03
1.108993164984630950e-02
3.738225574783939770e-02
1.111093638173494963e-01
1.122833519497525301e-01
1.199102943488303541e-01
1.255242749823050619e-01
1.273270435718263094e-01
1.164096880272973977e-01
7.610589259121730565e-02
5.973700230768319575e-02
6.336911183989822269e-03
2.947615466116034963e-02
9.278255475481167469e-02
1.041739708577460038e-01
1.597124834578135533e-01
1.645901416234489545e-01
1.636288029756630680e-01
1.869584560831598075e-01
1.449972626171523449e-01
1.275855809311823574e-01
1.385022814699509441e-01
1.366312711197771590e-01
1.374243843241681751e-01
1.393592398706811897e-01
1.370345965622413731e-01
1.404029099572042527e-01
1.262585162513925330e-01
1.077391568702372043e-01
1.106417002488640638e-01
7.776271578734404721e-02
7.660861482762768015e-02
7.101416118483327988e-02
6.496651036839205806e-02
6.759364704286731362e-02
7.754904712652566090e-02
1.005233760460068765e-01
7.948021803974583688e-02
8.292024162882091765e-02
7.212455153126549889e-02
2.167959546158160049e-03
-6.629536265985194916e-03
-3.698822526128087845e-02
-6.622529986914722777e-02
-6.201860603291533408e-02
-6.897783768163442963e-02
-7.475460964221618265e-02
-1.513090060737534714e-01
-1.651124634769270683e-01
-1.231427637636477307e-01
-8.200763555435110208e-02
1.907810578788513445e-05
3.860592569737573282e-02
2.972711383888320541e-02
1.022868576436164745e-01
7.910347056848569813e-02
7.175699943216981569e-02
5.334057881365338039e-03
-5.738961884589310544e-03
-5.294630375320250396e-03
-3.523220572497114903e-03
-3.971226425062525552e-03
-4.766208943988173297e-03
-3.401643423600410159e-03
-2.326778104480763110e-02
-2.379007182827357417e-02
3.604855307282252719e-04
8.871668371222165075e-03
-3.691998944873189827e-03
-8.854432668937404355e-03
7.625791415180384683e-03
6.951899865428339334e-03
5.133666510118886639e-03
5.977966163129161577e-03
5.300869653571313976e-03
3.604255587038600675e-03
3.308411877526863058e-03
-5.725084724107276819e-03
-5.096266613268494484e-03
-4.445124356088730501e-03
-4.822147659051030481e-03
-4.655180389339270974e-03
-4.820175025872500650e-03
-3.852009238615524463e-03
-1.763680037300087390e-03
-3.277605258641570242e-03
1.849800451189693648e-02
2.420493899763112924e-02
-2.203380736465287634e-02
-4.231854457818583215e-02
-8.589771767952025794e-02
-7.717636018842188861e-02
-5.229022208315214221e-02
-7.427939524792055020e-03
-3.192976673759123640e-02
3.030185880411038687e-03
6.032731884583489301e-03
-4.589904147939503215e-02
-9.616860638606161693e-02
-7.450329940897723602e-02
-4.699533913073838248e-02
-3.146403734370085276e-02
-2.295368439392271587e-02
-3.680613941417609780e-02
-5.679073461460399513e-02
-9.213276500716015283e-02
-1.298849365000939726e-01
-1.398109177409750659e-01
-1.469861632484093517e-01
-1.260487504241749879e-01
-7.076973641742924370e-02
-1.068820704840564920e-02
6.358594497678596649e-03
3.512434144231505601e-02
1.954027884007654425e-02
-1.095197603035009438e-02
-3.005063417963392894e-02
-7.270412080084341644e-02
-8.164614608903621173e-02
-4.803506947204912170e-02
-3.562412598530479563e-02
-2.389994238601773208e-02
-1.421979199995828703e-02
2.520211443115578237e-02
3.094441697640924055e-02
3.733852046399607771e-02
2.910470260045322152e-02
1.441268132803582604e-02
1.599589519399144399e-02
-2.564300738531157323e-02
-7.693072306903463164e-02
-7.339936547852025928e-02
-6.951924047007361496e-02
-8.062991340046063438e-02
-1.011993615808671892e-01
-1.313665577614863689e-01
-5.588170872347368590e-02
-6.045532819835303801e-02
-1.366895892057376771e-01
-8.210604748954157539e-02
-3.526432487331498944e-02
-3.447567338458024794e-02
-3.836251763294516726e-02
-9.159365785051196834e-05
6.732975032094874746e-02
1.442931764410023410e-01
1.224278064115577741e-01
1.269675500869537621e-01
1.161318133046439355e-01
2.554911988684464147e-02
-2.687402621435853317e-02
-1.675953920518821472e-01
-1.863268320985831672e-01
-7.566326726006519787e-02
-7.171328187658100595e-02
-1.418893511320350360e-02
-9.948510373374415405e-03
-3.919526941742199067e-02
-1.532899261297123762e-02
-6.950654243422197884e-03
-2.779168506437975153e-03
3.070096342665052866e-02
2.837224623239199828e-02
2.127970424279523529e-02
1.408862699154741702e-02
3.068812532405409878e-03
-1.417582356243247965e-02
-2.016447178767893575e-02
4.002416256062056067e-03
5.159430054922240806e-03
4.269724719774176114e-02
9.232110810455419758e-02
1.053344497561281706e-01
5.196502941423553068e-02
3.872783159112980211e-02
-1.664851367625012207e-03
-1.891625719037886427e-02
-2.153499245275499949e-02
-1.303735162023977531e-02
1.957540580245577602e-02
1.884942420327883825e-02
2.900750949693040037e-02
2.517296938757403527e-02
-1.826539599151115727e-03
-1.443448891932321010e-02
-1.186460051390883508e-02
-6.030417977871616736e-03
-1.218624254262246076e-02
-2.014958850789639808e-02
4.243380469662425859e-03
1.097720895283958026e-02
3.558833271756076111e-02
9.250502310737901412e-02
9.611643129428622256e-02
5.813959996511455092e-02
5.395294037493566369e-02
-7.697401436247555684e-02
-1.062656880981408120e-01
2.259120694484086436e-02
2.161961852595426295e-02
-1.001616246534552390e-01
-1.068149762368450495e-01
-6.180100002036637702e-02
-6.421989198679287081e-02
-3.542717973320099606e-02
-8.561008674773148974e-03
1.810099805571080021e-03
1.665092906001112419e-03
-1.382159883017738435e-02
-2.858796830389999724e-02
-6.420990995446103355e-02
-9.271386652081257951e-02
-9.836160660692364055e-02
-2.270636705945209763e-02
6.776446458642108872e-02
-6.849178632294503077e-02
-5.364279360533714958e-02
-2.886901001025629285e-02
7.436076667617017889e-03
4.690075930561918294e-02
6.873393155709292546e-02
5.243515142992528910e-02
3.721594600756342880e-02
1.131338248163073559e-02
-5.789592494219823748e-02
-5.242921772837147443e-02
-2.876232187954824715e-02
7.385008667144689516e-03
1.176180909752787274e-02
4.279156055572010120e-02
3.120679851472207833e-02
5.702870676051549452e-03
-3.146079995493559350e-02
-6.293919452679926085e-02
-1.051152076367933980e-01
-1.217157890778373941e-01
-1.080233161353316984e-01
-1.378601221247263420e-01
-1.113221196418899966e-01
-6.287611400297728192e-02
-5.440898126234279542e-02
-9.352772591600432006e-02
-7.729330115131452517e-02
-9.587615968161457281e-02
-1.142924244732045347e-01
-1.093177144028707054e-01
-1.481414111279115604e-02
1.154686457316054550e-02
3.767769751639657438e-02
3.274352601477632796e-02
3.313838066358911622e-02
3.464075769747203271e-02
1.554051054623013274e-02
1.815139090473278944e-03
-5.471513624378107274e-03
3.200992470950209806e-02
3.531768262852440221e-02
4.179273513829837028e-02
4.312720429744117817e-02
5.382649085175502529e-02
6.450986035817313224e-02
4.672360158162502247e-02
3.357418449446589181e-02
8.152689128374409483e-03
1.148263913559081743e-03
-1.168727454155881335e-01
-1.231950904446868361e-01
-3.548810080343451495e-02
6.144843757674962187e-02
9.100301254281742414e-02
2.096792810153744885e-02
-3.233799561428992581e-02
-1.191808765401630721e-01
-1.217519757481708848e-01
-9.459555824432708260e-02
-1.175965152600897262e-01
-1.055140007825415005e-01
-1.966387730974019851e-02
2.624962843364805204e-02
8.465170976953774115e-03
2.693631139546697612e-02
1.390042635366359192e-02
2.920185192514130126e-02
3.792136999212831344e-02
4.346357764041371835e-02
3.322141077163615758e-02
7.518945149610206657e-02
9.696658834597983445e-02
1.269500300764238032e-01
1.427738954226459855e-01
1.508996425769915939e-01
9.887563494854065271e-02
7.016929802014254536e-02
5.205706355474392505e-02
4.525029023973048403e-02
4.337513005560721807e-02
4.653685069207515179e-02
4.758707370657169061e-02
4.905347911251415477e-02
5.690151814515910511e-02
4.246185119834854776e-02
9.477237576220817056e-03
5.177901626975041707e-03
-2.705675778520949190e-02
-1.366681120551837755e-02
-6.579095350156471955e-02
-1.337989453281139551e-01
-9.061303350633165277e-02
-6.300595109854506548e-02
-6.033928002032989263e-02
-6.672845844107613833e-02
-7.768138169601455922e-02
-4.694656442344986857e-02
-2.626423281689815870e-02
-9.809030564705197366e-03
3.210735754897402552e-03
-1.216949059326861288e-03
-1.406718763991412872e-02
-1.640970117860438351e-02
-7.159537798604037606e-02
-8.850957537285937538e-02
-5.986159546429027645e-02
-7.528203413265238675e-02
-8.211214839099430229e-02
-6.812876915604118566e-02
-2.483800586157178247e-02
1.657035859671808498e-02
2.329626935631682119e-02
4.467019383206950051e-02
1.877820553705150664e-02
8.933686231375026487e-03
3.284436111539620895e-02
3.222830155933256030e-02
2.570988532564012080e-02
-1.109203097358781379e-02
-2.404553595444929373e-02
-1.802123868119030747e-02
-2.740557067085313062e-02
-4.558892716474306772e-02
-5.389684642980938772e-02
-4.521586054323808307e-02
-7.226071751763990525e-02
-8.746157650771832492e-02
-6.563611181431086572e-02
-9.951429931909075433e-02
-1.441486059357539040e-01
-1.296944296940674424e-01
-7.811317438951523306e-02
-5.705549477038476813e-02
-5.023948706243595852e-02
-2.884810795363725033e-02
1.540029015284614111e-01
1.686760600633798179e-01
1.239137162920705415e-01
1.278808487225146229e-01
7.660443918114179240e-02
2.697734704943535733e-02
1.628843716115501924e-02
3.419874347225673739e-02
3.200094794745983462e-02
1.900053470648411028e-02
1.993543680240036572e-02
1.399430603448699635e-02
2.045948674436611284e-02
2.128991825266634413e-02
2.130968401325321337e-02
2.207462171674857629e-02
2.275469497192866494e-02
2.256549842138735190e-02
3.269351097418802393e-02
3.603507821856992421e-02
3.033560581918003443e-02
2.600505230135276291e-02
1.803506387380749906e-02
1.768907088508302194e-02
1.691765756423748573e-02
1.629935650530866045e-02
1.584721569997575227e-02
1.098588303655677507e-02
8.521948245145353346e-03
-5.753967770330486271e-04
1.314285907121094058e-03
6.809989068074626464e-03
6.376163674284885535e-03
6.908159092595083164e-03
7.141442966932863221e-03
7.383548948278514067e-03
7.635676944000440412e-03
7.581519222940727616e-03
1.314277958143418405e-02
1.305897333722762579e-02
1.325367085959777876e-02
1.356290755989929091e-02
1.351859402743731987e-02
1.351453122957771251e-02
1.351631573875845989e-02
1.351592981631502544e-02
1.351592938485123192e-02
1.351593671705201248e-02
1.351593624751510486e-02
1.351593624751397903e-02
1.351593624751448383e-02
1.351593624751575885e-02
1.351593624751507190e-02
1.351593624751367545e-02
1.351593624751399984e-02
1.351593624751438669e-02
1.351593624751441618e-02
1.351593624751496088e-02
1.351593624751466424e-02
1.351593624751556630e-02
1.351593624751437454e-02
1.351593624751483078e-02
1.351593910914760527e-02
1.351589493544605620e-02
1.351601816546419213e-02
1.351643926017657114e-02
1.351090813361111552e-02
1.355196998550479981e-02
1.359449527720395234e-02
1.350689673925158096e-02
1.428173748194546712e-02
1.396683850071779760e-02
1.288655076766786860e-02
1.287814357905105872e-02
