-4.764916217559839878e-02
-4.920419106605791043e-02
-8.607107572914493576e-02
-8.980319026901133206e-02
-8.879446349696298868e-02
-9.569443813763292561e-02
-9.169084144969841255e-02
-9.342811700665104579e-02
-9.415225493439727256e-02
-9.321769133747620506e-02
-9.410232712231185459e-02
-9.392091473496116949e-02
-9.388903660735203882e-02
-9.411807520974424524e-02
-9.400928337352032482e-02
-9.407565327662650856e-02
-9.410211036256131700e-02
-9.407687592136798616e-02
-9.410484858816940690e-02
-9.409040177209847255e-02
-9.408771887097452935e-02
-9.407837012178195402e-02
-9.404830608936472214e-02
-9.404785109590199643e-02
-9.397440558675988764e-02
-9.394020858083328152e-02
-9.390964539640750397e-02
-9.366671939864491814e-02
-9.373125138840729398e-02
-9.341971679610658330e-02
-9.291213868024304767e-02
-9.333632845848920112e-02
-9.164151870068232286e-02
-9.160349391131780705e-02
-9.189173359037978994e-02
-8.553919775210198917e-02
-8.646407282342238876e-02
-8.257108753404932000e-02
-8.253073655152162735e-02
-8.347244575318846227e-02
-8.083353252878101858e-02
-8.788230572705316157e-02
-8.790286161407717680e-02
-8.407323299900154590e-02
-8.668011796998716101e-02
-8.242482166913125963e-02
-6.711900603540779664e-02
-5.582293312519400613e-02
-4.449127393812076642e-02
-3.908751345450545145e-02
-3.805192410149643711e-02
-3.197504107368923099e-02
-2.639974016694783196e-02
-2.512760062118730639e-02
-4.300710332608107846e-03
-3.058092543580304135e-03
-2.017029557500463373e-03
3.028528917948584715e-03
2.407679911069080664e-03
-4.198372220106936278e-04
-6.709270053495688599e-04
-4.716092650581333451e-03
-2.837439491540146019e-02
-3.811739205544927706e-02
-5.353424705209273993e-02
-1.338869653333580045e-01
-1.592821758956354805e-01
-1.813334202245311388e-01
-2.058345325597605580e-01
-1.877978319645567939e-01
-1.757180091516792331e-01
-1.507162600662252661e-01
-1.533629759022637484e-01
-1.357698874591624083e-01
-1.313427228825558846e-01
-1.430354303724200027e-01
-1.400783305155996472e-01
-1.543582208240252551e-01
-1.676468517453471030e-01
-1.656864736720193576e-01
-1.512466848185994583e-01
-1.323872233465757109e-01
-8.135395932018457676e-02
-3.693872990775184245e-02
-1.603940761079062499e-02
6.302352844605389748e-03
1.168094987055950940e-02
9.779001553434293892e-03
5.407598381690964864e-03
-1.418957294023324121e-03
-2.605628238420170176e-02
-3.877192350150644035e-02
-5.080312912546570275e-02
-7.544347309300455939e-02
-8.225978590090868292e-02
-9.168659617996427480e-02
-1.005205030652978060e-01
-9.640236409345143143e-02
-9.556138606400776947e-02
-9.005336745702238743e-02
-7.444260680268610653e-02
-7.176799749707724052e-02
-5.718269932481087614e-02
-5.984774680715284484e-02
-6.204279679908970835e-02
-5.209428539600413632e-02
-6.605458407157167866e-02
-2.876869039909472556e-02
-3.357531744138460977e-02
-9.185251873503741393e-02
-9.867709923209683209e-02
-1.114368471532772020e-01
-1.297894565648892162e-01
-1.348051987689191655e-01
-1.489244785164511309e-01
-1.557528474949851915e-01
-1.410283229797762716e-01
-1.409501454673675602e-01
-1.207574613729090196e-01
-1.027445029119771758e-01
-9.892251137765348257e-02
-7.369520901802688317e-02
-6.407254010084298401e-02
-4.529189285887140481e-02
-2.738039081941857564e-02
-1.348312323952642611e-02
4.913274768353151356e-02
8.539917302704767843e-02
1.069799160954182371e-01
1.476135563470785117e-01
1.477607161923149004e-01
1.434244232213135462e-01
1.528885161933710712e-01
1.391529166337626688e-01
1.379107416723568680e-01
1.454301926291001190e-01
1.318057082967330484e-01
1.381355795791666674e-01
1.163251948542944059e-01
1.137155722286128795e-01
1.041146163268069913e-01
4.670400167738876507e-02
4.433630718465995935e-02
2.859116256523281871e-03
2.143934126632760645e-02
1.391009287961914032e-02
2.888533956394816193e-02
6.657517699408366241e-02
1.006282182175155526e-01
1.478754054804016227e-01
1.931751994202965117e-01
2.227192356720615607e-01
2.374222051824144697e-01
2.500524244046674616e-01
2.452077955953559929e-01
2.280188155855302490e-01
2.152597400217320101e-01
1.810608657227080753e-01
1.407111761621810397e-01
1.003375774995861336e-01
5.645925818855619671e-02
2.045692121579405220e-02
-2.369626067108879242e-02
-5.314401198918872193e-02
-8.139067498662225231e-02
-1.137626001410729226e-01
-1.331096958656142193e-01
-1.653596755349780456e-01
-1.790748224319425042e-01
-2.019183062439112997e-01
-2.487422451065730289e-01
-2.655842162474187917e-01
-4.007821800328089656e-01
-4.157595096768557097e-01
-4.764475333833294579e-01
-5.095981924411289166e-01
-4.955405781092095951e-01
-5.423102656200662341e-01
-5.181884644002632268e-01
-5.125004872975489345e-01
-4.968714185528766425e-01
-4.117303274772839972e-01
-3.665290672474951217e-01
-3.449704563477017372e-01
-2.806306878603477273e-01
-2.894585558368116263e-01
-2.342319822961190789e-01
-2.002344830099412609e-01
-2.006611097889730577e-01
-1.262254678337578762e-01
-1.400878815306388914e-01
-1.334244845541533997e-01
-1.242632370524639485e-01
-1.791538499118507932e-01
-1.780561247764224087e-01
-1.660195643526689024e-01
-1.839389001964036319e-01
-1.541746379085155438e-01
-1.460936662031280253e-01
-1.312368345151141424e-01
-1.071390819848622444e-01
-1.165311978320417163e-01
-1.077680190958258399e-01
-9.275518870050164510e-02
-9.446891886710549746e-02
-7.678522315374108898e-02
-4.486971819264323064e-02
-7.739070323609946456e-02
-1.044978909275787460e-01
-1.219514628531620515e-01
-1.328703626035920571e-01
-1.233424339418252302e-01
-1.303239877918692113e-01
-1.137294362630745792e-01
-9.602955172280849827e-02
-8.203347968969193493e-02
-5.877383347308495765e-02
-4.190496551343166065e-02
-4.047561136126436032e-02
-4.400617280946793330e-02
-3.927019890305046695e-02
-5.214951239434399005e-02
-5.415824490072711911e-02
-3.708879573946542024e-02
-3.795892889502663209e-02
-2.912510778328272765e-02
1.689043592199758123e-02
3.273149187715489877e-02
4.975430661386127246e-02
7.707184825378743387e-02
8.530574885579886302e-02
1.073634455066805049e-01
1.220563735720121556e-01
1.373764226318454351e-01
1.358995959086670424e-01
1.074362049306682165e-01
3.288280321253132105e-02
1.051994554876292676e-02
-1.731144792927746812e-02
-2.851152580917355045e-02
-4.353118420399126887e-02
-4.660488895529853182e-02
-6.111600397408561980e-02
-1.041515230381038770e-01
-1.367202464295866338e-01
-1.089282463633748921e-01
-1.266463062689027197e-01
-1.023002649620162324e-01
-7.515541823485101525e-02
-7.899118996440195051e-02
-6.038030815090018877e-02
-4.496823532793385592e-02
-4.760577714240387531e-02
-2.837417278821454530e-02
-2.558973319062469998e-02
-3.582050048698161293e-02
-2.401260731797546025e-02
-2.629643436802123202e-02
-2.322526875126581375e-02
3.121454307226496049e-03
6.900175846127257380e-03
1.134148346697770246e-02
2.182921786489019217e-02
2.026905744817225630e-02
1.698665912622696061e-02
7.979393189113531681e-03
2.013195066598748393e-03
-2.153546647210660171e-03
-3.439402922514159244e-02
-2.793389733995357491e-02
-2.518398922133620321e-02
-3.861095308883445015e-02
-3.574870961587533341e-02
-4.271397618482870862e-02
-4.821625515327584988e-02
-5.539404010050273663e-02
-6.289411864581528899e-02
-7.255463127929555334e-02
-8.672222322997027999e-02
-9.981103952673478497e-02
-1.390087088887408950e-01
-1.556564033905458722e-01
-1.995070216937459007e-01
-3.133337247563314221e-01
-4.294997573908093669e-01
-4.641155606440219294e-01
-4.994602209565159878e-01
-5.205973415801352644e-01
-5.283144491541674759e-01
-5.472124468735888314e-01
-5.536038514032879387e-01
-5.535739046952558029e-01
-5.656111180042980857e-01
-5.500290597722149455e-01
-5.129247271942429798e-01
-4.950220536004530381e-01
-3.836880786798747556e-01
-3.409374658653591683e-01
-3.081669209348290583e-01
-2.592081925617152338e-01
-2.552698062507646748e-01
-2.342234818990207301e-01
-2.235632894914499347e-01
-2.168681382473511832e-01
-1.995943671005758202e-01
-1.930994096883925648e-01
-1.817299011208885207e-01
-1.666215813380478861e-01
-1.552125135264205147e-01
-1.396589815556278369e-01
-1.176928917861219670e-01
-1.101369387096060026e-01
-7.876281128900669559e-02
-7.218057464425144121e-02
-6.821137119902569157e-02
-4.930047430632049366e-02
-6.274241547483637438e-02
-4.518474719297367603e-02
-1.499893265407091156e-02
-4.465996403338069395e-03
7.656888232474971800e-02
7.747107044531936770e-02
8.514926210783398119e-02
1.026460513128269053e-01
6.736067850364679810e-02
5.725222459142108311e-02
1.596618726955061074e-02
-6.679987853604968037e-03
-3.079759912672624250e-02
-3.186638615938690300e-02
-4.489024571801072949e-02
-4.453300005777417747e-02
-2.761549198699938742e-02
-2.265540501938700588e-02
-2.352744342872142500e-02
-1.097627351345422178e-02
-4.003048386468574527e-03
8.814725672535873163e-04
1.218233912764719006e-02
1.656437932386592427e-02
2.137309672706661987e-02
2.718251010620114164e-02
2.755752536830590599e-02
2.826488304235373616e-02
2.852468955149794344e-02
3.234743107333123979e-02
2.473968445719106762e-02
3.643142446137038332e-02
4.468573177974540650e-02
2.213908876709951706e-02
5.108317280109751085e-02
6.010634856528633552e-03
-8.220873798218378270e-02
-1.170146459319621607e-01
-1.488403421072685973e-01
-1.891850141890282500e-01
-1.895629589453488584e-01
-2.071452122360006032e-01
-2.134244859156415319e-01
-2.070074563026046699e-01
-2.195245608182794794e-01
-2.202670385558259669e-01
-2.569777119128926479e-01
-3.336179744608563369e-01
-3.920577941795346244e-01
-4.230775396964942536e-01
-4.878318193083180376e-01
-4.305359083347640725e-01
-4.554339287789235247e-01
-4.162733570004139572e-01
-2.882764991553777856e-01
-2.696956619641525110e-01
-2.032742106257378056e-01
-1.617461973900958805e-01
-1.580630302210718208e-01
-1.102605721746046652e-01
-8.232421509914267244e-02
-5.219835812174187378e-02
4.936803214421381716e-03
3.216750649157140707e-02
6.002429738711105578e-02
9.190026084899143022e-02
1.071578951165289423e-01
1.271270790078318780e-01
1.427140048067790934e-01
1.543409915488483386e-01
1.595612662040387097e-01
1.702992228828359988e-01
1.652002340261669311e-01
1.547278328095718636e-01
1.472820229349404708e-01
1.314473176353133932e-01
1.198159416111765352e-01
1.071818391781686197e-01
8.729249826497827158e-02
7.715425296325578719e-02
5.566921301800635546e-02
3.657652144238887626e-02
2.298171467744847263e-02
-7.223564903755997149e-03
-1.955529216880261267e-02
-3.111180522536782442e-02
-4.899472768898249786e-02
-5.161582513985391030e-02
-6.550556344436914147e-02
-7.110825876028042947e-02
-7.223771224119043821e-02
-7.870679128197566321e-02
-7.510895673194720179e-02
-7.503450756056541382e-02
-7.653047712452112905e-02
-6.938376364708326305e-02
-6.923015450565742079e-02
-6.452025924409957036e-02
-5.146611880960720586e-02
-4.645443616850731400e-02
-1.696276304811166966e-02
-2.736675589586878496e-03
9.556475441036471272e-03
1.751202157052602834e-02
2.825410559610373046e-02
3.311644577746523932e-02
4.345063289146137292e-02
4.778066992612228781e-02
5.407108244156447890e-02
6.145850098870588030e-02
6.406044532195909191e-02
7.589878648645406733e-02
7.709266951449419980e-02
6.811885653153837428e-02
6.584304451154213145e-02
6.298762827398259045e-02
4.785847055384821747e-02
3.799169821987253420e-02
3.419707728212828535e-02
-1.247847369640044286e-02
-1.502214176768903661e-02
-2.687283055295097353e-02
-4.195515892005578090e-02
-4.323394873508636105e-02
-5.186069063033846294e-02
-5.610102524026346765e-02
-5.845294512951974830e-02
-6.263354121341617453e-02
-6.431871710741018933e-02
-6.663486986538330603e-02
-6.862152755807790494e-02
-7.034910386329359944e-02
-7.258802168588748827e-02
-7.411972704010272306e-02
-7.745825875230345769e-02
-7.976593887314523124e-02
-8.288278783740329891e-02
-8.993935883713495560e-02
-9.150622315129841589e-02
-1.023009844802343915e-01
-1.133360603567710873e-01
-1.145859796687083987e-01
-1.487399277241241158e-01
-1.497792309789776344e-01
-1.602596445126440450e-01
-1.721410086977763210e-01
-1.720281504257355765e-01
-1.803662513176107207e-01
-1.821322417390250636e-01
-1.805304755883433976e-01
-1.770844884670564889e-01
-1.726530106744641468e-01
-1.637867329760378521e-01
-1.541895923403435176e-01
-1.515541844601587806e-01
-1.218232837188827633e-01
-1.199742768647959479e-01
-1.129862432967013997e-01
-1.031908532731487249e-01
-1.033246861735972189e-01
-9.671689126379690027e-02
-9.480793948850650688e-02
-9.479852865354246316e-02
-9.345421733451414470e-02
-9.370320481516666855e-02
-9.339258215006703001e-02
-9.311280284997458523e-02
-9.316965534241650193e-02
-9.299431129968038778e-02
-9.295703336424188112e-02
-9.293819283510570961e-02
-9.287875573896023362e-02
-9.287259122512270260e-02
-9.285274661592715639e-02
-9.283531447511972345e-02
-9.282641255562733285e-02
-9.281897562234872612e-02
-9.280292099092019020e-02
-9.279201087350570643e-02
-9.279285563985452401e-02
-9.274228214478902332e-02
-9.275555417763803323e-02
-9.272370945647395724e-02
-9.259599009650797130e-02
-9.272484472708991676e-02
-9.243713316433128935e-02
-9.233657688784177586e-02
-9.265134249893183793e-02
-9.139601839745009615e-02
-9.227997122809232511e-02
-9.177964023761063517e-02
-8.866142078566299767e-02
-9.370134976400268378e-02
-8.587402296238147437e-02
-8.430114134293528738e-02
-8.934343188223878296e-02
