-4.902993975132682869e-02
-5.042331325499094241e-02
-8.523012769111387721e-02
-8.903755864859774771e-02
-8.772916860911245118e-02
-9.348338448142963497e-02
-8.981409443634993939e-02
-9.104187597410659527e-02
-9.153188658458712157e-02
-9.069127180100863828e-02
-9.130061704615585749e-02
-9.113148801122204767e-02
-9.106718421756090920e-02
-9.120992112397889595e-02
-9.112077580447947023e-02
-9.115151511369443127e-02
-9.116360651547114613e-02
-9.114210692452090479e-02
-9.115592275213635354e-02
-9.114626339513967612e-02
-9.114369381530088021e-02
-9.113782359552186074e-02
-9.112103071480841254e-02
-9.112291025174118486e-02
-9.107749190909855685e-02
-9.106149833162227591e-02
-9.104654750440960287e-02
-9.088256815620746054e-02
-9.094823362969009506e-02
-9.072658736594435558e-02
-9.035890757354471392e-02
-9.074000679467106312e-02
-8.937644210051426397e-02
-8.940589810176477470e-02
-8.975720510757480286e-02
-8.406591616051256599e-02
-8.481200050914594613e-02
-8.156713759049148693e-02
-8.169550773750899886e-02
-8.252655038040694613e-02
-8.069407862573316215e-02
-8.741085360336066368e-02
-8.788353075841717765e-02
-8.539515732995865693e-02
-8.854581427061167243e-02
-8.576850285825035614e-02
-7.329785899225937928e-02
-6.353690292214106417e-02
-5.475942865550845196e-02
-5.109617596461105138e-02
-5.123680060695996741e-02
-4.737334692468322256e-02
-4.356453083223101735e-02
-4.291984038253672529e-02
-2.509803716983375482e-02
-2.402469295814351619e-02
-2.345812561219690062e-02
-1.877457499684177106e-02
-1.872684045394093152e-02
-2.042215149947198410e-02
-1.827497957795790745e-02
-2.093216931507878992e-02
-3.851725437434711657e-02
-4.286410205434953991e-02
-5.503404370409117202e-02
-1.229565746655073011e-01
-1.457677862567128557e-01
-1.640534615100677773e-01
-1.854674163436995926e-01
-1.679027349088851595e-01
-1.541105491928524973e-01
-1.303809442760751891e-01
-1.326099247516270840e-01
-1.150362772419363799e-01
-1.118308187361233969e-01
-1.228099381954714520e-01
-1.209861704324999288e-01
-1.360004320138452905e-01
-1.497417238977813425e-01
-1.499924074702642107e-01
-1.385299710994261913e-01
-1.226323927874786585e-01
-7.878357114654167825e-02
-3.826305792064760292e-02
-2.081600072715243666e-02
-2.391134012145128274e-03
1.742073494184027266e-03
-1.412015789592548434e-03
-5.516182218533534701e-03
-1.199382298440216689e-02
-3.470352824042839679e-02
-4.588375467749741810e-02
-5.720748724383325351e-02
-7.937982384617373044e-02
-8.568698307110579615e-02
-9.430013670132050829e-02
-1.018368968389356533e-01
-9.855732666142297260e-02
-9.687953416046550525e-02
-9.165236536778936793e-02
-7.742638790423242434e-02
-7.386731964081712232e-02
-6.129486986575046620e-02
-6.364271071805105429e-02
-6.526787821644723653e-02
-5.734488593981754145e-02
-6.849336388509363882e-02
-3.199907599130297209e-02
-3.591348533417464822e-02
-8.774934717719606869e-02
-9.417845032306065844e-02
-1.047953268625182177e-01
-1.208292997857838835e-01
-1.263403706786572767e-01
-1.383922903703777574e-01
-1.451857453011596855e-01
-1.323186169873564189e-01
-1.311025580259146395e-01
-1.139768766744706369e-01
-9.794159091937758299e-02
-9.628996139567394530e-02
-7.734226436633040436e-02
-7.356499596580512446e-02
-6.058049468148473532e-02
-5.111937250206594063e-02
-4.493584625169309843e-02
1.180447061326733021e-02
4.074931523516792803e-02
5.670764628225689885e-02
9.456270514638843994e-02
8.806341687758025005e-02
8.014728474812388148e-02
8.754567720891502647e-02
5.753143257080869238e-02
5.599811065129770005e-02
5.639386505908303149e-02
4.360430224755432183e-02
4.797346653377018016e-02
3.190933703293032803e-02
3.252538730290330249e-02
2.543573250205337713e-02
-1.607575892976711995e-02
-2.087502273818636622e-02
-5.215792274109681131e-02
-3.445859993431309165e-02
-4.590523571392317315e-02
-3.086252904815531967e-02
4.179501917374504882e-03
3.567515169038099065e-02
8.393152209191415136e-02
1.269822321830577083e-01
1.583093353553678417e-01
1.745612307518696893e-01
1.872575976108469265e-01
1.887917625010738232e-01
1.732469139177459372e-01
1.651233190431542208e-01
1.378153432307829274e-01
9.918492620868352150e-02
6.707917805655058685e-02
2.887132557157648730e-02
-2.184486762575996079e-03
-3.599219654100238586e-02
-6.073188705479115601e-02
-8.043733220370082038e-02
-1.028024673040908443e-01
-1.162948745306038034e-01
-1.337702267593802730e-01
-1.351425159142862764e-01
-1.459399605346571871e-01
-1.691338856443559135e-01
-1.762972289562738104e-01
-2.737151084301583381e-01
-2.830837657260446560e-01
-3.287547016929724952e-01
-3.509393545327524344e-01
-3.395873663151285360e-01
-3.730012215273221798e-01
-3.533369166797485361e-01
-3.490395794581793165e-01
-3.326694066160999497e-01
-2.688368727917734846e-01
-2.362650606218696936e-01
-2.323472545286702495e-01
-1.890818425744291709e-01
-2.021753527102300163e-01
-1.658979966252574489e-01
-1.397581612781413352e-01
-1.452605924972249496e-01
-8.529572836679791270e-02
-9.988185132811017164e-02
-9.881722966008567310e-02
-9.465180309432405514e-02
-1.486094744187922978e-01
-1.525756801223483450e-01
-1.417586342250420350e-01
-1.593945279027471074e-01
-1.342635026047735991e-01
-1.249749264057301024e-01
-1.133700197489962147e-01
-9.303769847991393005e-02
-1.032232894526758371e-01
-9.791483429266778504e-02
-8.414409498125655085e-02
-8.684578787181021498e-02
-7.082233921380926001e-02
-4.067358092725890245e-02
-7.047241159267368660e-02
-9.736343793543285330e-02
-1.145304370715698600e-01
-1.243589143254325430e-01
-1.168294666701283485e-01
-1.236043188751655558e-01
-1.086528241214304163e-01
-9.336508359631855158e-02
-8.040770037948186122e-02
-6.047501372991637147e-02
-4.591357090611208197e-02
-4.737454998001957435e-02
-5.261137799413302674e-02
-5.058564014998155611e-02
-6.348484528937313465e-02
-6.654180804865292287e-02
-5.428005104735625364e-02
-5.888932258138615539e-02
-5.246189220114165497e-02
-2.035999344971243727e-02
-9.172209261661430982e-03
2.195152006201146928e-03
1.633547648688021825e-02
2.377820776005772074e-02
4.065773328428353567e-02
5.130772790070099731e-02
7.351175819701907810e-02
7.304168497567758989e-02
5.173865754301716635e-02
-8.646896079574976218e-03
-2.712765557620036225e-02
-4.328433306398225822e-02
-4.870077571352274259e-02
-6.140712049972184977e-02
-5.740129932570993410e-02
-7.059000560092415499e-02
-1.113625150825749005e-01
-1.396445693670583799e-01
-1.138888007744792152e-01
-1.286668512620204319e-01
-1.051578791460662105e-01
-8.080844068108905542e-02
-8.309773551431740013e-02
-6.857865347860071792e-02
-5.557276738896366197e-02
-5.838383575707191409e-02
-4.350749536288853192e-02
-4.230939449742865399e-02
-5.113324192196168350e-02
-4.341448655539494050e-02
-4.647980624062809929e-02
-4.448288390249786894e-02
-2.353739864316051894e-02
-1.973632060792678347e-02
-1.792841863139900405e-02
-9.250798986574930438e-03
-9.677439665833856286e-03
-1.268848433048787999e-02
-1.959689713060554575e-02
-2.191620484371211916e-02
-2.530684976517282719e-02
-5.217828504375820325e-02
-4.494837847099598938e-02
-4.050814102561061530e-02
-5.012561288545876875e-02
-4.612305474088220641e-02
-4.957754563086184951e-02
-5.136641599257663754e-02
-5.504234307852751834e-02
-5.721867249724999632e-02
-6.008910545512228391e-02
-6.552118151992389339e-02
-6.726662681423219159e-02
-9.288753855421344463e-02
-9.288331930310560203e-02
-1.166793954449078796e-01
-2.091948309035597808e-01
-2.872672145270666055e-01
-3.144265910583671775e-01
-3.465648187972644179e-01
-3.575647797599684208e-01
-3.673561495187096515e-01
-3.799652118487718000e-01
-3.824528398407808227e-01
-3.865118416564845005e-01
-3.885369967804798708e-01
-3.787096172107672354e-01
-3.502487167077711350e-01
-3.335159453880225944e-01
-2.594941893186669124e-01
-2.270636822822183210e-01
-2.125854237538988278e-01
-1.781498392361342553e-01
-1.777521921007276240e-01
-1.669302359698422999e-01
-1.592539671730186512e-01
-1.554306388001281403e-01
-1.451796807347119356e-01
-1.389293982034113806e-01
-1.331860993405161731e-01
-1.230110013860214874e-01
-1.136405432140642213e-01
-1.068019808887249178e-01
-9.078074624698012629e-02
-8.843191463908628425e-02
-7.020737755507737432e-02
-6.693197717501857269e-02
-6.827831795815814120e-02
-5.680723977559610366e-02
-6.913854830041032962e-02
-5.913033029400381613e-02
-3.645187073296317359e-02
-2.725494504189188844e-02
3.661698927545899845e-02
3.725615922299017196e-02
4.019946864358559663e-02
5.304167272216683132e-02
2.141418225050776072e-02
1.000066450607114965e-02
-2.235129610319273527e-02
-4.252540007286270685e-02
-6.232859039075018537e-02
-6.153985544009375752e-02
-7.370245557896146216e-02
-7.105056013340589616e-02
-5.448861579066691802e-02
-4.868304761851435791e-02
-4.782883509990790150e-02
-3.611800072934583106e-02
-2.738094704230135262e-02
-2.297410886785830955e-02
-1.223401502440952908e-02
-7.010857502423048157e-03
-3.882136268274037107e-03
1.534022986825191778e-03
1.027804929348275637e-03
-6.919545609674973303e-04
5.126732644157110629e-04
-1.606267428253973280e-03
-6.669284907695447601e-03
5.524956362883565349e-03
1.356383770980652305e-02
1.393180367210804238e-04
3.156821325819920976e-02
-2.250098803644868389e-03
-7.633686756167427923e-02
-1.027493145420379228e-01
-1.254471101183566861e-01
-1.551644147196754586e-01
-1.519114792112284673e-01
-1.620463365679132850e-01
-1.618080525071691478e-01
-1.520778437459017196e-01
-1.538541264634253891e-01
-1.481816860227761212e-01
-1.748214758568878424e-01
-2.335258742425201373e-01
-2.855465811510146112e-01
-3.138050197941111841e-01
-3.687872553071303017e-01
-3.209751364214447067e-01
-3.451519041844284819e-01
-3.125499943803160541e-01
-2.099366176370978665e-01
-1.963369125498098389e-01
-1.512301436729536208e-01
-1.235800778981678005e-01
-1.271216869888402712e-01
-9.499660243479909894e-02
-7.527814500111568163e-02
-5.488179625907793624e-02
-8.683502633397011117e-03
1.272951562557566446e-02
3.086971405499217697e-02
5.675724727702133321e-02
6.703236110999115371e-02
8.095537225582905005e-02
9.481711822952396118e-02
1.032419374504699311e-01
1.078547256559950901e-01
1.194444364318755919e-01
1.145466497770945835e-01
1.074530519951227281e-01
1.013987774495837130e-01
8.783739568494690342e-02
7.954613024875512028e-02
6.855377586276861779e-02
5.258787008131615703e-02
4.496711807414149886e-02
2.653677169457677176e-02
1.145824927538106539e-02
-2.893283121987999529e-06
-2.590658284282311777e-02
-3.563683654748080187e-02
-4.512246700200592958e-02
-5.995927749154496972e-02
-6.165515017040053974e-02
-7.379360121224314006e-02
-7.799197947178637680e-02
-7.909950584771224813e-02
-8.417670372216382035e-02
-8.077125464893800122e-02
-8.085161295970615114e-02
-8.180975585667693561e-02
-7.605519270222516059e-02
-7.603512890309679917e-02
-7.216197151027661794e-02
-6.143248282021426115e-02
-5.690374215461324603e-02
-3.400552474075736742e-02
-2.199332384715124711e-02
-1.359557353526226128e-02
-1.026266656903264407e-02
-1.761952478505941257e-03
3.322407588185463320e-04
7.540381681997235241e-03
1.045216011933358322e-02
1.411125428177212662e-02
1.913116054411404671e-02
2.134532926544942255e-02
2.904278148564892748e-02
3.018064997819686762e-02
2.186186792256282832e-02
2.044486713358900642e-02
1.875953908909725951e-02
7.405646264746374233e-03
1.141448500130203512e-03
-9.991254496064605820e-04
-3.922546818760142689e-02
-4.040335909428719591e-02
-4.846120325640863868e-02
-5.908887862196958440e-02
-5.926132522497713773e-02
-6.455915929529337793e-02
-6.694824995596022899e-02
-6.793499557841538306e-02
-7.013145112647994894e-02
-7.080591827742144240e-02
-7.178190271346972240e-02
-7.262452070319194708e-02
-7.330317889645304730e-02
-7.424288996188943557e-02
-7.483474129594745727e-02
-7.647227888026876530e-02
-7.749811828206608355e-02
-7.909461224553723802e-02
-8.324823729667066297e-02
-8.382693118854170344e-02
-9.087934576953393684e-02
-9.841135023501514090e-02
-9.870185679335621853e-02
-1.248456804151269472e-01
-1.248942625159491226e-01
-1.318488919656862213e-01
-1.399035404424421036e-01
-1.398513600801246093e-01
-1.462736898453904089e-01
-1.475657407384560749e-01
-1.480632061370503183e-01
-1.455089873435508607e-01
-1.423811784239436551e-01
-1.365358481089569143e-01
-1.297080048972926725e-01
-1.283676424933773985e-01
-1.048494262037213548e-01
-1.040106633265866914e-01
-9.979467097145744425e-02
-9.293954396644570071e-02
-9.375238819147579949e-02
-8.952759955065878184e-02
-8.844434321894313611e-02
-8.970954111484119586e-02
-8.910800849196540141e-02
-8.964362142612877782e-02
-8.981209231028999818e-02
-8.973739167785542425e-02
-8.993996623703194582e-02
-8.993026678005211494e-02
-8.995630206329960354e-02
-9.000526532423884507e-02
-8.999857393915543236e-02
-9.001718642385606040e-02
-9.002548865383905308e-02
-9.002530932262703400e-02
-9.002971821080209269e-02
-9.003203505759146963e-02
-9.002695214957756598e-02
-9.002522511446701958e-02
-9.002799192070901069e-02
-9.000021327077956101e-02
-9.001217844451957217e-02
-8.999171211769173284e-02
-8.991415735272687004e-02
-9.000313420395997244e-02
-8.980292594958461105e-02
-8.974713519151550356e-02
-8.996817291486047807e-02
-8.903389658144586494e-02
-8.973718348769921249e-02
-8.930373915773154314e-02
-8.679843441376321189e-02
-9.099907286138375628e-02
-8.419429474889474074e-02
-8.273318293420721392e-02
-8.706845408221632054e-02
