-1.189209460290790443e-01
-1.267055198065100974e-01
-2.113266043506567826e-01
-2.360506678751317367e-01
-1.804500307138937609e-01
-1.630075105155623927e-01
-1.407055266038530761e-01
-1.340986334113161704e-01
-1.315223829006540723e-01
-1.302214992717500852e-01
-1.300855261483953584e-01
-1.299927836791847924e-01
-1.299693471422694035e-01
-1.299827121950852815e-01
-1.299523484359168812e-01
-1.299440130322816467e-01
-1.301199267921800684e-01
-1.291785126667671091e-01
-1.290249634149454872e-01
-1.293263848858886567e-01
-1.169726804781982404e-01
-1.169561576717747658e-01
-1.159321324751163285e-01
-1.149991857790952088e-01
-1.150345344721803859e-01
-1.147935547113670546e-01
-1.148169932237838864e-01
-1.112829089174620090e-01
-1.085863680869992715e-01
-1.047544231392679576e-01
-6.531402979359346439e-02
-7.485345790746433803e-02
-1.002898563322258130e-01
-9.595650199264450786e-02
-8.499378349714695191e-02
-8.910917590315738102e-02
-2.012018298591463153e-02
-1.524788604772774059e-02
-7.422916718903883361e-03
-1.275192109473659817e-03
-7.203445147914112542e-04
2.419399454436620828e-02
2.348866253672982768e-02
2.235635560614585016e-02
2.452421892175730977e-02
2.555301294769399267e-02
2.580691266306628373e-02
3.757459263816639861e-02
4.637261217082586096e-02
4.418586283942928933e-02
3.991350074685627580e-02
1.666462246525819008e-02
1.291555756154347950e-02
1.150393587361998524e-02
-2.024518262686642381e-02
1.325586585712234047e-02
2.322284576144009391e-02
-1.223124305636708598e-01
-1.380255155127993461e-01
-1.860682835777987820e-01
-2.512825879151653896e-01
-2.769213478420382013e-01
-3.425921637451944113e-01
-2.671558806900171668e-01
-2.168372740747626648e-01
-1.374827251271587558e-01
-6.607094215872720555e-02
-9.569912646847791859e-02
-8.767054012628430759e-02
-1.299929446194965366e-01
-2.733755333645762065e-01
-3.089490612706361494e-01
-3.833542911516993335e-01
-5.098876292262403132e-01
-4.916402209250059774e-01
-6.034957157728416677e-01
-5.885017472212923373e-01
-5.521850251531503773e-01
-5.715331376941618080e-01
-4.039939322602996152e-01
-3.467208401112009675e-01
-2.224350195712357925e-01
-9.053674473970835246e-02
-1.009910312293746393e-02
-6.109873517669388299e-04
1.158728757591930350e-02
-1.669383299993941472e-02
-1.061109529106599170e-01
-1.506993819096050236e-01
-2.347220566318729829e-01
-2.377390247829272996e-01
-2.798795494785174531e-01
-2.233661375411797323e-01
-1.822589517565093298e-01
-1.046257326089661543e-01
-6.955540292160235227e-02
-3.452731291706034877e-02
3.457815173638972839e-02
3.059295951487368825e-02
-1.300711740685747859e-02
-1.094903455421523779e-02
-3.274273409807721552e-02
-4.641835055809215294e-02
-1.847949421974179676e-02
-4.035478061653058335e-02
-3.482173394004500766e-02
4.238411311145598437e-02
9.836341319858402099e-02
6.007255885421236563e-02
-2.138088901403840947e-01
-3.289290047231548941e-01
-3.392231063865658314e-01
-2.972304555462716991e-01
-2.769400058552473620e-01
-2.253981021913228633e-01
-1.650357155352734917e-01
-1.018710813305835072e-01
-1.200650145158372629e-02
2.971487505953617977e-02
-3.532739796750275149e-03
-9.454183319703067523e-03
-1.189148028038051856e-02
-3.720319185691397385e-02
-5.410554985492146279e-02
-6.297619591652166282e-02
-1.561161824641148568e-02
1.911578682537763696e-02
2.104712328949133460e-02
-2.741313494944813862e-03
-3.943617490402391394e-03
-9.174278132028015897e-02
-1.136249980377575797e-01
-1.081202482053369301e-01
-1.142258777178999374e-01
-1.127415502578845430e-01
-1.233227805460460902e-01
-1.167332622906495782e-01
-1.373768300286876409e-01
-2.771881901754374433e-01
-2.508077572308918812e-01
-1.097625766509407463e-01
-1.318373786973058293e-01
-1.258946025544686598e-01
-1.520994852785668705e-01
-3.487871717954159068e-01
-4.206520234574496198e-01
-3.144458384851964161e-01
-3.583484638365246888e-01
-1.951998697418914630e-01
-3.054538662964273801e-02
2.614434546781106705e-02
1.030883697183294645e-01
1.291076974882544026e-01
3.653783436337016549e-02
-4.027609519354713452e-02
-8.256109119310119093e-02
-2.183580225702231314e-01
-2.802500830003777921e-01
-3.107233482320506113e-01
-4.431356261582192202e-01
-4.252012717333639169e-01
-4.544208324916996222e-01
-4.911796920004252165e-01
-4.018236458519931498e-01
-4.055961085596062610e-01
-3.420513360057065300e-01
-2.715604922259858833e-01
-2.402583536732836034e-01
-2.107293439010796965e-01
-1.624427824087975869e-01
-1.489306369212928804e-01
-1.215792517712139809e-01
-1.030561854608276762e-01
-9.596920043577793213e-02
-1.134194022293012472e-01
-1.312399953194083313e-01
-1.446039552115706006e-01
-1.622714073004753454e-01
-1.102999022378523958e-01
-4.749312970074356238e-02
-2.145462113527519740e-02
-3.965609718322219562e-02
-3.849488843005614835e-02
-7.747156198202297117e-02
-9.209549731140286022e-02
-7.799827702062828161e-02
-1.047632657934638722e-01
-8.060410847800651701e-02
2.930480499299329550e-02
1.028961503427567176e-01
6.692709422404358177e-02
1.852130999919689158e-02
-1.468785777176685389e-02
-3.459569297663218912e-02
-3.072331552477968949e-02
-6.007011514759006549e-02
-2.488733215669357984e-02
-6.297246579140867995e-02
-2.575400802369428588e-01
-2.467149733524298116e-01
-1.465871276343356511e-01
-4.966226430211182624e-02
-5.112087351066760266e-02
2.640811814270147689e-02
-4.026735356140014044e-02
-1.344897076367843058e-02
-6.649854489677008151e-02
-9.730507398724670687e-02
-7.508152907046118651e-02
-1.487545809222856064e-01
-9.016328356670633148e-02
-1.159162814089918225e-01
-1.333352681358434266e-01
-8.581261761444593239e-02
-1.562482236210268327e-01
-1.205813353848814440e-01
-1.018230753522580412e-01
-7.239790093689703332e-02
-9.935758348605445989e-02
-7.178502431829016095e-02
-8.311635627900768042e-02
-6.948913196302063111e-02
-7.193470980290130046e-02
-5.488437514592881851e-03
-6.122045139797102284e-04
8.235198857141329265e-03
1.263868791315756954e-02
1.409011105835558317e-02
1.527776688588437966e-02
3.074315707119641694e-02
4.136262353198447150e-02
4.561692462102873158e-02
3.622757863543085710e-02
1.057787031766716651e-02
-3.059765848207468900e-02
-3.587993023030841555e-02
-4.115554235193671917e-02
-5.150266132221395510e-02
-1.058599572762894403e-01
-1.046410741528973481e-01
-8.939775123771108445e-02
-7.972047769941818796e-02
-7.815745965388001815e-02
-5.094152448972903008e-02
1.153608990491536701e-01
1.230092788004465004e-01
-1.022359343778396490e-02
-8.802189538535369270e-03
-2.421570138883439860e-01
-3.448204146135736559e-01
-3.466605164559384833e-01
-2.991224511780309903e-01
-2.681919369610012427e-01
-2.417880689721562948e-01
-1.843482866998406300e-01
-1.375836929462103675e-01
-1.577434248963567043e-01
-1.395470062578917647e-01
-1.621073374718382809e-01
-1.362733459574091421e-01
-3.523612905978140697e-02
-7.581406524709592351e-04
5.806378130484199374e-02
6.239444965891824402e-02
1.200716350287771295e-01
1.573174160518977516e-01
1.074326380766892491e-01
1.219279991519834072e-01
-6.670593505684582758e-02
-3.080063563408007021e-01
-2.502782320209736566e-01
-2.745604242148854124e-01
-3.067428267701117206e-01
-2.822287872342018056e-01
-3.109736478423407169e-01
-2.321922566413375522e-01
-1.980100382411888738e-01
-1.296292471808372371e-01
-1.198489994960465072e-01
-9.563085159663178847e-02
-1.577035461746967848e-01
-1.791456561137515779e-01
-2.316073042242877966e-01
-2.583752344342891138e-01
-2.963079691848721775e-01
-3.146260251030423283e-01
-3.346122819298863460e-01
-3.439513470253930949e-01
-3.307750252500833987e-01
-3.209264231322056515e-01
-2.885787534109394148e-01
-2.671401645484845488e-01
-2.314254896266750294e-01
-1.985715416113311149e-01
-1.802924523595911821e-01
-1.548273047496022126e-01
-1.263062399541561298e-01
-1.119746371407249058e-01
-7.382484525892116234e-02
-2.872691880749075888e-02
-1.677578743359740832e-02
3.987714694233941704e-02
7.359551649973164467e-02
-1.007955373979877584e-02
2.879420459418762304e-02
-3.380650149581698738e-02
-1.060020240728508228e-01
-9.670115584668634301e-02
-5.150440975158832729e-02
-4.155382227798518069e-02
-3.876161222250248256e-02
-5.690045648370516129e-02
2.120650971826846046e-02
1.957044800976602203e-02
2.401508371669373865e-02
3.029126180923097378e-02
2.971373691474055861e-02
3.825346235357961894e-02
4.660119717463493544e-02
4.112306489647721275e-02
3.719515289247196654e-02
1.612100420459752423e-02
1.172617738059177246e-02
-7.598900084209411591e-03
-6.900233067741453480e-03
-3.566725609800792951e-02
-5.215192548863115812e-02
-6.092466946849402210e-02
-1.043471717740745569e-01
-1.159034757371146529e-01
-1.698895762198499304e-01
-1.450311192101393087e-01
2.071045344098609159e-02
3.674185130617835943e-02
8.231551188701431709e-02
8.592454307981725603e-02
1.101475697701531364e-01
1.317126697478651076e-01
7.566357519168079304e-02
5.504618603352304934e-02
5.727007103663006235e-03
5.508206736029082166e-03
-8.101468462681324367e-03
3.151959277874863408e-02
-4.171259854239529885e-03
-1.652191277102895706e-01
-1.752717308733351687e-01
-2.809676954009521777e-01
-2.720939967565977891e-01
-2.559871536384005219e-01
-2.302638987866812148e-01
-2.159723891027972020e-01
-1.967574495164822468e-01
-1.821003856127069442e-01
-1.677854278424058820e-01
-1.730540558476615087e-01
-1.625484378290358856e-01
-1.774580161562763214e-01
-2.094554870516198986e-01
-1.969850418690791138e-01
-2.068810263448357112e-01
-2.235904397232348906e-01
-2.257271316330620448e-01
-2.533832451983134559e-01
-2.159407801338265043e-01
-2.075144499566852763e-01
-2.269148069137556234e-01
-1.996648871441863982e-01
-2.110054730740833218e-01
-1.881818741850855292e-01
-1.723439980897089885e-01
-1.495416910590887105e-01
-8.787969149805445468e-02
-3.246582668701727958e-02
-4.477097815780387013e-02
-3.635328349555336930e-02
-3.390726724776571555e-02
-2.285352072075071128e-02
-3.878749818424426926e-02
-3.936065945634540514e-02
-6.850020140671247981e-02
-6.896310696529489581e-02
-7.084369428117688605e-02
-7.255846342781595293e-02
-7.243871124926379301e-02
-7.230556261780762828e-02
-7.170203733348876063e-02
-7.346055275845812804e-02
-7.032782464764635033e-02
-6.802345480680614676e-02
-9.245669671108058818e-02
-9.751072551671634281e-02
-6.300468760863936479e-02
-6.924311778565762909e-02
-6.748006205442322325e-02
-6.091041117840993030e-02
-9.266269166087943987e-02
-8.947503098204956373e-02
-9.856121610658823140e-02
-1.003325019041652472e-01
-1.003121226698985846e-01
-1.009291225808387343e-01
-1.008613620494391849e-01
-1.008644310013112610e-01
-1.009252038504010046e-01
-1.009142577684741943e-01
-1.011508357037235184e-01
-1.026988416166637469e-01
-1.039355549036076326e-01
-1.097979748305361880e-01
-1.252714881576159345e-01
-1.262941354530807692e-01
-1.116415269465018401e-01
-1.105703151087634728e-01
-1.088328202305788722e-01
-1.120802581945541526e-01
-1.118953270528973004e-01
-1.123723869564697553e-01
-1.133130175934850409e-01
-1.109979802208918287e-01
-1.143849253789471915e-01
-1.137793541321239221e-01
-8.268696282526130648e-02
-8.075129405071336530e-02
-8.089794248841554458e-02
-7.851932718756032825e-02
-7.807579003078611579e-02
-8.098026854707762734e-02
-7.996675794020521866e-02
-7.905964734409409722e-02
-1.196968765481062069e-01
-1.203032771646823651e-01
-1.236155370984978602e-01
-1.266510395187472604e-01
-1.264291613007977322e-01
-1.266432043644455385e-01
-1.267140988781596811e-01
-1.266968745754137315e-01
-1.267029576704391536e-01
-1.267032261562520135e-01
-1.267028122735434359e-01
-1.267029211152677637e-01
-1.267029094119364041e-01
-1.267029055112718072e-01
-1.267029088675702686e-01
-1.267029115551905061e-01
-1.267028590168908231e-01
-1.267031051713028711e-01
-1.267027710331022627e-01
-1.267007187772684618e-01
-1.267114645574044796e-01
-1.266733080222723629e-01
-1.266365137369926952e-01
-1.267942347165471606e-01
-1.253781868508409558e-01
-1.255688874448978032e-01
-1.241303700149553879e-01
-1.048798827952637375e-01
-1.060439822969611451e-01
