1.208610224302105428e-02
1.204921161436167155e-02
1.838894334548181464e-02
2.408986337836654945e-02
2.433654681762291438e-02
1.980862391909325032e-02
1.507222659868080912e-02
1.506986323513462983e-02
1.506289367801501473e-02
1.505988256507856740e-02
1.506028110092177789e-02
1.506027987039829617e-02
1.506027965751320988e-02
1.506027974895941292e-02
1.506027974325537845e-02
1.506027974325461691e-02
1.506027974325455446e-02
1.506027974325452323e-02
1.506027974325587458e-02
1.506027974325458221e-02
1.506027974325531947e-02
1.506027974325464119e-02
1.506027974325511998e-02
1.506027974325467415e-02
1.506027974325433935e-02
1.506027974386531069e-02
1.506027973407253126e-02
1.506027975875933941e-02
1.506027986080715753e-02
1.506023730708866241e-02
1.506056049629870240e-02
1.506117864868016139e-02
1.506242537339819859e-02
1.557070309963520111e-02
1.604679927980462092e-02
1.745469825222233790e-02
1.720338046037844446e-02
1.625326232443467106e-02
1.625087451799231419e-02
1.789794881664244497e-02
1.847371137433754390e-02
1.442371487157789907e-02
1.360496653013614637e-02
1.243626428407727802e-02
1.439939303887930594e-02
1.792549868741541777e-02
4.471249693503669804e-04
-5.373928192834713947e-04
-7.603190748604932506e-03
-1.102025356187304704e-02
-1.478373406621148224e-02
-1.045148776022788474e-02
-8.749729372191979854e-03
-1.208980090561325273e-03
-1.486421130584094676e-03
3.476438215323318735e-03
1.116158967845133458e-02
5.878647893808076896e-03
-1.646498791638133577e-02
-3.818296221732667833e-02
-2.841481834516521379e-02
-3.503054215334060195e-02
-2.359548290959437647e-02
-2.315469657284924612e-02
-2.038034125264556393e-02
-3.302905014103948295e-02
-2.537624247450988649e-02
-3.214337348071950179e-02
-6.095188725960564574e-02
-7.473837686340847886e-02
-6.724612880960335881e-02
-7.113365681394856477e-02
-6.373894656690326510e-02
-3.472749866918112965e-02
-2.231224825685515500e-02
-3.334928708358388116e-02
-3.529528829261008305e-02
-4.657218454932694068e-02
-4.659615147739216284e-02
-4.035605325782881669e-02
-4.181418915286568005e-02
-3.508173167619280802e-02
-3.821606350015196302e-02
-3.537342083324745978e-02
-3.537238505604323180e-02
-4.172932148745300829e-02
-4.441449169648852696e-02
-4.340181775461125768e-02
-4.147433075759574678e-02
-3.270174446052220851e-02
-7.922799817807421943e-03
-6.719666913920478366e-03
-1.584834314895722587e-02
-1.850918374026865737e-02
-1.516290819374819382e-02
1.608206757095690526e-02
1.743193509097542421e-02
1.015374907718471879e-02
1.420794669789480005e-02
1.454505748824165036e-02
2.637634051764353726e-02
2.437662560888004259e-02
2.372048365191352023e-02
3.050040169255820513e-02
4.253329390641030078e-02
8.785835072089463738e-02
7.823994909100136230e-02
-2.466024050748770111e-02
-4.172462694232064589e-02
-3.817576483736868226e-02
-2.794245831945901468e-02
-1.065005985485468348e-02
-1.088763598225925451e-02
-1.878161094446605464e-02
-1.438020204023332353e-02
9.403835566177527966e-04
2.034363829171990240e-02
2.107790160958722403e-02
-2.118953476923459735e-03
-3.423192174010448313e-02
-5.682748618012183756e-02
-4.615555844586759215e-02
-3.490593723099620627e-02
-3.244395550365444802e-02
-2.453242953669914836e-02
-2.023697604565781807e-02
-3.188723443229843964e-03
-2.286912909738711332e-03
9.264489349338839858e-03
1.391958862138350898e-02
1.939484796814140363e-02
1.458649507731607682e-02
5.320018605806892641e-03
5.281360287043755652e-03
1.948940308620789735e-02
2.089545856070960939e-02
-5.682227750019908791e-03
-1.278878139629959811e-02
-3.276829632727424474e-02
-3.356544044298711421e-02
-2.332530354759002403e-02
-1.486440891616975027e-02
6.603995610662801233e-04
-2.330200641974434269e-03
-2.716558857108324412e-02
-3.406990296169157967e-02
-2.143469386060398163e-02
-1.801686612475830035e-02
-9.427491522041900676e-03
-4.611440174635601796e-02
-7.328905629295677515e-02
-5.074070565002804928e-02
-4.429697363214703948e-02
-3.174534017760974325e-02
-3.090408723831872609e-02
2.799277402885125190e-03
-3.698425928760642589e-03
-9.250621763430379239e-05
1.152549836224306488e-03
6.446237896207197490e-03
4.216394780328134445e-02
4.158777343482929212e-02
3.094706093354123930e-02
5.141594672151534456e-02
5.447771741481709923e-02
7.904393330157813424e-03
-5.373758190573024555e-03
-1.280816559093750709e-02
-1.229891766329679545e-02
-1.690033616430754518e-02
-3.149210152242394589e-02
-2.099309298861902484e-02
2.810470456673309220e-02
5.306726862055954203e-02
1.143044994977659157e-01
9.469236605770335602e-02
-5.482129360245119321e-02
-7.227027004390930431e-02
-1.713747125096175619e-02
1.738928738063296071e-03
1.872947202058003816e-02
1.772435586547166375e-02
6.552120825011498173e-03
5.995219206036141689e-03
7.608563705357669453e-03
8.166666848485479519e-04
-5.534622315153921168e-02
-6.308850349233253996e-02
-3.343676999358737717e-02
-3.068635013938297157e-02
-2.877745419866602206e-02
-1.709627683679863439e-02
-1.213587407676334660e-03
1.961163200496840800e-02
4.628922001313944684e-02
3.985171544547581185e-02
3.050113354488232648e-02
4.257497618030792880e-02
8.789398269407379394e-02
7.825662853362630456e-02
-9.614364283711051423e-03
-3.392698132148255080e-02
-2.841268011433718474e-02
-4.165750756928431747e-02
-4.130674551794591420e-02
-2.400760753561626687e-02
-3.634960784857818508e-03
3.406078638491245002e-03
-2.125727060018592005e-02
-1.113506783749716386e-02
-3.169998447195184355e-03
-2.909089464766748123e-02
-3.709870306188581962e-02
-6.401418136117865976e-02
-5.068151291059384139e-02
-6.810532606456252969e-02
-8.275333944557491939e-02
-8.794015739349883565e-02
-7.607818312356892654e-02
-5.142400663919140941e-02
-7.936214192330051653e-03
-9.333809431721692019e-04
1.062159578856630184e-02
-1.701603358779823008e-03
-5.574986241412733211e-03
-5.586896224172874757e-03
-3.732700551896702638e-03
-5.542520453501948233e-03
-8.196254832886685007e-03
-9.026582302003066660e-03
-6.624192356525549635e-03
-6.128928734103059224e-03
-8.253314038644056147e-03
-7.065623543278309535e-03
-1.892608988306269556e-03
-5.179655277323433338e-03
-6.259143993013943641e-03
-9.440656552652325340e-03
-9.407954842352409669e-03
-3.076707357427902606e-02
-2.101683466340758394e-02
1.380764618914699822e-02
2.448821686040342227e-02
5.096109412768089382e-03
5.202252228252941813e-03
5.131009470289082594e-03
5.078061250403292752e-03
5.098794191313959709e-03
5.082654206987754011e-03
5.127148497610309504e-03
5.203792659498648020e-03
5.055304630934751541e-03
2.002220264585095194e-02
8.573925276230368042e-03
-4.485827183754373393e-02
-5.242727601206581545e-02
-2.959235640198757539e-02
-2.970258732439932242e-02
-2.964161713824602085e-02
-2.126501536079027088e-02
-2.714929674247877275e-02
-3.658171437479511984e-02
-4.311885834148236618e-02
-2.681333510084890626e-02
-2.057989638361054294e-02
-1.470650779789496251e-02
-2.276619644753085508e-02
-1.959250227402549102e-02
-2.841110796363606472e-02
-1.347816385077618001e-02
-1.196729029604939008e-02
-8.762663154025636392e-03
-1.074671014965605104e-02
-6.358354265786919472e-03
-4.949085667866100734e-03
-2.485585066634230910e-03
-2.232366225645253301e-03
-1.576557930095082464e-03
-1.065445277747000853e-02
-1.397535245365705975e-02
-1.876839222243673055e-02
-1.438917855119552919e-02
9.313869714382713803e-04
2.033273904656595493e-02
2.109996275348147501e-02
-1.025169716316691633e-02
-3.032882930318754264e-02
-3.279499452689731143e-02
-3.470836408287401864e-02
-2.502850957717664068e-02
-1.917546119278781824e-02
-1.338677119433830630e-02
-1.691969608821934645e-02
-1.690268143646737192e-02
-1.690423551127272564e-02
-1.691537479678973874e-02
-1.690655531603244346e-02
-1.689134553970338820e-02
-1.692800961973863622e-02
-1.351134117195307988e-02
-1.556979809735514232e-02
-3.479543570471547304e-02
-3.440968456056283514e-02
-2.482979851426564064e-02
-1.911127260087961896e-02
-2.567470654136810772e-03
8.879346360846734204e-03
9.819420094618969488e-03
8.103796016324682841e-03
3.676534162514277608e-03
1.778764755058030375e-03
6.803626712928743069e-03
6.369639648697467994e-03
4.899875880817742245e-03
4.898811058107686509e-03
4.901204343010247960e-03
1.139811424298263530e-03
-6.856014428284530355e-04
8.486417961410325922e-03
1.941865509840733778e-02
1.795307864050163515e-02
-2.779734383038350021e-02
-5.299535200695516812e-02
-2.354617691895442844e-02
-2.359741729678971681e-02
-2.358578237493216476e-02
-2.357413881198677091e-02
-2.359247270220728859e-02
-2.353209591990436042e-02
-3.679321586686284257e-02
-2.987118301711166185e-02
6.038103008836726016e-02
7.107038284099009839e-02
4.328844284963832140e-02
2.567532918858358645e-02
-2.311108315251334672e-02
-2.194676143038493121e-02
-1.843877789211091286e-02
-2.370831174544764386e-02
-3.564615983962692025e-02
-3.308513315966665758e-02
-1.769702067265603238e-02
9.955267028541743904e-03
6.050109151915299480e-03
-4.541682302345784183e-02
-4.675652966501189778e-02
-1.817920364942263514e-02
-4.876329168153517579e-03
1.731059929907124983e-02
4.670956924891522116e-02
3.108504658082791861e-02
-2.207321298620788189e-03
-1.638940084960320218e-02
-3.384341162769575334e-02
-4.753090412693258826e-02
-1.010641681548821585e-01
-9.507406073885120434e-02
-6.793077521286512710e-02
-6.786801612678247664e-02
-8.461867176984540218e-02
-8.246479760645915313e-02
-4.658022922824573211e-03
7.276766633755413216e-03
3.884225802009833701e-04
-6.139905439017314878e-03
-5.278537708393127997e-02
-9.880869407479167532e-02
-6.342674285365346165e-02
1.049243601752753927e-02
3.102324609746775347e-02
3.871943986363870355e-02
1.296563988595113813e-02
-1.012454736088834288e-02
-1.526783394498093180e-02
-1.405170503183657965e-02
-1.468438181769400608e-02
9.765917708496550317e-03
1.141161102913707676e-02
8.171308010081729245e-03
8.215807714238451687e-03
8.203175518988492856e-03
8.219624592236978236e-03
8.106739701330911707e-03
8.285445238811771362e-03
-4.667545884421471329e-03
-6.236451089395725345e-02
-6.999536128847433369e-02
-3.275024948752976173e-02
4.426680197294884794e-02
5.213647097054111001e-02
3.968922294709882614e-02
3.065548662633349811e-02
2.252421211846726556e-02
7.697765244514380607e-03
4.040372001208503323e-03
-1.207990235657775691e-02
-4.687025828749500495e-03
6.362340030661769313e-03
5.939892356547566213e-03
-2.789965722880490863e-03
-4.644350621161802764e-03
-3.815669115429843467e-03
-3.821839625527497473e-03
-3.821499482393430226e-03
-3.820856785174626350e-03
-3.820938153973747232e-03
-3.820937102324029836e-03
-3.821497297136575415e-03
-3.818226046388757938e-03
-3.814219575530913061e-03
-3.820294768964857621e-03
1.938065156980986036e-03
1.194307434324414245e-03
-7.031261000683537883e-03
-9.909588759790421975e-03
-8.431693989302666351e-03
-8.442621949960154790e-03
-8.439826121269132855e-03
-1.679131332703219168e-02
-1.723324271645489472e-02
-1.390733802002610056e-02
-9.736351687760616547e-03
-8.842730436971970795e-03
-8.838126286591290598e-03
-8.827786596033899980e-03
-7.964445083105221174e-03
-7.629527975935268894e-03
3.770858460478379148e-03
3.341224324091351255e-03
2.671272544189547734e-03
2.677642700082966901e-03
2.676345023675422846e-03
2.675874719552314828e-03
2.682319602242975824e-03
3.771881384799707221e-03
4.249013695669497104e-03
1.499700023161002621e-02
1.445413970055427037e-02
1.350030956111946713e-02
1.350738318111185943e-02
1.350773868590915763e-02
1.351040053531501854e-02
1.350388173215914984e-02
1.685878765880615207e-02
1.694635286759134732e-02
8.687586584296242212e-03
7.009226944298738507e-03
6.831747590662557920e-03
4.064297717336595207e-03
3.931335590390544824e-03
7.496169157528932182e-03
8.874829027480836061e-03
9.144363242960914379e-03
9.147956772807663839e-03
9.148850713831709058e-03
9.148922309859117835e-03
9.148899286440316178e-03
9.148899352821305425e-03
9.148899344978539058e-03
9.148899341042323122e-03
9.148899341393762485e-03
9.148899341394145859e-03
9.148899341394033102e-03
9.148899341899770915e-03
9.148899333903530093e-03
9.148899349942618553e-03
9.148899508903117830e-03
9.148865475778819936e-03
9.149123107524239837e-03
9.149859780825950542e-03
9.147677501072227005e-03
9.530614869596618424e-03
9.748548347534953182e-03
6.611137815811758862e-03
6.231991467966919648e-03
