9.919274576078909028e-04
1.134748923053991625e-03
2.655779479139390963e-03
2.709139707428958460e-03
3.592328786476870275e-03
3.816749971350381562e-03
3.673427449190331141e-03
3.956616895519553950e-03
3.931175512181270780e-03
3.959704985974531709e-03
4.026016792265335251e-03
4.013519056586342497e-03
4.038371803113104466e-03
4.049146287327038893e-03
4.049312934219942949e-03
4.058423425396637425e-03
4.059646052753554217e-03
4.061378105471706926e-03
4.063689145156606022e-03
4.063603452923883128e-03
4.064351825625432506e-03
4.064287469265337287e-03
4.063283246126802098e-03
4.063308236776965073e-03
4.060596527988853677e-03
4.058357330882425909e-03
4.057286387560107496e-03
4.046290519911999867e-03
4.045992820840949022e-03
4.034694085980178833e-03
4.003288371939249177e-03
4.020371455686940453e-03
3.944043538344297467e-03
3.902588838581523036e-03
3.947481928660184422e-03
3.590011644829227931e-03
3.637418938074897610e-03
3.525161402722971470e-03
3.422234179878923949e-03
3.569034956664897482e-03
3.447455302016859749e-03
3.437341637318221208e-03
3.461030651879331253e-03
2.838916473794439801e-03
2.567248718628314247e-03
2.756074805753766944e-03
3.255773188780306058e-04
2.654476021469397672e-04
-1.165345796722619875e-03
-2.019788403870487626e-03
-2.523308912227398802e-03
-2.801125896805538914e-03
-3.103836386237183737e-03
-2.286493079278421620e-03
-2.623971816071756728e-03
-2.883719680063793339e-03
-3.302302195079848991e-03
-4.457139949733702859e-03
-8.122265414642759404e-03
-1.007964054746904314e-02
-9.811854539086971305e-03
-1.204879571505139413e-02
-1.168838098369173392e-02
-1.306874574547261213e-02
-1.356204497987160973e-02
-1.488938866831229432e-02
-1.609712200969910800e-02
-1.705527026937516885e-02
-1.911340641386779365e-02
-2.052987008928754131e-02
-2.033984650971031038e-02
-2.075671068926887575e-02
-2.055245098008658122e-02
-1.839994169287158948e-02
-1.779833609615590409e-02
-1.808993092090119964e-02
-1.725856468263406093e-02
-1.795443176965768467e-02
-1.782648151111317081e-02
-1.726887464981835540e-02
-1.774098582434945406e-02
-1.716706646464681574e-02
-1.699295850181679890e-02
-1.704113068999476427e-02
-1.613813536938134979e-02
-1.586211723721500655e-02
-1.562210615792615671e-02
-1.343396481952511406e-02
-1.281484193586452693e-02
-1.110547900487292294e-02
-8.214433497885646057e-03
-7.585611290969438564e-03
-5.663272600519833090e-03
-4.085403432624616291e-03
-3.599088541157136750e-03
1.306352231671871564e-03
1.739055309085601716e-03
2.338099996042420584e-03
4.509104384406810093e-03
4.127659250529117953e-03
5.824493758610873803e-03
5.987601599517484649e-03
5.558133182177526360e-03
7.306811537222061836e-03
6.063497626669051878e-03
5.683621191430921274e-03
5.213108435874769589e-03
-1.177219496137244751e-03
-1.756283705369718340e-03
-3.459108993709757510e-03
-4.845818444208520662e-03
-3.134448862546819307e-03
-3.683646011279743254e-03
-3.755913185557689486e-03
-3.303348272168213536e-03
-2.592790644238803996e-03
-1.504986397188423251e-03
-2.645768001419883907e-03
-5.308350124043226086e-03
-7.604372605197817943e-03
-1.007615338583047263e-02
-9.426417950079708785e-03
-9.139129841547943486e-03
-8.517904130773849836e-03
-6.313601199690639307e-03
-5.547527335914802932e-03
-2.958747677369593862e-03
-2.031152331896600091e-03
-7.687823786839742329e-04
5.384366719278367141e-04
8.535881360133922404e-04
1.158061374598118093e-03
1.197197745233923288e-03
3.448379237811496846e-04
6.410680354687611293e-04
8.699089550015726884e-05
-2.574605662466992496e-03
-2.708180455221777076e-03
-5.455427703798435002e-03
-6.261144820945297590e-03
-5.718093515442605745e-03
-6.825444760157318991e-03
-6.609905866300789037e-03
-6.768654177567084117e-03
-9.292976881705853828e-03
-9.637850847912909913e-03
-1.013177513782588871e-02
-1.202995993566486829e-02
-1.165327178291689428e-02
-1.372018165433578664e-02
-1.450689912445470887e-02
-1.326878908534076529e-02
-1.343679838168120033e-02
-1.076379934959969045e-02
-9.599596638098844767e-03
-5.455000624758779212e-03
-3.853430423234394716e-03
-1.628220962254960059e-03
9.518799666071212605e-04
1.533812516205931148e-03
5.188811189939878700e-03
5.969797793286621065e-03
4.798499748981683438e-03
6.569433574436388604e-03
6.408902180045494314e-03
2.363269699011452760e-03
2.090725333355217871e-03
4.039331910042974851e-04
-1.199812166658608976e-03
8.077526121703058892e-06
-9.151563266971143255e-04
-1.921065995717323709e-04
6.120339851726573632e-03
4.705907641062466625e-03
6.576013024747924540e-03
7.368218006563412303e-03
-2.841554873963672741e-03
-2.674495016150241124e-03
5.600819254385360586e-05
-1.624978764440739888e-03
1.782811492141137336e-03
1.026130505241907654e-03
-4.612660486715775086e-04
-7.244022584111729605e-04
-3.684112021510871013e-03
-3.666680686323909883e-03
-9.586192192593153555e-03
-1.033035001774758842e-02
-7.749960109332541466e-03
-7.987083226372777151e-03
-6.126771790378335303e-03
-3.035587587165184710e-03
-7.236466659995249417e-04
2.797272151819149219e-03
5.951813528964876483e-03
5.792444550984029127e-03
6.610123224449150972e-03
6.472262420054896576e-03
5.572680138628178376e-03
5.115915425734434210e-03
-4.312133255830242519e-04
-2.461295116026435484e-03
-3.098366473753231924e-03
-7.157664693745695653e-03
-6.877197972350364980e-03
-7.236812994478785364e-03
-6.207537540837747801e-03
-4.934786048142007775e-03
-9.064836395549422804e-03
-8.411523964983890281e-03
-9.791736736758167164e-03
-1.356372968989789755e-02
-1.335013412064954379e-02
-1.707182649707372074e-02
-1.735443181570521173e-02
-1.835879561513206054e-02
-1.987071929187660818e-02
-1.884173738698528139e-02
-1.776617703535516776e-02
-1.526329463777333431e-02
-1.053822810601931677e-02
-9.398337722305381836e-03
-5.753043370313717410e-03
-5.265576321118127859e-03
-4.622519638381828583e-03
-3.633479320174326510e-03
-3.832987365942334534e-03
-3.452888705465531789e-03
-3.725113867487765164e-03
-3.868405511800199550e-03
-3.605884573135947728e-03
-3.448197362352141849e-03
-3.614377771438766380e-03
-3.298909068036233374e-03
-2.782594579906549209e-03
-3.040757651545463250e-03
-2.833250982297927725e-03
-3.296112280409269069e-03
-2.674980905491677712e-03
-3.006407121369532916e-03
-2.386301020330014108e-03
-4.342606281055283153e-04
3.289253078637208844e-04
-3.287296065221417449e-04
5.319483688795276959e-04
9.513389371583230898e-05
-3.317436917278512257e-04
-1.688341791404419315e-04
-1.004494726325169370e-03
-1.662546241492430209e-03
-1.910504279116796884e-03
-3.534525367059380887e-03
-4.372055562113100549e-03
-5.413979854816318611e-03
-8.510268061702302642e-03
-9.493312760112169665e-03
-9.613968469078944604e-03
-1.103010496782247038e-02
-1.093357240466382059e-02
-1.101984820225073054e-02
-1.175593840850905868e-02
-1.129941741456812893e-02
-1.175779567667416953e-02
-1.066898333297155305e-02
-9.441031494844515093e-03
-9.146231352954000554e-03
-8.131741118084186148e-03
-7.233784360053324008e-03
-7.615031376464499735e-03
-6.124971922500079685e-03
-5.877269708578021848e-03
-5.076111170473284265e-03
-4.686106841287047617e-03
-3.801220749549336780e-03
-3.314892991517795658e-03
-2.761433794336301800e-03
-2.677630731210320011e-03
-2.397227460268141781e-03
-3.118544755264109503e-03
-2.940975021719675724e-03
-3.127333059838302651e-03
-3.079464600074784640e-03
-1.885582355134877465e-03
-1.316042907765903585e-03
-1.251980214341867799e-03
-4.835108046091888406e-03
-6.002600816829524455e-03
-6.539116886747861103e-03
-7.586812319915639188e-03
-7.003264459402662977e-03
-7.631710694605327132e-03
-7.273736742051457871e-03
-7.356254638639882736e-03
-7.592714664257475821e-03
-7.371030476761867602e-03
-7.499975536650094025e-03
-7.649312049343990824e-03
-7.371257108771451898e-03
-7.661822234377396387e-03
-7.695160492564192059e-03
-7.258401732993221937e-03
-8.122174079551059550e-03
-7.423986714178811182e-03
-6.177279524871294794e-03
-5.655079257372019885e-03
-3.338135735980684703e-03
-1.377681938627664266e-03
-3.050238319900451327e-04
6.444996238118508997e-04
8.276167372623051193e-04
8.283988293199262554e-04
1.596346342584567058e-03
1.486076150552854275e-03
1.359421182192222010e-03
1.260463584004749369e-03
1.328245543412610299e-03
5.956370357057712284e-04
3.604033844835452874e-04
7.090541151598386740e-04
-7.630913640775721565e-04
-3.598919989864625500e-04
-5.401524551040743846e-03
-8.633464143655166304e-03
-5.389931168669467865e-03
-7.815805155533137039e-03
-7.117593473768071832e-03
-5.891440602862653420e-03
-7.154328968243089601e-03
-4.359426528327508925e-03
-3.544774515775010043e-03
-4.282503886517500906e-03
6.010803840835026932e-03
4.683285974515515732e-03
2.581530651750049178e-03
3.602798391418064565e-03
-2.495132483686808653e-03
-2.794834714031749906e-03
-4.537650312697994945e-03
-6.201377014398004595e-03
-7.269429345285637750e-03
-6.766479962915829260e-03
-6.269247184960630506e-03
-4.217937288905674285e-03
-3.539929178085964197e-03
-6.431988366811317026e-03
-5.798379022011476182e-03
-3.497285945346525170e-03
-3.255208765859773055e-03
-2.513496644743784883e-03
-1.045003086692454074e-03
-3.261651421205657986e-03
-4.809794293664171154e-03
-6.753757411897160466e-03
-9.829550858371324806e-03
-1.078049366699435074e-02
-1.382272414567705353e-02
-1.396036001876532068e-02
-1.367649314577307901e-02
-1.389011754500295293e-02
-1.267577005037243652e-02
-1.270636971660120754e-02
-9.872897282119120002e-03
-8.940538317134242088e-03
-9.465496414207097767e-03
-8.603866451526009235e-03
-9.175416766692890205e-03
-1.070948258350977456e-02
-8.495758885927623752e-03
-4.090490153765851192e-03
-3.042442242292013512e-03
-8.711862832933146188e-04
-9.767669343597133041e-04
-1.779925939736390827e-03
-1.052135256378762887e-03
-1.212082443599345367e-03
-1.297599724066048413e-03
5.543090293208797169e-04
3.908785439335872250e-05
5.223442099753748680e-04
6.491113222776433329e-04
-1.756769844441092015e-04
1.807771226535480379e-04
-1.349692218874853130e-03
-1.824356678021878727e-03
-2.696104377272745978e-03
-5.447090836551575325e-03
-4.505623999282458263e-03
-3.346333379170708666e-03
3.074476779407847755e-03
4.462565704587327653e-03
3.591926033342443883e-03
3.952969217246747255e-03
3.099901183107072866e-03
1.757948602528809894e-03
1.838999875772619154e-03
2.910380188145790799e-05
2.221865647263595103e-04
8.614179498168128297e-04
3.855715260857837945e-04
-4.969104973472904512e-04
-6.654221375748908644e-04
-9.006315293783199788e-04
-1.149360911522104636e-03
-1.187650736865425178e-03
-1.303474390947132518e-03
-1.394015871904138266e-03
-1.354369409985058505e-03
-1.482206040551046697e-03
-1.494427554471993488e-03
-1.345103241706258144e-03
-1.781809339353934577e-03
-1.338668269817768061e-03
-1.514941653872375199e-03
-2.901281820738763756e-03
-3.116821226120931095e-03
-3.521343598278386163e-03
-4.165876948564588636e-03
-3.918327260563113715e-03
-5.085978209149500349e-03
-4.909013309630195013e-03
-4.286398599784278091e-03
-3.954324548961832969e-03
-3.445692864551936317e-03
-3.209610781830622272e-03
-2.679978783626088025e-03
-2.059855265354416584e-03
-2.000035678694854491e-03
-2.459032067769732093e-04
-1.892523734095312383e-04
2.541703586923004855e-04
7.233209551117553713e-04
9.077755040723491705e-04
1.171301991541002108e-03
1.511440575500364774e-03
2.016388250454245919e-03
2.079045545477769142e-03
3.234582478301635013e-03
3.170205483556332287e-03
3.315893800273023509e-03
3.539280003215777588e-03
3.453915733807523536e-03
3.618726046180445379e-03
3.407622770710640615e-03
3.466752002413386359e-03
3.503008633611729653e-03
2.479289772302290234e-03
2.371944323702562980e-03
2.241437382352157951e-03
1.834243384483166383e-03
1.835810960391154193e-03
2.082779285804528795e-03
2.098158989720078169e-03
2.200895112019558147e-03
2.257584816104368092e-03
2.274514830505944014e-03
2.311599986762337758e-03
2.323706468903327226e-03
2.333964206451836533e-03
2.344767509876426442e-03
2.347677537394541464e-03
2.351883609518759174e-03
2.354665247584117847e-03
2.353236051231452543e-03
2.355899623849216484e-03
2.353528215186902715e-03
2.346733799449964714e-03
2.355114583391330202e-03
2.332119294114302042e-03
2.329250970648844878e-03
2.345441991351716621e-03
2.243882984818870111e-03
2.325848839374716585e-03
2.244050340987277514e-03
1.938509962170328373e-03
1.979261347625052396e-03
