-2.897464931521966450e-02
-2.841591542192149766e-02
-3.347320879648687381e-02
-3.663186928216015381e-02
-3.584207163867649676e-02
-3.819507516555672999e-02
-3.945286449894144093e-02
-3.968320449044983322e-02
-4.077932673067495573e-02
-4.104596058943210668e-02
-4.136680723044844354e-02
-4.174392040288987110e-02
-4.184713496689600881e-02
-4.203953743973003199e-02
-4.216108323264467633e-02
-4.223005753505951893e-02
-4.232354703162184012e-02
-4.237810121945888991e-02
-4.243103235963005537e-02
-4.249256287446814134e-02
-4.254292388953357512e-02
-4.260506298827824306e-02
-4.269237933651619937e-02
-4.276852202942318937e-02
-4.290185284619253692e-02
-4.307285065171616995e-02
-4.322270524104773054e-02
-4.358460781318842375e-02
-4.388273624664205952e-02
-4.429788407442842441e-02
-4.521588636955438389e-02
-4.561167639314703259e-02
-4.707907752112644451e-02
-4.887760337102628472e-02
-4.951866339916833476e-02
-5.468611876854161113e-02
-5.805937390464007558e-02
-6.104140751076513743e-02
-6.953819443835554392e-02
-7.377430302740038692e-02
-7.961293737739405518e-02
-9.874881219424955225e-02
-1.006149619172229948e-01
-1.199684772276730232e-01
-1.333139390690841752e-01
-1.366155060369749763e-01
-1.833521719935960193e-01
-1.847176860652118835e-01
-2.128047135556108416e-01
-2.255919663950943232e-01
-2.300351380662717382e-01
-2.523152402423133323e-01
-2.491311185416513752e-01
-2.594885119028843001e-01
-2.579398198498172867e-01
-2.456444942142884946e-01
-2.572184824912813195e-01
-2.554979609649055683e-01
-2.008879090260294320e-01
-1.886152930816740181e-01
-1.655803066074740815e-01
-1.482275746825910401e-01
-1.490604964518566500e-01
-1.297723390261540100e-01
-1.319469521119832345e-01
-1.175418707126722473e-01
-1.112585321251189918e-01
-1.065509707987205845e-01
-9.031961793871799704e-02
-7.960166687089020865e-02
-7.483283830417845894e-02
-6.299504991593894709e-02
-6.367486296521816802e-02
-1.059940294892407486e-01
-1.148210328716110368e-01
-1.379187502921417341e-01
-1.351988624047962551e-01
-1.231088890855731449e-01
-1.112978956306662492e-01
-8.229023589052050780e-02
-5.239896152613958413e-02
-4.634044311320687469e-03
4.384599222661942491e-02
7.339969741259858016e-02
1.206661855422055118e-01
1.544497231403994253e-01
1.812499336464416522e-01
2.141424391057677457e-01
2.254371253800203645e-01
2.114700210274464143e-01
2.057603640080847007e-01
1.747166495215125015e-01
1.628998452224331983e-01
1.322599595964063512e-01
1.067067249706642046e-01
6.438915138559239693e-02
2.560119433703187189e-02
1.931171191037770254e-02
-3.336729141071687749e-02
-4.043830842779783108e-02
-4.059066790964974830e-02
-4.897341262060603967e-02
-3.422619302114886242e-02
-3.265901006242984822e-02
-3.686125821357765647e-02
-6.689825966049957849e-03
-7.434522620243458856e-03
-3.354918192857628267e-02
-2.474318778786650103e-02
-2.608547711646831344e-02
-4.225990681608694788e-02
-2.585349503771789889e-02
-2.594410494263411915e-02
-3.459687366658469043e-02
7.469485022587130617e-03
-4.265930549493484464e-02
-5.902063976441388610e-02
-9.337377304716036608e-02
-4.731689102746301084e-02
1.250018307162909306e-02
5.664836779952109325e-02
9.044077022872418214e-02
9.169233298975701385e-02
1.307748246108205170e-01
1.186375690475989786e-01
1.313345854073340591e-01
1.866966606894224223e-01
1.965988616591435867e-01
2.415761268721662858e-01
2.371989735186143256e-01
2.185481172332622291e-01
2.004410166591301390e-01
1.882313339715034339e-01
1.769855989286738540e-01
1.549537721820806457e-01
1.592146262163005588e-01
1.568458188394512565e-01
1.614846538325562797e-01
2.220973732196299955e-01
2.091635873593410966e-01
2.406050056608163845e-01
2.729226789437673717e-01
2.159588446661889760e-01
2.621552517034608787e-01
2.683388572975504149e-01
2.676913643403057153e-01
3.615612435518480439e-01
3.602325478053040042e-01
3.761186028846632556e-01
4.104791526885944730e-01
3.640870839341820986e-01
4.011040815417280525e-01
3.990278171941685215e-01
3.871571272275044495e-01
4.534014095875759098e-01
4.215857568679958201e-01
4.707227867197470994e-01
4.559995986931819068e-01
3.972071928434148247e-01
4.213210073405085909e-01
2.893130706106890049e-01
2.684986918884447737e-01
2.723187943208122963e-01
2.047657898881908300e-01
2.075476955470147433e-01
2.323169286685272672e-01
2.047616320526771672e-01
1.978615005398871030e-01
1.891035265840335100e-01
1.308948677231660251e-01
1.163597822618488570e-01
1.016026515855473350e-01
4.844234872440281864e-02
6.078380191358695450e-02
6.676543632810470752e-02
7.576261521628181728e-02
1.053151314908926522e-01
1.005178902328997398e-01
1.499215978080052081e-01
1.216806055255074681e-01
1.518946895743318870e-01
1.466911075214988036e-01
-5.305131422497790482e-03
6.217584618338764697e-03
-3.195358246469708063e-02
-6.136423138482356016e-02
-7.086494888152086204e-03
-3.287035164182413455e-02
-4.073135919561320095e-02
-3.191896854371263637e-02
-8.796132210102171334e-02
-9.052313968671971134e-02
-1.168765825891304039e-01
-1.108410262389137452e-01
-7.245858655754093547e-02
-6.364149066881107097e-02
-5.609486514011480934e-02
-4.399110206883268676e-02
-1.912512107878773168e-02
-1.332540844793945675e-02
-2.652992815118582898e-02
-3.257450254060684919e-02
-1.273973456087223489e-02
-2.524276250985284936e-02
-3.793323878990797343e-02
-4.089130514365600655e-02
-1.207520900386891555e-01
-1.165153241072917900e-01
-2.418510597298428183e-03
1.446076082897167995e-03
3.127923855142209636e-02
6.866234506257176684e-02
6.548999120933425566e-02
9.397056390054732422e-02
1.035025151406758354e-01
1.018574986130365984e-01
1.232245640523249725e-01
1.106231164050072574e-01
1.054695083012092693e-01
7.713295792379787352e-02
3.327049881336624493e-02
2.871639602779935130e-02
-9.740033136715545506e-03
-1.834593833973630073e-02
-2.155777537815532427e-02
-4.041738957615953476e-02
-3.604238644021296595e-02
-4.542352770328592776e-02
-4.355112097667379611e-02
-3.617173874908118092e-02
-3.828650865225461525e-02
-2.696225836230560502e-02
-2.982938648460331174e-02
-1.986793613094024052e-02
-8.694666607648631265e-03
-2.782773336708811718e-02
-1.173969162029352663e-02
-6.944554115074384401e-03
1.882946857478847184e-03
3.223021686011028064e-02
3.897442601275750984e-02
7.354614847433547931e-02
8.049280109799147875e-02
8.883389929507311267e-02
1.035283563391127815e-01
1.026944505474252090e-01
1.090692677747254202e-01
1.120645563409214396e-01
1.100612622851359218e-01
1.099862860632591227e-01
1.087176742918861683e-01
1.013295475827395847e-01
9.643671715200947958e-02
9.054950919043028290e-02
7.252027376746311704e-02
6.789262200623562282e-02
5.944448255100324291e-02
5.050936091824293622e-02
5.039542043277546457e-02
4.341107520627628114e-02
4.341105430204698218e-02
4.314698155145732517e-02
4.011202397247091989e-02
1.538838933822630865e-02
-6.396756152770365772e-03
-3.877447207901051074e-02
-8.544464988529200389e-02
-1.134521735281980581e-01
-1.251730924048931326e-01
-1.543153537480344284e-01
-1.515600414819068265e-01
-1.381135451630647049e-01
-1.398906375041374106e-01
-1.248479395201319148e-01
-1.205989347025808178e-01
-9.318305047076860803e-02
-8.510952088758763634e-02
-1.062516734749979347e-01
-7.880605283099860470e-02
-8.797169161936121973e-02
-9.612352209552096904e-02
-6.113846421396228192e-02
-1.179599731466597912e-01
-1.388678759858400780e-01
-1.954153930246187720e-01
-1.474844074054407206e-01
-1.176814073072057210e-01
-1.057587834980210362e-01
-8.724263887769788395e-02
-8.814064026747911451e-02
-8.218395765614552873e-02
-8.028868569715728876e-02
-7.566789306340050703e-02
-7.045117508347707724e-02
-6.765907920144552390e-02
-6.227982322126038306e-02
-5.854803442596889090e-02
-5.474578264405211697e-02
-5.011456134147979080e-02
-4.651685830364062080e-02
-4.235457750574250085e-02
-3.822600563010759150e-02
-3.418235091093665967e-02
-5.427421234144496481e-02
-6.191342600512701050e-02
-6.454076125969614164e-02
-5.927612600737273280e-02
-1.069615157466715510e-02
3.666725418511421891e-02
8.721833633226173943e-02
1.140229526686872968e-01
1.616138616840981646e-01
1.745576510819546456e-01
1.975755453352875668e-01
2.225831790790994691e-01
2.207393869754584459e-01
2.810160982013144015e-01
2.572620614388212434e-01
2.944578420576602351e-01
3.526512920200918222e-01
2.112280945960685608e-01
4.038446401963108334e-01
4.433299810631212701e-01
3.633184561287411962e-01
4.672983830584823139e-01
4.121949305980575629e-01
3.690364105023825059e-01
3.858302268887580100e-01
3.084585157773364616e-01
2.259242974294159434e-01
2.367038781306638195e-01
1.046965574278034827e-01
1.148902622895856818e-01
1.616356002363242561e-01
1.168833993706305946e-01
1.512766075219172390e-01
1.316506598892032420e-01
1.019544042596539496e-01
1.208984831142162625e-01
4.546561356813497851e-02
1.876899402342801365e-02
7.251115046143247027e-03
-1.033041401238880830e-01
-8.314023831696965017e-02
-1.537237786916804613e-02
-2.802520467123182854e-02
4.060944949356859457e-02
4.472812439223385061e-02
-4.877384184117960694e-03
8.918331088355107780e-03
-2.720222952214750717e-02
-5.858027965154732897e-02
-5.790171737600937479e-02
-7.696594560642858185e-02
-7.255986490001034572e-02
-6.047104419101357459e-02
-5.772758325904180782e-02
-3.858344012042061455e-02
-2.867931756215980760e-02
-1.653917145211092343e-02
4.850913444861189652e-03
1.020605729220051480e-02
2.686388251952457132e-02
3.821155559542777080e-02
4.166315545838054218e-02
5.591035022729374387e-02
5.393902377676975529e-02
5.172553780094477083e-02
2.259762986064722465e-02
1.973460104836819232e-02
5.730074578209817630e-03
-2.647588956245783276e-02
-5.784931372719669812e-02
-9.489147585043763988e-02
-1.422885824448294478e-01
-1.565937882775525758e-01
-1.884036672708903348e-01
-1.968352059161449508e-01
-2.014735069431203007e-01
-2.164123676889061210e-01
-2.134954252575068934e-01
-2.230586405717935039e-01
-2.249875381106634931e-01
-2.255803738459922214e-01
-2.309623934762779496e-01
-2.241479588611662299e-01
-2.249038382812139913e-01
-2.038091695638318823e-01
-1.959713665961271556e-01
-1.822645737372547703e-01
-1.272617801709565732e-01
-1.229289925430299413e-01
-9.954015644380037608e-02
-6.703983031246622815e-02
-6.400184816619559902e-02
-7.093427396158490800e-03
7.021410125738863396e-03
5.216015753241955155e-02
8.162385987157533274e-02
1.093075066059491368e-01
1.368015934605892325e-01
1.513021628925800000e-01
1.710460230022451400e-01
1.856413679913721804e-01
1.972573720416589960e-01
2.105989405915521251e-01
2.202727052047869782e-01
2.298432312109838227e-01
2.402227249384897567e-01
2.479339108380435308e-01
2.573472169226269091e-01
2.675748478522239626e-01
2.741158788135322766e-01
2.861529631808538143e-01
2.873795868418956845e-01
2.615048341290773237e-01
2.573705047698902626e-01
2.397372444855832008e-01
2.232300735300727090e-01
1.999887758470527965e-01
1.891500113932283733e-01
1.649797625676086010e-01
1.591757677042139607e-01
1.436088077396925622e-01
1.056343027384581273e-01
7.182260260412323682e-02
5.454752914464992830e-02
-4.735773761466422621e-02
-6.084772613501027161e-02
-1.072366004602440942e-01
-1.520752691798364364e-01
-1.617628228943701896e-01
-1.984253534228866966e-01
-2.089269102704035264e-01
-2.176237326766695679e-01
-2.340800127223977289e-01
-2.209820472678971082e-01
-2.249647771680435837e-01
-2.181723751854846294e-01
-2.106610026730079688e-01
-2.021795584484317454e-01
-1.962595078108193003e-01
-1.796708500270846887e-01
-1.642018109022538030e-01
-1.588824525941281707e-01
-1.140917055310533001e-01
-1.094453376096321123e-01
-9.556149981262498927e-02
-7.768045320388611286e-02
-7.620728307599432261e-02
-6.499949137660168685e-02
-6.184069192975520657e-02
-5.939632125450967914e-02
-5.531034703475280062e-02
-5.441666128107709027e-02
-5.266855728051298563e-02
-5.139293812383091686e-02
-5.086649927546845612e-02
-5.003953503684094306e-02
-4.959604778839726141e-02
-4.928119686256936249e-02
-4.892906630193003675e-02
-4.866213063763460966e-02
-4.857637950426812318e-02
-4.824038289641945781e-02
-4.805528457447570678e-02
-4.816916823977809153e-02
-4.726022246004150940e-02
-4.769504267806277259e-02
-4.731783732635828216e-02
-4.530127279634478532e-02
-4.805698803145393161e-02
-4.353134604866357171e-02
-4.244872509781587311e-02
-4.538720596804549784e-02
