1.641063822224016547e-02
3.322710777820099548e-02
1.621557645842977013e-01
1.788620955600454532e-01
1.103604901454722093e-01
8.370584406407147182e-02
7.959829605599921809e-02
7.959829605600832192e-02
7.959829605600510227e-02
7.959829605599423596e-02
7.959829605601545510e-02
7.959829605600682312e-02
7.959829605600989011e-02
7.959829605600736435e-02
7.959829605601373426e-02
7.959829605601466407e-02
7.959829605600768354e-02
7.959829605600619862e-02
7.959829605600060587e-02
7.959829605600415858e-02
7.959829605600955704e-02
7.959829605600472757e-02
7.959829605600129976e-02
7.959829605600292346e-02
7.959829605600679536e-02
7.959829605600872438e-02
7.959829605600564351e-02
7.959829605599720581e-02
7.959829605600875213e-02
7.959829605601231872e-02
7.959829605600385327e-02
7.959829605601730085e-02
7.959829605600840519e-02
7.661655830653282817e-02
7.587866439763825410e-02
7.235572863604460003e-02
7.384659751078993806e-02
7.532238532857381264e-02
7.532238532856318225e-02
8.367403932633521446e-02
8.784947997789138707e-02
5.000423454904941167e-02
4.582840755016275719e-02
3.747752624705145280e-02
3.530615724381682557e-02
2.869017969704335327e-02
3.592926375992411270e-02
4.737434884323083600e-02
2.649399340383362320e-02
5.729077433334653358e-02
1.627904383351693740e-01
1.524793616550126629e-01
2.606754364958524875e-02
-1.454554161268980855e-03
6.597118419533330724e-02
1.148329409258097844e-01
1.195158625330976915e-01
8.407781334709402143e-02
8.407781334711397769e-02
-2.366659148670045842e-02
-2.496476575481314242e-02
6.336314032682918707e-02
2.265087768736005203e-01
2.777467786256019866e-01
3.668468816244019881e-01
3.122101645594703712e-01
2.149268581279435153e-01
2.149268581279405732e-01
2.149268581279305812e-01
3.401038343437260969e-01
3.545384578756661242e-01
2.128863316264348327e-01
1.502978435185254313e-01
1.214285964546394647e-01
1.214285964546381741e-01
1.214285964546413243e-01
1.214285964546482216e-01
6.643382036558700965e-02
5.569273524018353988e-02
-3.044423684269587376e-04
-1.415217643353675579e-02
-4.532744321874628002e-02
-1.203849668723229877e-01
-7.385003838207405968e-02
4.415248303531782437e-02
1.030355498108703471e-01
3.601378576979714918e-02
-1.107472971030646312e-02
-1.876722418539526326e-03
2.516856774310737010e-02
3.951044891865873598e-02
5.729077433335745539e-02
1.627904383351660711e-01
1.524793616550001452e-01
2.606754364959003659e-02
-9.491129273827385304e-03
5.464449363778976082e-02
9.629712982539531674e-02
1.249301486955519958e-01
3.894936997388337603e-03
-5.859175715110301330e-02
1.236171920398910634e-01
2.659499570197071394e-01
2.905432434521490470e-01
1.508607440375662190e-01
7.914085197716887177e-02
4.910059680051796077e-02
3.758302639185969601e-02
5.939184743359644802e-02
-1.668314598805958893e-02
-1.011000899984268037e-01
-1.120045005192917414e-01
-1.078521796181711317e-01
-1.139034785759474033e-01
-9.553063730610912574e-02
-2.433960461286442320e-02
-1.397229681884470161e-03
-3.257455482944272840e-02
-2.733164177301375050e-02
3.938174986910129849e-02
-5.647004826151059628e-03
-6.187078613321688944e-03
2.848676906168600143e-01
4.281846436248407661e-01
2.735462747126399252e-01
4.814501695552332594e-02
-2.017400017556864392e-02
-5.171564511245554246e-02
5.342461607421735564e-02
-6.068752385196143385e-03
9.698928590021178506e-03
7.232576392033399082e-02
1.010046923391978435e-01
8.764174100108791665e-02
4.694019541133623991e-02
-3.738284841396530972e-02
-4.272862793514117102e-02
6.067143987373995601e-03
-2.420221255954489031e-02
-1.402054157209303015e-02
1.923153147835653110e-02
2.816460219720892666e-02
2.825837613104069390e-02
1.823138961565886132e-02
-2.489015854333531241e-03
-2.887413071769295847e-02
5.949320831027932579e-04
7.595473267919140847e-02
8.562169032655307654e-02
6.664948238998724683e-02
6.935376784061715594e-02
6.936662358306272536e-02
6.943763778131691045e-02
-5.185762147383798232e-02
6.746319211261066207e-02
8.726288190623760280e-03
-2.586347132625724243e-01
-7.469720122553655250e-02
2.353331949005545709e-01
6.582025159014174287e-01
4.906248154861775901e-01
3.759981127345377594e-01
2.334065403280935758e-01
1.836846550082517904e-01
1.332363601628348548e-01
1.955754088610983099e-01
2.549748446560983761e-01
1.994443668652379764e-01
3.423530389222807502e-01
6.188116631299043213e-01
6.970251968707337209e-01
6.139671616683731736e-01
6.510579840861057122e-01
6.149462550108227843e-01
5.135666005549694990e-01
4.529166579581722085e-01
4.333479830240403174e-01
4.639184349171162625e-01
4.571525837977776785e-01
6.488738020665376638e-01
6.164721523776026668e-01
2.996898719432921632e-01
2.233979377430682089e-01
2.178948628627706829e-01
2.403739380011941096e-01
9.362497822995369257e-02
1.287781653590456821e-01
7.645530641171623121e-02
1.499132722381020001e-02
6.161744129299889794e-02
6.529979562824302086e-02
1.882277540040394048e-01
1.882277540040482589e-01
-1.253846889213898128e-02
-7.789054328403030580e-02
-1.325711519052244769e-01
-3.218804045713679479e-02
9.851610832662756334e-02
9.851610832663892925e-02
9.851610832664575712e-02
1.740107809371528313e-01
1.591036184534876385e-01
3.207981477314803542e-01
2.830508114262367814e-01
3.128651363935336938e-01
3.128651363935212593e-01
3.128651363935213148e-01
3.128651363935371910e-01
3.128651363935274210e-01
3.128651363935401331e-01
2.565935994191395619e-01
3.731691595811678641e-01
5.525340670272748111e-01
5.806698355144919166e-01
3.475187151904311489e-01
4.468800691921828716e-01
4.728583006698750535e-01
2.650224268942398265e-01
2.153417498933522523e-01
1.985645874021116364e-01
1.482392980971020402e-01
3.222976991798985179e-03
-1.436667324026855500e-02
9.121817372808413427e-02
7.070485481125392269e-02
-2.754320770879698302e-02
-4.892376471826184042e-02
-6.277277299397955807e-04
1.957871203176041533e-02
5.544742749671961041e-02
3.077311612392396797e-02
-5.352831715222030468e-02
-6.710066205669851236e-02
1.799302963608699971e-02
5.436760256655215340e-02
1.128934758105126224e-01
6.282990888304847144e-02
-9.227668470743080609e-02
-1.303319517824799989e-01
-2.347107888930601294e-01
-3.435315061956321636e-01
-6.289796992813405652e-01
-2.341349593923198469e-01
1.105958998642071922e+00
1.223463871139652603e+00
4.942694372076495979e-01
9.546655404599080352e-02
1.214925314963392622e-01
3.174501386359471905e-02
3.582250183454169790e-01
2.133203240570941683e-01
2.533008381987620905e-01
1.200713441086392469e-01
-6.751156409597551533e-03
-1.703490950257139924e-01
-1.742615862599225796e-01
-2.783925600223147168e-01
-2.348728928992196430e-01
-1.287480282142860477e-01
-1.287480282142934584e-01
-1.758160297760128221e-01
-1.771909408121385421e-01
-9.978766180767500993e-02
-1.265431916197211626e-01
-9.732819418616603380e-02
-5.527709128826791690e-02
2.745000704031879280e-03
3.462828260242462736e-02
4.110113999435483639e-02
-1.700196169493395620e-03
5.070800706498677923e-02
-1.022885586813495219e-03
-1.257356495339852498e-01
-1.519397511512191601e-01
-4.847796584761576016e-02
-6.812525177165119905e-02
-4.799385377293879928e-02
4.894649269462746088e-02
5.877013565664694628e-02
-1.604514183472161293e-01
-2.999782245160805272e-01
-2.964700658846319836e-01
-2.069906868814298528e-01
-2.846535101301584936e-01
1.879925457154808452e-02
6.864657884209300898e-01
8.648240062141436812e-01
6.774116870319012440e-01
6.165583417362457963e-01
2.933848124551678982e-01
8.363820734459381789e-02
4.224948984039831323e-01
3.413882967494006326e-01
2.861983398720859273e-01
1.776233396380447471e-01
3.398365429472269827e-01
3.398365429472332000e-01
3.398365429472366417e-01
3.398365429472097743e-01
3.398365429472064991e-01
3.398365429472104959e-01
1.681938727029684277e-01
2.450402439468002957e-01
3.317639377052759020e-01
4.175852728274245806e-01
2.413525238084963109e-01
2.615898965218691474e-01
2.815827899106542187e-01
2.307247435236390865e-01
2.415668934017651398e-02
-9.087712758437259397e-02
1.994236204415893859e-02
4.484560712966869853e-03
2.699647459235933813e-02
5.386969394589936205e-02
5.386969394589127824e-02
6.486504863936377874e-02
6.025307920959983160e-02
6.543454034302431666e-02
5.993686299628823988e-02
6.916080185581867379e-02
6.916080185581935380e-02
6.916080185582001993e-02
6.916080185581614803e-02
1.154310377204801341e-01
1.290965883508463641e-01
3.269738212686406492e-02
-5.737110325180182213e-02
-1.208635610617606326e-01
-1.296325042286817220e-01
-9.616582050551288063e-02
-2.384310740703400947e-02
-4.452037459984697215e-02
-3.572683349799926633e-02
5.502128871516925868e-02
6.535992231157508603e-02
4.777284010788444141e-02
4.777284010788573204e-02
4.777284010788506591e-02
4.777284010788279689e-02
5.488589515040012690e-02
6.164144778666684477e-02
1.209864400353219960e-01
1.174299125140642192e-01
1.039188072415233449e-01
1.039188072415265507e-01
1.039188072415269809e-01
1.039188072415231229e-01
1.244160453418141216e-01
1.319193526487437707e-01
1.420890911196316386e-01
1.318404720694853760e-01
1.168338574556369858e-01
1.168338574556362502e-01
1.168338574556339465e-01
1.168338574556337522e-01
1.168338574556366111e-01
1.168338574556369025e-01
1.168338574556346543e-01
1.169070903110304982e-01
1.135493941950391772e-01
4.360825292737072201e-02
4.357163649967073227e-02
4.659509302890801202e-02
4.536199094581408464e-02
7.719438396572203542e-02
7.904035181709699598e-02
8.150655598327945228e-02
8.150655598328077067e-02
8.150655598327996576e-02
8.150655598327651019e-02
8.150655598327800899e-02
8.150655598327735674e-02
8.150655598327950779e-02
8.150655598327945228e-02
8.150655598327455342e-02
8.150655598327488649e-02
8.150655598328149232e-02
8.150655598328114537e-02
8.150655598328129803e-02
8.150655598327875839e-02
8.150655598327664897e-02
8.150655598327526119e-02
8.150655598328206131e-02
8.150655598327881390e-02
8.150655598327989637e-02
8.150655598327855023e-02
8.150655598327551099e-02
8.150655598328034046e-02
8.150655598327681550e-02
8.150655598327553875e-02
8.150655598327716245e-02
7.996275353257452367e-02
7.935262442066483290e-02
6.750230650667560228e-02
6.857340293952202126e-02
