2.891939833314446234e-02
3.114165899335760018e-02
7.121375832114419657e-02
7.279616643233127737e-02
7.014780572258767777e-02
7.630801151089355860e-02
7.115353762073686750e-02
7.235788670120893440e-02
7.264843485054316152e-02
7.135675475098518517e-02
7.203746130127164360e-02
7.168471751738297870e-02
7.153800679486047032e-02
7.168540912377951990e-02
7.151968791884080745e-02
7.154560402693885268e-02
7.154747249083837080e-02
7.150706755303909423e-02
7.152589882184773318e-02
7.152147583182733026e-02
7.151807711336509443e-02
7.153544835404580804e-02
7.155052592840929759e-02
7.155329808444645112e-02
7.161543512104426301e-02
7.163779761899186083e-02
7.167217962871748338e-02
7.187638992701361751e-02
7.181959525270380229e-02
7.212501780097466120e-02
7.254545965837849719e-02
7.223157547231848219e-02
7.382430962529955287e-02
7.379294126849972324e-02
7.392510730745782688e-02
7.978277318601162404e-02
7.900702136285231436e-02
8.266516603088511217e-02
8.103230371403341570e-02
8.139183978257817642e-02
8.301551506075209586e-02
7.081763318739597857e-02
7.127879133606315754e-02
6.490334973480516023e-02
6.427393409392812007e-02
6.336857918029323300e-02
6.470225166403048567e-02
7.407649823506234910e-02
7.614642020921864873e-02
8.287098880026122494e-02
1.182273410065254743e-01
1.185427875081113969e-01
1.067976443064367620e-01
1.135382053097332422e-01
1.320964605047640350e-01
1.589133739013827429e-01
1.683506469304158482e-01
1.598635446593235643e-01
1.806872488704731883e-01
1.634509057393148113e-01
1.890506090636764336e-01
2.144282509358137190e-01
2.668479992093470421e-01
2.591899026833601738e-01
2.628312432758594941e-01
2.561764612949096742e-01
2.438967023937106959e-01
2.437910146038853865e-01
2.263692338319640285e-01
2.187889989504307464e-01
2.094010123540528123e-01
1.844651668268283695e-01
1.762293064051971836e-01
1.589843884378430994e-01
1.425902672419286088e-01
1.353794214902629411e-01
1.173355853769834922e-01
1.081613967173703644e-01
9.784776018660336361e-02
8.147936323261908975e-02
7.625256079762597616e-02
6.089158836127391006e-02
5.340316800425717880e-02
4.934232954558352702e-02
5.613740208397099279e-02
6.756400420394298445e-02
5.800353633901181305e-02
5.224682056080498516e-02
4.752789611865970709e-02
6.006666889261607495e-02
7.512152544470805660e-02
7.511715467249024947e-02
1.145183011728660993e-01
1.183055963097735530e-01
1.012082168960264372e-01
1.131903182422762250e-01
1.347416534612015659e-01
1.545734323724362591e-01
1.975374556027794104e-01
1.767169648795314796e-01
2.056559142564402809e-01
2.499313969583392414e-01
2.447559045227552799e-01
2.590776113865821406e-01
2.379214668789374210e-01
1.943409114908995483e-01
1.597148839645369800e-01
1.266382782304026899e-01
8.810951849055498331e-02
5.837544443675830863e-02
2.982367631389085810e-02
1.754340556519742855e-02
2.409411865520724727e-03
2.255408362436366054e-05
4.083330183734879340e-03
9.047713416897272543e-03
3.953861867308680611e-02
4.948146195131690461e-02
7.173688150692747456e-02
1.083290554066336508e-01
1.202613297698062467e-01
1.602586115453291660e-01
1.800860889400072440e-01
1.957281381750483606e-01
2.050034091501534705e-01
1.836915237084932317e-01
1.672753426808069044e-01
1.461758972164747261e-01
1.554845411286926438e-01
1.350861213491068302e-01
1.325040173564381030e-01
1.364811704725342190e-01
1.171556544620708518e-01
1.163152108449469202e-01
1.040195805613709223e-01
7.500705360487347484e-02
6.989972541636055303e-02
5.871586842756407187e-02
3.941509441464904895e-02
4.270534927975055961e-02
4.347745411706896435e-02
4.253181040345269809e-02
4.513684193542904372e-02
3.855551918711087878e-02
3.872446231161735808e-02
3.572489049990391213e-02
4.930407503343495201e-02
7.797784159086725009e-02
7.999391800696101229e-02
9.705245598844697286e-02
9.300043724548733015e-02
1.027883431673560222e-01
1.387040481287232785e-01
7.374534574565835832e-02
1.515366565237160346e-01
1.688501717851910722e-01
1.658721645607208472e-01
2.611223107976752278e-01
2.983291675396074205e-01
3.952045282387086078e-01
3.956757577607619147e-01
4.090254707797118527e-01
4.174311531478165360e-01
4.129155905263781623e-01
4.296691118896907025e-01
4.392516107318229501e-01
4.620928189291091392e-01
4.818897534080491263e-01
5.009298270867057479e-01
5.303000886453549390e-01
5.398822610664923971e-01
5.450268415271326550e-01
5.480259682080980133e-01
5.354772677770436307e-01
5.255054354255878080e-01
5.088764524446658388e-01
4.943491562019729502e-01
4.740563422115658954e-01
4.537277581579928776e-01
4.408195558132028680e-01
4.139561701917908731e-01
3.926074310748329244e-01
3.639306147338369213e-01
3.385526422433727256e-01
3.210224702967213184e-01
2.865226749310267884e-01
2.765902120049784085e-01
2.459376744197191433e-01
2.283247012245863683e-01
2.366022288387300831e-01
2.195016263220292418e-01
2.216025240122752593e-01
2.250724790084079052e-01
2.095399900833302409e-01
2.234562427819312136e-01
2.212243226382644146e-01
2.267174551966313345e-01
2.572969869599596726e-01
2.614207307459702756e-01
2.851361944376263891e-01
3.091736384383095282e-01
3.155837807018923025e-01
3.403794734809354461e-01
3.453014706615268326e-01
3.581548670947634072e-01
3.740125356548889557e-01
3.770095783384808663e-01
3.952957864660138210e-01
4.030159442414178450e-01
4.129438558912469359e-01
4.315181390245077520e-01
4.365203747736606243e-01
4.563906361296680148e-01
4.696749782085059000e-01
4.637545777489434640e-01
4.802394486796159878e-01
4.723386465875180074e-01
4.659345869760130876e-01
4.660036457228563522e-01
4.248711621679539530e-01
4.140246989497420316e-01
3.779518926710178084e-01
3.284283950320560641e-01
2.724891198100230505e-01
2.383319099657196516e-01
1.197819630168932836e-01
8.007139793994105803e-02
8.201054082877953788e-02
4.393840162519022097e-02
5.224210783309329170e-02
5.134755688446056288e-02
1.045835426893357636e-02
1.395261302189518618e-02
5.745501194651807253e-02
3.594320177697882257e-02
7.757865032433457209e-02
6.676756812954542930e-02
5.024122227232179910e-03
6.879578510877286390e-02
4.773895465251165593e-02
1.149198361160407161e-01
1.740012801189418090e-01
1.969523835976342008e-01
3.345052666360102123e-01
3.509922642473026766e-01
3.444003819143210410e-01
3.875311490993920138e-01
3.287702194343886664e-01
3.236728299806140852e-01
3.337313872115617586e-01
2.462759836692712256e-01
2.568499958128500626e-01
1.559718857480939802e-01
4.541932751903327015e-02
-8.634917464903271722e-02
-1.343421450573265008e-01
-1.668041944921761777e-01
-1.747217784904865345e-01
-1.890445158542422011e-01
-1.914592375618365261e-01
-1.954074153037513861e-01
-2.003722592722567142e-01
-1.893100209565226066e-01
-1.907535479813071144e-01
-1.706003432377944939e-01
-1.488512974038136150e-01
-1.237251865158846137e-01
-9.955739533281612874e-02
-8.367756644644469555e-02
-8.127229866698315597e-02
-7.184125809923609662e-02
-7.591576839406970201e-02
-7.704346551416933753e-02
-7.766324903778641653e-02
-6.056121473915083986e-02
-4.886812583605745081e-02
-3.702156414750027574e-02
-9.622681234256965505e-03
3.396192250939241743e-03
1.496896619551112834e-02
4.643275107577557459e-02
7.555929883218105714e-02
1.413253269643880428e-01
1.968491978231803607e-01
2.646830811211339229e-01
3.585399325051918940e-01
4.098928754176047740e-01
4.407350032620851454e-01
4.761722415023008637e-01
4.688570989006562995e-01
4.629692708123724354e-01
4.696896740534890480e-01
4.530648804732278490e-01
4.450356511336089338e-01
4.350818577368808504e-01
4.296552644340011495e-01
4.240129058955226515e-01
4.190565479211864064e-01
4.145273436799857270e-01
4.098896616299427809e-01
4.069366540047195668e-01
4.011453369022373039e-01
4.005772496067797062e-01
3.978776468795503507e-01
3.980160684014792949e-01
3.902068776625137736e-01
3.853479548035594338e-01
3.795226107909142055e-01
3.663295164366046630e-01
3.269945916351784665e-01
2.947304150596933292e-01
2.805415406579706561e-01
2.434070900423811745e-01
2.310295424886512072e-01
2.360005282904000801e-01
2.055795042720127697e-01
1.896941198809877216e-01
1.814448543363174626e-01
1.173431338843790306e-01
1.163715600649578158e-01
1.061986166540668242e-01
8.789881268452182095e-02
9.177323896435031492e-02
7.520699168692519809e-02
6.625519294201075160e-02
5.712186149942148627e-02
1.088915288627835196e-02
-1.779699461919003259e-02
-3.192964032558468640e-02
-4.859403889113635827e-02
-4.990852120013652971e-02
-1.643961007777905436e-02
-1.561300840385267119e-02
-2.254127706838479975e-03
5.276341891395740225e-02
5.957861313275067405e-02
7.558444294317356871e-02
9.980383337442744196e-02
1.034118818881489821e-01
1.234664813083948126e-01
1.444136135446927316e-01
1.483679048556923452e-01
1.904169377497556270e-01
1.936447369122863138e-01
1.983767440619079725e-01
2.122243445737043710e-01
2.137026969069604765e-01
2.155439625239907731e-01
2.246491916270252354e-01
2.246094726757227045e-01
2.150693450843698395e-01
2.131307425799787991e-01
2.031865778173209680e-01
1.983237260753209774e-01
1.945438526455976480e-01
1.885660855318395113e-01
1.818317782227910628e-01
1.792859922557362706e-01
1.673682087027860699e-01
1.573672682610981477e-01
1.538068162370232750e-01
1.178781645679098933e-01
1.152447177779595683e-01
1.019337312176916283e-01
9.252768111581330390e-02
8.662781597248328525e-02
8.278499287276726293e-02
8.137047482809933729e-02
7.930923386281221732e-02
7.832077364962783395e-02
7.763936885760064355e-02
7.694590126735297020e-02
7.664147142264794710e-02
7.634323518080131377e-02
7.612961449344320120e-02
7.601192993349037419e-02
7.589931219480219871e-02
7.582567032497186665e-02
7.577311082214069349e-02
7.573493259340745298e-02
7.567910623808264681e-02
7.566620571686272223e-02
7.562705292404271751e-02
7.552808164905561172e-02
7.559119495425692392e-02
7.537750627197745135e-02
7.528063188220239510e-02
7.543772218915661965e-02
7.453511614616739611e-02
7.503724520560633993e-02
7.453520144476716291e-02
7.223769761007145518e-02
7.537205397114769834e-02
6.949827624876868393e-02
6.806577913191545759e-02
7.199274283321262236e-02
