8.189395824461718869e-04
1.189386560977672693e-03
1.004161410145247568e-02
1.015768884267451502e-02
1.079423736762703291e-02
1.211762261652742784e-02
1.089998454957862711e-02
1.146486455195838694e-02
1.143725016090638667e-02
1.123490558311100382e-02
1.141927868767794729e-02
1.133285845295125410e-02
1.133440428468774665e-02
1.136479307443776128e-02
1.133558523722976233e-02
1.134763472455687337e-02
1.134619592645216835e-02
1.133998358638565497e-02
1.134266286237798835e-02
1.133704553958311823e-02
1.133435859332220658e-02
1.132903555010560288e-02
1.131816114444664581e-02
1.131304684675988811e-02
1.128844115244760291e-02
1.126745248733853136e-02
1.124842520918689463e-02
1.115982311748948269e-02
1.114298508853747011e-02
1.102745402952974921e-02
1.078585225920489568e-02
1.084466618872832917e-02
1.021099304510034861e-02
9.881159447447572519e-03
9.930237903935327376e-03
7.221659877441277686e-03
7.135235678147785511e-03
6.292432996991826483e-03
5.705575000334400099e-03
5.286645228414914126e-03
5.234859719874794884e-03
4.763826265856368689e-03
3.941609908912934931e-03
4.521634331091874473e-03
1.528298358213736434e-03
1.899765433556361259e-03
4.914898287502311031e-03
4.981671482705060834e-03
1.241559860490314485e-02
9.418085223777843129e-03
4.486761128743270086e-03
3.700242281954666500e-03
-1.906018079076425564e-02
-2.582154874124511709e-02
-2.851358252243497982e-02
-5.891743098516213223e-02
-6.165003262215777019e-02
-7.786555227885688657e-02
-8.875902603304616778e-02
-9.794963077883819813e-02
-1.070320701543665265e-01
-1.189698699089836859e-01
-1.263151750147550878e-01
-1.220238091957168564e-01
-1.279309988852729563e-01
-1.240640518926886399e-01
-1.268431855363178484e-01
-1.296055998335078896e-01
-1.252360733661630476e-01
-1.291435121563675736e-01
-1.250958226143190910e-01
-1.189966141923500392e-01
-1.165630771560757784e-01
-1.076125185902069847e-01
-1.045226879921986318e-01
-9.884372665308785444e-02
-9.440638315532626224e-02
-9.210845540399112408e-02
-8.751300674014195202e-02
-8.859108487701450318e-02
-8.655320653352038818e-02
-8.276739920011397245e-02
-8.229437374934528426e-02
-7.385301607163488602e-02
-7.425673323451031926e-02
-6.412297317175778832e-02
-5.127281548660281296e-02
-2.565360282400244024e-02
2.154487139405340205e-03
3.496206320031383305e-03
8.141100791619046428e-03
1.135462564284018573e-02
6.508860095535213414e-03
5.956557134467452275e-03
-1.004591919716917373e-02
-1.679072436936521889e-02
-1.665857331676363212e-02
-3.291099443054275320e-02
-3.595956708212078023e-02
-4.883229830791469689e-02
-7.598638974834082127e-02
-8.564533785337838379e-02
-8.674633633855953485e-02
-9.185724393762734197e-02
-8.669391777323884329e-02
-9.004419384892865807e-02
-8.267137219529449577e-02
-8.206965591985898589e-02
-8.155254642988249425e-02
-7.471825370716578263e-02
-7.655149846081582554e-02
-7.265125997070828734e-02
-6.549525037791288640e-02
-6.804288234230376764e-02
-6.013428724407703096e-02
-6.292418297057958410e-02
-6.757733304264471053e-02
-6.925719278774977727e-02
-7.765246879906839705e-02
-8.386529771925009535e-02
-9.022263887126258375e-02
-8.802005400145709868e-02
-8.539936618864406304e-02
-8.437980521432682235e-02
-8.135459850717033370e-02
-7.336593005761748998e-02
-6.702156841510398255e-02
-6.514384887132521063e-02
-6.270141267064122115e-02
-5.752756194786663724e-02
-5.789390593971162347e-02
-5.406926609895117142e-02
-5.292570009041513979e-02
-5.431417524672405017e-02
-5.100486760746900106e-02
-5.451935923946840679e-02
-5.714380340078684117e-02
-5.854567468052056245e-02
-6.812643987087899089e-02
-6.768832204303251721e-02
-3.972566096517551881e-02
-3.850698433619111766e-02
-2.836453500708668515e-02
-2.110636446535239102e-02
-1.965064149056582055e-02
-1.307826125767499667e-02
-1.949714030785554969e-02
-1.067162751636628777e-02
-1.629779153030757113e-02
-1.315373133022102077e-02
-1.144491119600577964e-02
-2.677633816458634824e-02
-2.646503135546060537e-02
-4.330531417245479797e-02
-4.548647453315793343e-02
-5.474501252224633907e-02
-6.700105384268360831e-02
-6.809174143456420136e-02
-7.288046972819461899e-02
-8.723393565618231538e-02
-8.241801559733855087e-02
-9.305298472631957918e-02
-8.721198275834765590e-02
-8.212810429209702057e-02
-8.453578438915990145e-02
-7.246504500700398643e-02
-8.488263016231517577e-02
-1.002074216070910073e-01
-1.120874082463645116e-01
-1.529491593661991833e-01
-1.764902633165250090e-01
-1.910773192797665110e-01
-2.155494261325178740e-01
-2.244125454676900722e-01
-2.254072750437673966e-01
-2.214764749053697024e-01
-2.098233396834998654e-01
-1.893600057045453366e-01
-1.695694990245915634e-01
-1.575586589733467546e-01
-1.401063337125456609e-01
-1.244702295441936085e-01
-1.165907938831459018e-01
-1.128531229890578358e-01
-1.091302900760512534e-01
-1.081257638281291761e-01
-1.101064944462592787e-01
-1.023866780800617576e-01
-1.028927373784252197e-01
-1.022035956779651367e-01
-9.722995585723387402e-02
-1.001688904231863297e-01
-9.515649648922649972e-02
-9.317247992695858183e-02
-9.317597406581473729e-02
-8.414617686600825430e-02
-8.375298300060726731e-02
-8.175923475333507495e-02
-7.621796713334522133e-02
-8.017817343993635659e-02
-7.592330674496167164e-02
-7.794176456687873511e-02
-8.593155902357901832e-02
-8.795592394329622421e-02
-9.360296509781648733e-02
-9.937483339512856451e-02
-1.009992266254219340e-01
-1.072419629398292523e-01
-1.104369119406960614e-01
-1.122112753297662135e-01
-1.184855024680496610e-01
-1.179202206397626518e-01
-1.193815267974659144e-01
-1.194741103629883422e-01
-1.073550696696831536e-01
-1.078818980577817555e-01
-9.722942276552007379e-02
-8.953120014279035421e-02
-8.292341041601326845e-02
-7.099466579989990866e-02
-6.604309094306355654e-02
-4.938597728071821014e-02
-4.029996290935106140e-02
-2.592445189173290740e-02
-1.738548096455136416e-02
-8.072779938347455705e-03
-2.279216678683053041e-03
-3.480763256310082966e-03
-1.897090290980591116e-03
-3.108385895441820486e-03
-5.880994256223768396e-03
-1.270653832836404068e-02
-1.770618764796370870e-02
-1.686744962102651457e-02
-2.177285930885044726e-02
-2.787858759237298728e-02
-3.108687516791188918e-02
-5.179249397123958376e-02
-5.867206348444484881e-02
-6.326057678299439047e-02
-7.188754380878978334e-02
-8.077854303741410780e-02
-8.618714808355336376e-02
-8.995482968157673953e-02
-8.932494527948073304e-02
-1.002404895151373931e-01
-9.622119796903512434e-02
-7.982104321177274642e-02
-7.781276505126488718e-02
-7.256997420715396996e-02
-5.801362350377520932e-02
-5.230680910192254257e-02
-4.147578943258645179e-02
-3.337093620519612086e-02
-2.981781462168261315e-02
-1.989431156548437246e-02
-1.619485994388883410e-02
-1.176624171925514176e-02
-1.056275902547275727e-02
-1.069230328098813403e-02
-8.939764944428310947e-03
-1.149411933126590415e-02
-1.424738479787349306e-02
-1.839541822939478460e-02
-2.896376670754077093e-02
-3.621813906802824612e-02
-3.765240587084377200e-02
-3.466542391797225453e-02
-3.316498422764885268e-02
-4.069578062549891045e-02
-4.158552645202552578e-02
-4.610468419119268663e-02
-6.178515006783949493e-02
-6.709157118413613952e-02
-7.056872987906133432e-02
-8.133588970707304744e-02
-8.092962487990459919e-02
-8.469109343358602326e-02
-8.834475772204086752e-02
-9.092277917283367317e-02
-9.581792832019334072e-02
-1.034230558318621207e-01
-1.067163741254105874e-01
-1.072168462381096754e-01
-1.099283408940761736e-01
-1.087638115353860291e-01
-1.100187341346670483e-01
-1.162005003194351571e-01
-1.167709836954137492e-01
-1.218659132268374162e-01
-1.219216282228753195e-01
-1.119351788599515646e-01
-1.099367890989879915e-01
-9.819042183003044710e-02
-9.178412426430793136e-02
-9.089866707901092524e-02
-8.240858540821344169e-02
-8.177527921804508826e-02
-7.767397388030061745e-02
-7.352742249938323815e-02
-7.223724358908246990e-02
-6.739354530438171342e-02
-6.553774978328524847e-02
-6.130873454473408091e-02
-5.793255706111466452e-02
-5.709936255243724251e-02
-5.351361313204273940e-02
-5.411933381774388513e-02
-5.381787226147682207e-02
-4.775136159415428738e-02
-4.725340935471825099e-02
-4.541732619950057670e-02
-3.928973093450382342e-02
-3.745786459590259160e-02
-1.988148680786799155e-02
-1.768117619450467609e-02
5.420551560596821583e-04
5.651358754194256082e-03
1.398194605324899580e-02
1.492546232243162352e-02
1.067788723121124508e-02
1.225654270618930022e-02
1.099211854710219032e-02
7.296968490268247037e-03
7.499823772612680510e-03
3.703895372049861856e-03
-7.996562576052784060e-03
-1.224281150732234834e-02
-1.245861255520566355e-02
-9.607429028221547290e-03
-5.217047714045082440e-03
3.918535920292136668e-03
1.030634702380350126e-02
1.411977062587494933e-02
3.101339004295271956e-02
3.304345848246856288e-02
3.391307615069436704e-02
3.959494249364692298e-02
3.952274740184227170e-02
4.057479364703341085e-02
4.291873318625562261e-02
4.271056815696014364e-02
4.082434175923810998e-02
4.069994208891063864e-02
3.947852525251821509e-02
3.869515035446301904e-02
3.864992994731269310e-02
3.749496189357882231e-02
3.720769527365529183e-02
3.720848316492157692e-02
3.457572983180542958e-02
3.442421381025147220e-02
3.288453985726030870e-02
3.183510316670998264e-02
3.145183788339596387e-02
3.037369751420496491e-02
2.896431996209428844e-02
2.891467693886978080e-02
2.584123442955862590e-02
2.381057082418943857e-02
2.354286127750238738e-02
1.214936588597984382e-02
1.267183437400228388e-02
1.086112141187612484e-02
8.256230306010890058e-03
1.097197495787780898e-02
1.016444636465380080e-02
1.010645695968081376e-02
1.066176562368022045e-02
1.032688070795962504e-02
1.049520274746199543e-02
1.054038267362334032e-02
1.047853576635979569e-02
1.054538528500550097e-02
1.053152961296934496e-02
1.053190838718657749e-02
1.054690931764710148e-02
1.053995371719419760e-02
1.054441017108915038e-02
1.054615747978517384e-02
1.054279999650792332e-02
1.054591704723532863e-02
1.054305425397633091e-02
1.053772243377620009e-02
1.054549368103947261e-02
1.052542182015159082e-02
1.052662332885960159e-02
1.053926297651342978e-02
1.045573732363053003e-02
1.053633558627407527e-02
1.046008302454503117e-02
1.026814525531975428e-02
1.066996036829947342e-02
9.924346288333963165e-03
1.005457183381683328e-02
1.055503553110205550e-02
