9.919275304204786762e-04
1.134749041290531541e-03
2.655779787432716726e-03
2.709140172866234854e-03
3.592329414737004296e-03
3.816751043715940761e-03
3.673429328249452550e-03
3.956618901492776549e-03
3.931179674078879444e-03
3.959710022923570993e-03
4.026023012666680306e-03
4.013532721663158262e-03
4.038383250993630817e-03
4.049168816086382190e-03
4.049352169020571830e-03
4.058448098666745871e-03
4.059734360330108371e-03
4.061465807041804259e-03
4.063765914272881793e-03
4.063922254840712095e-03
4.064462369767539093e-03
4.064688703905501056e-03
4.064196205119945289e-03
4.063228643550909069e-03
4.062736428400816509e-03
4.059896389130610017e-03
4.057142349925248193e-03
4.055275219084114244e-03
4.044163727744852152e-03
4.041597559668667385e-03
4.029372969712195773e-03
3.996791660369584075e-03
4.005970232364511503e-03
3.932005702208556629e-03
3.879090192774597035e-03
3.906054727816622458e-03
3.565089181243524981e-03
3.551291696937261197e-03
3.442660883607868028e-03
3.337739328804393592e-03
3.280861668227910873e-03
3.327793234649647700e-03
3.092244566154138397e-03
3.163132783155133115e-03
3.247652785704489061e-03
2.264247895166253671e-03
2.254486858277356294e-03
1.148273805961254768e-03
5.924797550864446816e-04
5.404437453606377286e-04
-8.633193519277178492e-04
-1.245142124684722046e-03
-1.525702850591888681e-03
-5.972671756637120723e-03
-6.774462655360984423e-03
-8.265831966774567913e-03
-1.106885806364562956e-02
-1.122542239931396089e-02
-1.157360152615277867e-02
-9.262839096122646443e-03
-9.556625680791575039e-03
-8.497495584870453159e-03
-6.885822070526953845e-03
-7.333931431402523210e-03
-5.061375723958526709e-03
-4.257871775566078251e-03
-2.405956143265908578e-03
-6.201726217191306026e-04
1.323047493782902146e-04
2.433922792607204951e-04
7.812627502877327827e-04
6.335294967363718421e-04
5.525858101621634530e-04
5.686662388047345655e-04
5.360954280331807270e-04
5.288096239229834669e-04
2.697151327979188358e-04
6.562246875102871555e-04
9.225957840059688007e-05
2.765311938583175745e-06
1.495995500572721475e-03
1.506982371915274429e-03
2.818034441741803803e-03
4.258960810034884657e-03
3.219854763213502672e-03
5.890295117453047541e-03
4.308889862767757185e-03
-4.001190129618994312e-03
-6.859657467532304445e-03
-7.990095851351497122e-03
-1.124723132333986172e-02
-1.066992625250233820e-02
-1.192839416176997257e-02
-1.204080474043349620e-02
-1.225633244063500590e-02
-1.281889215351660928e-02
-1.094810285706336248e-02
-1.108315749166934386e-02
-1.011206277114496885e-02
-9.107269732668739348e-03
-1.025127675429499466e-02
-8.731573841967927088e-03
-8.123865521011996646e-03
-9.647383155939121685e-03
-1.001303139673086554e-02
-1.009721795758866322e-02
-1.142304485500520578e-02
-8.309496649106479921e-03
-8.746290916760516773e-03
-1.279186549289431339e-02
-1.317061519828198642e-02
-1.566576623949131331e-02
-1.677878872218535253e-02
-1.516059453078153971e-02
-1.444286262073657574e-02
-1.289358981968457066e-02
-1.252876318605351813e-02
-1.248735137229333922e-02
-1.125935762706884065e-02
-1.021743238056694626e-02
-9.254864361938787767e-03
-8.013770838212062181e-03
-7.716198068397346448e-03
-7.518054308759805626e-03
-7.141059590314369383e-03
-7.066120451824383850e-03
-6.033109735933959647e-03
-6.785462084729906168e-03
-5.925100245063394042e-03
-2.723790209828866327e-03
-6.263525789945494256e-03
-6.293359186460154714e-03
-5.119241531985479175e-03
-5.692431845437100069e-03
-2.158767810555710896e-03
-2.200835069671042317e-03
-1.349132444645493884e-03
7.861979386467846283e-05
-4.246303306912038093e-04
4.668095244876782732e-04
5.033704987553747285e-04
-4.926895847704731860e-04
-4.665734260589085515e-04
-3.868361083887205190e-04
-7.086666424699573832e-04
-4.868495064602731612e-04
-8.076328065429735437e-04
-7.227649922194870000e-04
-5.762475042002094703e-04
-1.752313039425647994e-03
-1.977691371001345701e-03
-2.828945323954128090e-03
-3.643377167360429929e-03
-3.965297060339531554e-03
-4.067623685969813316e-03
-3.869317362626110285e-03
-1.517749440421142576e-03
-6.580283420539668115e-04
5.939571857762023562e-04
-1.145720645901683512e-03
-4.758041470586103251e-03
-5.995326649288872274e-03
-8.450785228297265361e-03
-9.377449165175780546e-03
-1.042459709180411712e-02
-1.123511463070066448e-02
-1.160935358641049242e-02
-1.096251356794594907e-02
-1.059802036934322407e-02
-1.040433576611443818e-02
-1.293171956713658720e-02
-1.940708186046206235e-02
-2.508527669889335301e-02
-2.670573308386830005e-02
-2.915868178812387745e-02
-2.835201087828134042e-02
-2.844458496364395822e-02
-2.792778857865667319e-02
-2.676109220165176494e-02
-2.670962034311599037e-02
-2.337339766132831911e-02
-2.225579219619888346e-02
-2.042748256454546274e-02
-1.733361798197913597e-02
-1.692854067907509016e-02
-1.475318399127269371e-02
-1.452591692457704149e-02
-1.612692139028989655e-02
-1.604107563448835261e-02
-1.696008972137388535e-02
-1.878390010303536417e-02
-1.836030445243907322e-02
-1.778374978361063619e-02
-1.770094195453995878e-02
-1.622555054546231945e-02
-1.582226705531850075e-02
-1.630212705095906295e-02
-1.567408583976802675e-02
-1.583739072466110176e-02
-1.595805197794750857e-02
-1.568282941485947546e-02
-1.585014610634941090e-02
-1.628094203404126250e-02
-1.641795002033751699e-02
-1.599708597975930957e-02
-1.639325846924552174e-02
-1.567316248927314026e-02
-1.533647690763173879e-02
-1.534261198699166107e-02
-1.317817251220096755e-02
-1.262290380639582987e-02
-1.098916500839329513e-02
-8.193239055004825078e-03
-7.559748783062044709e-03
-5.694758340987952569e-03
-4.375199094154241450e-03
-3.545354051089944468e-03
7.171322334268326500e-04
1.131771143594304365e-03
2.514325417081502128e-03
1.787213596452369435e-03
3.452359022064149449e-03
9.043425966249141147e-04
-6.040502994073978192e-04
-1.954286716350348788e-03
-4.168276499580334839e-03
-4.207040752239207121e-03
-4.330103695014125322e-03
-6.103431239491058369e-03
-7.295781883413812036e-03
-9.630291241595582974e-03
-1.012576471770534892e-02
-8.906681347525802900e-03
-8.876083407764426281e-03
-7.812408549325806917e-03
-9.915137255751549361e-03
-1.025704554844723317e-02
-1.100638274838721536e-02
-1.508073186772904140e-02
-1.625368378082600596e-02
-1.598965285737361311e-02
-1.742054885086760652e-02
-1.570570292954752076e-02
-1.315465366560402902e-02
-1.223274527189319519e-02
-7.004534536674163203e-03
-4.867729855664672256e-03
-1.712209906666592842e-03
3.646628218064508573e-03
5.422195291363654870e-03
4.930891199489351867e-03
-7.503901540556505911e-04
-1.864162985784869470e-03
-1.444174819818421808e-03
-3.560436441365228809e-04
-1.357288329020352527e-03
-3.151839055572667591e-03
1.555237094246277995e-03
6.636640607669522414e-04
-6.704906150884853934e-04
2.362943381104510050e-05
-9.094072928375235873e-05
-2.871421972562291421e-04
-1.312564426770292071e-04
1.031477707086649693e-03
1.630485162755291543e-03
2.674716191784598344e-03
3.698546912177400493e-03
3.906758068811826655e-03
3.025529243462713857e-03
4.774684829867550939e-03
4.640094524415698356e-03
5.348157721111974905e-03
5.569336243872746901e-03
5.671319828402453592e-03
5.194092583055067748e-03
5.156815125673933423e-03
4.723432846362689633e-03
2.266523710662988415e-03
2.232303870024294947e-03
-2.987197733988727032e-03
-3.721292917459169576e-03
-2.455048156752916242e-03
-3.678210269670273425e-03
-3.916088790825362521e-03
-3.639261667884831179e-03
-4.231681179253523641e-03
-5.552697997215780973e-03
-5.593172203576930041e-03
-6.081063554517543261e-03
-4.437232182636425236e-03
-4.820133201289680987e-03
-6.145602861607151086e-03
-5.893327150409406572e-03
-8.181967633009707211e-03
-1.021968098666157718e-02
-1.250242700238507129e-02
-1.791806641115717760e-02
-1.974735078011668338e-02
-2.382428393863514349e-02
-2.536748197468857019e-02
-2.651245752797473654e-02
-2.730808481805720167e-02
-2.769942966232157716e-02
-2.824574128128216552e-02
-2.669738481828887525e-02
-2.620144582296112662e-02
-2.350621367589978208e-02
-2.054575294656496576e-02
-1.757167221793755688e-02
-1.462003618636371211e-02
-9.558675409312674884e-03
-7.456109496947982591e-03
-8.590702056524053207e-03
-7.505788361513376743e-03
-6.621457940044818760e-03
-6.993501509217278644e-03
-4.600135767442279852e-03
-3.705295599183400755e-03
-2.588091326157085110e-03
-3.654131046517819677e-03
-4.575165945098579219e-03
-5.127681200520176237e-03
-4.801736875069006864e-03
-5.233026623810197071e-03
-5.185430936943145885e-03
-4.208391254351672231e-03
-4.227547459859918276e-03
-4.148081158198462653e-03
-3.972288154221210489e-03
-4.055653907519773081e-03
-3.869574719657524302e-03
-4.211965127580122488e-03
-3.983531262009715364e-03
-4.066516797922336765e-03
-5.385228432098145175e-03
-5.354456818301173843e-03
-5.127289246066940413e-03
-3.459445701167918660e-03
-2.806087483865813380e-03
-3.562765531413378001e-03
-3.513454530399178193e-03
1.026564442563474575e-03
1.717702298191049314e-03
5.919664895971637586e-05
1.932937549347234392e-03
-1.223836555174942324e-03
-3.521218609681841475e-03
-5.348960735114088351e-03
-9.125301980705918109e-03
-1.011303749708872615e-02
-1.332635280967577919e-02
-1.369234891543229249e-02
-1.337652298150829658e-02
-1.375924313171499047e-02
-1.252074422430680262e-02
-1.263459970852965665e-02
-9.832921971799539820e-03
-8.821982359999489334e-03
-9.554102370958493171e-03
-8.488997044474835135e-03
-9.194443197571979670e-03
-1.084684113834574748e-02
-8.213167987283912994e-03
-4.453252603366959252e-03
-2.514568904261970002e-03
5.652662479947284093e-04
1.518333314511156017e-03
1.984206555428534948e-04
1.061956094141795238e-03
3.774166818065885021e-04
-2.412258565944844127e-04
-6.062889790670694624e-04
-1.612004346069844871e-03
-2.112803321200179801e-04
-5.351826924651577376e-04
2.876560561708227726e-05
5.903025284264265451e-04
6.065728064361381290e-04
2.177874092057918796e-03
3.002591756745029688e-03
2.895540562220989649e-03
1.968839232324261397e-03
4.096088507567901020e-04
-4.114455304936494827e-03
-4.881226339576177735e-03
-5.392244993253969554e-03
-5.423441370694039899e-03
-4.554761209046569170e-03
-4.227916876303590421e-03
-2.500085870124366637e-03
-2.979906741825448339e-03
-1.557866210838264364e-03
-1.089858959960683400e-03
-8.160978483850142616e-04
-2.596725897141681397e-04
-1.678747954690373867e-04
4.448529785019088013e-05
2.053906948844832982e-04
2.547924293591519607e-04
3.754866485630682302e-04
4.216904697690228992e-04
4.878215474217702306e-04
5.788815011860564720e-04
6.036908393597432108e-04
7.688722500281140780e-04
8.525448850381800057e-04
9.584120969059335389e-04
1.395331439743783142e-03
1.344987411911641910e-03
1.836857385341117638e-03
1.766793399769815785e-03
1.667806707976827530e-03
1.738487514159887774e-03
1.637500109267581378e-03
1.310079487122823216e-03
1.402043219943918933e-03
1.073553833386497493e-03
1.190522301541354234e-03
1.424604147783901540e-03
1.395092953770086467e-03
1.703249655691210958e-03
2.163669912656028017e-03
2.145545031045512519e-03
3.272228097570177921e-03
3.224397082224589491e-03
3.295041824271264380e-03
3.506842337558237037e-03
3.529095106248125637e-03
3.368830548982463830e-03
3.467918260876432391e-03
3.470192521849125092e-03
2.475318227290114470e-03
2.365900812768706278e-03
2.232774068270108186e-03
1.833505400686005673e-03
1.832387198087903277e-03
2.080868689950689503e-03
2.097613232665976671e-03
2.199734849392495639e-03
2.257265990181321971e-03
2.274363751178606896e-03
2.311464318800639153e-03
2.323949555151718499e-03
2.334439096883174879e-03
2.345258921919689699e-03
2.348952293277777569e-03
2.353481687601305036e-03
2.356376894889122744e-03
2.357836665029996222e-03
2.359420637499962201e-03
2.360221760996021861e-03
2.360810790117036546e-03
2.361281408538173573e-03
2.361517912997062978e-03
2.361715421798819738e-03
2.361768782526671266e-03
2.361839613405608117e-03
2.361772996398284023e-03
2.361562230690784393e-03
2.361632745253923471e-03
2.360920922567101565e-03
2.360607876149700343e-03
2.360528110283565892e-03
2.357651689225147545e-03
2.358733599195778508e-03
2.355562216817604082e-03
2.348176659783902422e-03
2.356065015484435851e-03
2.332813761456824665e-03
2.329728006584390245e-03
2.345772463659386367e-03
2.244122099617499450e-03
2.326029136623065149e-03
2.244177401750214670e-03
1.938610741388427979e-03
1.979324542354866066e-03
