3.823272461997272316e-04
6.306310005376190896e-04
3.704957817280631668e-03
3.610950153871273719e-03
5.063423477841127833e-03
5.698981834317824562e-03
5.256520177158699805e-03
5.879957399250660202e-03
5.845020081370539897e-03
5.873155465424140763e-03
6.052066738956144581e-03
6.016294998693431061e-03
6.077044945967050547e-03
6.112126847282657073e-03
6.109914723913686084e-03
6.137684557099227015e-03
6.142144517773589184e-03
6.146877854309158382e-03
6.154637379923381946e-03
6.153441992056353678e-03
6.155539903782491357e-03
6.153502052874343722e-03
6.148480625585720817e-03
6.146861740480370588e-03
6.132075769621188679e-03
6.124176105772284433e-03
6.112258724455569073e-03
6.067829056269392202e-03
6.070423505280106088e-03
6.002510260595164335e-03
5.915943273051994106e-03
5.955896364011796854e-03
5.652978246709595804e-03
5.646156722946157197e-03
5.600117389504538808e-03
4.601383714113329790e-03
4.841691482137035554e-03
4.414049948954317654e-03
4.862812895555727877e-03
4.996356448251631534e-03
4.782958294758199100e-03
7.490868041906321648e-03
7.386011916791140018e-03
8.100615747381146800e-03
8.236715479536462978e-03
8.031317201596695557e-03
7.690888606133028209e-03
7.636115423551997905e-03
6.787759150626211137e-03
7.181116252830939753e-03
5.438480537478293519e-03
5.062502973686148176e-03
3.290142815516401177e-03
-2.907982103019237600e-03
-6.742999311433450597e-03
-1.254028356764959676e-02
-2.236050344311082960e-02
-2.701590862248287594e-02
-3.188817198064660546e-02
-3.777220233351937656e-02
-4.652297410984582854e-02
-5.546262796310709453e-02
-6.769847352037516863e-02
-8.750977456177692904e-02
-9.823658399316155532e-02
-1.272236902483625254e-01
-1.466333475752598092e-01
-1.531932508402069071e-01
-1.722352313071537355e-01
-1.737762453004083607e-01
-1.775823138867755335e-01
-1.867351605751479959e-01
-1.810629465960677809e-01
-1.884561959545948406e-01
-1.866770016131615861e-01
-1.799891898509505817e-01
-1.847293093331394687e-01
-1.698261268094548304e-01
-1.671687229272157127e-01
-1.575216622272194722e-01
-1.338253926887283396e-01
-1.288380779280787203e-01
-1.055443559113926066e-01
-9.175239765791358415e-02
-7.364626294508028193e-02
-4.728245007682912310e-02
-4.057165372785048046e-02
-1.407697022744078784e-02
-1.097498439535828617e-02
-9.781551089414117911e-03
-1.287739559555919975e-04
-2.667608588819901389e-03
1.050298425300380490e-03
2.578079926314173851e-03
-3.496847968167635014e-03
-1.047042112998522630e-03
-7.884073937397812057e-04
-4.617586545471199480e-04
-8.797785998065180439e-04
-1.406379460598059829e-03
-3.246531791685931638e-03
-2.190138161004414556e-03
-3.994946148185551590e-03
-3.325089599703951251e-03
9.169246627107861553e-04
3.900967273834581668e-05
-1.403981168026103774e-03
1.790502141134540709e-03
1.396719163035892121e-03
5.381136757604413137e-03
5.562887066923235049e-03
1.367309766806722431e-03
1.493276730929432774e-06
-3.702638266193733138e-03
1.147210673939609484e-03
2.468366202099079709e-03
7.837095649117537151e-04
3.002582567494455675e-03
2.747865509207574920e-03
9.401425628922351410e-04
3.326390918568553935e-03
3.440483934135734733e-03
3.413775553202381009e-03
8.296586200574317463e-03
1.613639064339925447e-02
2.046804857559969548e-02
3.298855341771228522e-02
3.912870069176730553e-02
4.461954381667734143e-02
5.422357276640460411e-02
5.988636868503552368e-02
6.754613107891914436e-02
7.398386905500978217e-02
7.822804981034475746e-02
8.154810323344724443e-02
8.412813195205368078e-02
8.887654577434289660e-02
9.052560372728235549e-02
9.458429366117054871e-02
9.755324355151534510e-02
9.862002408523948271e-02
1.031417776272964826e-01
1.007356100569462842e-01
9.363202341739802759e-02
8.988263458279860396e-02
7.581816798569168681e-02
6.468109055529774887e-02
5.113841154772361813e-02
3.964018399183516506e-02
2.561136528911329632e-02
1.711777791188834330e-02
1.779627760885120827e-02
9.551111178348961617e-03
9.405480858619152257e-03
7.620275437946186399e-03
5.444479919958354619e-03
4.020395313467328008e-03
1.648830303980781085e-03
1.338855148486947741e-04
-7.596089397452239619e-04
-6.600101620896018338e-03
-7.986192561678840188e-03
-9.927310024882080725e-03
-1.230520626484086361e-02
-1.310570546722199942e-02
-1.284052022488219209e-02
-1.473154088457647067e-02
-1.314331885856768849e-02
-1.054199238875531443e-02
-9.425621796453337656e-03
-2.461068263286258096e-03
-9.796139443648663094e-04
1.802359916093526247e-03
5.143464484979438922e-03
6.773768500133552084e-03
8.364451166314198702e-03
1.073038495826478603e-02
1.014192902731434788e-02
1.140692554505629355e-02
8.302736599032200376e-03
9.621527584422218679e-04
1.908867116003351230e-05
-3.176350533735670337e-03
-1.108538741439641512e-03
3.094146043469993106e-03
3.694834351523676192e-03
1.922277068239182374e-02
2.486695640973130006e-02
3.427493221938941043e-02
4.550758309220715586e-02
4.928530655979136699e-02
5.858409139914360492e-02
6.624657354752568061e-02
6.574757208928008745e-02
7.239786888964883094e-02
8.053893775257542353e-02
8.323974980461390505e-02
9.394313953195168598e-02
9.740087590694354591e-02
9.947969429734272728e-02
1.059654933216152561e-01
1.064757551795440099e-01
1.098673029606431484e-01
1.133082624666697652e-01
1.137243688604292757e-01
1.168566806815957149e-01
1.185351333363955650e-01
1.183868296768797179e-01
1.203000962290192155e-01
1.183143883612772090e-01
1.203926396980359026e-01
1.204986826270939559e-01
1.184587958479017267e-01
1.208655341963612573e-01
1.180111430448863852e-01
1.168461708417754819e-01
1.100996516498356503e-01
1.018960661988833616e-01
9.733892896338357248e-02
8.659672760610237496e-02
7.162166986716614336e-02
6.173997781467675805e-02
4.743004475287417032e-02
3.770249982773325736e-02
2.912250885578583637e-02
2.111029087756856326e-02
2.543627457658803603e-02
2.252244386290052497e-02
1.887255771618294789e-02
2.018232721922862474e-02
1.261777862787779453e-02
2.967109810336392931e-03
1.303908919441507845e-04
-6.505633348468987422e-03
-1.002781537939127950e-02
-8.300948483503758565e-03
-1.077877262967024546e-02
-9.984743729969223006e-03
-2.464955248620192153e-03
-1.610812167660021594e-03
1.207831015483957137e-03
3.975922147340774787e-03
6.203634345187813634e-03
6.709065412606724996e-03
9.286774952340787204e-03
5.191480015464934941e-03
5.164144194159882469e-03
5.636873256101091866e-04
-7.200399089192927038e-03
-1.209747959588134206e-02
-2.336415718383470785e-02
-3.253795911855766193e-02
-3.591658160249018572e-02
-4.141176101724950570e-02
-4.294399065210209587e-02
-4.337655984443888196e-02
-4.367560108042575773e-02
-4.238130374885318297e-02
-3.336487095786798418e-02
-2.668151135604094476e-02
-2.657285656017906866e-02
-2.093146382868587077e-02
-2.402346524858568408e-02
-1.775559104963066182e-02
-1.664215603438893437e-02
-1.304023533696413266e-02
-1.621927616847601561e-02
-1.031671631645952880e-02
-1.353144720740929140e-02
-1.669645847718914666e-02
-1.394364554720370700e-02
-1.604719220422497553e-02
-1.668545244923039239e-02
-2.320919097185850100e-02
-3.019350550992468477e-02
-3.544863367158911094e-02
-3.907777021218677982e-02
-4.156867795498252194e-02
-4.643811758266671447e-02
-4.717714956454214376e-02
-4.843713791316978101e-02
-4.818115588724626586e-02
-4.729089436802533242e-02
-4.567168935745599678e-02
-4.396122092077942023e-02
-4.132612760127860052e-02
-3.690460916417770409e-02
-3.414367609979384460e-02
-2.462932792656376615e-02
-1.911090118833631835e-02
-1.163026401455913121e-02
1.836260153315468543e-03
9.784374867818067603e-03
1.883319608784209120e-02
2.833604579156546663e-02
3.592698637679778151e-02
4.065682934194572717e-02
4.888529465177682970e-02
5.279481974701777380e-02
5.715737484178123884e-02
6.611720036245366527e-02
6.011578521830263089e-02
6.369905387995727919e-02
6.464781269033964550e-02
5.479265875560246357e-02
5.908170125060642486e-02
4.891733761621394616e-02
3.480976659115186944e-02
3.008581248853851170e-02
5.735704784626944469e-03
-1.436503441772713245e-03
-5.713970332677208337e-03
-1.600301037346404942e-02
-6.049129921460292061e-03
-6.346252551967175234e-03
-5.032169823195513890e-03
2.577064108985297787e-03
4.550164466390275021e-04
-5.579741714950830350e-04
-3.293261645189558156e-04
-2.684135573322816992e-03
-2.510882342489456371e-03
-8.275544075762350515e-03
-9.816603478835526919e-03
-1.121389437364672843e-02
-1.381166445776323484e-02
-1.441577123628788246e-02
-1.418542932246791288e-02
-1.615402605373184031e-02
-1.445726776653244623e-02
-1.231846493009543415e-02
-1.092333874467347685e-02
-4.399473971738458895e-03
-3.080610016622303913e-03
-1.846279533164195788e-07
1.782608792635459417e-03
4.575323566586709037e-03
5.251942076774341120e-03
5.500954987206678991e-03
7.269345790881751555e-03
5.813380475131198211e-03
7.446508041655626117e-03
6.204020745242913581e-03
6.227192813425470094e-04
-2.912950916921264698e-03
-5.387375923809760263e-03
-9.639697789405191411e-03
-7.132703683331167478e-03
-1.040185496593935680e-04
2.965489649762327031e-04
1.405260534894363367e-02
1.825539156813117334e-02
2.079161667446139533e-02
3.174870327299879336e-02
4.094308703928749987e-02
4.146909979190874229e-02
4.897295872852000520e-02
4.877823157632483336e-02
4.879922159520679037e-02
5.648779008548383135e-02
4.867489444705103141e-02
4.770971079155766209e-02
4.405341456128458733e-02
2.653304380893267700e-02
1.947403553305445539e-02
1.542065191178289361e-03
-1.415395844896518568e-02
-2.216783281868030947e-02
-3.356135668501094432e-02
-4.112374169353560927e-02
-4.984831507592494410e-02
-5.960103004685480405e-02
-6.247563192691531903e-02
-6.730012625094888845e-02
-6.996577662738712178e-02
-6.808433084945189617e-02
-7.020261527682765401e-02
-5.924492668352551727e-02
-4.991660697080871345e-02
-4.172312974970901478e-02
-2.919622637962250231e-02
-2.558103905578971646e-02
-1.847524832174260445e-02
-1.292992824888445670e-02
-1.008547612031792350e-02
-8.221253424748661137e-03
-7.380152010760056107e-03
-5.859787398862543670e-03
-4.978456817302865170e-03
-3.451136892315537913e-03
-2.565747366793582219e-03
-2.305148502469808736e-03
7.205841163756684584e-04
-9.301392945513557112e-04
1.470454273169764098e-03
3.343891515127543797e-03
6.058126662989942292e-04
3.938855690715615566e-03
4.225459028469679724e-03
6.613423225479846818e-03
1.122931638498609122e-02
1.316794196869647271e-02
1.043324803166583922e-02
-9.755908275406759882e-04
-4.451325156144890320e-03
-8.134939392621951329e-03
-1.376003669840194892e-02
-1.221947193001709543e-02
-1.561742600444874195e-02
-2.327344258883660977e-02
-2.998164424904767311e-02
-4.863624778700386536e-02
-5.454450164400523327e-02
-6.867421730727682472e-02
-7.693152979245627965e-02
-8.344969896857427905e-02
-9.583789465352619830e-02
-1.011986992708227423e-01
-1.057865005225554211e-01
-1.121723931700561866e-01
-1.167352221423150760e-01
-1.188801682886496125e-01
-1.197824800794179273e-01
-1.187695881830957145e-01
-1.165953539466400984e-01
-1.164868884906854613e-01
-1.127291075720267405e-01
-1.098528378587567828e-01
-1.072614051264503404e-01
-1.002285711724437978e-01
-9.626805422174797289e-02
-9.067607494373716714e-02
-8.319237012135914655e-02
-7.886410808660863914e-02
-7.141873376485059766e-02
-6.356552763660876237e-02
-5.266612856503893880e-02
-3.685929585087568267e-02
-2.511592907055950827e-02
-2.712476645674323505e-02
-1.333565105780676677e-02
-1.033733873215817410e-02
-9.647012642447300168e-03
-6.017949348583697365e-03
-2.524278665380137298e-03
-5.958071516825414827e-05
-3.174220600171805216e-03
9.825409711103369015e-05
1.969168798950643798e-03
1.568877079336423270e-03
1.724355630125027489e-02
2.336216861575421064e-02
3.942919659134861560e-02
7.135354905606704212e-02
7.991477135699102952e-02
9.277675820557514108e-02
1.099671872242334592e-01
1.048989893505390958e-01
1.130947241801001091e-01
1.152308089444899486e-01
9.077088835100202702e-02
9.106178147749094398e-02
7.954189112682026608e-02
6.786295479312726142e-02
6.466105332015287255e-02
5.387474769479722730e-02
4.346343866551354712e-02
4.065856871671542222e-02
2.536818774098481208e-02
2.438645810620714699e-02
2.227119830050480406e-02
1.764140536714859167e-02
1.755037569960946064e-02
1.551448362037257701e-02
1.421243002748908725e-02
1.347667870890098020e-02
1.250801596903089973e-02
1.146774573912912563e-02
1.035085355979072606e-02
1.001443978898638489e-02
7.142351365149833889e-03
6.966544774851214303e-03
6.236831060904736955e-03
5.734214288735076277e-03
5.700623273599675182e-03
5.307616744301769766e-03
5.211995518007182804e-03
5.119553285878478653e-03
4.991268894097888702e-03
4.962101400802776396e-03
4.906378432801944758e-03
4.869576303062140947e-03
4.852686954818416325e-03
4.828889558933084983e-03
4.816854232868884519e-03
4.806081269015847167e-03
4.797142927659953961e-03
4.788985082593679235e-03
4.781523465033455517e-03
4.776992552968583987e-03
4.761288956818165302e-03
4.759009735111436809e-03
4.744596165712616602e-03
4.709161633734746874e-03
4.726756699205355433e-03
4.647065657647026816e-03
4.610213953171043988e-03
4.651057107654338676e-03
4.337919205937013946e-03
4.498913702580859160e-03
4.299018400973804443e-03
3.434565110607176296e-03
3.547670911618155259e-03
