2.403182624224732360e-04
4.311608984541823479e-04
3.027870528369763087e-03
3.023531863407358071e-03
4.090450685733607733e-03
4.520767348484935541e-03
3.996500175613777045e-03
4.403209028062470692e-03
4.323918536883131214e-03
4.286272368936848778e-03
4.384965587162724041e-03
4.337764267688877171e-03
4.357876819601437177e-03
4.370393988669570018e-03
4.359827278015349604e-03
4.369804332707151462e-03
4.368807706227688901e-03
4.368109498020477516e-03
4.370338579914190974e-03
4.368674769039009899e-03
4.368827308216090277e-03
4.367494769316514550e-03
4.365155476608787062e-03
4.364434272631159337e-03
4.357313243335634440e-03
4.354475814609168327e-03
4.348535493548368568e-03
4.325167116729720929e-03
4.330020753664254665e-03
4.288572300030161349e-03
4.239494068000866124e-03
4.270996478003538654e-03
4.059548307510900053e-03
4.072528593547560666e-03
4.035207038333370189e-03
3.235057857712334700e-03
3.360976348682019783e-03
3.054068529163568926e-03
3.362039433028172174e-03
3.381590887942642013e-03
3.256681875960727550e-03
5.340128480591582565e-03
5.331906611424353827e-03
5.896347915824551311e-03
6.000851058765160895e-03
5.980903747559690453e-03
5.902975333987272276e-03
6.058569437196301491e-03
5.744350616519500879e-03
6.369046909588329738e-03
5.604449818505848231e-03
6.251080146721248870e-03
5.337165272259172290e-03
1.983407019456269026e-03
-5.960735505406062913e-05
-3.483838316054691485e-03
-8.684078799768617241e-03
-9.841437074731340662e-03
-8.551765948834546757e-03
-9.435979989318304950e-03
-9.811447129276394327e-03
-1.181964197059503542e-02
-1.586466111904175080e-02
-2.220955086352085703e-02
-2.651406951615113347e-02
-3.863511213055399046e-02
-4.879938159369068967e-02
-5.003941565537119163e-02
-5.861698385949958012e-02
-5.859100511943381162e-02
-5.721465344011000820e-02
-6.149146313694482668e-02
-5.691226946460208047e-02
-5.903188878503603382e-02
-5.843058150665199346e-02
-5.240968157980008951e-02
-5.439781031280375989e-02
-4.741080963677254956e-02
-4.414072635013405882e-02
-4.064568280632065156e-02
-2.934243371290331387e-02
-2.724283226420859405e-02
-2.177397641315964583e-02
-1.728631705958470419e-02
-1.320378579772010959e-02
-5.999441161455634774e-03
-4.165188484873860904e-03
3.318190067148941297e-03
3.712747328897790695e-03
2.254513800044755361e-03
5.450506900803016308e-03
3.352211409101768427e-03
4.192929823595754717e-03
4.433723918344567583e-03
-6.070323617662120100e-04
-9.397934214497946517e-05
6.525574791362960753e-04
7.764753171958293848e-04
-4.630721930490619393e-05
-4.886700915114276355e-04
-2.142436084385407249e-03
-1.530121775969207031e-03
-3.066264171007052671e-03
-2.437836997503069376e-03
8.487953227629051146e-04
1.143233260786523842e-04
-1.576706403853878708e-03
6.567720987513643105e-04
7.304492152423499706e-04
3.806799183919312973e-03
4.046392991877939375e-03
1.363089011176629609e-04
-1.949430327478283032e-03
-5.011078117686189326e-03
-1.117455509059104169e-03
-3.588557119553869982e-04
-2.123932856056173248e-03
-1.217782366221748392e-03
-1.998776784905671993e-03
-5.117726969618822258e-03
-4.405534271408393168e-03
-6.896143229045419328e-03
-9.559382685866951723e-03
-8.087037944563515990e-03
-5.898835981044110374e-03
-5.061624173851652503e-03
2.697795840341355323e-03
4.382540733292358999e-03
7.794874308944624471e-03
1.380130558453107267e-02
1.674800693109591149e-02
2.214109954164867125e-02
2.497968604588864799e-02
2.761105409173067807e-02
2.828012710857900208e-02
2.941094736276854762e-02
3.301467609013601645e-02
3.327595073131988518e-02
3.678936357827899961e-02
3.911234451856404615e-02
4.012505904127167816e-02
4.505242992887265041e-02
4.352776834878617496e-02
3.836025233630724340e-02
3.696497422004409172e-02
2.589091781662632152e-02
1.897919159628901065e-02
1.196708058101941981e-02
4.790419616818403399e-03
-2.229049464020234437e-03
-5.171595394099589953e-03
-6.703970610568370887e-04
-2.539609679467416756e-03
-8.257243554984668296e-04
1.871111676244159800e-03
1.253585560320237676e-03
7.846209810866324862e-04
4.094271628046640865e-04
-3.853198511319624506e-04
-4.644464352599955042e-04
-4.310752089180061065e-03
-5.002704606380914409e-03
-5.709929275088177804e-03
-7.007657827426109001e-03
-7.382282231692136390e-03
-7.026049321734042542e-03
-8.274283100351633585e-03
-7.547483569605420786e-03
-5.423159314039938464e-03
-4.720650385458933715e-03
-3.224625976857999716e-04
7.327651716156270050e-04
2.142086390955341528e-03
4.060147229128164420e-03
5.673072736089261950e-03
6.632434005180186561e-03
8.509774853373138978e-03
8.384595644812869661e-03
9.031779180728279760e-03
6.039913907594248940e-03
-1.290259851186261212e-03
-3.378541167982068456e-03
-6.778283681716343496e-03
-7.047324274183232318e-03
-6.356241307632359144e-03
-7.082363599802841449e-03
4.776831848539281854e-04
2.363426861092561473e-03
5.817257099314703320e-03
9.242815346100885510e-03
1.012447428902429718e-02
1.407234305811172481e-02
1.514661013622432481e-02
1.648367513795983771e-02
1.786757397054506216e-02
2.118978787378087217e-02
2.276014781002312637e-02
2.678758029114112690e-02
2.901730662006813885e-02
2.883990251041012101e-02
3.148150930701456435e-02
3.191987397299152207e-02
3.247401685189305748e-02
3.469227243978022235e-02
3.482308704906598995e-02
3.612999052259086713e-02
3.842023866396165888e-02
3.784870565954449873e-02
3.995473037176916487e-02
3.944963474234668144e-02
4.145824543440808363e-02
4.339571868892941331e-02
4.319693405562745336e-02
4.644990568676945347e-02
4.780329622309961723e-02
4.855676916828437217e-02
4.536730758483265014e-02
4.170665294422894187e-02
3.976269601075048399e-02
3.399339406528690405e-02
2.384283085543720607e-02
1.799024011784213645e-02
9.902011982969314077e-03
4.851536092854757780e-03
-2.346906129289581485e-04
-2.046267241011499437e-03
5.425091423425065784e-03
5.544185316016267059e-03
8.603577215631865935e-03
1.103933351981342161e-02
6.662113280478678366e-03
-3.566795187332655348e-04
-2.406379867935525690e-03
-6.980671096920396113e-03
-8.889047960562924955e-03
-6.930106368458131307e-03
-8.392591580891383199e-03
-7.431532382124531044e-03
-1.145637643501557076e-03
-6.722647937866127476e-05
2.014312048038556513e-03
4.202650498812380772e-03
6.764848423110083817e-03
7.886064765005284735e-03
1.074675687519165840e-02
8.700472622513265655e-03
9.659536782459860610e-03
6.755761244373197777e-03
1.620894086532535805e-03
-1.561718146201333509e-03
-9.213510470382752990e-03
-1.486439436663734501e-02
-1.640279472720907600e-02
-1.971858892244841149e-02
-2.040384401379511520e-02
-2.036170671991312936e-02
-2.016131920633434244e-02
-1.931772727389127059e-02
-1.257414133938643958e-02
-8.467431514632934447e-03
-9.738254392939484777e-03
-6.759403921713346905e-03
-9.408133356221124594e-03
-5.335443600401956060e-03
-4.107522424862062801e-03
-3.284053709758223867e-03
-4.334855942896838170e-03
4.572748361435455960e-04
-1.872334825207020575e-03
-2.922413678208117278e-03
-1.454327050643716051e-04
1.218251280163589134e-04
7.247386561633514628e-04
-4.223373374810280786e-03
-8.262617334656172444e-03
-1.218419137296985859e-02
-1.359596021952465261e-02
-1.505747927015597259e-02
-1.917724434337716999e-02
-1.914726749964822811e-02
-2.103160231554914578e-02
-2.106498307204093812e-02
-2.119844449237398565e-02
-2.125082013509654172e-02
-2.127948733152956740e-02
-2.097353095691542602e-02
-1.969568291341821514e-02
-1.973223468707731298e-02
-1.409431595410309650e-02
-1.282611557223458862e-02
-9.183873112542522560e-03
-6.278296645176473928e-04
2.657813688346152836e-03
8.015054570316608798e-03
1.234926758111474718e-02
1.592199775952555033e-02
1.784259046449649527e-02
2.127257154565220104e-02
2.400792194904570465e-02
2.663324748663514416e-02
3.310136940422315349e-02
2.856153217400507482e-02
3.081899801722910726e-02
3.203132905947971704e-02
2.508754993382849782e-02
2.835280923382273860e-02
2.209506458343108576e-02
1.081447303925014113e-02
7.688709627132646329e-03
-8.797409616827567280e-03
-1.382339039062289478e-02
-1.333158457936349864e-02
-1.808591355255549649e-02
-9.244513387881833633e-03
-6.614532956255234943e-03
-4.626966168384512648e-03
2.081372337773542813e-03
1.262429801772775150e-03
7.902954637020494363e-05
7.240981857421932783e-04
-6.217828530324702669e-04
-5.705519624831412347e-04
-4.228509219960849101e-03
-5.169713457666390288e-03
-5.734808774629045897e-03
-7.084943260927633463e-03
-7.499139737529048402e-03
-7.155876145845841731e-03
-8.443468916839537430e-03
-7.762441100242423869e-03
-5.792787496528316489e-03
-5.056529503594116640e-03
-9.664682615682584303e-04
-3.640711831315810441e-05
1.331650750623449442e-03
2.264992400174381873e-03
4.320399992970906829e-03
4.530690759552223612e-03
4.699610310986055382e-03
5.998329318189847895e-03
4.795539526989536783e-03
6.334191757346110604e-03
5.119613509926302861e-03
-2.112972442593490614e-05
-3.216251304856868748e-03
-6.083736077568681691e-03
-1.003737914362038894e-02
-8.653614624235654931e-03
-4.417515540428349971e-03
-4.730900405084075347e-03
4.937048473207440551e-03
6.464579570474156441e-03
7.229160957353075387e-03
1.503945074032273996e-02
2.051696533322240959e-02
2.100819861493265217e-02
2.486403459449523790e-02
2.528581562636230198e-02
2.602582053484023272e-02
3.276937586935838032e-02
2.886977136442594322e-02
2.833768963266763974e-02
2.744726738641258337e-02
1.549539052650133336e-02
1.126004409418628061e-02
1.471500128560878891e-03
-7.507531557174845771e-03
-1.007258579818182120e-02
-1.371439858900044828e-02
-1.623597169341425145e-02
-2.100651977135389176e-02
-2.559606627416677327e-02
-2.733485366963680357e-02
-3.007076283079612722e-02
-3.100720421179585518e-02
-3.074547728156379334e-02
-3.165375512689365400e-02
-2.427840248590457106e-02
-1.930168937411992636e-02
-1.398985106686395641e-02
-9.360837459019692372e-03
-7.585456431338124909e-03
-4.296064800929321609e-03
-1.180460085140056826e-03
6.887123666256032407e-06
-3.100829916491831145e-04
-4.092062168652675636e-04
-3.408794212302549819e-04
-3.370697769073414192e-04
1.152512891308844344e-04
1.362725015036513228e-04
-2.610317441732325325e-05
1.637083916303411300e-03
1.291205367489139889e-04
1.611690213054122345e-03
2.765295195151960209e-03
4.760474067247769093e-04
2.833143968640809262e-03
3.391930552772918182e-03
5.617235765563246414e-03
1.047317369963924640e-02
1.317003586181753408e-02
1.139936949672549875e-02
2.767171412663544956e-03
7.921547839567991004e-04
2.473527415991607151e-04
-1.160752738872866674e-03
3.813535688430448774e-03
6.720569120280605810e-03
5.239550502545533769e-03
2.979202047817201392e-03
-5.917790809855097943e-03
-8.380077505014087505e-03
-1.477090457264853933e-02
-1.815767984502280122e-02
-2.084203477998486376e-02
-2.680075270495300976e-02
-2.891281692294437808e-02
-2.899095461018817710e-02
-3.108610061768726437e-02
-3.298896425387424364e-02
-3.264797725873950368e-02
-3.253751307835602014e-02
-3.255605341468111730e-02
-3.099740627037518223e-02
-3.179082558253773505e-02
-3.011133707087950556e-02
-2.900611176577414657e-02
-2.880148730128988255e-02
-2.503297164386011908e-02
-2.448923889186543912e-02
-2.291493353106045794e-02
-2.053624043029734364e-02
-2.072619387331457383e-02
-1.843994731071990634e-02
-1.728949799481111979e-02
-1.191250142513573806e-02
-5.558087158089635750e-03
-2.859230734275878746e-03
-6.405770027633803966e-03
-2.705603214833851664e-03
-1.410104804200121775e-03
-2.243013407224013923e-03
-2.068690285693444361e-03
5.323528180639888795e-04
1.312072877778971535e-04
-2.969792588667195896e-03
-2.340681701456144743e-03
-3.121868516127091885e-03
-3.925140076892268300e-03
1.953783419479048020e-03
4.103846790577925577e-03
1.112928538570860486e-02
2.608529899187046058e-02
2.957350600951372602e-02
3.339950510298459602e-02
4.080548316723716512e-02
3.859918597374878413e-02
4.553311562399062901e-02
4.630352197082153454e-02
3.798716014019019177e-02
3.718191969762978805e-02
3.190950664834842077e-02
2.809303079072473022e-02
2.616080874153978164e-02
2.256161952992371406e-02
1.757605015511328264e-02
1.657960056924950160e-02
9.910826902627347182e-03
9.980304479343077989e-03
1.024066388168456965e-02
8.546322386175312508e-03
8.908237592055086654e-03
8.473014134306551190e-03
8.076596168165244005e-03
7.901718878553067385e-03
7.679580550497346579e-03
7.140936158739423154e-03
6.564982621576380233e-03
6.521883977203491757e-03
4.347140231344280743e-03
4.348489018392832917e-03
3.908377688683913921e-03
3.721454669845801998e-03
3.762845191321543149e-03
3.554972992080446866e-03
3.547286074881561644e-03
3.513606892479732326e-03
3.462070265354468684e-03
3.461962958756347603e-03
3.441516015867969198e-03
3.431299916129052028e-03
3.428423319859839457e-03
3.421058059323199389e-03
3.418740447372283723e-03
3.416077836873085589e-03
3.413910402664092642e-03
3.411703147364293816e-03
3.409364330409470414e-03
3.408433664684949217e-03
3.401494297772831264e-03
3.400875712637529101e-03
3.394913842972573093e-03
3.374491177933424367e-03
3.385847169836895838e-03
3.340996453755651699e-03
3.309842983536688630e-03
3.347290330104400139e-03
3.128846928452733329e-03
3.215984050143208886e-03
3.125105556579965693e-03
2.352994091284370433e-03
2.398503317323838393e-03
