-6.858008095654880790e-04
-7.104285062564555213e-04
-2.394709472500185319e-04
3.223194890746331701e-05
-8.928175395315836489e-04
-1.095525488188072187e-03
-2.082279922429191438e-03
-2.346169180152314019e-03
-2.634759655121766270e-03
-2.971076540165521265e-03
-3.070743092877647323e-03
-3.234476209597512107e-03
-3.338906672664071571e-03
-3.394748461098075903e-03
-3.464217766983658346e-03
-3.499020805718414985e-03
-3.527719670598251749e-03
-3.552161914296302590e-03
-3.564464108552854033e-03
-3.574348845578909604e-03
-3.579492257623895397e-03
-3.580198380003286798e-03
-3.575145273337628632e-03
-3.569916448793953624e-03
-3.555634340801041259e-03
-3.532931818301139962e-03
-3.517105997581619278e-03
-3.464814707306201544e-03
-3.422141301444220352e-03
-3.374075670507134875e-03
-3.223752781757303724e-03
-3.185169425878864140e-03
-2.980370830658835533e-03
-2.660052513071779062e-03
-2.689861807528316773e-03
-1.884751051178193242e-03
-1.917617970454505317e-03
-1.687060059735771660e-03
-1.403202916964537816e-03
-1.454501548196667285e-03
-1.187827502049739695e-03
-9.681620141638423585e-04
-8.124020371473345166e-04
-2.220207476216285239e-05
-8.013584299715201470e-05
7.380255247034241649e-04
1.896123920646664582e-03
1.540881677262133766e-03
2.447011122823452602e-03
2.096326126369616079e-03
3.651824440533480050e-03
3.202457082138302370e-03
1.405889250051899769e-03
1.791326486864454337e-03
6.027234189453084534e-03
1.402501493906761418e-02
2.004705768913041947e-02
2.744055676928760373e-02
3.391659083515619760e-02
4.257868556411756322e-02
5.023306687337267262e-02
5.843848347490925715e-02
7.081988376920866912e-02
7.235545278082636256e-02
7.992560574253679273e-02
8.192601017604358993e-02
8.406043103048031762e-02
8.807872933139881955e-02
8.880393964226365733e-02
9.063252840901708796e-02
9.275993692652900746e-02
9.359549432826030912e-02
9.567225444203714124e-02
9.572493301715914726e-02
9.435534521214811177e-02
9.541779089050558826e-02
9.130677127365142975e-02
8.925906769474459268e-02
8.770517096438688875e-02
7.783560270748543508e-02
7.592556892514962241e-02
6.666518373461396973e-02
5.563219177271877536e-02
4.870945888781481187e-02
3.618248346073904553e-02
2.740418355527797153e-02
1.901586891145905234e-02
1.296902311367272888e-02
8.164262792552544681e-03
6.158724297909356007e-03
5.796407368063028788e-03
3.438128541863597759e-03
3.563060005321007362e-03
2.422785580771861375e-03
-1.887376438533107468e-03
-2.959250045924080585e-03
-1.813791241892489040e-04
3.618686430919198626e-03
8.112211431309256787e-03
1.269156012354972184e-02
1.323734895736931177e-02
1.447749228380131037e-02
1.837104442828018172e-02
2.015598750220334162e-02
1.806757188095306152e-02
2.242853718502731825e-02
2.138416254792046417e-02
1.785710946060886650e-02
1.972587946128111225e-02
1.474065858173145838e-02
1.110667218289505126e-02
9.431326068498148418e-03
5.923315622829375057e-03
5.365645145769553162e-03
3.998140598455575748e-03
3.499015402193928620e-03
3.491302952811577848e-03
3.909103361215081861e-03
6.741690037166852764e-03
1.033996191916031204e-02
1.236422860126640787e-02
1.189870214663835135e-02
1.390700387664181061e-02
1.227245880220794588e-02
1.285004455786757302e-02
5.631158834428024763e-03
3.753548206369389240e-03
3.621112465473636313e-03
4.049177866229453776e-03
1.674920884359624475e-03
1.621333279004493963e-03
1.882375548287025741e-03
-1.942458268516123604e-04
-4.595472296006208879e-04
-2.209898539507402365e-03
-9.448119124810576419e-03
-1.126778064237518064e-02
-1.107147349156141145e-02
-1.462896648545006055e-02
-1.316317062352420630e-02
-8.405237409401931925e-03
-8.329932765655502502e-03
-7.044233214522089767e-03
-5.294016433140280933e-03
-4.164087680181211178e-03
-3.946497949163412997e-03
-4.144205817710341910e-03
-7.108393398000525075e-03
-7.625078303078338011e-03
-7.409355195616343717e-03
-8.396427718109330390e-03
-7.683401395317807428e-03
-7.193809297269954973e-03
-8.755541822544354175e-03
-6.567937753488120242e-03
-8.333010010491439384e-03
-8.153596224499730372e-03
-4.164651595862465389e-03
-7.402828472831550141e-03
-5.243064588321800536e-03
-6.496867412465540809e-03
-8.872097363348731974e-03
-8.241053736879409841e-03
-1.220242251149410324e-02
-1.170080866563905607e-02
-1.177117656052074565e-02
-1.191997928684798529e-02
-7.915841343507023023e-03
-7.475906867775510348e-03
-5.036164816387071752e-03
-4.150307978655848416e-04
7.885447508940400529e-04
6.276189290239674035e-03
1.416535832393950832e-02
1.869585196106046329e-02
2.733046034007010489e-02
2.967943583850353798e-02
3.552478691776383979e-02
3.602868537133502302e-02
3.197057014378560519e-02
3.401797101086675990e-02
2.612159418950591588e-02
2.488172613629127672e-02
2.683190025419966013e-02
2.198550428280163921e-02
2.469311986930385408e-02
2.264339792689606251e-02
1.960503877182768334e-02
1.995221985920276470e-02
1.636780131708050201e-02
1.633446366102804873e-02
1.566848948722261367e-02
1.501240441551804708e-02
1.541314266631420120e-02
1.536842355873918944e-02
1.769001643151348405e-02
1.905032119314718775e-02
1.999986345570189950e-02
2.175017272099906071e-02
2.244304590656016549e-02
2.399291459500627749e-02
2.457201789892652852e-02
2.567975254450986095e-02
2.617058965454444400e-02
2.734538659689661477e-02
2.815839050099774171e-02
2.851581433597310394e-02
2.933611015962210578e-02
2.973010612001356773e-02
2.961088240068395980e-02
3.037105327404757138e-02
2.984571062289083712e-02
2.935858923554723193e-02
2.931276081087340335e-02
2.600828187486911580e-02
2.576538335653527634e-02
2.328224457125404462e-02
1.956156074374658382e-02
1.817399280239571924e-02
1.509082737794202947e-02
1.363032163359548243e-02
1.226841386523318950e-02
1.079085204051012138e-02
8.699462796662322736e-03
7.720681765962918164e-03
5.848103012704802817e-03
4.450485416613529817e-03
4.550796861916993688e-03
2.734364891811770677e-03
1.651257964575054971e-03
2.389466160414968447e-03
-9.645471289067460152e-05
1.276933064118157893e-03
3.233913843512856504e-03
4.016219677261388156e-03
8.000047628450041720e-03
1.203545001214107249e-02
1.584796439607764201e-02
2.453580748985997179e-02
2.847970120717601902e-02
3.366897786354036692e-02
4.896300150697094344e-02
5.282385494960316341e-02
6.264981839133602903e-02
7.016538072763568723e-02
6.746423618934083155e-02
7.013274596791443938e-02
7.510388369023759947e-02
7.175836049841703701e-02
7.445579184700197584e-02
8.381071599526465632e-02
8.722190588469368178e-02
9.740609650672463204e-02
1.218196197784258833e-01
1.368917013719576081e-01
1.490303853922454735e-01
1.608253514559769004e-01
1.586583056539785930e-01
1.629705317673359743e-01
1.603511581718041756e-01
1.543952260090362127e-01
1.547038361695607656e-01
1.388585783207252344e-01
1.320263212817217591e-01
1.185079939318885861e-01
9.498013589714299210e-02
8.242111598246865123e-02
7.830053468513487047e-02
6.850770903497818698e-02
6.500939842069473895e-02
5.863197913140173745e-02
5.373198212879681107e-02
4.504410121011083457e-02
4.158903387693820702e-02
3.592061076642989736e-02
3.107630519704995126e-02
3.009134445367227934e-02
2.467776176537246277e-02
2.715645079661868286e-02
2.848257292526974044e-02
3.003435982928549103e-02
3.967078064110968194e-02
4.393831601537267345e-02
4.953260993208365853e-02
5.552485536361647517e-02
5.907384102183961538e-02
6.009302626016123361e-02
6.098624179794168154e-02
5.802896062283147832e-02
5.305139452773215136e-02
4.743647018218080658e-02
4.111482428579052439e-02
3.637188609074940016e-02
2.872213026973839678e-02
2.475412753145142877e-02
1.933051753907476591e-02
1.332833682357949419e-02
1.058666889008949043e-02
4.230922098886973071e-03
3.981653622468919003e-04
-2.486067549618358862e-03
-9.484791975122046706e-03
-9.621637044371628492e-03
-1.333316136477034376e-02
-1.374523434025455917e-02
-1.055716791088691549e-02
-1.221784117419916389e-02
-8.053208746634477402e-03
-6.542426918017584317e-03
-7.328637254142673745e-03
-3.662978550710742527e-03
-5.084079503284228557e-03
-6.192772035579457816e-03
-5.291047204286815006e-03
-6.134635596429259541e-03
-5.572317012987637250e-03
-4.045083946448176440e-03
-4.315908843253959959e-03
-2.057632927650016909e-03
-2.284354856652475677e-03
-2.053428390614435266e-03
-1.561279057317490433e-03
-1.599681693931217759e-03
-8.182391858495960315e-04
-1.436602321328235218e-03
-3.498158391516828850e-05
4.690313049278177666e-04
-1.674700864188207426e-04
-3.587277983634719943e-04
-8.020550973135871786e-03
-9.681530379914714962e-03
-1.344749029626256601e-02
-1.754280042608911613e-02
-1.831572673255379979e-02
-2.139421647352269043e-02
-2.166056386149678437e-02
-2.158052461334079158e-02
-2.167542265958380746e-02
-2.099750055757129349e-02
-2.026517057688522264e-02
-1.783715352571583687e-02
-1.772342346001239133e-02
-1.409153572087629841e-02
-1.416676626814409451e-02
-1.358825291508350755e-02
-1.223535248016370536e-02
-1.250007187839134379e-02
-1.118632947696195437e-02
-1.088130717183053570e-02
-1.073856633398100405e-02
-7.947400258848798596e-03
-7.735437354194289739e-03
-6.854851602506737557e-03
-6.043679917528865971e-03
-5.852933394565327727e-03
-5.406650137906766559e-03
-5.103445360362595523e-03
-4.907234410789268822e-03
-4.772670115527620147e-03
-4.318762663181544698e-03
-4.385317395204188506e-03
-4.261495502536514698e-03
-4.459129915161700805e-03
-4.775361482527070052e-03
-4.738175805914370681e-03
-5.326563947940895355e-03
-5.320087436953405136e-03
-5.401337628433453691e-03
-5.563880075718078723e-03
-5.551880627262886954e-03
-5.621908863032184026e-03
-5.657274860986523726e-03
-5.665109097329311914e-03
-5.695317045228300359e-03
-5.703126297081150681e-03
-5.712288565855915337e-03
-5.723219549155862153e-03
-5.726071678992172495e-03
-5.732872861022867556e-03
-5.737892167735918550e-03
-5.739007277782396874e-03
-5.749067489693599972e-03
-5.749745323886690587e-03
-5.754106531451167947e-03
-5.777367519704947746e-03
-5.760454097788981695e-03
-5.799466079350592586e-03
-5.829199456995445144e-03
-5.773279186616062097e-03
-5.958980403839436724e-03
-5.867298348722828349e-03
-5.874458377795176156e-03
-6.401379982000248055e-03
-5.681686425278057589e-03
-6.585440731111046400e-03
-6.918011639992695944e-03
