-1.335995389406485941e-02
-1.515211463386195202e-02
3.971402745542412099e-02
5.715873552130651403e-02
4.943807769578732747e-02
3.668901965475405980e-02
2.375175792136455938e-02
2.374434703908122335e-02
2.373370299798877731e-02
2.372902442114491889e-02
2.372965548063574875e-02
2.372965310561036406e-02
2.372965261382511612e-02
2.372965247505365305e-02
2.372970963003172978e-02
2.372917437462041326e-02
2.372851224854401198e-02
2.373517657674292097e-02
2.259311516920124024e-02
2.394089978993207274e-02
3.827923289001404494e-02
3.885138179595356428e-02
3.615804805358641127e-02
3.616604775160438962e-02
3.616349861853034031e-02
3.616312077100514860e-02
3.616445944052523731e-02
3.614903810036453752e-02
3.757530272304689112e-02
3.388287602144943872e-02
7.779844471639061308e-03
6.292614050369578493e-03
4.937438057025019672e-02
4.807009310409155606e-02
3.920794300853009534e-02
3.917028851119054578e-02
1.127956193037402653e-02
1.647829447583151058e-02
1.659817247000117471e-02
2.212635501610104444e-02
2.403019297411568625e-02
3.200150244046847531e-02
2.923728330870943234e-02
2.543018680899990225e-02
2.543523442619815070e-02
2.543819995518837793e-02
2.543084009721534311e-02
3.651680725665368971e-02
3.776035387749611394e-02
1.830763446638235953e-02
1.275630646454154783e-02
1.026552641617961212e-02
-8.481472952078863980e-03
-1.816902706918281998e-02
1.238280821681154347e-03
1.003958188863026020e-02
4.059131752744987026e-02
3.727414665805481309e-02
3.553513084416009410e-02
1.522864165502966875e-02
3.841253085634753484e-02
8.140022944339925237e-02
9.364883319794943539e-02
8.030639284247030607e-02
4.293427370269484178e-02
-1.870120247246723558e-02
-6.255636160403846291e-02
-7.461346607741072001e-02
-6.017186432714467098e-02
-3.755229823975499842e-02
7.010483987931345751e-02
1.048270023060854511e-01
5.968874690913769654e-02
5.985888128468815766e-02
5.977298682067354318e-02
3.976631724210635127e-02
3.936874007662224256e-02
5.433194415479389305e-02
6.429079323409220281e-02
6.525540026333701005e-02
7.165189182350498176e-02
8.105092075913593319e-02
1.085649935422122597e-01
1.054550578153531509e-01
8.673548726391749897e-02
8.671934569657166469e-02
1.335220119420092444e-01
1.456892312585694738e-01
8.646192097454574732e-02
6.294834110654354276e-02
2.503296769685047982e-02
-8.638841150762990168e-03
-1.263924609385898845e-01
-1.197966264509204570e-01
-5.244463318036514388e-02
-9.194032628283028974e-02
-8.461229473075553009e-02
2.463194677671779517e-03
2.218266278635888308e-02
1.829817543426794091e-02
3.077125000128527396e-02
2.280365773581487232e-02
2.415298116334322828e-02
3.790942544644401030e-02
3.933519006577188698e-02
3.373154365539633714e-02
3.313967811180502931e-02
1.030673153656159590e-03
2.440936275095232505e-02
3.951115879587471791e-02
2.482579058911734554e-02
3.455040656360616746e-02
5.546857068634082621e-02
1.058902251818438917e-01
5.048095363570499067e-02
-8.330282696118131158e-02
-1.472695747485138484e-01
-8.375703743979859284e-02
-4.207240984524471955e-02
1.442861278452184891e-02
3.617946146894859827e-02
1.215203321512727114e-01
1.080003139690954433e-01
6.454602906185981370e-02
8.080181410032116762e-02
7.998252718796583505e-02
3.213601469551904954e-02
6.016402245552512039e-03
8.364868239393953358e-04
-1.786519236663137652e-02
-8.864709017345364858e-03
8.171966722188258106e-03
1.059019791987520984e-02
1.474875222801095079e-02
-6.182960712879711357e-03
-1.053518009954094656e-02
4.123526394016926999e-02
4.150932001146793310e-02
8.384511442595166120e-02
5.390556092797903209e-02
6.297144997882243855e-02
6.789946470130346808e-03
1.491708641524339650e-02
3.395270596206833441e-02
3.387985352548620460e-02
3.417064191011166124e-02
2.885191424109262437e-02
8.062342820354706507e-02
1.775858438485649060e-01
1.803201763123101764e-01
1.167438826997126838e-01
1.019975346277080253e-01
2.405964975623254426e-02
3.863343171837505148e-03
1.538179780020238786e-02
-1.152115506502559596e-02
-3.370370502101344146e-02
-2.463151832296965257e-02
2.912735765007198191e-02
1.344854668207677746e-02
1.706339844167757691e-02
4.466467006951830437e-02
5.249339618568183569e-02
4.533749557146637271e-02
4.535063482880680175e-02
4.957081989970402863e-02
5.284881785415564831e-02
4.161376075214982817e-02
3.950335683875230014e-02
3.292832752624754583e-02
3.292774067923483206e-02
3.293202513947408178e-02
3.292808817669619359e-02
4.398168673371635057e-02
5.052695690847518878e-02
3.809678625316512135e-02
2.667576330297753706e-02
-1.748063139275293776e-03
2.023620355672874245e-03
1.724454784752378969e-02
2.107180385086520821e-02
6.235816941632407046e-02
6.065823303801400057e-02
5.298908762520362914e-02
5.300827344598404989e-02
5.575646689658599747e-02
5.607658546142826883e-02
6.179420333332304865e-02
4.962911999513278105e-02
5.155445542932920316e-02
2.825755850594731736e-02
3.161684067462648684e-02
2.202130320779561654e-02
-6.292146391099701433e-03
-1.451227380885943274e-01
-1.377772056959150337e-01
1.454938405306182951e-02
1.549496677323330407e-01
1.246373738718061924e-01
7.992033806994616740e-02
6.968190463058178408e-02
8.898213298948280670e-02
1.339427718686967694e-01
1.181948449780363536e-01
8.888989446686386409e-02
8.896620357168315285e-02
5.599265606105522514e-02
6.813399217619035830e-02
8.091467910756916515e-02
9.734614696222669561e-02
7.311110204332428586e-02
7.318470145472961985e-02
7.312761549468134448e-02
7.298922715100127079e-02
7.314348600501813236e-02
7.341900281307567333e-02
7.314783189312556999e-02
1.222480022568495223e-01
1.097793106996524798e-01
-2.980013910864513695e-03
-2.772252605185428209e-02
-3.081259919629321734e-03
-3.242479289682991504e-03
-4.555920585165586234e-02
-6.081362750064343153e-02
-4.799961218200892582e-02
-2.681773290964944989e-02
3.924922335602523162e-03
5.464535227812193988e-03
1.528742884731228505e-02
4.717464555942128129e-02
4.641613176225312803e-02
2.682856187400074408e-02
2.379344628259556088e-02
2.741079720100541087e-02
6.223471312297923497e-02
5.338414002957213300e-02
-6.205649668648807044e-03
-2.486071510077964702e-02
4.689279835936299538e-03
3.859806837847515326e-02
6.998441912691018285e-02
6.902458780298226237e-02
5.918803798652258474e-02
-2.632641820685375361e-02
-1.740784935585937623e-02
6.584458710546106652e-02
6.702323667352406977e-02
-2.312878468364953574e-03
-1.338058681185216175e-02
3.660610974341604699e-03
3.625975954617203460e-03
3.627841740169184762e-03
3.646504659093864620e-03
-5.129066232685425449e-03
-5.685020979784685506e-03
2.577930525410780313e-02
3.016415117362265808e-02
3.128692004764108830e-02
3.130139198868014255e-02
3.130167421699475705e-02
3.130308191497494646e-02
3.129538571273813435e-02
3.128188619691422284e-02
3.130269366861103408e-02
1.174932901150627790e-02
7.957372164194741887e-03
5.844961022825510139e-02
7.620143283660317512e-02
7.246655453726777441e-02
6.848091904109869510e-02
9.807567174364273388e-02
9.877649512318623093e-02
1.043210208604305328e-01
1.028565644524694483e-01
1.873958914035124546e-02
-7.237262407117006288e-04
-3.090005576418342059e-02
-2.812653954963523217e-02
1.533964574521011481e-02
6.088719633259608022e-02
7.133196386259044175e-02
2.782166821244679358e-02
2.461718144344549400e-02
-2.888063833108708064e-03
-1.787784032208855969e-02
-6.115145080676580303e-02
-1.376184457911937831e-01
-1.300950694018981335e-01
-5.918360385545552022e-02
-3.963354712044907940e-03
6.560895648023265525e-02
4.005563278676992772e-02
4.352249593418779268e-03
-1.113714224528253218e-03
2.094279610053416743e-02
-4.558617844684387937e-02
-4.524118462216106251e-02
2.004435145284247724e-02
5.025762806569414320e-02
6.280108747900553512e-02
6.287870252656001246e-02
1.339884448636719516e-01
1.654589301171671412e-01
8.695116505295392983e-02
5.157334010319696710e-02
-1.168448493474028363e-02
-1.194913755264660066e-02
1.810724034670050872e-02
3.759328700694393281e-03
-5.038816307707091879e-02
-6.555841714251563201e-02
-7.066075289502131429e-02
-1.007369980883109778e-01
-1.236157246528217790e-01
-1.335611280847396054e-01
-6.267078795153929738e-02
-1.933392952100022530e-02
-5.175018428900448123e-03
-1.311579813544612796e-02
6.524759029249480036e-02
6.488552354356032226e-02
4.309210137260652967e-02
4.072704293134626202e-02
6.282624640058562249e-02
6.238443382956411487e-02
4.742189386773826981e-02
7.388840924011176592e-02
8.364604753273258142e-02
7.268622142218733595e-02
6.716083318085933063e-02
2.883113586351637378e-02
-4.307320048684041072e-03
-7.690544907406669448e-03
-1.502905439916851077e-02
8.223997397228658204e-03
-8.901246829862602059e-03
-2.132357975003140033e-02
-9.109977331186933786e-03
1.422500218074448756e-02
-4.505927193342968567e-02
-3.558904862374819011e-03
3.203009895047607275e-02
4.635501161155528016e-02
1.736604931433135754e-02
1.740282716696888929e-02
3.288270663562349594e-02
4.069161856838571234e-02
2.323808761840466530e-02
9.884183624120938469e-03
-4.222681542953798939e-02
-9.491267331272930374e-02
-7.244673582716733284e-02
4.606733045699249081e-03
4.032318259092149658e-03
-3.959639432071428850e-02
-3.679208618923882762e-02
-4.302851487716954221e-02
6.063405417079462123e-02
1.425416733748337550e-01
1.562239886312852544e-01
3.966559200429913001e-02
6.454950434162168293e-02
1.027648810101691734e-01
8.099188816387924150e-02
-5.033135465750731424e-02
-1.060793857175477556e-01
-7.564939751721584671e-02
-5.048325225642542879e-02
-6.717346213700639557e-02
-6.445869385109727345e-02
-1.789504732898482926e-03
1.476241750168365285e-02
1.222331478712223272e-02
2.878084775347020466e-02
5.214713858599943214e-02
5.047685085524789006e-02
4.115795128776797429e-02
3.450773880092325441e-02
1.929832304106508106e-02
2.633968171625020865e-02
-3.076740734625623905e-03
1.206739424791547499e-02
1.686968744147205115e-02
3.026686190729797193e-02
3.646747701332191116e-02
5.266599191228304999e-02
1.285148302592947767e-01
1.249552114313510209e-01
9.268145909442279673e-02
9.279099178415252391e-02
9.260126899659852640e-02
9.259410660924405345e-02
9.284149983207683199e-02
9.288178594023686896e-02
1.432910856060795879e-01
1.873791003858378823e-01
1.472534506867219650e-01
1.221344668326663774e-01
1.893655135440780804e-02
-1.601719932233301377e-02
-5.188745841775947720e-02
-6.089620820066870416e-02
-4.041119888232960061e-02
-5.687022242240474812e-02
-2.782810651167523172e-02
2.005279735656975357e-02
1.293727951362041648e-02
2.406931427421688668e-02
4.555262290814560133e-02
5.242128871934109008e-02
4.244415774641613348e-02
3.846601275317895752e-02
2.310452130955385763e-02
2.325791239907842520e-02
3.123494443327434408e-02
3.122972092209187756e-02
3.123337418796520021e-02
3.123573306607190306e-02
3.123446704940124885e-02
3.123834048970580007e-02
3.124706616527488101e-02
3.123219346837612098e-02
4.501966801855936812e-02
4.877045251057014752e-02
-1.477088950418122123e-03
-8.374951727699510295e-03
-1.590600174760068222e-02
-1.590894110137685072e-02
-4.033547949440473984e-02
-4.762442156316425146e-02
1.375968248117080033e-04
1.777867601660621660e-02
8.849586642814677440e-02
9.284544859384380455e-02
8.199317965205202285e-02
8.199549836410238712e-02
9.884513620594743977e-02
9.789661432530082086e-02
3.340057714076236778e-02
2.497557798296030571e-02
2.684196149539500378e-02
2.680863664330806334e-02
2.680978317680417222e-02
2.681114440049877159e-02
2.681007427622117065e-02
2.681682504981073092e-02
2.682617893838932718e-02
2.681764995461551754e-02
4.213511975382183000e-02
4.382517701905230822e-02
2.726892057008294470e-02
1.118263307787495907e-02
-1.151859461727036682e-02
-6.847816235310035839e-03
-1.781922777222108090e-03
-1.978869012863809047e-04
2.582906002828086467e-02
3.173371621397443748e-02
2.855963314841044806e-02
2.857281013936057573e-02
2.857188148742513187e-02
2.857022782447634149e-02
2.857045263453001152e-02
2.857045251557139079e-02
2.857060060010848529e-02
2.856988345284995276e-02
2.857167978903201247e-02
2.855191962082439736e-02
2.638799312223486307e-02
2.458969180133933896e-02
-2.465518305836564630e-02
-2.357423639866315646e-02
-1.997268335034623962e-02
-1.999109018974725566e-02
-7.417783091002824042e-03
-4.375126619738919052e-03
-6.475803158569552916e-03
-1.275378054419398950e-02
-1.885009968078068046e-02
-1.883874819569322442e-02
-2.090031205224846325e-02
-1.930758932587137502e-02
1.340451538548818877e-02
1.443564204443355953e-02
1.187652043632924335e-02
1.180669374721284026e-02
1.411065889760341509e-02
1.379622477208439571e-02
1.396505905252181344e-02
1.396584050280175182e-02
1.396566405142643345e-02
1.396575014038131668e-02
1.396574123865148773e-02
1.396574121006658939e-02
1.396574122574523527e-02
1.396574122255550381e-02
1.396574122274187035e-02
1.396574122274132218e-02
1.396574122274057451e-02
1.396574122274027961e-02
1.396574122274045829e-02
1.396574122274036288e-02
1.396574122274097003e-02
1.396574122274069595e-02
1.396574122274002808e-02
1.396574122274033165e-02
1.396574122278724205e-02
1.396574122201110942e-02
1.396574122309659008e-02
1.396574125517358392e-02
1.396573890563755291e-02
1.396575916566046745e-02
1.396584418313220194e-02
1.396512250575875601e-02
1.400723695812186934e-02
1.394898740443759229e-02
1.227061590415351108e-02
1.222265770445260698e-02
