-1.732544943650883573e-02
-1.784178397009107686e-02
-4.805280906243142303e-02
-5.631393665586916647e-02
-4.123841327107051480e-02
-3.612486996858958049e-02
-2.835581336221841900e-02
-2.577571462054282017e-02
-2.483899678918702336e-02
-2.458323224187190445e-02
-2.460226111773562013e-02
-2.459715713288356670e-02
-2.459674426210379378e-02
-2.459579927848416780e-02
-2.459945088687765652e-02
-2.461425244412061841e-02
-2.449694853865111085e-02
-2.543464899592632819e-02
-2.663109665463172723e-02
-2.614989616598913796e-02
-3.842978679015891796e-02
-3.788359931892703453e-02
-3.921723690586705058e-02
-4.031511143358217780e-02
-4.031107878039575515e-02
-3.947437022264714546e-02
-3.763702775729584754e-02
-3.819708817758468017e-02
-2.927449178472200930e-02
-2.508512978811963667e-02
-3.970285985115220434e-02
-5.301675837497260568e-02
-8.630313219947285952e-02
-8.132523270368406665e-02
-6.979479916510518411e-02
-7.207778821541145631e-02
-3.702682267823248496e-02
-3.183097123076589208e-02
-3.057072224411443162e-02
-2.760187044472036527e-02
-2.679836800017480064e-02
-1.977390518180289700e-02
-2.024635223904743334e-02
-2.227593141889160078e-02
-2.155531611161507280e-02
-2.116697517887813906e-02
-2.178557515690956667e-02
-1.415009353707930538e-02
-1.310309791834525332e-02
-2.304324895642991672e-02
-2.724538202066043024e-02
-3.030640100994860461e-02
-4.033456368745459014e-02
-4.055144353714108113e-02
-3.876603454323855613e-02
-1.821727804344654145e-02
-1.021731766947041667e-02
-3.919336594281735281e-02
-3.881862594250857362e-02
-8.274206136799491795e-02
-8.128874794080127864e-02
-8.098691434006222156e-02
-1.337891862480753147e-01
-1.498603157469297342e-01
-8.002356732335481893e-02
-9.612861176484992221e-02
-1.984904190701341498e-01
-1.954883738369347645e-01
-2.215223914390338500e-01
-2.329909600079500820e-01
-1.970159531758267912e-01
-1.813761849344293631e-01
-1.785326150092608477e-01
-1.645683714217267002e-01
-1.809124584223456567e-01
-2.037230891378914166e-01
-2.059559110006369265e-01
-2.099628683078256230e-01
-2.051773684703259160e-01
-1.755363493715364209e-01
-1.555901815165280921e-01
-1.350692830952415213e-01
-1.039116131468387355e-01
-1.031838861955833020e-01
-1.475400488862024795e-01
-1.506012164481826676e-01
-1.785839239791548738e-01
-2.068461133456998280e-01
-1.998070128671405044e-01
-1.925148277376155237e-01
-1.420720582893115758e-01
-1.330742868226263975e-01
-3.535311923848895310e-02
-1.717193810986478858e-02
-3.210936148966901660e-02
7.237100104758861091e-03
2.184136732156332500e-02
1.768644357963753896e-02
7.923950143551957348e-04
-2.775389286368444564e-02
-4.838703720116232371e-02
-8.378132382223994756e-02
-5.005486720413735574e-02
-2.732883712891794742e-02
-5.778378301690871577e-02
-7.354213391516437048e-02
-7.095449313343386855e-02
-6.257546884118458941e-02
-3.591381194038661961e-02
6.442457942113280142e-03
3.137763035667189004e-02
-1.790702540745332458e-02
-7.185362181579739438e-02
-1.171914954034943418e-01
-1.266866131969849041e-01
-1.431729773346089030e-01
-9.794041519628766956e-02
-5.929624585401058884e-02
-3.904739697869798881e-02
-4.078624012767501777e-02
-3.059716349525416074e-02
-3.230332446459781987e-02
-3.256398794070573116e-02
-5.085060027755839568e-02
-3.387410690417880926e-02
-4.190013836906874428e-02
-4.744461234988850418e-02
-7.694661625430489205e-02
-7.349061907515616610e-02
-3.365118928092069445e-02
-2.353820350274311510e-02
-7.757609511368926750e-04
1.488559666285084113e-02
1.065052944230948997e-02
3.009046966661814773e-02
2.671288988335869703e-03
-1.035956109406197534e-01
-1.238192337713532876e-01
-1.650067019393862966e-01
-1.802375260502186438e-01
-1.682741704136477279e-01
-1.847144399470591336e-01
-1.745983388419533322e-01
-1.675131675175490498e-01
-1.622078223716066636e-01
-1.806041851687875954e-01
-1.837409796852921551e-01
-1.979366625696492299e-01
-2.093845585393848685e-01
-2.094236358613018600e-01
-2.060795527183002240e-01
-2.110642009693872723e-01
-1.726333490196681753e-01
-1.393734127152708446e-01
-1.226913087990579992e-01
-1.069334536080493864e-01
-2.473403459046516831e-02
-2.095357084552590052e-02
-3.577311786201783222e-02
-3.149879606892917391e-03
1.074595818757693826e-03
-5.550396817389791071e-02
-6.673579762478590305e-02
-8.669559615165699229e-02
-8.768867384964852685e-02
-9.816276757014377741e-02
-1.025395870827134348e-01
-4.973619852516564244e-02
-4.446302906652285086e-02
-3.375416342600587316e-02
-2.976709228126834389e-02
-2.837352815290630076e-02
-2.573457482748355701e-02
-1.162008186244967156e-02
-8.409757331811350441e-04
2.821576114377538289e-02
1.190168024842199260e-02
-4.647562854705542673e-02
-4.387160447131140811e-02
-2.872029396235742035e-02
-2.959498827663975193e-02
-4.181501987014919069e-02
-3.795562962983099059e-02
-4.178247125911382226e-02
-4.432572739545685009e-02
-4.139728494121804048e-02
-3.972383202514680883e-02
-5.657375563894846693e-02
-4.761366233902163125e-02
-4.148624369971851134e-02
-2.598698757380551311e-02
-2.619984087586510468e-02
-1.486403426629277075e-02
-1.427029784407808990e-02
-8.130748853691152633e-02
-1.175159907231102391e-01
-1.406413097270184653e-01
-1.924147315932440150e-01
-1.568079410018930198e-01
-1.511738224095893479e-01
-1.668780189947677572e-01
-1.453631632876487001e-01
-1.688368391491955611e-01
-1.609617019461888898e-01
-1.812448170600323982e-01
-1.757228586902803147e-01
-1.601523048570814012e-01
-1.665639624322634849e-01
-1.501176499806695375e-01
-1.538480231718970248e-01
-1.397448772719381005e-01
-1.295242013054192787e-01
-1.325369853599893122e-01
-1.287478783249695891e-01
-1.312192336888111655e-01
-1.341149583661367661e-01
-1.389197194646358269e-01
-1.430802834808894974e-01
-1.414994967027479178e-01
-1.442813039816543130e-01
-1.460151169213678990e-01
-1.477939885642319262e-01
-1.409970108328427452e-01
-1.266838316416374899e-01
-1.320448555675474145e-01
-9.454975077805087558e-02
-9.401664786193400514e-02
-7.421663425967424399e-02
-5.435255990885762278e-02
-4.483219026915503946e-02
-1.533987072399830946e-02
-1.982293300511270631e-02
-4.404147595062832959e-02
-3.015419714609627461e-02
-3.340728063782742729e-02
-7.720670807015818371e-02
-8.323569882794851216e-02
-5.087932835485851901e-02
-3.706704178075932721e-02
-3.080881278755921368e-02
-2.169058273260008121e-02
1.596291368471896427e-02
1.256443818890642765e-02
2.506463306594853679e-03
-2.140993433421057787e-02
-2.738881998588018826e-02
-6.105954619677197298e-02
-6.560987509950101659e-02
-5.830730892589500169e-02
-5.468641070287072470e-02
-5.841777445947107100e-02
-5.726858219060679961e-02
-5.687147479311180365e-02
-5.698362591693524604e-02
-5.206459755981738408e-02
-4.943257377721510526e-02
-4.816118201984352643e-02
-4.991409665169378729e-02
-5.611206740602613097e-02
-5.609876185536216003e-02
-5.671353994816542149e-02
-5.734163840956259250e-02
-5.603566263902760858e-02
-5.383888864207994618e-02
-5.489252336980909169e-02
-3.616153637401200299e-02
-3.306457724732544956e-02
-5.737288677903957385e-02
-7.514759300168467882e-02
-1.285692603621571284e-01
-1.403706337162557161e-01
-1.734184044970934480e-01
-1.939305411471919927e-01
-1.897733131852306909e-01
-2.031007544182078239e-01
-1.794020456173337774e-01
-1.549612367590790518e-01
-5.644925615022462935e-03
3.378232974968715246e-02
3.388246217351063155e-02
6.291281306998405820e-02
4.356847980818616406e-02
3.305875154290274093e-02
3.819995163388595349e-02
3.327451198405119437e-02
3.644293055713111740e-02
3.499441895674244157e-02
2.279975830299484432e-02
-4.369739875586298172e-02
-1.107767998576621726e-01
-1.363092145241853181e-01
-9.141627561404305768e-02
-4.122360387286280042e-02
1.223369139370142009e-02
1.880301014959941119e-02
-4.823377742035873939e-02
-7.067437694297422357e-02
-8.933796538125460263e-02
-1.374915289149594433e-01
-1.382144589364419640e-01
-1.481088983617255828e-01
-1.569934942706762426e-01
-1.552807258468592577e-01
-1.517208211562143805e-01
-1.334207434859497887e-01
-1.433208141771747934e-01
-1.463668485989257362e-01
-1.343254699938195573e-01
-1.282695938387616585e-01
-1.230856798524796458e-01
-1.219236718128712399e-01
-1.078738419207115884e-01
-7.664048895580609366e-02
-6.167522818716383165e-02
-8.360665990212474280e-03
-1.330908084339171675e-02
-4.339774254648393059e-02
-7.759826046947700118e-02
-4.540757185852793698e-02
-9.207108277872366048e-03
9.214681532388446436e-03
-5.127918053153429981e-03
-2.114995115723364294e-02
-1.772373547087027768e-02
-5.720466760767536907e-02
-6.065138073828242604e-02
-2.534717789193078816e-02
-1.668472593405008128e-02
-4.613068784545666830e-03
-8.529876059828880169e-03
-1.491725734350670502e-03
-2.850837250474458004e-02
-4.255233468767016802e-02
-5.787419132343768480e-02
-8.680038041028956264e-02
-1.222114702495974981e-01
-1.461539875563144242e-01
-1.326698575851460726e-01
-8.232917970175714084e-02
-3.675449732706168732e-02
2.730444964539851388e-02
3.657516408071555952e-02
5.320848762875250021e-02
3.944939502968564105e-02
2.637655570969475033e-02
2.421070558841566939e-02
2.364983013998593619e-02
2.984633435481746921e-02
3.692838420585154574e-02
7.323045008557931002e-02
4.989620142192027069e-02
5.255117264799041149e-02
8.771581950286573906e-03
-6.682756056323545246e-02
-9.504284226649567513e-02
-1.103168389826703483e-01
-9.613329504634668399e-02
-1.214018769783595242e-01
-9.300745097754375967e-02
-6.266006067277775371e-02
-8.293802003274136636e-02
-7.964232201436499681e-02
-4.610262019405906436e-02
-9.901628092251638091e-02
-1.479149871559763685e-01
-1.297533887896589744e-01
-1.054695265420029643e-01
-2.710081371944807541e-02
4.926013069963007529e-03
1.919852980449139601e-02
3.252500240515183300e-02
-4.681114126522973196e-04
-3.691651455011241145e-03
-3.666187850241155871e-02
-7.762256227445127332e-02
-1.087665479399533008e-01
-7.948250919383197111e-02
-4.330151508849340580e-02
-1.706473798292414135e-02
-5.550077022718872405e-03
-1.966837740889300010e-02
6.580028138607808830e-02
7.266943831800220382e-03
-7.973122826572312527e-02
-1.126734981918862261e-01
-1.590155099023352336e-01
-1.617665984816548663e-01
-1.529901283455647742e-01
-1.335896227901061384e-01
-1.287893609123755556e-01
-1.037502884063516290e-01
-1.064118172842804105e-01
-1.065162975271681522e-01
-9.685357078582922108e-02
-1.115485514688859675e-01
-1.153237368102538879e-01
-1.241437068061956722e-01
-1.188067351600118199e-01
-1.480963021459519857e-01
-1.725925097796197905e-01
-1.685750742084921316e-01
-1.828021006154836592e-01
-1.534476543639239077e-01
-6.977974040359853636e-02
-1.814068300009528609e-02
-3.116577809808242575e-02
-4.499597137523407564e-02
-6.508999307732764306e-02
-6.262505159542793021e-02
-5.023323875896026219e-02
-4.823871517711259688e-02
-3.804723492761641346e-02
-3.196716005346166012e-02
2.230043837174697577e-02
1.398861020840149599e-02
2.045618278001356226e-03
4.410253066773962491e-03
2.635513998728507799e-03
2.036231067629518197e-03
1.959664734814496427e-03
2.937266756935480016e-03
5.129569844157063317e-03
1.304680030258924825e-03
1.859209639454849697e-02
2.226689735144083207e-02
-5.445526089386739516e-02
-6.289274094672230031e-02
-7.435246777486301251e-02
-7.702715490182382441e-02
-8.084393291215996591e-02
-8.113988933264891512e-02
-5.243471815291785715e-02
-5.162098884959528261e-02
-4.949168939536070788e-02
-5.064140467097651838e-02
-5.042025837087998896e-02
-4.968834739153300123e-02
-6.675574381475815611e-02
-6.700477907741181349e-02
-5.722102060566255227e-02
-5.003323120444234939e-02
-4.689513478866037810e-02
-4.567116135569711244e-02
-4.496118814877089059e-02
-4.484209142820492350e-02
-4.511600813060125809e-02
-4.378960414721346645e-02
-4.182985132991333399e-02
-4.513612608251779679e-02
-3.052305037617812633e-02
-3.038433019995409254e-02
-6.768316986144805314e-02
-7.611807375901913364e-02
-5.373252281025125282e-02
-4.697195915470134264e-02
-2.846000368239239367e-02
-2.250416436807969878e-02
-3.095867952414618415e-02
-3.596961458966604214e-02
-4.538582968965806930e-02
-4.614466448801597676e-02
-4.697041258006678238e-02
-4.740961010859666425e-02
-4.734177979458362162e-02
-4.735371236830289432e-02
-4.729498419128336240e-02
-4.763938273082722608e-02
-4.843463723224342848e-02
-4.743914173675795737e-02
-5.306730723985297882e-02
-5.639132960094590113e-02
-3.649723667360089963e-02
-3.454859501012059325e-02
-2.672963667469118593e-02
-2.535162231827001525e-02
-3.012255230303916356e-02
-3.072436483677037575e-02
-2.739928106621662002e-02
-2.467633950122375894e-02
-2.094708172606949553e-02
-2.072793570879806480e-02
-1.158734472898936482e-02
-9.598409260339897664e-03
-1.051969069511347714e-02
-1.374690018763990475e-02
-2.014131585606798377e-02
-2.046734522780157411e-02
-1.784994085099565406e-02
-1.779518360481005188e-02
-1.744482502120445894e-02
-1.717244140442322417e-02
-1.715470278818227723e-02
-1.715235269629351508e-02
-1.715137325393773643e-02
-1.715145722980175244e-02
-1.715146402218142158e-02
-1.715146290588596273e-02
-1.715146350090968747e-02
-1.715146354599281914e-02
-1.715146354124846839e-02
-1.715146353959116909e-02
-1.715146353971561122e-02
-1.715146353971994109e-02
-1.715146354042867624e-02
-1.715146352357863752e-02
-1.715146363669403304e-02
-1.715146370228280009e-02
-1.715145975594190714e-02
-1.715148874488204439e-02
-1.715142636954251551e-02
-1.715091599442915282e-02
-1.715420390276573004e-02
-1.713566623729282160e-02
-1.709057885313014502e-02
-1.727859519568674881e-02
-1.718545879856280337e-02
-1.670992711037368184e-02
-1.959729419796095093e-02
-2.005281859937183345e-02
