-2.725410317133301549e-03
-2.928493185886745127e-03
-7.293142060016707603e-03
-7.489307333256869752e-03
-7.798132058274985685e-03
-8.467224817964710479e-03
-7.898183658268605883e-03
-8.176244554273695564e-03
-8.178022873440365242e-03
-8.093412078943911653e-03
-8.195545298093753067e-03
-8.168074372370291714e-03
-8.204221766167972205e-03
-8.241739405034843868e-03
-8.271778648897802275e-03
-8.385713052992363470e-03
-8.405870122826519103e-03
-8.616709316821704462e-03
-8.854892490177266456e-03
-8.872269722712591497e-03
-9.783598705001662205e-03
-9.758526506970396225e-03
-1.011632545461408315e-02
-1.024763046928003213e-02
-1.044168011556018821e-02
-1.087752057340287022e-02
-1.053381944088491000e-02
-1.180205150035918207e-02
-1.177516623183899602e-02
-1.145710137982463434e-02
-1.693993761466471015e-02
-1.791183008795850864e-02
-2.163067795324521286e-02
-2.233900989144529600e-02
-2.108389245625774330e-02
-2.217051206248001061e-02
-2.095775583817477417e-02
-2.002601558201844850e-02
-1.980404830291969398e-02
-1.845438437351285682e-02
-1.828510301418504250e-02
-1.655155369458038983e-02
-1.626045646164097150e-02
-1.637741942633464537e-02
-1.592388394547557262e-02
-1.566838356005045840e-02
-1.631305599200053719e-02
-1.570570446600782349e-02
-1.577955156415419488e-02
-1.845829395915184884e-02
-1.905031446611894080e-02
-2.027846867331596636e-02
-2.263194946399264135e-02
-2.227568560758418775e-02
-2.353012217945725515e-02
-2.264777240248766130e-02
-2.308854843658978903e-02
-3.077108660220825506e-02
-3.144212221845614497e-02
-4.126870166986890132e-02
-4.648680852643463646e-02
-4.993481409393821235e-02
-6.012652433396558499e-02
-6.609947947807104374e-02
-6.260771600513845292e-02
-6.886532694126577814e-02
-7.750386966663092014e-02
-7.926797985189414086e-02
-8.616754217643149416e-02
-8.727322667134800038e-02
-8.763750419651414325e-02
-8.794300792940848432e-02
-8.810360211172638123e-02
-8.856415454615285121e-02
-8.813664734831677672e-02
-8.840019431460974242e-02
-8.833250476540832619e-02
-8.634563560172386909e-02
-8.553949509049088573e-02
-8.156979328276153796e-02
-7.877155339043313831e-02
-7.720380968707921121e-02
-7.410615563975343767e-02
-7.466103603895399288e-02
-7.793350314968780501e-02
-7.741851411120573290e-02
-8.127012928837935857e-02
-8.041510362790593724e-02
-8.147562617599328483e-02
-7.899787767475827116e-02
-6.688664180158393480e-02
-6.603680846409490379e-02
-4.734182535406168679e-02
-3.925279485137737889e-02
-3.465893170122204964e-02
-2.081612652743004138e-02
-1.922837657081094900e-02
-1.311876994921331967e-02
-1.388208560913372150e-02
-1.804967769619852946e-02
-1.796281444270274308e-02
-2.455614933298529146e-02
-2.318510007345028420e-02
-2.098814283709759046e-02
-2.449572089867683988e-02
-2.536945922925457064e-02
-2.501178802973115511e-02
-2.538574134327910639e-02
-2.425256845602640626e-02
-2.277914128500074797e-02
-2.479491012899093932e-02
-3.083158967911221043e-02
-3.785205021204893910e-02
-4.362383094186470661e-02
-4.452848965364692574e-02
-4.698941714558639571e-02
-4.213214479571082693e-02
-3.547510095663913843e-02
-3.030513194746393274e-02
-2.418925390523564770e-02
-2.168598178594963524e-02
-1.501630281906490144e-02
-1.439141716077601413e-02
-1.565772466502751356e-02
-1.308657757754765408e-02
-1.471149676906314749e-02
-1.694427788156491199e-02
-1.908642766982501793e-02
-2.018835058343732697e-02
-1.635813094848353327e-02
-1.676493787236495517e-02
-1.518297795842879147e-02
-1.322341695537923058e-02
-1.968913497523352985e-02
-2.148817297188698391e-02
-2.868684279275319354e-02
-4.853434461368103664e-02
-5.293073369520043259e-02
-6.313984615916601317e-02
-7.006593537610703026e-02
-7.054500671252390831e-02
-7.613683498436414621e-02
-7.652853781187463067e-02
-7.859010043150171931e-02
-8.079554609409467236e-02
-8.149839785786466839e-02
-8.253036836544955235e-02
-8.405163960666728329e-02
-8.507575943610390379e-02
-8.551240337111962186e-02
-8.359833778587245912e-02
-8.129140150337188508e-02
-7.684242905566018855e-02
-7.013454696436335900e-02
-6.307423711887902296e-02
-5.882664122505338461e-02
-4.449292447341352680e-02
-3.898487006307280178e-02
-3.478738591337489361e-02
-2.468177520087400795e-02
-2.356819433323520049e-02
-2.213672099208809432e-02
-2.207511060936507771e-02
-2.375828627989706732e-02
-2.294788243589498608e-02
-2.437083849289235424e-02
-2.445448097850891345e-02
-2.279913753283339256e-02
-2.211532288545970185e-02
-2.023630308433118502e-02
-1.876291715153874731e-02
-1.762085020200047925e-02
-1.627538400782337774e-02
-1.311350064441499375e-02
-1.289976786287798036e-02
-9.609624452885587309e-03
-1.038578615095687649e-02
-1.709986325734777490e-02
-1.561172952254635815e-02
-1.442629318669111545e-02
-1.548804564020848581e-02
-1.368127327977871656e-02
-1.356381690362323117e-02
-1.381714503009084591e-02
-1.339496714497633023e-02
-1.314246731483146094e-02
-1.316075807704566655e-02
-1.341332730976937081e-02
-1.405292984697127830e-02
-1.457195518620133662e-02
-1.628754183873247496e-02
-1.882712573064968323e-02
-2.194047344945311215e-02
-2.524085281096122291e-02
-3.918606330525770814e-02
-4.582717138473528518e-02
-5.550085142318839093e-02
-6.600720127215700672e-02
-6.408555439606775095e-02
-6.794565385133168045e-02
-6.908945199443114471e-02
-6.816303327647692256e-02
-7.008217787468283555e-02
-6.785979300961703098e-02
-6.887448072432068857e-02
-6.833920712876055681e-02
-6.698936654670932522e-02
-6.755690646469478255e-02
-6.535908484994841505e-02
-6.508473040208939686e-02
-6.427217527918446804e-02
-6.294037840475169565e-02
-6.289011747386967499e-02
-6.192412707900290386e-02
-6.134796628385708744e-02
-6.115629318622656241e-02
-6.029374009398721923e-02
-5.990274496395890658e-02
-5.937278827445387208e-02
-5.806635994469472317e-02
-5.686410091701416675e-02
-5.523581461821631261e-02
-5.322109783151072332e-02
-5.111012569706858966e-02
-4.982093979436715003e-02
-4.518795266592495752e-02
-4.324440290759202360e-02
-3.584166472550511656e-02
-2.874812769443846339e-02
-2.694866487738361779e-02
-1.660220448184234962e-02
-1.621952572402756559e-02
-1.800205064276871880e-02
-1.495465293087650145e-02
-1.561120546223323732e-02
-2.051998425312297203e-02
-1.979466584561144146e-02
-1.915242807901485628e-02
-1.791948351292437305e-02
-1.653159073928337983e-02
-1.655991887480581792e-02
-1.373024444404133404e-02
-1.483852773882230434e-02
-1.654322049659829805e-02
-2.086293101277292283e-02
-2.207773685747994874e-02
-2.725891386535041552e-02
-2.894831767894579660e-02
-2.742672007775797186e-02
-2.833265776207350220e-02
-2.846644184949108369e-02
-2.770567831096647921e-02
-2.790678363365344666e-02
-2.724262456729120013e-02
-2.586952583995179994e-02
-2.586338213215355966e-02
-2.368507103177426229e-02
-2.386658518659106124e-02
-2.431943220057665792e-02
-2.414560734133046685e-02
-2.440452217429828902e-02
-2.512092433113081308e-02
-2.583798999670421787e-02
-2.581802221861160401e-02
-2.901750352011971124e-02
-2.902985313398274980e-02
-3.123483205413202582e-02
-4.116245673625658352e-02
-4.409505787423928513e-02
-5.451011553742703131e-02
-5.617462263872398387e-02
-6.082314213151079896e-02
-6.164143368572294612e-02
-6.055830268885057516e-02
-6.261602745171125639e-02
-5.637651566813781101e-02
-5.165654536078442827e-02
-3.285863128772895103e-02
-2.134773134949535800e-02
-1.616929986157713411e-02
-6.634531989706154639e-03
-6.746645284390573490e-03
-4.614459869747579088e-03
-2.023828465013570704e-03
-4.438016331030697134e-03
-3.051323126373979306e-03
-6.638227630607268677e-03
-1.208154967244494740e-02
-2.058618984371091490e-02
-3.060347825756991325e-02
-3.661069462670593633e-02
-3.183654753627890993e-02
-3.290219628130226781e-02
-2.957615153996998383e-02
-3.073761562954933219e-02
-4.137394334798129292e-02
-4.681749098111643442e-02
-5.202044583697597313e-02
-6.282454093532380268e-02
-6.540291376895279729e-02
-7.038560410456537464e-02
-7.490089287163058385e-02
-7.710130452491831266e-02
-8.072101700491667031e-02
-8.187463035146338997e-02
-8.241023380529979847e-02
-8.293950080968338912e-02
-8.115322873209374066e-02
-8.119153478117852041e-02
-7.850037148673374987e-02
-7.432507458860093674e-02
-7.044091374987435095e-02
-6.226288573362334655e-02
-5.799825645561717397e-02
-4.884156939992869567e-02
-4.248922882754201102e-02
-4.036529451741982522e-02
-3.461643689393952700e-02
-2.592607629491789495e-02
-1.909991600527281494e-02
-1.074676946098545964e-02
-1.133413914125709979e-02
-1.098683803699530490e-02
-9.658277969937047180e-03
-1.267648758580614682e-02
-1.209447511380046074e-02
-1.252901187620290152e-02
-1.237634410497718412e-02
-1.173766551344832682e-02
-1.587000232310442627e-02
-1.545219629640984943e-02
-2.295530948064528759e-02
-2.813828399681227166e-02
-3.165137096457922017e-02
-3.978344976710230380e-02
-4.060184128625953653e-02
-4.349514054370864219e-02
-3.889976419957770493e-02
-3.187980130477371943e-02
-2.521392204128280329e-02
-1.148741409519514825e-02
-6.912700913869270110e-03
-9.896584920422498571e-04
1.537110995293044981e-03
2.761152851514343635e-03
4.036274611024802221e-03
5.516779095102871192e-03
6.026670585677088889e-03
5.194796269381018149e-03
8.281994502708249148e-03
3.282047065661914775e-04
-2.270383517546991324e-03
-1.366542618929332195e-02
-2.758163613432743425e-02
-3.279122083517994890e-02
-4.240541373269189618e-02
-4.246313761472874510e-02
-4.460920061159204253e-02
-4.579826768939701531e-02
-4.286367884692163233e-02
-4.628370546070140201e-02
-4.738497185652802007e-02
-4.360316117362916799e-02
-5.009626109855208620e-02
-5.132098059558488912e-02
-4.674798555589740334e-02
-4.535982868036068927e-02
-3.047216618166328703e-02
-2.385777765541724493e-02
-1.830133034576767945e-02
-1.239995262412684970e-02
-1.474637884765573996e-02
-1.555648762889141890e-02
-1.854392371314044635e-02
-2.457636668092266080e-02
-2.862625459782236481e-02
-2.489453894896956343e-02
-2.568586262507845108e-02
-2.289064762053837077e-02
-2.128093892448670518e-02
-2.866675020842517421e-02
-2.433685268513183231e-02
-3.522723643997797971e-02
-5.109837331825833884e-02
-5.529490214732776104e-02
-6.683384238377806930e-02
-7.079443884913254326e-02
-7.078810083223230354e-02
-7.256462997050587560e-02
-7.357425098189537827e-02
-7.314887087686555711e-02
-7.515939648515584937e-02
-7.484824767798699263e-02
-7.551461808749954097e-02
-7.748408095143814733e-02
-7.651731015792653801e-02
-7.934579004854773465e-02
-8.044207243311835009e-02
-8.094421873543145018e-02
-8.190972902050465410e-02
-7.910843893154215212e-02
-7.865173622253970875e-02
-7.428205339460811074e-02
-6.107338088140532723e-02
-5.484151757448416792e-02
-5.072905059173975217e-02
-4.708629411655468333e-02
-4.561429156928584194e-02
-4.097504804307260801e-02
-3.312051719649643233e-02
-3.013709859783153533e-02
-2.301176020573592745e-02
-2.113653292518750601e-02
-1.046738099516449083e-02
-1.050505385498467711e-02
-1.000775300667476261e-02
-6.949238855512892242e-03
-8.346708999739139989e-03
-6.995199992454209648e-03
-7.215569784641486135e-03
-8.732925142135011115e-03
-7.144457471832980563e-03
-1.131156534694037832e-02
-1.152498890298882424e-02
-1.150784874805835419e-02
-2.531614062632232820e-02
-2.489432763772866930e-02
-3.019305149316800496e-02
-3.172737670875779015e-02
-3.120794029484171006e-02
-3.327079347734758497e-02
-2.591774144928431917e-02
-2.680942195957226187e-02
-2.385655654488142222e-02
-2.264165466363252457e-02
-2.297227845399436863e-02
-2.079014177840853017e-02
-2.193213751838475611e-02
-2.149588064704677226e-02
-1.768035950999179845e-02
-1.723705702953362215e-02
-1.594167613054919483e-02
-1.496995793148383873e-02
-1.491998836652476228e-02
-1.425711811421951671e-02
-1.426271080955823257e-02
-1.445362741049269380e-02
-1.373439920427091225e-02
-1.510227522187571926e-02
-1.468042113273784234e-02
-1.422314686616693580e-02
-2.025400507107837436e-02
-2.041719020690442588e-02
-1.927329878314325978e-02
-2.035026440355150804e-02
-1.774648224972023153e-02
-1.775977489557776720e-02
-1.895864017870875842e-02
-1.882715057406351977e-02
-2.065585294531878738e-02
-2.078711117409998144e-02
-2.118018796444038829e-02
-2.171007122180226845e-02
-2.160191814211990385e-02
-2.190526374004032883e-02
-2.185418070042887892e-02
-2.158357971961069252e-02
-2.196587666480872766e-02
-2.099041699141730721e-02
-2.097976279207968212e-02
-2.121135135875792249e-02
-1.743171535847788667e-02
-1.728682386750697228e-02
-1.545044147320284202e-02
-1.404710044505138103e-02
-1.386756603326079820e-02
-1.296818109497713083e-02
-1.111562685118142393e-02
-1.052503844938910277e-02
-9.340213793368102105e-03
-8.869193397656226566e-03
-7.492730501683060942e-03
-7.093310266798004068e-03
-6.717567729807080029e-03
-6.651451002024148275e-03
-7.106440153055552933e-03
-7.005821081500154465e-03
-6.528314179037453605e-03
-6.586789903179651740e-03
-6.424913546280100994e-03
-6.336544356359795349e-03
-6.332595834140345228e-03
-6.270148660394883437e-03
-6.256882261179841712e-03
-6.244496091904562507e-03
-6.226988370537557375e-03
-6.223948619879719583e-03
-6.217299778077418383e-03
-6.213151198170484453e-03
-6.211836129242314861e-03
-6.209194893568309968e-03
-6.208655179779375838e-03
-6.208165468189900775e-03
-6.206755547334839342e-03
-6.208972278086477559e-03
-6.207154266449096611e-03
-6.207411704540722122e-03
-6.215254514731532488e-03
-6.203382209201643328e-03
-6.220065552647581660e-03
-6.227853540964881605e-03
-6.189180520962195113e-03
-6.288116398691484185e-03
-6.210066624573354170e-03
-6.197735064796824379e-03
-6.521711781428796151e-03
-5.959760860500218534e-03
-6.596488458803236032e-03
-6.927027691297025364e-03
