-2.725089266628708245e-03
-2.927872980740179373e-03
-7.291474578020045935e-03
-7.487323464121032127e-03
-7.794487133703607330e-03
-8.462065728468684198e-03
-7.889988521636109864e-03
-8.163403884328150270e-03
-8.161435330565517537e-03
-8.067171930574794023e-03
-8.157548352041965600e-03
-8.119903718580042187e-03
-8.121313916454892673e-03
-8.137232240409280476e-03
-8.124642289871610717e-03
-8.131036867681587510e-03
-8.131645550971417641e-03
-8.129978802340788804e-03
-8.132761500139430375e-03
-8.132743234247258313e-03
-8.134334373476884844e-03
-8.136371016138406465e-03
-8.138536144514953857e-03
-8.143525901755800656e-03
-8.147223969120577503e-03
-8.156362239278892173e-03
-8.169195145478560377e-03
-8.178330879504565679e-03
-8.213197979211966926e-03
-8.237820857551614653e-03
-8.274445399711477522e-03
-8.389451416803458961e-03
-8.410062506162406526e-03
-8.604514337713465438e-03
-8.883048180404331390e-03
-8.856909155236212389e-03
-9.763609495741329414e-03
-9.863382299644432930e-03
-9.975486693100599905e-03
-1.036435754070632806e-02
-1.061401289206181930e-02
-1.032050252961288356e-02
-1.152053804187454580e-02
-1.124725447507987294e-02
-1.101129415967702641e-02
-1.595391986832643896e-02
-1.649783273719488200e-02
-2.121982715966551358e-02
-2.428495912628944597e-02
-2.526455925918061340e-02
-2.986794221569970265e-02
-3.393320820466109999e-02
-3.437144170187886316e-02
-4.774000816885901055e-02
-5.155705986736201785e-02
-5.247534217877688340e-02
-6.292781670447235298e-02
-6.606163027603462190e-02
-7.023962613194614790e-02
-7.148053423650962968e-02
-7.053795218645497744e-02
-6.844776999181750865e-02
-6.407201241604310038e-02
-6.220805541021189045e-02
-5.142619516013997166e-02
-4.727271677071467892e-02
-4.163294423454337589e-02
-2.766413399166171502e-02
-2.311765770775747394e-02
-2.361964430115515157e-02
-2.649636567220517089e-02
-2.818358546157812700e-02
-2.844607688180739863e-02
-2.939248312494513460e-02
-2.952416800573630026e-02
-2.837693027524170949e-02
-2.866563618009534617e-02
-2.674873936473457642e-02
-2.354380931031181678e-02
-2.448997305139097302e-02
-1.586131016721100545e-02
-1.666159841848186690e-02
-2.128491648887072263e-02
-1.771278976229397756e-02
-2.548219609274865460e-02
-3.275611560784866261e-02
-4.089393966335553438e-02
-6.997984056914166584e-02
-8.681372552194373260e-02
-9.258845489563705122e-02
-1.072468522945926594e-01
-1.054934617352718540e-01
-1.088084851710185846e-01
-1.085256919780908796e-01
-1.056609352685483894e-01
-1.039279710500591591e-01
-9.303683780351827692e-02
-8.672803466268845518e-02
-7.253314183373502089e-02
-6.265479857035931299e-02
-6.101144934219909083e-02
-5.439460511776317286e-02
-4.329695818710128236e-02
-4.260151811733084437e-02
-4.030019462237101335e-02
-3.977227094449996975e-02
-4.626208460218341617e-02
-4.607747771215751909e-02
-4.905916309782204499e-02
-5.380706016112787871e-02
-5.501625935292697722e-02
-6.161962942312244895e-02
-5.960319898809887662e-02
-5.915929123281397223e-02
-5.674381932131065259e-02
-5.027899389671752067e-02
-4.654219838584510577e-02
-3.891958473592771472e-02
-2.915608603431517343e-02
-1.808096173850873983e-02
-1.189173995574441950e-02
-4.833827989598456741e-03
-2.130218362574680911e-03
-1.187706007058521264e-03
1.072561951864200395e-03
1.746541014066197968e-03
2.455679666846048107e-03
1.072693936102756722e-03
-8.176835810328035060e-04
-4.152654420283196680e-03
-1.264206806306715156e-02
-2.013382876344178146e-02
-2.608113482667463734e-02
-3.115608789155955433e-02
-2.087853720562730941e-02
-2.371126291458037355e-02
-1.868613009976758527e-02
-1.628974486191527710e-02
-1.853663349115882916e-02
-1.544980494650757992e-02
-1.597417023779984860e-02
-1.577699615096622709e-02
-1.513904625701690231e-02
-1.551448568051263903e-02
-1.525109151899914361e-02
-1.488099339628751530e-02
-1.536714352778400204e-02
-1.473121854290682445e-02
-1.455591839336129942e-02
-1.632471285509242559e-02
-1.720292168693966783e-02
-1.666600003062956165e-02
-1.777697042367549357e-02
-1.779255744914714360e-02
-1.266943352068864576e-02
-1.262008455724272608e-02
-7.067803187754044189e-03
4.436121960578427031e-03
1.021865929559791220e-02
1.096596255348797865e-02
-3.853479652133898030e-03
-6.582221781999663020e-03
-9.410413830797985379e-03
-1.300460106030775290e-02
-1.190146193127522393e-02
-1.527720465836028031e-02
-1.570146179778287437e-02
-1.598617273953546400e-02
-2.525774472618506211e-02
-2.691561864241675053e-02
-3.412723067493068224e-02
-4.361251615334045539e-02
-5.329835701540507065e-02
-5.603753597493008054e-02
-6.152305380237609728e-02
-6.306374311390008924e-02
-6.652191279414149117e-02
-7.044201852140836995e-02
-7.275805156983486399e-02
-7.640953562241475927e-02
-8.175318228361774797e-02
-8.484570874987826250e-02
-8.285252481748024700e-02
-8.594832164947154018e-02
-8.433335058178026422e-02
-8.244034065272003164e-02
-8.322742945399032310e-02
-8.371299404272884714e-02
-8.528988184150948504e-02
-8.578617911143229802e-02
-8.549180587413730825e-02
-8.473748532297836755e-02
-7.444726062313100634e-02
-7.316312918853454250e-02
-6.668062277018214912e-02
-6.251590170672879920e-02
-6.293357558619129544e-02
-5.727635209663103910e-02
-5.622874903191498602e-02
-5.390574831142604106e-02
-4.838098396778143379e-02
-4.802858728495527224e-02
-4.332384569985653355e-02
-4.195723208973580615e-02
-4.187232790972923030e-02
-3.946425631787298105e-02
-3.899779279692706241e-02
-3.828637057375966490e-02
-3.632267292170821699e-02
-3.457140427519993231e-02
-3.262102357244065637e-02
-3.294743117848537850e-02
-3.418220666408869346e-02
-3.643307673891985760e-02
-3.549178691355318188e-02
-3.748454386517348358e-02
-3.612300427011339021e-02
-2.520211471282419666e-02
-2.408044959780939603e-02
-2.190341261220232760e-02
-2.190948838485701905e-02
-1.990862990774359617e-02
-1.945036601107467955e-02
-2.079611287112069495e-02
-2.025263523707645369e-02
-1.787857030783028545e-02
-1.509677948581300035e-02
-9.802633771922924719e-03
-8.243085124301864630e-03
-7.498949385490813295e-03
-1.391615297761605516e-02
-1.768394052480413980e-02
-2.296787951687950108e-02
-3.644743951423459749e-02
-4.277691061691349383e-02
-4.781429367425121812e-02
-6.002529205097761889e-02
-6.109639113680603861e-02
-6.922086751950712324e-02
-7.329392587515753954e-02
-6.812566957892055020e-02
-7.214203143118935735e-02
-6.543425403161719223e-02
-5.301413899209977965e-02
-4.949761943401144448e-02
-3.265115834957128121e-02
-2.434473970696734643e-02
-2.201348059636461241e-02
-1.721141615101907246e-02
-1.721509546923704823e-02
-1.790710065653260130e-02
-2.136357433820272600e-02
-2.166779549023321177e-02
-2.251040778773431145e-02
-2.195435240535081878e-02
-2.283123940059661114e-02
-2.467311097265127706e-02
-1.683871428134415052e-02
-1.785164208950441866e-02
-1.764055193236597346e-02
-1.549830339642106411e-02
-1.670255818026299827e-02
-1.581135390384494355e-02
-1.487790331805559536e-02
-1.693287230248884459e-02
-1.506097903680618869e-02
-1.895491870365597492e-02
-2.289543920167545071e-02
-2.687292136343116117e-02
-2.972989537916367886e-02
-2.807951459525089705e-02
-2.835562803405617532e-02
-2.552721270703288414e-02
-2.457662899185058744e-02
-2.396062093311900412e-02
-2.190834352934521029e-02
-2.131860879227346836e-02
-2.051561573242005262e-02
-1.759344003541157136e-02
-1.865442402970329469e-02
-1.872143532740485478e-02
-1.824032383034054905e-02
-1.998702763052095238e-02
-1.967155124717714226e-02
-1.957844754581904850e-02
-1.870442110645045147e-02
-1.856285826196039934e-02
-1.667078696014438755e-02
-1.699787391083216678e-02
-2.056749413584672143e-02
-2.050233701680238135e-02
-2.243798340574302413e-02
-2.555051220151714764e-02
-2.698623675345124262e-02
-3.141703004832815949e-02
-4.006057197297452355e-02
-4.092026437490157292e-02
-5.053022038478932609e-02
-4.831054509339660630e-02
-4.814836867555467859e-02
-4.634921145927294039e-02
-3.677334424394188006e-02
-3.406961364896329836e-02
-2.895665204865237666e-02
-2.371553596031216252e-02
-2.279336633732070155e-02
-1.995316203199476793e-02
-2.355399312699726910e-02
-2.443317360185554010e-02
-2.664690626196766082e-02
-3.009854580131343660e-02
-3.567449016779830617e-02
-3.940875955593665936e-02
-4.310171544070752481e-02
-4.559921226142470141e-02
-4.061871207199418965e-02
-3.994192003639186750e-02
-3.365332601887387198e-02
-2.395842950050118547e-02
-1.715286561425348119e-02
-1.836111544659807526e-02
-1.423488283967052834e-02
-1.553930994836292059e-02
-1.637972617562695465e-02
-1.598949733750150426e-02
-1.651427648192044934e-02
-1.968078363461195010e-02
-1.956920606713308253e-02
-2.029263472478268909e-02
-2.097846821732544942e-02
-2.058267609680528715e-02
-2.066301868712526468e-02
-2.052708690898357585e-02
-1.904131242194156970e-02
-1.909995631769625946e-02
-1.760607260284104830e-02
-1.701233987785509896e-02
-2.199426123594602420e-02
-2.295729847552695213e-02
-2.754668232666072913e-02
-3.356803569422840694e-02
-3.514259940657553372e-02
-4.882557598920383990e-02
-4.802957112605959339e-02
-5.291475601483366931e-02
-5.190356960873290793e-02
-5.761891768849873585e-02
-6.656643575719670136e-02
-6.673203195216470540e-02
-6.541584907841295482e-02
-6.267251496833650681e-02
-5.172569339413303491e-02
-4.494527437968954403e-02
-4.667547832910375061e-02
-4.252813585466361235e-02
-4.226320575171615967e-02
-4.521588270370792417e-02
-4.864343871960718352e-02
-5.359152820470212963e-02
-5.593258121323572279e-02
-5.839305729712163107e-02
-5.677680630148370516e-02
-5.409637337992213163e-02
-4.568005496622282169e-02
-3.023306617744981814e-02
-2.703608434845828842e-02
-1.656793707806624577e-02
-1.185886214185583390e-02
-9.030422040325608926e-03
-3.994813822463522471e-03
-9.925286194959071634e-04
2.792722183865240936e-04
1.230090910631848446e-03
4.060719128283703282e-04
-3.664895814107211811e-03
-4.782570334643029310e-03
-9.047782077303865439e-03
-1.510489946557546682e-02
-1.800357308495809106e-02
-1.497444431351689816e-02
-9.522537209893995602e-03
-7.941473240761541888e-03
-1.998844380762821241e-02
-2.551853537845109182e-02
-3.068180879664603178e-02
-2.852822606584563478e-02
-2.587778606099740489e-02
-2.903819284355564287e-02
-2.426048578900138683e-02
-2.623960932047586514e-02
-1.614188305496023698e-02
-7.353932330367173378e-03
-1.359362763565470124e-02
-9.964726941882681363e-03
-1.070858274251803265e-02
-1.193491585984478645e-02
-1.067938320088105894e-02
-1.161280882156307155e-02
-1.150932410660512710e-02
-1.146675565294434478e-02
-1.189018011495006182e-02
-1.180687311251040449e-02
-1.231046312939638662e-02
-1.243651071002357077e-02
-1.287798287158635480e-02
-1.394468789218343725e-02
-1.374796635912350733e-02
-1.608691015925140314e-02
-1.725767456006926590e-02
-1.755652983610189385e-02
-2.557937703421512068e-02
-2.574746767237208814e-02
-2.817568880345535862e-02
-3.164567681022099899e-02
-3.040899996548008730e-02
-3.446411843438339229e-02
-3.458345003672270990e-02
-3.137739747215168018e-02
-3.109194793900678377e-02
-2.606546249019294978e-02
-2.497772014148352121e-02
-2.198375693393563729e-02
-1.768135528192569736e-02
-1.701624154967374195e-02
-9.066160343644857553e-03
-8.580092806413931392e-03
-8.627152006150868788e-03
-6.394630462681053298e-03
-6.475971804315913856e-03
-6.287355584437886655e-03
-5.050137110868316813e-03
-5.179392157533528433e-03
-6.091286705136875548e-03
-6.340027262060460821e-03
-6.619737041604599644e-03
-6.852432233750938191e-03
-6.960269780127001024e-03
-6.476331255487899168e-03
-6.518486200899850994e-03
-6.413750008713754724e-03
-6.309513436164320040e-03
-6.316645479246866222e-03
-6.264087158838110847e-03
-6.247159159568358919e-03
-6.240598794700158089e-03
-6.223891180482305809e-03
-6.220939494760492974e-03
-6.216028725050827715e-03
-6.211772303254818779e-03
-6.210679770412666154e-03
-6.208615987145940304e-03
-6.207618286973433548e-03
-6.207064985788054469e-03
-6.206384082958781891e-03
-6.206181492469599673e-03
-6.205913806505699432e-03
-6.205761572201290432e-03
-6.205886639134517747e-03
-6.205583910590019812e-03
-6.206011553471712031e-03
-6.206248630412664925e-03
-6.205549693216872234e-03
-6.208057389662032140e-03
-6.206538853366741146e-03
-6.206997382988765390e-03
-6.214947819554597110e-03
-6.203180905531860412e-03
-6.219922866563590974e-03
-6.227752220228474807e-03
-6.189113030486845246e-03
-6.288067282170847934e-03
-6.210032480515675739e-03
-6.197711536137349639e-03
-6.521692895704322285e-03
-5.959748045551648346e-03
-6.596478306834829483e-03
-6.927021081391095472e-03
