-1.383273449042645743e-02
-1.758902243828913692e-02
-3.103990442782174342e-02
-3.414074137030911893e-02
-2.021051115029114456e-02
-1.488495137537896446e-02
-1.529801267905032437e-02
-1.529801267905042499e-02
-1.529801267904865730e-02
-1.529801267904874057e-02
-1.529801267904947089e-02
-1.529801267905027753e-02
-1.529801267904933558e-02
-1.529801267904958191e-02
-1.529801267904990977e-02
-1.529801267904906323e-02
-1.529801267904814903e-02
-1.529801267904968946e-02
-1.529801267904976926e-02
-1.529801267904988375e-02
-1.529801267905020641e-02
-1.529801267904752800e-02
-1.529801267904901986e-02
-1.529801267904948997e-02
-1.529801267904919507e-02
-1.529801267905035733e-02
-1.529801267904996008e-02
-1.529801267904892619e-02
-1.529801267905060887e-02
-1.529801267904800158e-02
-1.529801267904957150e-02
-1.529801267905028621e-02
-1.529801267904937027e-02
-1.645310848327632969e-02
-1.522045098060842774e-02
-1.199061907989214075e-02
-1.141307117777883712e-02
-1.387838618311520132e-02
-1.387838618311616930e-02
-8.389287905885332505e-03
-1.161142477862520984e-02
-3.791507889206987419e-02
-4.065962803068617903e-02
-3.421535428520733335e-02
-3.602771669715777725e-02
-3.359748572474146461e-02
-1.598795306461090610e-02
-1.508177185863439698e-02
-3.468942084455257924e-02
-4.024269497915875654e-02
-1.265781569134765035e-02
1.877754085841756371e-03
1.712665704653395377e-02
3.859300722453491705e-02
3.501201909620939995e-02
2.672730971324713267e-02
2.672730971324676838e-02
2.672730971324544305e-02
3.220803592485479289e-02
4.183971381331544337e-02
6.789864811552007162e-02
4.588134330903079899e-02
-1.464033739424975590e-02
-6.138856914003636839e-02
6.952777324170301108e-03
7.451900828279771349e-02
9.232504422372189712e-02
3.275011809804462271e-02
3.275011809804363738e-02
3.275011809804358881e-02
3.275011809804427576e-02
3.275011809804410923e-02
3.275011809804543456e-02
3.275011809804421331e-02
3.275011809804333207e-02
3.275011809804494883e-02
4.682220370590422370e-02
3.405179607687824211e-02
5.906230358287856141e-02
5.202626077894719619e-02
7.756707603700116471e-02
7.756707603699868059e-02
7.756707603699916631e-02
7.650105024991907254e-02
9.497510959017189947e-02
7.308129637632197750e-02
8.790133427447252568e-02
1.711053728458862208e-02
-5.710375612052928651e-02
-5.423492405738018080e-02
3.940584661848598597e-02
3.080268971619246413e-02
2.335957226093454339e-02
2.555096241242792512e-02
1.929954279525813304e-02
-3.991352240417542219e-02
-4.100921747992154753e-02
-2.850637824558488811e-02
-5.061647940801478757e-02
-5.637037206772671505e-02
-2.785161529509291162e-02
-1.877511089917818787e-02
6.329030050503751600e-03
1.330545345205983235e-02
2.207034723468535159e-02
2.208034191634895144e-02
9.112519265802299789e-03
7.220135663378376457e-03
5.636070467184591329e-03
9.619600445349190320e-04
-9.793774114140325546e-03
-3.551158663973417312e-02
-3.732311611864184975e-02
-2.820889666801340567e-02
7.415432538084660609e-03
4.897350321338210521e-02
7.654718667301144142e-02
9.856657288527430338e-02
8.086616199657817305e-02
5.324220043097987326e-02
2.359337680565407047e-02
-1.673500066046839166e-02
-2.711712913931829672e-02
2.428312135241152657e-03
9.824644969023658622e-03
3.971862137668619066e-04
-8.676621808962834900e-03
-5.651824788898737045e-02
-5.437434046581476194e-02
-3.622672442035445445e-02
-3.622672442035601570e-02
-3.622672442035629325e-02
-6.057103771552176108e-02
-6.393192800229717532e-02
-1.951938724587903504e-02
1.164556212469341177e-02
2.536848538003180081e-02
4.987572214337773063e-02
4.037932578188219851e-02
1.892680896428218518e-02
2.154287020900958610e-02
2.659414910007844648e-02
3.031926482709300721e-02
4.448971740738533881e-02
4.100832386737274238e-02
1.491443920619611729e-02
5.213151671322261739e-03
-6.367332718581195268e-03
-5.139296155120195997e-03
4.438618778283554001e-02
5.365782351779889436e-02
5.120175039087412894e-02
5.120175039087450364e-02
5.120175039087535018e-02
5.120175039087473956e-02
5.120175039087553753e-02
5.120175039087550284e-02
5.120175039087556529e-02
5.120175039087573182e-02
5.120175039087589836e-02
5.120175039087516283e-02
5.120175039087421220e-02
7.239146757634422336e-02
8.321902023373460577e-02
3.744089536879842417e-02
2.684603677606403963e-02
5.190931461282292936e-03
5.190931461283337239e-03
5.190931461283314688e-03
5.190931461282499368e-03
5.190931461282869731e-03
5.190931461283471680e-03
6.636554893482735085e-03
7.537667728895621443e-04
-2.526161180193196160e-02
-2.598442351803102734e-02
-1.421884727684677788e-02
-2.988368993408704183e-02
-3.835949858947001329e-02
-3.798055227037294701e-02
-2.054678682716888291e-02
2.046641321996297766e-02
5.372960846894907910e-03
-8.468430980546302889e-02
-8.159614033727849436e-02
-1.930796198816277925e-02
-4.552353761967426089e-03
-1.069183319847566947e-02
1.602871748341326910e-02
2.146369532770178723e-02
3.239278144821903377e-02
2.236920810552676595e-02
4.660512450155739061e-02
3.073407669025221209e-02
3.389592480290095494e-02
3.389592480290159332e-02
3.389592480290127413e-02
3.389592480290091331e-02
3.520351970374353129e-02
3.272714755111774676e-02
-9.049398392999888005e-03
-1.934459103307569665e-03
3.123133078010378524e-02
2.835106820872317773e-02
-2.330358709823143661e-03
-6.963915803560170002e-03
4.851428201668437669e-03
4.851428201668696143e-03
4.851428201669547025e-03
-1.022809277337354049e-04
-2.205959337899162601e-03
-9.326608163832966411e-03
-6.849753599130759853e-03
-2.642396778800511908e-03
-2.642396778800936916e-03
-2.642396778801093908e-03
-2.642396778800909160e-03
-2.642396778800632905e-03
-2.642396778801056612e-03
-2.642396778799985853e-03
-7.482963417003820825e-03
-3.344270331054861357e-03
4.979698259135143662e-02
5.167248392802362145e-02
2.015773171036145880e-02
2.885709806559939861e-02
4.194570448434578602e-02
3.607035478853663074e-02
1.472085665933226678e-02
2.986121818027865499e-02
-4.140832791327995338e-02
-5.886845086838913416e-02
-8.288477946800407170e-02
-5.757601589258008051e-02
-4.538817056187202659e-02
-2.824261761622328878e-02
-2.183029210120468813e-02
-3.135650973141033276e-02
-3.846292638451039719e-02
-6.842256959736246757e-02
-1.020322222347957858e-01
-1.208506946177495128e-01
-1.198417017387969630e-01
-1.021415356077938069e-01
-7.423243752332030210e-02
-1.440904818823513824e-02
2.268919712348671253e-03
2.132521458827162791e-02
1.569478327097412543e-02
1.960267523281683869e-02
9.742424670086628075e-03
-5.342706576763971149e-02
-5.927319686528926407e-02
1.707454018505540766e-02
3.753172980734813258e-02
3.785031638848265767e-02
3.785031638848179031e-02
7.481207316608502744e-02
8.345330591350143268e-02
8.881047696210729592e-02
7.032959857330708942e-02
5.304713307847309239e-02
5.304713307847015724e-02
5.304713307847036541e-02
4.744045423218426483e-02
3.811413103602474123e-02
3.183770726776849469e-02
3.464104669091073313e-02
5.329369308322983584e-02
5.329369308322891990e-02
5.329369308323086279e-02
5.329369308323323590e-02
5.329369308323208404e-02
5.329369308323173710e-02
3.365123568536865228e-02
5.630020288859514943e-02
9.482315303563060294e-02
1.046443817345604488e-01
5.934644732810312462e-02
1.105819969932213820e-01
9.502782077913120296e-02
1.174973519840250176e-02
-1.386803963415753072e-02
-1.243174563300393325e-02
-1.158487931288539399e-02
1.710715750305159127e-02
3.194318671656785902e-02
3.679871205129203737e-02
3.652132118121068083e-02
-4.317597702171045541e-03
-8.862898435998965360e-03
-1.812681778116584028e-02
-3.794241796793897115e-02
-4.910492075704358389e-02
-2.849225673021498623e-02
2.576691711064797632e-03
1.303826760633693127e-02
2.733254349003513828e-02
2.618509259795841551e-02
-1.208832979775873763e-02
-2.054215514210563573e-02
-3.825898393664133035e-02
-8.514381572086271444e-02
-1.146238740892554231e-01
-7.815017760172060513e-02
1.599164098160660644e-02
3.857066958779505061e-02
3.984922023239545474e-02
3.175226395188880668e-02
2.420802131708141985e-02
2.407205607816613815e-02
2.179802276570004180e-02
1.834967268636003915e-02
1.862160316418956171e-02
1.862160316418970049e-02
2.060630967378912146e-02
1.495987488594005543e-02
2.150071473276764927e-02
-5.943381843727795497e-04
1.571272164312455949e-02
4.711637149512313411e-02
5.766772132629281733e-02
4.763934082269024456e-02
4.763934082269064701e-02
6.156922161095291363e-02
7.967213716306856264e-02
1.148803817388222154e-01
1.024942143361661923e-01
1.179341327462300401e-02
-7.190635550638094058e-03
1.918608448879593337e-02
2.786728549764921990e-03
-8.962479879787503545e-02
-8.519472886746808082e-02
1.150765736167479354e-02
4.457053560047848778e-02
1.618007053293646922e-03
-7.029746437559067883e-03
-2.490498083382084588e-02
-2.490498083382031852e-02
-1.596414195784495380e-02
-3.063522231567217258e-02
-8.957666863732036133e-02
-9.910367020427814089e-02
-6.067954359956507365e-02
-8.040123819790345738e-02
-8.449842272567827106e-02
-3.406119851895269158e-03
5.669843628723754414e-02
-2.755996617128695161e-02
-2.400022347962888977e-02
5.329811429471316420e-02
1.009634021934063541e-01
3.400855075864547827e-02
2.466715668030892289e-02
3.476538883184968065e-02
3.242412482917985533e-02
-3.952771543759683176e-02
-4.039857174279383456e-02
6.944070633670221433e-03
5.091164781815794849e-03
-8.330130608124592176e-03
-3.080764028725118536e-02
-3.754484345208201207e-02
-2.955018107966052646e-02
-3.622898012329725526e-02
-7.293494524279342528e-02
-6.093523600723586148e-02
1.612047651996623490e-02
3.252033332593776832e-02
2.298830653440026885e-03
5.539078214686314096e-03
9.933195689239596518e-03
4.476970679220616117e-02
4.139234055251411748e-02
2.833502419341624168e-02
2.141825819937267714e-02
1.861201567164037091e-02
7.032744630878619806e-03
6.592150431210715318e-03
-1.331640152229360231e-03
-4.607504403080980165e-03
1.586873015476317900e-02
1.666604652840972256e-02
1.878365224294803112e-02
2.427613413350459409e-02
2.020281178849478096e-02
2.245387901971714756e-02
6.766183406887834456e-03
-1.495367349259822502e-02
-1.717220796096527793e-02
-7.766744297531730061e-03
-7.766744297532336347e-03
-1.293447294458605588e-02
-1.313141143890897422e-02
-8.799795557976768101e-03
-1.684688586367117866e-02
-3.983814556993463957e-02
-5.918282263535636772e-02
-4.582925056099742400e-05
5.400356211596670647e-02
7.654718667301109447e-02
9.856657288527460870e-02
9.004955174551468322e-02
3.932542115857234205e-02
-8.835474182968918941e-03
-2.911283337528471765e-02
-3.202480008525653010e-02
-2.685730356993625001e-02
-3.445907838587715377e-02
-3.444788542297733819e-02
-3.480993165972436076e-02
-4.484640545894693492e-02
-5.086130578426294180e-02
-2.147093688658963107e-02
-1.613632963433601604e-03
7.105864918432499254e-03
1.505671646599046273e-02
-9.098444171258719682e-03
-3.254917611576617874e-03
6.330116740121838337e-02
9.213976354778551092e-02
1.165244130053509630e-01
1.452392327778319614e-01
1.304742638057228565e-01
8.371844240245315816e-02
1.124312164885756388e-01
1.149361441513728765e-01
1.164094713248468027e-01
1.164094713248469692e-01
1.164094713248462892e-01
1.164094713248467888e-01
1.164094713248464419e-01
1.164094713248456231e-01
1.164094713248461643e-01
1.416268630374460102e-01
1.351045543487383038e-01
-2.543333592308832936e-02
-3.804203177938832170e-02
-2.499741440197331827e-02
-2.499741440197322459e-02
-2.499741440197334602e-02
-3.313440502018116796e-02
-3.802254042700536213e-02
-3.931925918934113529e-02
-3.525076388023801188e-02
-2.547449306658835025e-02
-2.547449306658788187e-02
-2.547449306658892965e-02
-2.547449306658898169e-02
-1.048739988876164729e-02
-1.791555895545409588e-02
-2.685692003497853336e-02
-5.072389858363773874e-02
-1.827232944019318087e-02
5.399618737764231430e-02
6.218290335751600756e-02
2.699240133739411532e-02
2.699240133739301550e-02
2.699240133739454900e-02
2.699240133739689088e-02
2.699240133739534003e-02
4.169778651724390800e-02
3.070529540005052446e-02
-4.979475378412712150e-02
-5.714744637405094752e-02
-3.516246413966730294e-02
-3.516246413966792744e-02
-3.516246413966706008e-02
-3.516246413966552659e-02
-3.516246413966727519e-02
-3.516246413966621354e-02
-3.516246413966654660e-02
-5.197197764994915953e-02
-5.086212594339430820e-02
-4.565489812201486974e-02
-3.794446184920760579e-02
-5.371469233711278872e-03
9.101896887716578143e-04
1.293716181764136344e-02
1.322448915912259951e-02
-9.411192008858808300e-03
-2.170259460646214306e-02
-2.506538979473343226e-02
-2.650192568036619303e-02
-1.560525075242461500e-02
-4.100246437608682896e-03
3.244994558008854751e-02
4.023197301571476009e-02
2.992400438592315165e-02
3.661892578958567124e-02
3.178756646214641463e-02
2.117718882338601519e-02
2.117718882338682704e-02
3.006769798028662705e-02
3.389543149501824532e-02
4.002697675630032675e-02
3.558172217785046665e-02
2.792625514838711215e-02
2.792625514838743134e-02
2.792625514838733419e-02
2.792625514838703235e-02
2.792625514838667847e-02
2.364424391953307003e-02
1.909709872187968782e-02
-1.212773569339041339e-02
-9.986730078964068877e-03
-8.924396836565206886e-04
-8.924396836565122318e-04
-8.924396836566221699e-04
-8.924396836567388301e-04
-8.924396836563613109e-04
-1.647661059111782227e-03
-2.398461897372400516e-03
-1.365668636091149808e-02
-1.327907567318335584e-02
-1.177747399666298316e-02
-1.177747399666289642e-02
-1.177747399666354694e-02
-1.177747399666331102e-02
-1.177747399666352092e-02
-1.459874765301651285e-02
-1.451508471970445677e-02
-9.462699157057219423e-03
-8.052062328881007952e-03
-8.219388195504408884e-03
-8.219388195503924896e-03
-8.219388195504365516e-03
-8.219388195503888467e-03
-8.219388195503919692e-03
-8.219388195503973468e-03
-8.219388195504705522e-03
-8.219388195504502559e-03
-8.219388195504115716e-03
-8.219388195504162553e-03
-8.219388195504275310e-03
-8.219388195504060204e-03
-8.219388195503564074e-03
-8.219388195504105307e-03
-8.219388195504721134e-03
-8.219388195503890202e-03
-8.219388195503779179e-03
-8.219388195503744485e-03
-8.219388195504365516e-03
-8.219388195503923161e-03
-8.219388195504244085e-03
-8.219388195504096634e-03
-8.219388195503839895e-03
-8.219388195503891936e-03
-8.219388195504733277e-03
-8.219388195503831221e-03
-8.219388195504374189e-03
-8.219388195503947447e-03
-8.219388195504155614e-03
-8.219388195503676831e-03
-8.867548759770201017e-03
-8.525220280006204007e-03
-9.759298076624660411e-04
-8.054010926426945910e-04
