9.442251319165904239e-03
1.054970210665623527e-02
1.902166674529231702e-02
2.274384083327735118e-02
2.065491706234621680e-02
1.663678686423012559e-02
1.391710239210013078e-02
1.389938315324209910e-02
1.387898438696421113e-02
1.387230713096643947e-02
1.387328080537190284e-02
1.387328080537288816e-02
1.387328080537030342e-02
1.387328080537222549e-02
1.387328080537499758e-02
1.387328080537042485e-02
1.387328080536746715e-02
1.387328080537152640e-02
1.387328080537121935e-02
1.387328080537564810e-02
1.387328080537084118e-02
1.387328080536707337e-02
1.387328080537260713e-02
1.387328080536738215e-02
1.387328080537249958e-02
1.387328080537044567e-02
1.387328080537354215e-02
1.387328080537358031e-02
1.387328080536885319e-02
1.387297252302383509e-02
1.387497440139868164e-02
1.388348292257943727e-02
1.388055004947105590e-02
1.472995734077409830e-02
1.632983848524542647e-02
1.391346032208186367e-02
1.349849085082586476e-02
1.027814385882786820e-02
1.026478238534154000e-02
9.869628504324934326e-03
9.840992983923357515e-03
7.275556103929021502e-03
7.441478821036318428e-03
7.548407812828668122e-03
-8.660958061927554515e-04
1.826699384547072992e-03
1.916070762337135011e-02
1.989645214684472238e-02
2.216457492138662264e-02
3.921195320332421241e-02
7.422335919022672590e-02
6.876806133907845120e-02
-1.754032213897794082e-02
-2.006388745174534846e-02
-1.719718821851757770e-02
-7.139276752023293593e-02
-7.538311640842465522e-02
-6.762624404573489012e-02
-6.787125005381895726e-02
-2.624687176193235896e-02
-4.386488906055015236e-02
-1.269938028001143249e-01
-2.485527753311847776e-01
-2.115292922767466888e-01
-1.163500164566080436e-01
-6.661353794730381916e-02
-7.105214912536456096e-02
-6.860686794260351107e-02
-6.919769770075859250e-02
1.420860061443306177e-02
7.106177179581269973e-03
-4.570710898613076362e-02
-8.701461380097633147e-02
-7.491774803974458885e-02
-7.704511398120156285e-02
-7.851476938466678268e-02
-7.779482943902199521e-02
-1.351831669501208921e-01
-1.509343046674660183e-01
-1.187292123466084370e-01
-1.136205719977963491e-01
-5.430468196272609377e-02
-1.303027391759469921e-03
2.473321619994992004e-02
-3.479769211902021542e-02
-3.163880237085615194e-02
-2.829381201021222147e-02
-1.951118144356154801e-03
4.798711009582629777e-02
4.298005977203839256e-02
2.545268393474324486e-02
3.935803939361863513e-02
7.426962183317292743e-02
6.874225474592812746e-02
-1.746923886284067542e-02
-2.398825326956804602e-02
-1.460478551530509060e-02
-4.473293612999894309e-02
-6.019379716896306604e-02
-8.553517448076417007e-02
-8.576199864259413663e-02
-9.668991201653948098e-02
-7.589410031891956343e-02
-5.774363812614149993e-02
-2.727229035359371792e-02
-4.534496879460947483e-02
-4.921676341133674609e-02
-4.009475047310163270e-02
-7.654693678454591033e-02
-5.437972907615268997e-02
2.911588975918849923e-02
4.720179632554743349e-02
4.686664846229314507e-02
4.104730796578664326e-02
7.930270470787109064e-04
-8.295297949561714068e-03
-3.050017277348736344e-02
-5.716299217888207163e-02
-9.155364855200742724e-02
-8.157502606041010240e-02
-5.396141448128605189e-02
-2.947423330440362282e-02
-1.243444865258237775e-01
-2.066134672823660978e-01
-1.297187535368605482e-01
1.986796297498083334e-03
-2.166468159213335784e-02
-4.654250660066880374e-02
-6.756662250881741161e-02
-7.107504456547382443e-02
-6.023138532349624208e-02
-1.336968523218332906e-02
2.496801351018119617e-04
1.412390991252574814e-02
1.324521337671984156e-02
-2.643501308098257160e-02
-3.753335836223299637e-02
-4.724079694201460677e-02
-1.055546851274350717e-01
-9.782458275922208124e-02
-5.807381711888760095e-03
9.622223305670777813e-03
8.553820395527473794e-03
1.929227549079432294e-02
-5.910619428733841600e-03
9.388402314016114011e-03
-1.043599871830255300e-02
-5.998248149761181702e-02
-7.226105693168649591e-02
-8.961090795380782792e-02
-9.877393208392659663e-02
-8.448035890398643277e-02
-7.720739838994665483e-02
-5.658037168321250476e-02
-4.909530476201904442e-02
-7.634535405075464076e-02
-4.048989595643075895e-02
-6.269665431307183678e-02
-6.663044345595516005e-02
-1.293995244800493286e-02
-4.296754078176891894e-02
-2.049491428544077676e-01
-2.425248507468181491e-01
-3.542890727346739710e-01
-3.569206548515170274e-01
-2.441012354760311032e-01
-1.485924867022723195e-01
-1.255102843114802580e-01
-3.136314150208827783e-02
6.514650818251684072e-02
5.613624056148520253e-02
2.358468860874421077e-02
-4.042841930449206367e-02
-1.878933367607583116e-01
-2.651180028783684528e-01
-1.717101679582111462e-01
-1.718322894295788716e-01
-1.589334544710335195e-01
-1.408311902982205266e-01
-2.481643927725584453e-01
-2.864252570281886623e-01
-2.559929894082979551e-01
-2.051831982252736719e-01
-1.155674152571981583e-01
-7.085600342338083113e-02
4.788073745570795015e-02
4.386347166788325674e-02
-2.807021745300045112e-02
-4.577555735775414025e-02
-1.589848072390063483e-01
-1.676856600360490390e-01
-1.320721683998612450e-01
-1.329396493709002758e-01
-7.758574422235578472e-02
-6.489107223723153406e-02
-4.082690049698841500e-02
-6.667216901625404313e-02
-9.316229997279965036e-02
-9.314064798368835996e-02
-9.492388786782512966e-02
-1.258509146983116944e-01
-1.264720822274342515e-01
-2.304744126919343883e-01
-2.159886086518065795e-01
-2.156809783976875450e-01
-2.170719377437071995e-01
-2.156737339813535603e-01
-2.156316223514340435e-01
-2.170952451887289691e-01
-2.159331527771957693e-01
-2.174668358382382261e-01
-2.371314862540434831e-01
-1.387575377977369739e-01
-1.389048794350504767e-01
-9.514364399904574887e-02
-1.384263957993890903e-01
-1.195895306011952736e-01
-4.007224363159032909e-02
-1.736808652500583527e-02
-3.899673298524367754e-02
-4.570664034985453400e-02
-3.564995175072365602e-02
-4.337758033853967438e-02
-1.774373556559185119e-03
1.677917845845069977e-02
5.932548526586941401e-02
5.703928914074053724e-02
2.306294691440792174e-02
1.628078404521001929e-02
1.972276427460113377e-02
1.051693223058652003e-02
-2.521695881385037016e-02
-3.145862431129673592e-02
-1.825034738621559779e-02
-6.201710353454650999e-03
2.892650521448081324e-02
2.394127616909513465e-02
-4.155549940106917362e-02
-4.613201289651743670e-02
-1.716175073956549210e-02
2.921481373118551758e-03
-9.764564544611666411e-03
-4.684483009552208727e-02
-2.110958391182049532e-01
-1.926550864929268136e-01
8.425877949196497463e-02
-1.003262125864003151e-02
-2.133822471783442809e-01
-1.956117982988256898e-01
-4.259730815955695138e-02
-2.082266337274739018e-02
6.927078021690582198e-03
-1.554654890871767607e-02
7.622113596301114194e-03
1.017974816862977699e-04
2.754536569610672656e-02
5.651189154116975644e-02
6.044551130687964013e-02
2.205245913591338119e-02
2.232669199227576423e-02
4.851514645277946181e-02
5.848895764093149652e-02
5.920510254878977308e-02
5.757296186469094967e-02
9.687656618521119090e-03
-4.676368602813540248e-02
-4.373232647186613142e-02
1.578931386007883034e-02
1.939593495296007553e-02
1.598185872413183592e-02
1.338043633519548671e-02
1.517709292089086323e-02
5.112299905220624857e-03
6.738254910034241485e-03
2.552066937577194237e-03
-5.809734771246334584e-04
2.702690431973092059e-03
-5.231072256449469104e-02
-5.081608688965854465e-02
-6.015558484140370865e-02
-4.627414219164289327e-02
-4.687099832014882117e-02
-4.625248906468031052e-02
-4.607311103081088849e-02
-8.324105281724100691e-02
-1.399972594370139101e-01
-1.535365114969305944e-01
-1.554195163341594854e-01
-1.197487299718900111e-01
-2.469422125825435424e-02
1.159316972597561335e-02
-5.392145944395392021e-02
-1.009331774296170769e-01
-3.205020283049682672e-01
-3.257751781779971711e-01
-2.311035489110204733e-01
-2.335661490976572718e-01
-2.307588640769698829e-01
-2.300129574156841716e-01
-2.317652416625270440e-01
-2.290290992665296177e-01
-2.436648920957603659e-01
-2.172080157938206246e-01
-7.376451698352633549e-03
1.156760108563599683e-03
-1.922220058421591701e-02
-2.961066308928127569e-02
-4.600942836091619775e-02
-5.800062503480800380e-02
-2.428793714293091960e-02
-3.362459791239741369e-02
-4.116056085477673432e-02
-1.453753807219878603e-02
-1.062219224703592202e-02
-1.009153634066421897e-02
-9.983307431870525744e-03
3.080650253186636035e-03
1.340552899898953855e-02
3.811351122649959261e-02
3.167337921834688375e-02
1.099550042209539863e-02
1.117202865079013063e-02
1.126601115262745173e-02
1.098581501502983622e-02
5.414267635167352433e-02
6.372485694498612740e-02
-2.246396916276610992e-02
-7.739610571398475303e-02
-1.153167531763934772e-01
-9.382466043532580735e-02
-7.714922885462521807e-02
-4.108484895168174750e-02
-5.763449068228588407e-02
-5.501754626428730088e-02
-1.396351836733867192e-03
6.937738233330070260e-03
2.074234867925122284e-03
2.243630520401108854e-03
2.269133148020879842e-03
2.274530773741208125e-03
1.580185083687076983e-02
2.151812893762957909e-02
2.802950788426150294e-02
2.132456218621918767e-02
9.807269973700405430e-03
9.820262363041738773e-03
9.779733761714686641e-03
9.677673242622348779e-03
1.176868140936180966e-02
8.808973481074013415e-03
-1.870920608845911409e-02
-1.977029109315569730e-02
-1.386814175546250208e-02
-1.394988719399773043e-02
-1.392402880260761554e-02
-1.390442400366492456e-02
-1.392881101420385091e-02
-1.396252123886602102e-02
-1.388193783905955665e-02
-2.199728546762967987e-02
-2.147991281448146522e-02
5.434696598789154690e-03
9.473920944189240939e-03
1.260516620505136055e-02
1.267461839050256639e-02
1.172400297612163737e-02
9.689324819718084236e-03
9.713239434507612430e-03
9.703799964805928657e-03
9.698240914630111564e-03
9.699102981906284823e-03
9.699093088820843686e-03
9.699093088822385855e-03
9.699093088819811526e-03
9.699093088820493272e-03
9.699093088820172348e-03
9.699093088817329136e-03
9.699093088816635247e-03
9.699093088821972991e-03
9.699093088821102160e-03
9.699093088817811389e-03
9.699093088819219985e-03
9.699093088821164610e-03
9.699093088820413475e-03
9.699093088820038774e-03
9.699093088821811662e-03
9.699093088819658870e-03
9.699093088818791508e-03
9.699033141098403060e-03
9.699481401860259727e-03
9.700832214969042078e-03
9.694850440825847696e-03
9.849617786228091060e-03
9.873661818764123063e-03
7.864792721103788450e-03
7.768591972999859541e-03
