3.653131111062288827e-01
3.773596447580886415e-01
5.041576983108355670e-01
4.920813923125933464e-01
7.213748595299900312e-01
7.206826634489921224e-01
7.282803587594830486e-01
7.300393303444006055e-01
7.298380587653154894e-01
7.299096803471347705e-01
7.299108474278839243e-01
7.299084431546101204e-01
7.299089517912991099e-01
7.299088558420059325e-01
7.299088587715236720e-01
7.299088597506919740e-01
7.299088595260991852e-01
7.299088595564584558e-01
7.299088595552503111e-01
7.299088595552608583e-01
7.299088595549063641e-01
7.299088595553540060e-01
7.299088595537229773e-01
7.299088595818552516e-01
7.299088594684530751e-01
7.299088582251543889e-01
7.299088743383447264e-01
7.299087756224972301e-01
7.299086695917564871e-01
7.299137568487410466e-01
7.298940829240809780e-01
7.299209046026555736e-01
7.303017637260476036e-01
7.277287205700866402e-01
7.327510712277388594e-01
7.283866801277036895e-01
4.027373410808006149e-01
3.995065528481327455e-01
4.089016258894425659e-01
4.080406376881131614e-01
4.080667243184971649e-01
4.079533865081270694e-01
4.081577081128425766e-01
3.786929174782943108e-01
3.649334347275756119e-01
4.479123319633250278e-01
4.625662866089590430e-01
4.904525494758293913e-01
4.905243066331811952e-01
4.903371591774879912e-01
4.903202414188313485e-01
4.206435088001026501e-01
3.926053755273097856e-01
3.776036641972275731e-01
4.155660282601705280e-01
3.986294991959644651e-01
6.080201340135475974e-01
2.262692646137296038e+00
3.522476035781244796e+00
3.315516826013106488e+00
3.321111521144688883e+00
2.680169811608535735e+00
1.162648796022693887e+00
9.127839451561934325e-01
9.967122048025425229e-01
9.039638001405899681e-01
9.859603749617320556e-01
1.249798275892862520e+00
1.303901183004549491e+00
1.522093631082350296e+00
4.256004581841419387e+00
4.221654931813722200e+00
4.202553547682763124e+00
4.286999198039358028e+00
4.268435387956768245e+00
4.267884197490359632e+00
4.277235090225943281e+00
4.235258908549610624e+00
4.186959826546142516e+00
4.217887883791216375e+00
2.868049080260460126e+00
2.883163070480155632e+00
2.806214411285359756e+00
2.772529808523352290e+00
2.714796887987148466e+00
4.699324072890466164e-01
5.213127284749710100e-01
1.767958980663955737e+00
1.622959855809596341e+00
2.007533759031135290e+00
5.575502119460656658e+00
5.648158114085221726e+00
4.788295779387669704e+00
4.747212836301712535e+00
5.407892454309126684e+00
5.956795159319091759e+00
3.877144964526341386e+00
3.412797741268370100e+00
3.321213645943135617e+00
2.731616933574410933e+00
1.218458769484077386e+00
1.014970609112892719e+00
2.552014167468803940e+00
2.978237465843359910e+00
2.859464466916367353e+00
2.981396641137733283e+00
3.113377630272586405e+00
1.385991225189682652e+00
1.836387573131911477e+00
2.788004812651299069e+00
3.170750672982491913e+00
3.780957130778591857e+00
3.697631696968964210e+00
3.349092456777163829e+00
2.017160302818416628e+00
1.421737211977436743e+00
2.150969854591854080e+00
1.413861156641351702e+00
2.308119683171358627e+00
1.675655603440000085e+00
2.140251062248742286e+00
3.129584555185152439e+00
3.258035912449456006e+00
3.187071227227728620e+00
3.130642535040224050e+00
3.142331455464965284e+00
3.225684045738276495e+00
2.120221094482065638e+00
1.845397221393055620e+00
9.226765052559734448e-01
7.993528517900414521e-01
1.093270731340626689e+00
7.701408995681716663e-01
6.933598404784718783e-01
5.095071837756687261e-01
4.986543373143581537e-01
1.041417984048853551e+00
1.051713966814772583e+00
1.084821126235847366e+00
1.085975111937800941e+00
1.072558390176409082e+00
2.537840226575628577e+00
2.536175604121493787e+00
2.589323254830846910e+00
2.625445749516601701e+00
2.621529480632998510e+00
2.615565666542653656e+00
2.643470636400160778e+00
2.702716226192500848e+00
2.305250539899119211e+00
2.298420684280320536e+00
2.153401847868507080e+00
2.139829313795767352e+00
2.189617892998955817e+00
1.130744752458892721e+00
1.151162184690392554e+00
9.538560851713019373e-01
4.010032689840519193e-01
2.983726751032191871e-01
4.973820965911499581e-01
9.206271849721593403e-01
9.639932597355466148e-01
1.939145907882320552e+00
1.947350238575125347e+00
2.274554657381165690e+00
2.249771433424696543e+00
1.484894102948816297e+00
1.327738666198907014e+00
8.341717903053171845e-01
4.168076653481584404e-01
5.190190198296368296e-01
3.555088390269263598e+00
4.046536768277148255e+00
3.954553015414975725e+00
3.952702992430635387e+00
3.925050345407828267e+00
4.512056299367461776e+00
4.463560488039305163e+00
4.793028083362957048e+00
5.325100144052830053e+00
5.756239701755927030e+00
5.451614963794752633e+00
4.504791557083907882e+00
4.883518531219349867e+00
5.577007695091174000e+00
6.094326091514010280e+00
5.701920336964501068e+00
4.872167357883632199e+00
4.814952021001793980e+00
4.717937456457449663e+00
2.457209833850978242e+00
2.500058490196155336e+00
3.194089872790396356e+00
3.313256402329092687e+00
5.442822781707445934e+00
5.377238699911280229e+00
5.002878929283950171e+00
4.759854278529099147e+00
4.682864162373556738e+00
5.074543150846964501e+00
5.675707046945579037e+00
5.533913164689008291e+00
3.265283357654525265e+00
2.788133666908644059e+00
2.934572600246134311e+00
3.263661302300162603e+00
3.165544052897725447e+00
2.144543712496604471e+00
1.903991799813117280e+00
1.579117654478733757e+00
1.792877978803463446e+00
2.080405001193776471e+00
9.053300477573202887e-01
8.971116975283424111e-01
1.004988452758424744e+00
6.344726897492068973e-01
6.598568710345972255e-01
4.329406631958532814e-01
3.515197185152298953e-01
3.639232780769163789e-01
2.645437762679888616e-01
1.671255065448205568e-01
2.409083794711829318e-01
3.892171825927498441e-01
4.870658510932156515e-01
7.858638224543259554e-01
6.845007952476076518e-01
5.848319653171182297e-01
4.614357309778492344e-01
9.859580874507636317e-01
5.178761561078333742e+00
5.806303712061430033e+00
5.817838061816906325e+00
5.013139652710593808e+00
4.766787595636245989e+00
4.838329835742377405e+00
4.566708051926958056e+00
4.410402594782013352e+00
4.516699413606708013e+00
4.738975742397840030e+00
4.144785462439841695e+00
2.878673909355902616e+00
2.575703739233791367e+00
1.607910665961068020e+00
1.252995654822424587e+00
2.809305309209745305e-01
1.891094626520462285e-01
3.543010780953131933e-01
2.327191015205481717e-01
1.330743705381535746e-01
2.540035176379884518e-01
3.948710082474216065e-01
5.815833799539151805e-01
1.069760653076015533e+00
7.809138714761227895e-01
6.396032053439064669e-01
7.271296489695824317e-01
1.059276356111267026e+00
1.059437229283888060e+00
2.535545342321630979e+00
2.543543557914242470e+00
2.582485268789845634e+00
2.653363272152912788e+00
2.719723871790590497e+00
2.069181632575642915e+00
2.050366589829756503e+00
1.831658762167262866e+00
6.567931357380800694e-01
6.918966255956473521e-01
9.001734556455618375e-01
3.079763219727793988e+00
3.063647162809103541e+00
2.958921993451499866e+00
3.007085078412857548e+00
3.003338798870631265e+00
2.944350431925780498e+00
2.903312506975734397e+00
2.870205687153178253e+00
4.973899676040995921e-01
5.014906142419184309e-01
1.270456280082885137e+00
1.323728545382953481e+00
2.803126207614726528e+00
2.794630791224395505e+00
2.752157213692869586e+00
2.873649260428320584e+00
2.876544832526909623e+00
2.369445949126237849e+00
2.306671926948736573e+00
2.221217959792983088e+00
1.171808734267586471e+00
1.177239803006563168e+00
1.271767766174540348e+00
1.117376908832256266e+00
1.159651183792745233e+00
1.549316237596904067e+00
1.698492793164122272e+00
2.179734261359406844e+00
2.246425315550053980e+00
3.286308035213359791e+00
3.465780867646082175e+00
3.325200375314129708e+00
3.223663914198569902e+00
3.142624562773072228e+00
3.345973811369106876e+00
3.084662638316049588e+00
3.303272853929962949e+00
3.227167497121242512e+00
3.187183955008790814e+00
2.485145446494493982e+00
2.373009062425670113e+00
2.406547085504739503e+00
2.238080036989392063e+00
8.822744373793673933e-01
6.699409719195041912e-01
1.426087690765607263e+00
1.417645018247932542e+00
1.354054133020611950e+00
4.736059179344336290e-01
2.896110082573315481e-01
4.797904990210142273e-01
1.162134172564950330e+00
1.242048864013016285e+00
1.258981534107527001e+00
1.320649908016963137e+00
1.347835092132923407e+00
2.808251344771414360e+00
2.784392251247493011e+00
2.757202495748286797e+00
2.794868646406786006e+00
2.781785342938670080e+00
2.790290741297553723e+00
2.777829220211560202e+00
2.859224212874801552e+00
2.877528138222395171e+00
2.366851913815435360e+00
2.296712292644691900e+00
2.177397486481891686e+00
7.088131264602394177e-01
7.410599574864300543e-01
2.300538635204530724e+00
2.428286064632319885e+00
2.737322116246049930e+00
2.817120328184808731e+00
4.104131112583330854e+00
4.570108510195556306e+00
4.436362234469020116e+00
4.761066817420946506e+00
4.786153588650491564e+00
5.338977651613851627e+00
5.498367434655940578e+00
4.082641355039468678e+00
3.796912040050107517e+00
3.646026327102702247e+00
3.840076061655857576e+00
4.019691505097450879e+00
3.892925224907672010e+00
3.578932923100320185e+00
3.596715838788774988e+00
4.179813592889063401e+00
3.882486942967771526e+00
3.507889048805490795e+00
2.456509654459041236e+00
9.935108757134225588e-01
1.276037489041335293e+00
2.000081691075390022e+00
2.724213896385458078e+00
2.576513978953441697e+00
1.974249845063209108e+00
1.900213642403212333e+00
1.621865746851362866e+00
1.580684251715894550e+00
1.795223374096005520e+00
2.097317031430427914e+00
2.248018493712213850e+00
1.930531758019252475e+00
1.740204173318725900e+00
9.708088517001709494e-01
1.028394875856208257e+00
1.023754193265636436e+00
4.242304840036201785e-01
3.747652174143405457e-01
3.124033473314148934e-01
3.622185364478713865e-01
4.421485410408599881e-01
5.892353891426311829e-01
1.134326841744339065e+00
7.064328890257494109e-01
1.061341439909289086e+00
7.397274707186881626e-01
1.018707371813487583e+00
1.049777469209110192e+00
2.870965367029586268e+00
2.844522002346393297e+00
2.785110365389709131e+00
2.830119047648443242e+00
2.820267723006522065e+00
2.820070388973094921e+00
2.821112003114965461e+00
2.820694817636712148e+00
2.820710555190202751e+00
2.820703983986007302e+00
2.820698184027437883e+00
2.821171087602215799e+00
2.820200663418204190e+00
2.821260290487978217e+00
2.832894111147553406e+00
2.795963432108572011e+00
2.894576895364675106e+00
2.991332167514249463e+00
1.430732706988503633e+00
1.376881939315139691e+00
1.156091319682586160e+00
1.125678385905779066e+00
1.127454275328109823e+00
1.094087697592731834e+00
1.033516071280766058e+00
9.379454199196026742e-01
9.500324132589254011e-01
1.077164645322795655e+00
1.074883228981100780e+00
1.076688245483221396e+00
1.025619057917449561e+00
1.013829556526902431e+00
9.910171135064296255e-01
1.016485743621897031e+00
1.041073829722992894e+00
1.040644774198165701e+00
1.041546864012448337e+00
1.035977204612795299e+00
1.003316315587753804e+00
9.861660722352637576e-01
4.833318815305090443e-01
4.979402853663246198e-01
5.354544237372111937e-01
5.227602879813185721e-01
5.219030460521569825e-01
6.492952011988557537e-01
6.543339050614527252e-01
6.573948511770040248e-01
6.583261807690055090e-01
6.582572777659768670e-01
6.582789513362634626e-01
6.582809529725396347e-01
6.582799046032021817e-01
6.582800284105313482e-01
6.582800081952766558e-01
6.582800081074553500e-01
6.582800083940912872e-01
6.582800083500611743e-01
6.582800083563551397e-01
6.582800083560741422e-01
6.582800083561028970e-01
6.582800083560291782e-01
6.582800083560125248e-01
6.582800083560654825e-01
6.582800083560866877e-01
6.582800083560460536e-01
6.582800083560536031e-01
6.582800083560607085e-01
6.582800083560308435e-01
6.582800083576278993e-01
6.582800083248013800e-01
6.582800084693023468e-01
6.582800094478076236e-01
6.582799931440962427e-01
6.582801156804870546e-01
6.582801506481452680e-01
6.582755524614961606e-01
6.582951301129931210e-01
6.582450708675234852e-01
6.578091537019382651e-01
6.598930215438736369e-01
6.499349833113217123e-01
6.416679783361038947e-01
9.425081019054396547e-01
9.551734626619444724e-01
