8.553536243841272646e-02
1.319292081554125917e-01
4.560502641675276414e-01
5.067678667289308159e-01
4.165588184739094091e-01
3.437816775766515676e-01
3.279257835514494124e-01
3.269882489285710903e-01
3.265945115712600155e-01
3.265867295409540239e-01
3.266003966901969702e-01
3.266003966902058520e-01
3.266003966902064626e-01
3.266003966902050193e-01
3.266003966901884215e-01
3.266003966902133460e-01
3.266003966902003008e-01
3.266003966902134570e-01
3.266003966901863675e-01
3.266003966901856459e-01
3.266003966902009670e-01
3.266003966901994127e-01
3.266003966901920852e-01
3.266003966902200073e-01
3.266003966901962485e-01
3.266003966902108480e-01
3.266003966901898092e-01
3.266003966902003564e-01
3.266003966901922517e-01
3.265932624299870413e-01
3.266308175197564778e-01
3.268223420822278791e-01
3.260891842870888291e-01
3.331885163618586443e-01
3.364161919913327692e-01
1.942970206349819984e-01
1.906113910003347234e-01
1.839029421333055747e-01
1.831070769247882257e-01
1.818207586967804934e-01
1.856693536093551311e-01
1.283056960798189261e-01
1.293200509635603623e-01
1.209779231762481144e-01
1.531356144328654134e-01
1.805227867630078697e-01
2.446745162173339858e-02
8.268744499416530447e-03
-7.880328624111926361e-02
-1.116964648298723883e-01
-1.081349834219440531e-01
-1.212634272636340382e-01
-5.392534068430862582e-02
-6.165739329884465519e-02
-4.731012541383253917e-02
-5.084840183376840989e-02
-5.013096832188269208e-02
-5.068818813291336989e-02
7.323673025746500753e-02
1.039284851777411561e-01
-1.189376285089843860e-01
-2.439226188843448828e-01
-5.124563428431483381e-01
-5.476966466482534601e-01
-4.194720334295479192e-01
-1.028469142317428364e+00
-9.895515627782892620e-01
-1.035526078822718743e+00
-1.076976708224635537e+00
-1.055056003922289154e+00
-1.057170335802723571e+00
-1.056311997760892796e+00
-1.055819616213516943e+00
-1.058077655980739218e+00
-1.081948647586441270e+00
-1.036568663654555245e+00
-9.752075881713938577e-01
-9.521911170542772807e-01
-3.876631857520702606e-01
-3.943623165005194497e-01
-3.682531174067861790e-01
-3.060280908647542986e-01
-3.524491514752998711e-01
-2.953571858386971893e-01
-3.151066941752794781e-01
-2.726419757488390827e-01
-3.055303921744315088e-01
-3.333795968589685632e-01
-2.660526447154543117e-01
-2.345942446943472814e-01
-1.615655459904153657e-01
-1.399216880847576616e-01
-1.181990465473286983e-01
-1.422574130188170860e-01
-8.725818417668203264e-02
1.704599449344430806e-01
1.834549744781852065e-01
7.319152465160906618e-02
1.761097577355671961e-01
1.741751077038324880e-01
5.615885294618623916e-03
-8.408975548965126612e-02
-1.924330919929227723e-01
-1.787152097855710664e-01
-6.704893199472540533e-02
-4.425918372371439452e-02
-2.637678777109037781e-02
4.437144044706699264e-02
7.551022550660135835e-02
2.506465978479423956e-02
-4.429167631523626275e-02
2.823224813371193534e-02
-6.769663698115470363e-02
-1.699475834897532234e-01
-2.704357836757172451e-01
-2.983192635525863667e-01
-2.825578489214193301e-01
-1.191419700911615087e-01
-1.496966906423635446e-01
-2.218760119250292318e-01
-3.055544301422851161e-01
-2.594397325044662805e-01
-1.910809450391599551e-01
-1.624126497750456866e-02
-9.943193728941833454e-03
1.166837263289421597e-02
8.266520994658001220e-02
2.994001399359172977e-01
2.935284621816083295e-01
1.525896766671032967e-01
1.537191841933565895e-01
1.525982782281834205e-01
3.036290199713910232e-01
2.928177247660013749e-01
5.732786142006205754e-04
-1.894946620121905623e-01
-2.118149477078699883e-01
-3.792470248373284170e-01
-3.221194752122304439e-01
-3.238629730767978998e-01
-2.939228843178918194e-01
-1.424598368015616012e-01
-9.878317815403234170e-02
-4.566525119837625685e-02
-2.538922094333726648e-02
-5.856392361153798035e-03
-6.200977045195647103e-02
-2.588264693771314406e-01
-3.020378198112282364e-01
-3.554725039115529395e-01
-3.037418458390185316e-01
-2.216525583813649392e-01
-2.182892790221989676e-01
-1.877217087005099705e-01
-1.789251484704799111e-01
-1.873387648030754860e-01
-1.873387648030757358e-01
-1.873387648030524488e-01
-1.896182421668981821e-01
-1.930092955495503471e-01
-1.844099761989605735e-01
-1.573164210404599805e-01
-1.131475368890135780e-01
-4.406420145064725291e-02
3.305167293029882825e-02
3.796945606605183626e-02
-1.354859421865021729e-01
-1.338650473111933081e-01
-1.679913938127016448e-01
-1.711639391422296319e-01
-1.515158035530881631e-01
-1.512329678315818271e-01
-4.283620342707348400e-02
-7.703467035792191386e-02
-3.525358910478129659e-02
-8.622286939033972641e-02
-3.756332054775798901e-02
-5.434165038220588329e-02
-1.047602500241323620e-01
-2.828291457631126327e-01
-2.848627900701622417e-01
-2.115414119930287551e-01
-1.411534409235322696e-01
8.194786236062670537e-02
8.744806292018714178e-02
-2.473935954656946920e-02
-2.336601883450324310e-02
-6.438388199111902410e-02
-2.551208473339212635e-01
-3.091122282311412062e-01
-1.916836150817006756e-01
9.046954842826623877e-03
-1.920121078806981407e-02
-8.470943408702788502e-02
-6.063861739548605245e-02
-6.140408636334558634e-02
-6.161846215635718993e-02
-6.104859451705114265e-02
-6.880148404677551011e-02
-5.813028286916550186e-02
3.031767219565470808e-02
2.726989386995691544e-02
-1.087347635744033815e-03
3.778211209767615673e-03
6.355594081407077434e-02
6.124270011242194389e-02
4.433966438384817632e-02
4.451144611290507730e-02
4.465255816946078066e-02
4.862850986453604724e-02
5.714151525872681464e-02
1.311762304451858929e-01
1.293136311498744306e-01
1.123833561424913974e-01
1.126915850428670124e-01
1.125263500461872040e-01
1.123575844061883988e-01
1.127632373371560554e-01
1.134085856272361720e-01
1.129747135404804426e-01
2.121730199252482296e-01
2.248712490341076009e-01
1.139319700178988565e-01
3.603625242941790180e-02
-2.005239375269840252e-01
-1.385062997433577914e-01
4.126329407881233757e-02
7.297206433579103702e-02
2.844672295164161341e-02
-3.313583667898364893e-02
-5.080862484314817573e-01
-6.532914050647531390e-01
-1.802150373972749298e-01
-5.405100151595385038e-02
-1.220818948462188275e-01
-1.899290504159487775e-02
1.351624472372157763e-02
1.879025789096908441e-02
6.508092952379126994e-02
1.759736305792425071e-01
1.739501550117357465e-01
-2.744374060930640166e-02
-1.510836667025008684e-01
-1.340845653575970242e-01
-4.638270365126063999e-02
-9.825527160957354955e-02
-9.037988831871539286e-02
-8.100344746478328750e-02
-8.711954547486297495e-02
-1.302569385650600379e-03
-1.887917504368437707e-02
-3.182070203641488293e-01
-3.913653609374160292e-01
-3.216056182703320721e-01
-2.651173737302064959e-01
-2.112668641395386293e-01
-1.983158479861866219e-01
-3.873869385486018446e-01
-3.007024598895557399e-01
-5.609334164643664522e-02
2.765223677201972263e-02
-8.957194989669726992e-02
-2.614938197900648631e-02
-5.366206533030415393e-02
1.752463617363224091e-01
1.765793055607913775e-01
2.046136127359125118e-02
-7.127809242301386128e-02
-1.453460165375468072e-01
-1.950227435450846980e-01
-2.101681920799339798e-01
-1.999936562237420445e-01
-1.805676157217649680e-01
-1.880230873241337808e-01
-1.655172631979484332e-01
-1.646525689070851839e-01
-2.188246549850606515e-01
-2.483613554581367566e-01
-2.628226158110658073e-01
-3.029061541936983737e-01
-3.273794852208474215e-01
-2.575552711711997511e-01
-2.425482614754545796e-01
-2.030257330674433980e-01
-2.587303848233394321e-01
-2.749198828826336927e-01
-2.554320378769229238e-01
-2.000551415770495667e-01
-1.831219302586220565e-01
-2.160531244828924405e-02
4.246732304371630962e-02
3.936278388341922507e-02
7.670294189719055467e-02
1.355870729059545365e-01
4.845967906327401653e-02
-1.295836851216655150e-01
-1.731704437242231054e-01
-1.384048527599018863e-01
-8.916889955944018453e-02
1.108592094077519158e-01
1.787828568728702661e-01
1.697351681263252199e-01
1.361748914356171458e-01
2.038558573178936295e-01
8.382563098155995651e-02
-2.000027403198557097e-01
-2.772782712450496123e-01
-2.652950520947933155e-01
-2.239111863287834570e-01
-1.931186506625166555e-01
-1.527980866283208949e-01
4.481148129043922845e-02
6.275774320608429324e-02
-1.647914533497297357e-02
-1.620866965072615198e-02
1.340134058421669494e-01
1.052275429628527631e-01
-8.399888173756168974e-02
-3.695083542220057304e-01
-2.668184453191462802e-01
-2.222582705315147844e-01
-1.122546685539992928e-01
-1.899582834633132544e-01
-1.875151912451030189e-01
-7.133091231031665758e-02
-1.178124301899328430e-01
-1.948248732352703960e-01
-2.807308209979190172e-01
-2.471670895563080617e-01
-2.573250627664911971e-01
-2.882708112884816987e-01
-2.020474472992919712e-01
9.173514080706056395e-02
1.215681413358871005e-01
-5.102744490088485796e-02
-1.515387010302263471e-01
-1.202677666514037069e-01
-1.352268220829120626e-01
-8.010487902473605037e-02
-6.948170089895014390e-02
-1.566600274688444427e-01
-1.180484545392041784e-01
-8.523115355368584764e-03
2.496799105079919312e-02
-7.473432039075417199e-02
-7.760208677654567566e-02
3.256023095495916980e-02
-8.608110010124958578e-02
-2.237071841916411230e-01
-1.127689912196061378e-01
-4.344598449173452115e-02
-1.471390074631717393e-01
-2.456934442929937235e-01
-1.148395297004619481e-01
-4.827497874462408078e-02
-7.011300455190042080e-02
-1.608762881336193995e-01
-4.717551074402888678e-01
-3.618410854226504769e-01
3.038824286857186308e-03
-7.684632446620016932e-02
-2.048429850742185532e-01
-1.877317843225251026e-01
-2.518600599702204290e-01
-2.029933682228427794e-01
-2.222052309943961246e-01
-2.846725130294019968e-01
-2.700238995247399854e-01
-1.161408250479555593e-01
-1.045356185634467722e-01
-1.640813529522707481e-01
-6.072793338772802113e-02
-6.656739153969626344e-02
-3.908921735096771433e-01
-4.413008182523098233e-01
-4.269097693712735619e-01
-4.970073964595573268e-01
-4.787934778753495935e-01
-3.069751474261916968e-01
-2.537467154639333478e-01
-1.484129208280351997e-01
-4.653504836446799298e-02
4.957041596901348018e-02
3.668214703505050939e-02
5.081628709918363518e-02
3.290070238238156086e-02
-3.102505537281109380e-02
-8.828243272416091969e-02
-3.384794591308221828e-02
1.151965112499744176e-01
1.228103870330411046e-01
8.545978084680817821e-02
8.542409425989956617e-02
1.197880869155289324e-01
1.245473280501336460e-01
-4.193134721902170431e-02
-6.550332939739456073e-02
-4.679778980560711510e-02
-5.000670309347099440e-02
-2.240957828842770616e-01
-3.365547127543522810e-01
-2.832746380994407009e-01
-1.237068984636479213e-01
-1.599300140539881565e-01
-2.818388168843143915e-01
-2.961756719555829753e-01
-1.452106948122875718e-01
2.683709152644725079e-02
2.325649213123396133e-02
-2.911853751390370421e-02
1.105319548680136835e-02
1.305053659157502377e-01
2.962424362672473332e-01
2.149652214956535023e-01
2.000038422872927116e-02
-1.325852737773180745e-01
-1.507774253655329300e-01
-1.543213921297736380e-01
-1.577440678712473121e-01
-8.896380846461057756e-02
-9.563731290845094157e-02
2.892577775532754678e-02
-3.557178110722408748e-02
-1.250312826526007448e-01
-2.870322728784900912e-01
-2.889825307266581378e-01
-4.165689553742782381e-01
-3.711121351991475970e-01
-2.893491091389394643e-01
-2.916276149840250076e-01
-2.804113503205893920e-01
-2.777302122466318024e-01
-2.837694864837837505e-01
-2.861720119967931519e-01
-2.720629815599910351e-01
-2.484340653473827709e-01
-1.762291525883191157e-01
-4.218485263265764340e-02
-3.935207987529541762e-02
-1.400319702104955988e-01
-1.016403875708094678e-01
-1.751424620603790616e-01
-1.344983115597198076e-01
-1.886757689519384384e-01
-2.934960486841358684e-01
-3.483101633228266603e-01
-2.145810622026741443e-01
-2.357143333558206211e-01
-2.278603978131846508e-01
-2.067155341566647431e-01
-2.904504956491614220e-01
-2.682045987938928566e-01
-1.513801564526902066e-01
-4.432080838023302882e-02
-1.891215908568217446e-02
-5.276946063312602797e-03
-2.040922502835824937e-02
-1.134479238915488963e-01
-1.137114280129650074e-01
-1.360276100407932509e-01
-1.372031147249176408e-01
-1.662404365845842613e-01
-1.837304351298713612e-01
-2.214659949307242193e-01
-3.803740307408094434e-01
-4.019450160669375549e-01
-3.273483348526279313e-01
-3.451947985861265056e-01
-3.158857402509880896e-01
-3.013017461733882296e-01
-3.094094382851954039e-01
-3.281882744126376483e-01
-3.281911170867789496e-01
-3.461887118050832601e-01
-3.915199742781761416e-01
-2.616184755294511666e-01
-1.986176565118494552e-01
-4.328064039710732835e-02
-3.859560363699695434e-02
-2.079394406267066897e-01
-1.687353563827000691e-01
7.298144426779562544e-03
8.165921634255449146e-02
2.729561433092801970e-01
2.391081036716921626e-01
-2.680993556427345159e-01
-4.086990960439068621e-01
-3.120768862633711560e-01
-3.262673111979159102e-01
-2.363523800569164446e-01
-6.226645910664695138e-02
-2.489232259140108927e-02
-6.725551149551307895e-02
-6.621579872281255219e-02
-5.092241636337079685e-02
-4.867427425460280760e-02
2.980997982911097813e-02
2.218206674731332262e-02
1.732717051118664447e-02
1.759859391755955529e-02
1.751099383670550597e-02
1.748731774485620324e-02
1.798384708565025844e-02
3.489177288455740100e-02
4.309654411403055635e-02
1.554117598798301081e-01
1.471970643958649405e-01
1.308073230924575447e-01
1.312852804124962636e-01
1.311068343997809638e-01
1.311709480919463766e-01
1.309435876021183831e-01
1.460686424130588634e-01
1.457355229221345416e-01
9.713525011309295798e-02
8.954064069870013021e-02
9.001549787967581817e-02
8.981598149737453352e-02
8.982194118886419054e-02
8.958717932297173558e-02
9.042083072012060962e-02
8.714280053929555903e-02
9.074454734649295418e-02
3.222711652044540354e-01
3.240227204089221602e-01
3.174507116549015739e-01
3.187016592451792363e-01
3.184428101773856268e-01
3.184005100943733124e-01
3.184078868892909475e-01
3.184078868892925018e-01
3.184078868892932790e-01
3.184078868892945002e-01
3.184078868892940006e-01
3.184078868892873393e-01
3.184078868892920022e-01
3.184078868892927794e-01
3.184078868892954439e-01
3.184078868892914471e-01
3.184078868892892822e-01
3.184078868892933900e-01
3.184078868892926129e-01
3.184078868892941117e-01
3.184078868892916692e-01
3.184078868892918357e-01
3.184078868892935565e-01
3.184078868892933900e-01
3.184078868892923908e-01
3.184078868892918357e-01
3.184078868892970537e-01
3.184078868892906145e-01
3.184054101618903898e-01
3.184183615875530449e-01
3.185185934552664522e-01
3.180712801452008076e-01
3.205027363725798661e-01
3.209356948179281632e-01
2.363139456309112096e-01
2.347381602350872287e-01
