-5.387325927076637780e-03
-5.411922772130090334e-03
-1.562247909590288621e-03
-1.854032347010026649e-03
-4.395264037697875492e-03
-3.927100845782089539e-03
-4.418958975202088961e-03
-4.967586818470878275e-03
-4.841789801469138441e-03
-5.160178403987398729e-03
-5.241077474150118709e-03
-5.268734769285353045e-03
-5.384567355723353377e-03
-5.395950038385294995e-03
-5.432759590568750699e-03
-5.465882644726782411e-03
-5.473537201427990280e-03
-5.493368622611980411e-03
-5.503669309972485275e-03
-5.511007546074166846e-03
-5.521801222792008593e-03
-5.528394456717929811e-03
-5.536890428339880967e-03
-5.549102768180410976e-03
-5.557760818959635481e-03
-5.576415999198724126e-03
-5.598843081752301158e-03
-5.615718871754872728e-03
-5.670895307524509779e-03
-5.704932035141474164e-03
-5.761767629484428228e-03
-5.909711292856141898e-03
-5.929572874276561011e-03
-6.181054532263018444e-03
-6.457789829976324884e-03
-6.443844758672961914e-03
-7.435722328357170959e-03
-7.640578251882151721e-03
-8.157398716177988174e-03
-8.699247065045292299e-03
-9.277221170169843920e-03
-9.337446778020862259e-03
-1.077267372021632405e-02
-1.117900072121597727e-02
-1.142156874397643948e-02
-1.566445279419132613e-02
-1.320898028228092644e-02
-1.881803585170253174e-02
-1.830762727015682739e-02
-1.550005664065895288e-02
-2.770366416457673356e-02
-1.376560965765528249e-02
-2.467010288879237234e-02
-4.155131695430556993e-02
-2.872742901660552475e-02
-7.110484771118107117e-02
-5.534939065178542950e-02
-4.879154291030454033e-02
-5.938956476684799368e-02
-4.418403378078122890e-02
-6.145566086725853805e-02
-6.736266769789545084e-02
-7.122710495301957934e-02
-8.505878010050957339e-02
-8.332057418815116967e-02
-9.179280333419931326e-02
-7.732427850563367011e-02
-6.568595764852058760e-02
-6.309637378432871035e-02
-6.687006018101937510e-02
-7.967189490721421352e-02
-8.167502046445641872e-02
-7.905133936150257612e-02
-8.330628392803476889e-02
-7.978592599893058468e-02
-7.584076890214719313e-02
-7.634465938964843379e-02
-6.590923380431448764e-02
-6.030435809213552378e-02
-5.682286788919933135e-02
-2.921525829501100610e-02
-1.873975504654928209e-02
-1.019959017864349379e-02
1.263958349091326948e-02
1.920626023997429321e-02
2.027708559572390795e-02
3.570760324715514106e-02
4.109492922197573173e-02
7.366970602124045531e-02
6.546624713469893775e-02
6.123717409633114978e-02
5.546246323524565980e-02
3.992501831382099658e-02
3.812201308948527656e-02
2.336815836117550615e-02
1.560622995866133011e-02
1.455641109496962765e-02
1.396811420689105486e-03
3.718614991964620982e-03
-6.417708478927486478e-03
-2.194294115925712885e-02
-1.770048273230491465e-02
-1.764481020255923016e-02
-1.696313671017980458e-04
2.463491230619906103e-02
3.674924265104921595e-02
6.304418881397710894e-02
6.126643618547611414e-02
7.035855079500077935e-02
1.072607280635295146e-01
1.101265553746648973e-01
1.289457517719093116e-01
1.410722049765574804e-01
1.418938789854611027e-01
1.591706572542554154e-01
1.604817844479834443e-01
1.633602920672098113e-01
1.871777419659263753e-01
1.930007229618483366e-01
2.266313064118439802e-01
2.531635771446695271e-01
2.723342346352438659e-01
2.855675399058325015e-01
2.822825406546304317e-01
2.813931616589825935e-01
2.727102914352619312e-01
2.592460442554700983e-01
2.323248077928501965e-01
2.012455836285065858e-01
1.635645637662391794e-01
1.040020175152042703e-01
7.127839297555246811e-02
5.861909185934433691e-02
3.566143162000680322e-02
3.316472415597446904e-02
2.387699708061582354e-02
1.963422785740671569e-02
1.745658299424693999e-02
3.144769514469345981e-03
-5.756656312845852058e-04
-6.418765167206070058e-03
-2.103041004397456296e-02
-2.389470863672014597e-02
-2.774505306344410283e-02
-3.378890822124896304e-02
-3.584343338739574836e-02
-3.843213230631120636e-02
-4.219977828832362915e-02
-4.383609938974668274e-02
-4.365236079712621342e-02
-4.658514194660724750e-02
-4.867119734653208019e-02
-5.697877124132650489e-02
-5.856982898131391641e-02
-7.062239553648080870e-02
-8.535974438781512852e-02
-8.778570133547829168e-02
-1.256499401272829497e-01
-1.464316943139265248e-01
-1.741775983100598002e-01
-2.681152348670217678e-01
-2.777695252285138361e-01
-3.137399763373713291e-01
-3.296288936201364761e-01
-3.256433560173015995e-01
-3.432620717509640706e-01
-3.223830820607270775e-01
-3.147152840930735884e-01
-3.071337333921548840e-01
-2.722698450081904031e-01
-2.647075526755432451e-01
-2.493531234241720962e-01
-2.432898470712938632e-01
-2.426033731105513014e-01
-2.355674797562470890e-01
-2.327967878330412521e-01
-2.222415997757614947e-01
-2.119102796505104580e-01
-2.034056683474707583e-01
-1.879914079754477219e-01
-1.709044559562080401e-01
-1.517936524140948706e-01
-1.491409358213652003e-01
-1.338788538683425566e-01
-1.293639299357388917e-01
-1.345743712109400414e-01
-1.316452910512361796e-01
-1.241705192392998924e-01
-1.280749181812416981e-01
-1.120070803980214857e-01
-1.014899307253730315e-01
-8.646318229975172298e-02
-6.538479085730461438e-02
-5.698227890851221417e-02
-3.488017430294215737e-02
-2.754486678575483044e-02
-1.472747484264846224e-02
5.578858448741458396e-04
3.939239305106549162e-03
2.102169832110742376e-02
2.736627379034435592e-02
3.518777502636087628e-02
5.506670012206647813e-02
6.005361694774782877e-02
7.122602248457160501e-02
8.403674852855649857e-02
8.187013413327397238e-02
9.436922057232016714e-02
9.157052548303809547e-02
8.223638840260834304e-02
7.914776369391224309e-02
5.118515140525776302e-02
3.765599347879827058e-02
1.929123042769429267e-02
7.277189744919243357e-03
-2.632773497864168439e-03
-1.384584738380926008e-02
-2.158100436303696246e-02
-2.917837785033929390e-02
-2.562263896517922787e-02
-1.969360401590737608e-02
-1.283243224456182691e-02
-1.393942173981067845e-02
-1.883397565030979839e-02
-1.335836783975780616e-02
-1.908831596472756673e-02
-6.561353916160563883e-03
2.012797882278367576e-02
4.531303908077323472e-02
5.611281603018173497e-02
5.151743188673145457e-02
4.146072442530188140e-02
2.209363577966099584e-02
-1.432857181072080474e-02
-3.740401501181968985e-02
-4.642018090312567680e-02
-7.637668434814630369e-02
-7.888905147273247986e-02
-9.033529719357677457e-02
-9.575240119827543861e-02
-9.566974679930570491e-02
-1.027370360724335768e-01
-1.012640070646900758e-01
-1.113764208682850587e-01
-1.164216611316507555e-01
-9.936360682375988684e-02
-9.374462371754252454e-02
-7.598539872091210345e-02
-4.304502844415357410e-02
-3.531803358165089973e-02
-2.943168644007426032e-02
-1.616924884415136751e-02
-1.608822972797844739e-02
-2.642541714212378462e-02
-2.688977816254403685e-02
-2.542374540633459551e-02
-3.323925656682824581e-02
-2.890784209092669282e-02
-3.034731574513110236e-02
-4.297831109237974095e-02
-4.080862115375614302e-02
-4.349069321974428914e-02
-4.830838972480425153e-02
-4.593298961973915628e-02
-5.152674460630092546e-02
-4.840045912684493024e-02
-5.270201045237256354e-02
-5.806063348414085279e-02
-5.831520212970398021e-02
-5.839949047116335668e-02
-4.668303294923344116e-02
-4.429135664745247059e-02
-4.013695739432526777e-02
-3.261717850119717765e-02
-3.159255654448860778e-02
-2.470955317672605261e-02
-1.949731664097632475e-02
-1.823367312932667322e-02
-5.166560460786125131e-03
2.072205466005015261e-04
-8.872056605794615552e-03
-4.459695516429681636e-03
7.634250099521754096e-03
6.982148117549691856e-03
1.765297356539682894e-02
2.360227762850210242e-02
2.648531254025789788e-02
4.288217868377752762e-02
4.592214762151655694e-02
5.080216465427769834e-02
5.595083250174935630e-02
5.548910434894704230e-02
6.630275493786896845e-02
6.351966428836820777e-02
7.210368779307836651e-02
8.437205284850801679e-02
9.384070727419527302e-02
1.112442536527901288e-01
1.161282666523761609e-01
1.275330135040853574e-01
1.307423365092683643e-01
1.267517889647908347e-01
1.246830339020759126e-01
1.189037763351252219e-01
1.109856860525439276e-01
9.897628623649103174e-02
8.789787863805226253e-02
6.487971989731458611e-02
4.549547482313936325e-02
2.247337216818053388e-02
3.602995188357155723e-03
-9.746463772580035018e-03
-2.790397080232415172e-02
-3.016135802970211152e-02
-4.233038984653090392e-02
-5.001239755842590284e-02
-5.559734491192622891e-02
-4.066442771961283065e-02
-2.030508143378348396e-02
1.029999797753165585e-03
-1.244830168840021980e-03
-3.285053281413591666e-03
-7.384229191597247582e-03
-4.685507007904988509e-03
-6.606791876183563082e-03
-6.660938570797254009e-03
2.699969512509185678e-03
3.536616093474245076e-03
8.727797469637324501e-03
1.280703752875545290e-02
1.547701900134580005e-02
2.030150300607611383e-02
2.409036617354224155e-02
2.945655452374382893e-02
3.580719459139457966e-02
4.292264206123696385e-02
5.531600424597372945e-02
5.594012366647729828e-02
4.689352095023458650e-02
5.696912556000425371e-02
4.267118590647418774e-02
6.584283349606373514e-02
1.063964604252245760e-01
1.229104787899931717e-01
1.573558625797745747e-01
1.812226431203714516e-01
1.953944170365992106e-01
2.173794253509264696e-01
2.137814282333685423e-01
2.051959896473706801e-01
1.913160617222094129e-01
1.611188609480719292e-01
1.282912795084370505e-01
1.058023694892623323e-01
7.344248320275879871e-02
3.873637810241606361e-02
2.074938918912085789e-02
-1.171863227056253905e-02
-2.678142057296057157e-02
-3.388175909936544383e-02
-5.283660890160823270e-02
-4.566315947485891785e-02
-4.780041767885365861e-02
-5.026483651562708987e-02
-3.040281258259885933e-02
-1.702529003467891447e-02
-7.883325758010683790e-03
-1.902482483482612280e-03
-2.792564578869351308e-03
1.645162416457978489e-03
1.274942725945793108e-03
1.376580197000733512e-03
3.910488096893024144e-03
2.569945028671862322e-03
6.781518883674403017e-03
8.783785322183676122e-03
8.605332264431992187e-03
1.383796770244317270e-02
1.323149550112155855e-02
1.525486821058018132e-02
1.911723352273126536e-02
1.001119739862026993e-02
3.506075075854911752e-03
5.081080982795158595e-03
2.303852812239888526e-02
1.360426604865866938e-02
1.487785609364518889e-02
1.659626632575253793e-02
2.930515484430354714e-02
4.095251564576742748e-02
4.349435284856022210e-02
6.592917408540265034e-02
6.196275217035730060e-02
6.867372842878938233e-02
7.614114413332967457e-02
7.516425204397514381e-02
8.075775292927460380e-02
8.220505283459675350e-02
8.322486567192480256e-02
8.546872740364609700e-02
8.549086136971346950e-02
8.633545382183070716e-02
8.602699000472191493e-02
8.593997976982782616e-02
8.515743394306568570e-02
8.322462243491936251e-02
8.332431393023756461e-02
7.895711988466527775e-02
7.734569614384244340e-02
7.593775981159514576e-02
6.479601482499498799e-02
6.336196568420099373e-02
5.519128859085468269e-02
4.956916521737649711e-02
4.720485377357725582e-02
3.862375406394130684e-02
3.644021073662415122e-02
3.326032496103256686e-02
3.110050529742536957e-02
3.393362487735959027e-02
3.223013223766167668e-02
3.200149229709341875e-02
3.257458657301664368e-02
3.202014648733983448e-02
2.971368308940957118e-02
2.940387130391284437e-02
2.565512719237898406e-02
2.389459417273224681e-02
2.289116404705496613e-02
1.922650758806614124e-02
1.716242857191092874e-02
1.618060439289600513e-02
7.792642554221792389e-03
7.070511040331540868e-03
5.242943429683056406e-03
2.258822799355283528e-03
2.129573663278862446e-03
1.465020848849501794e-03
1.024457665421688122e-03
1.173718758231883773e-03
8.582528679252047913e-04
8.216732453959188411e-04
7.951003003692535317e-04
6.928377745061156754e-04
6.938214478391317285e-04
6.593989012003176635e-04
6.343007898446736828e-04
6.305312489452589769e-04
6.141385593918449867e-04
6.084032180655377228e-04
6.040990179971046517e-04
5.982604541059155035e-04
5.963850410353544254e-04
5.938024084332779121e-04
5.917277696374241124e-04
5.907334953274694404e-04
5.891823553068992973e-04
5.879616101959402345e-04
5.872821247217257373e-04
5.851025624631636061e-04
5.840979738019641977e-04
5.826544179577917981e-04
5.773062983943077217e-04
5.781689624927605119e-04
5.701494098087315924e-04
5.603933469162662891e-04
5.665798241462814905e-04
5.300517136967754228e-04
5.323770868475086789e-04
5.285380724344980160e-04
4.155368197160432941e-04
5.131878945731540697e-04
3.529277467461629019e-04
1.778327166106385602e-04
5.296206922425887326e-04
-4.650833105637978016e-04
-7.734951459366575270e-04
