5.630679914446782425e-02
8.124782202807319387e-02
2.545685351521617124e-01
2.802233008557651894e-01
2.352296990793387166e-01
2.005047324514896423e-01
1.904302477974225416e-01
1.884247675311070680e-01
1.875825239691921165e-01
1.875658774285528518e-01
1.875951128268492640e-01
1.875951128268688595e-01
1.875951128268523171e-01
1.875951128268532608e-01
1.875951128268688872e-01
1.875951128268508183e-01
1.875951128268529000e-01
1.875951128268515955e-01
1.875951128268494861e-01
1.875951128268504020e-01
1.875951128268573687e-01
1.875951128268508183e-01
1.875951128268544821e-01
1.875951128268478207e-01
1.875951128268527890e-01
1.875951128268542600e-01
1.875951128268476265e-01
1.875951128268522616e-01
1.875951128268580070e-01
1.875798519311626944e-01
1.876601860218707618e-01
1.880698762041587424e-01
1.865015784001813615e-01
1.892417731902504840e-01
1.914383239472634279e-01
1.154318346281858060e-01
1.137708975088201069e-01
1.088363949135978809e-01
1.071339596846801329e-01
1.062334349350691765e-01
1.084114448872730008e-01
7.718118150016262113e-02
7.790821154647739610e-02
7.248672583671333935e-02
7.859257062831916107e-02
7.606887885785718062e-02
2.802599165820130606e-02
2.402532620009235204e-02
2.913475086306334741e-02
-6.487319995259947444e-03
-9.925108203866390977e-03
-7.626272469577361282e-03
9.825904736619841401e-03
1.922189902871892370e-02
4.032436604357607368e-02
6.765390838182473721e-02
1.189321706408852375e-01
1.278691899024188006e-01
5.033324715448418696e-02
5.017625571518101457e-04
2.972608072556469014e-02
-8.616163541005592008e-02
-9.446449043658422529e-02
-7.666960196151477447e-02
-5.765589750604598052e-02
-4.705787973607175600e-02
1.067401835735932655e-02
6.063366024176621016e-02
3.296214723876092489e-02
5.257896103837021717e-02
2.224549655752840194e-03
-1.728781850338749482e-02
-8.522648916081493331e-02
-1.158105570400550302e-02
-3.752731082734303558e-02
-6.278900483788657505e-02
-1.028973539979233243e-01
-2.067019866665106842e-01
-2.284047259494950688e-01
-2.030499279253342726e-01
-1.720006321134564531e-01
-2.081586532752855156e-01
-2.112014254629282495e-01
-1.098657831147129005e-01
-6.976172969982964711e-02
-9.226264597995521843e-02
-1.250323867040470660e-01
-1.169373110529285387e-01
-1.355018779802227014e-01
-1.200348205478139751e-01
-8.334330932644466727e-02
-6.924233105811040956e-02
-8.653304427533269061e-02
-1.077710303545690168e-01
-9.253398960308635568e-02
7.766424487333717722e-03
2.264817844069543645e-02
-1.007401980054545634e-02
-5.198209226401737278e-03
7.313477820602410327e-03
1.368137983348622355e-01
1.366365959074664904e-01
1.114054841517240213e-01
1.529598130561944380e-01
1.797006375874801998e-01
1.650707859955831414e-01
9.362651503922658769e-02
-1.893316954594717882e-01
-2.025135730744266616e-01
-3.635655400907548962e-02
4.403338403029118456e-03
2.677163887611394566e-02
4.659473312346448792e-02
1.837002892899837481e-02
-2.069171584954316093e-02
1.826967809874832649e-02
-3.663617956192794650e-02
-9.437059132107171455e-02
-1.458128159817176639e-01
-1.523335346704974558e-01
-1.514324885610760230e-01
-8.654408370707847298e-02
-1.047007691034110843e-01
-1.494481341557174214e-01
-1.793647420687904392e-01
-1.527574968316041948e-01
-1.431135342404942223e-01
-1.131172480805252012e-01
-4.898580262590097878e-02
-1.100697444586042767e-02
4.849068494954125036e-02
8.047892571577863752e-02
4.057825418545665808e-02
4.152101795123191996e-02
7.343546521500914082e-02
4.068789712533005254e-02
-5.361186803548878901e-03
-5.105191075213291046e-02
-2.652516803969092590e-02
-3.245347874279481265e-02
-8.912788879154448507e-02
-1.016283342123975447e-01
-2.096731559515229160e-01
-2.733485694949442379e-01
-3.268928990342540031e-01
-3.003821230203916892e-01
-1.267200794386292573e-01
-1.406612711864474452e-01
-2.368838846332354392e-02
1.011111313351837487e-01
1.351057074039156425e-01
5.950321761252400782e-02
8.576481234882452065e-02
-4.904428050104710224e-02
-7.035155307114407397e-02
-1.144341546035133744e-01
-2.865489771078248010e-02
4.866067920814984987e-03
6.775758508233790771e-03
3.444149836476945170e-02
9.955353960138238478e-02
1.004406360019509947e-01
4.640310514747644777e-02
1.031512402199802059e-01
1.008409253651626480e-01
6.121890507589151757e-03
-4.256019777348785116e-02
-1.032301348101981736e-01
-9.718257880620576050e-02
-3.460992815856563792e-02
-4.516501362055816426e-02
-3.648779687971952235e-02
9.208822341068038930e-02
1.235099465013917291e-01
1.288053481380749266e-01
9.219649995605114223e-02
-1.095690175158700458e-01
-1.491408868015979272e-01
-1.762005757745377932e-01
-1.271006820239632684e-01
1.708741513157811462e-02
5.083350905254442609e-02
7.061922490345656778e-02
1.278401341541774913e-02
-1.696207233045523288e-01
-2.095938335094603977e-01
-1.469227549337088490e-01
-1.640734291214154261e-01
-2.018377580829653906e-01
-2.369817570753793567e-01
-1.464747219053951499e-01
-9.690329825745011560e-02
-5.982163708065049018e-02
4.151419384492902737e-02
2.246197480915474165e-01
2.155335833039984939e-01
1.529293956139453625e-01
1.830939541331352560e-01
1.665286224977653440e-01
9.240045823424732074e-02
-1.358741801453071940e-01
-2.383182147913985305e-01
-1.178785482775496496e-01
-6.764584479805234307e-02
3.490190225952735648e-02
1.741361088138393409e-02
-8.847476453654092021e-02
-1.462773404438304226e-01
-2.550793327565198387e-01
-3.306368726337487463e-01
-2.391318799317689314e-01
-1.543597252485779947e-01
-4.280338883444943787e-02
1.328707989772311138e-03
1.059303455621285889e-01
5.883792480574888406e-02
6.678005799645994611e-02
6.194771848405701553e-04
-5.165504136567111715e-02
-1.214312156030793594e-01
-9.187400543058550639e-02
-6.123352359483031498e-02
-2.240709337929912282e-01
-2.407371744674794978e-01
-2.633652380993099507e-01
-3.099024119886291118e-01
-3.041160924864966253e-01
-3.753624813616951439e-01
-2.984436247631860328e-01
-9.977182877533391503e-02
8.131057351168941710e-03
-5.947607136027296265e-02
-1.799961012279361131e-02
6.064595816863194155e-02
7.685192472206033021e-02
-8.381472745855600426e-02
-1.664004723526975038e-01
-1.131763185414585704e-01
-1.657977026714118340e-01
-1.008819613459585041e+00
-1.026589999819724319e+00
-4.423355635349450754e-01
-1.992958156495043820e-01
-1.330204546031543700e+00
-2.074251616940214760e+00
-1.246097421781769299e+00
-1.164717622999305924e+00
-1.247465775941779320e+00
-1.289529543958831459e+00
-1.281981328959021171e+00
-1.709875444986840076e+00
-7.588948152581391771e-01
3.782617487824424529e-02
-3.822683135170842350e-01
-1.203301043539848347e+00
-9.569962772195204082e-01
-1.554684781335256005e-01
1.682533454100713366e-01
-1.690968521743836106e-01
-2.154305987358716423e-01
-1.916408095103758202e-01
-1.690625181174909009e-01
-1.608451027889672702e-01
-1.779320681674935734e-01
-1.786586612911871541e-01
-1.702515738333034434e-01
-1.755526827072435569e-01
-1.259828248128679329e-01
-1.211310374162613557e-01
-1.089305731585125531e-01
-9.242216178862874831e-02
-3.247209410395658462e-03
9.169402933238587211e-03
1.521547657705854192e-02
2.235371869324678101e-02
1.184955960014518091e-02
3.875120003504261244e-03
8.744430486906762390e-03
2.079784205625553190e-02
3.430284690088560712e-02
1.818313349311967073e-02
-2.032870709575469031e-02
1.768110877128493616e-02
-4.016945087273787046e-02
-9.674072375991563111e-02
-2.489389989589734509e-01
-2.420266097936953631e-01
-1.665915110266961152e-01
-7.691690086565269868e-02
-5.217321117343934334e-02
-3.444760066559618417e-02
-1.178014768037172894e-02
5.985101184908935001e-03
2.120819829666838185e-02
-3.032174664673190773e-02
-7.968330891995031862e-02
-2.485125365940303241e-02
4.150919508357273080e-02
5.431836707852723267e-03
-3.555385813764931624e-02
-5.680833927071817641e-02
-6.898737322239306691e-02
-1.213784114750900422e-01
-9.541675735067697839e-02
-9.501513675040629270e-02
-1.256232656114469881e-01
-2.291580555676434872e-01
-1.687226479656021016e-01
-2.593374080170552515e-02
9.121825861182189521e-02
6.441177886857687995e-02
5.713003668680705083e-02
2.221253136372450948e-02
-2.408693193271699631e-02
-2.421202830476321469e-02
-2.615170122499388405e-02
-2.042595488042448643e-02
-2.292456591928248785e-02
-6.467779352427706352e-02
-1.276586915832343128e-01
-1.709352487221671157e-01
-7.784742700116902003e-02
-5.929884202621530515e-02
2.209752622793727988e-04
1.992314493470004680e-03
2.955014649422040181e-03
3.667357788756529270e-03
3.444027212778971638e-03
5.832827599665237235e-03
1.216069127654918758e-02
4.254727171091388788e-02
1.573599297648402562e-01
1.504193537123379165e-01
3.706873855523917793e-02
4.661402033851567636e-03
-1.810418376917843561e-02
-2.535574217279698908e-02
-3.291806367731972549e-02
-2.826995839945600081e-02
-3.693757275179281735e-02
-1.728909326583124434e-02
-3.594554606018925125e-02
-1.150969724686991269e-01
-1.387502321248105797e-01
-1.782616939329573214e-01
-1.393600918799486610e-01
-1.034278022906805761e-01
-1.083905920743883922e-01
-6.887660269472353769e-02
-6.410871754253442967e-02
9.641259791015106828e-03
9.833589670701416152e-02
1.433221944773299394e-01
2.073609470241467856e-01
1.979515244747917513e-01
1.716201210276452893e-01
1.430429790661406353e-01
6.486968651204741421e-02
-1.848102594852727223e-02
-1.076616084266862061e-01
-2.539090728521384288e-02
9.849668793332337635e-02
7.823864067607262662e-02
-4.152171561282527734e-02
-4.377894591391456869e-03
2.236240106755073287e-02
-4.946497086563389489e-02
-1.773200206063619278e-01
-9.758882055329054506e-02
8.362631774466458556e-02
2.822781452631167864e-01
4.389819169407693789e-01
1.267666252064530708e-01
2.606842610933843285e-02
-1.475806628202298021e-01
-2.814603629607459467e-02
-8.381375580125088876e-02
3.946877373244875309e-02
2.012909994906218469e-01
2.511130497467004008e-01
1.738434636536710653e-01
1.296542941164471052e-01
1.463035871584138503e-01
1.309089492035862556e-01
1.350876256775155326e-01
1.084663852546807888e-01
1.188904879985473173e-01
5.502192694923774274e-02
1.369912043188260264e-01
1.260690216135945119e-01
-4.191814389766679305e-02
-5.663514919260076441e-02
-4.426138733204239284e-02
-6.894541781804282288e-02
-6.816985917692784669e-02
-6.723754393647490835e-02
-5.528800861045915505e-02
-3.280738176193815497e-02
-2.703597063640147957e-02
3.032175441738265906e-02
1.989671254074985851e-02
8.406209711596461867e-03
9.097343598088768538e-03
8.478835711399526631e-03
8.339752272143452494e-03
8.392529502055247337e-03
8.392529502055646323e-03
8.415087526343966590e-03
8.361932581607934428e-03
8.307229734103182064e-03
7.771546966997275492e-03
2.004509293606787125e-03
-3.564843344899252652e-03
-3.386186971127310569e-02
-3.127189489871539524e-02
-1.994368206261984411e-02
-2.055549962227197838e-02
-2.019922316657319153e-02
-2.885766653211612950e-02
-3.449797464658318352e-02
-2.617680481864330735e-02
-2.196330237818552508e-02
-1.066980231772527571e-02
-1.108599602589875610e-02
-1.088426116423611353e-02
-3.502028545721293934e-02
-4.163433229196708552e-02
-4.220760560272546896e-02
-3.055873265719476206e-02
-1.628220326051261352e-02
-1.615728782352522999e-02
-1.554310543029946770e-02
-1.535171774861058408e-02
-1.404072335531493347e-02
-7.323651839836169825e-04
6.667578704885442076e-03
8.608180751218987015e-02
8.014788807101198842e-02
6.528899763827092362e-02
6.654686047209959487e-02
6.605259851813261029e-02
6.623088423835050975e-02
6.597757924926248019e-02
8.200564997457862604e-02
8.376661566879060883e-02
6.756793730206339665e-02
5.913060567262554135e-02
5.665094135766078620e-02
5.676049860239763128e-02
5.829479880812125925e-02
1.828269385448182960e-01
1.828497717133152622e-01
1.809109141386823771e-01
1.835868160682924966e-01
1.830331120399391054e-01
1.829426279344261164e-01
1.829584076360828426e-01
1.829584076360835088e-01
1.829584076360866451e-01
1.829584076360867007e-01
1.829584076360816491e-01
1.829584076360819545e-01
1.829584076360833700e-01
1.829584076360849521e-01
1.829584076360836475e-01
1.829584076360838141e-01
1.829584076360810385e-01
1.829531096686208558e-01
1.829808140626245638e-01
1.831952200459759650e-01
1.822383721661390565e-01
1.833704880886806166e-01
1.834974349898126356e-01
1.376888606211291721e-01
1.370768297585089612e-01
