1.075426313032201708e-03
1.141881979982999453e-03
1.750524837354740498e-03
1.327484172576622132e-03
2.542765232661972803e-03
3.133434748365125123e-03
4.334535337282656269e-03
4.778280276743457344e-03
5.214655381391930522e-03
5.636834002383687287e-03
5.816257069929078177e-03
6.033831274791935650e-03
6.175922041860828528e-03
6.264153637061818831e-03
6.354384394500114247e-03
6.405872615515703465e-03
6.447398832216966365e-03
6.480838506458600802e-03
6.500630743065028208e-03
6.516376461141723704e-03
6.526526457396823050e-03
6.531328969850984552e-03
6.531177085413456679e-03
6.530304634835591877e-03
6.520495730197726353e-03
6.506526984051583598e-03
6.495487636501861943e-03
6.454812008712625115e-03
6.429842963108404509e-03
6.386667848888411339e-03
6.276015023490302824e-03
6.260884484555119533e-03
6.072468267736249106e-03
5.871075419371306683e-03
5.881867268913114691e-03
5.182737367473867068e-03
5.278193455894001837e-03
5.332328661461059431e-03
5.097304880790878151e-03
5.549400503668019957e-03
5.340243456267107156e-03
5.530424556912026841e-03
6.250240921275887832e-03
5.123947814331330890e-03
6.679075600193340803e-03
7.010419414931002256e-03
3.634087850705614280e-03
5.092332589896954829e-03
-7.167136783723061712e-05
-4.684151353382102773e-04
2.794391086480035608e-03
3.533555051037937621e-03
7.219015205307183214e-03
1.114053475770082277e-02
1.129235871329918595e-02
1.460949535251560363e-02
1.549777289480266072e-02
1.495355268449369626e-02
1.645135359330811634e-02
1.476879065707776759e-02
1.206475307297309035e-02
9.091335179261587213e-03
3.668731535899477300e-03
-3.371796486522646644e-03
-8.601211735669984232e-03
-1.231541376637424259e-02
-1.521337750286690625e-02
-1.578417632093748885e-02
-1.868692520354592324e-02
-1.938367938362060838e-02
-2.164192832490616225e-02
-2.414777724497001524e-02
-2.509953923100094464e-02
-2.952952086955709654e-02
-3.064987619226260118e-02
-3.418892984966318688e-02
-3.884660776231936563e-02
-3.906871227109420808e-02
-4.598418230722365468e-02
-4.630838407979857851e-02
-4.618433642870609090e-02
-4.974649062492421392e-02
-4.543439730634650509e-02
-4.629219067341450861e-02
-4.440728836341132496e-02
-3.673149636916511751e-02
-3.552096413028131561e-02
-2.438254626906314129e-02
-1.796832753260744348e-02
-1.355956512036112817e-02
-1.849993690579073606e-03
1.453060367087672484e-03
5.295422811604673374e-03
7.181203641126212601e-03
9.718634978149995329e-03
5.264059049998455649e-03
6.220400312423148177e-03
7.529984253773640973e-03
5.845840214541460703e-03
7.563939798899676874e-03
1.281557325606425858e-02
1.156769873067000146e-02
1.987900353949346652e-02
2.024890924203301759e-02
1.496311677972544073e-02
1.606947650948653203e-02
1.432239802280431927e-02
1.198977574763876452e-02
1.460393053550554376e-02
1.096083760096251171e-02
1.466015054216962543e-02
1.225609234075133655e-02
4.849491239033145752e-03
-5.542639644018556178e-04
-1.107515435661773733e-02
-1.482642639589211095e-02
-2.062888669445207823e-02
-2.444718536261272085e-02
-2.398949043023928043e-02
-2.797344713364662352e-02
-2.558866705948126957e-02
-2.125402729832714596e-02
-2.142207718476467695e-02
-1.086998297295826109e-02
-7.494753137337042612e-03
-2.558032430708658423e-03
3.215400416931160806e-03
-5.274508874538748728e-04
1.887477778450964531e-03
3.427622277700393023e-03
2.202326458300207356e-03
7.605482602638130585e-03
9.974185125539596075e-03
1.137953913445118211e-02
2.996914628373632816e-02
3.433506213392372580e-02
4.294024551907556220e-02
5.656430093401567522e-02
5.675696193789144667e-02
6.615776624131547434e-02
6.703689269802992623e-02
6.705175300804333549e-02
6.832401145462783931e-02
5.998089061032894215e-02
5.846228434464384449e-02
5.392738034491800780e-02
4.981812446704850239e-02
4.869032437623493220e-02
4.481659215824042308e-02
3.866076185827568151e-02
3.612597334936888671e-02
3.188232861186219430e-02
2.815124767875770706e-02
2.606947667162574922e-02
2.259178444942837316e-02
2.040258835476309318e-02
1.873686437897245302e-02
1.612581503188961068e-02
1.508693621560203840e-02
1.386099822619683147e-02
1.192463211853553480e-02
1.228260793890991777e-02
1.095775919897458602e-02
1.051860571504827785e-02
1.270416786231093331e-02
1.230558290683273631e-02
1.699791075993785372e-02
1.810178097239221323e-02
1.943817391816592480e-02
2.175992625421429433e-02
2.198354913076936562e-02
2.229981610388379748e-02
2.300587785706196403e-02
2.211958524350948058e-02
2.069210461974280157e-02
2.081671087526306557e-02
1.561942636596369734e-02
1.484276642268073793e-02
1.192986095021970547e-02
6.783523833585472854e-03
7.612289518066494599e-03
1.602309934682312129e-03
2.925955624600649462e-04
5.691734441036663296e-03
6.207689016200453047e-03
1.256243403812502650e-02
1.617002599567778087e-02
1.537031530442829752e-02
2.314446969277622959e-02
1.947566159238781416e-02
1.598226023688797959e-02
1.501472114889624600e-02
8.227598759798832387e-03
1.359285596331753429e-02
1.147379502703808375e-02
1.344502003230588043e-02
1.397320921869859775e-02
1.675423229073868744e-02
1.901271325553824040e-02
1.815990094719442324e-02
3.021100327798914922e-02
3.174723690049832681e-02
2.907319773761370477e-02
3.261989551521663616e-02
3.052132329043510256e-02
3.065332327499549828e-02
3.044371770158089616e-02
2.954074910530755244e-02
2.829983053357162937e-02
2.707299484398852443e-02
2.642264333089261105e-02
2.150087865120398067e-02
2.061567578409650298e-02
1.862691307490652037e-02
1.555272494172270197e-02
1.523831954121147858e-02
1.207734523344710167e-02
9.175586248244336010e-03
9.578119891851796797e-03
1.366797183651262924e-03
1.275202973911472321e-03
-1.929379377228253572e-03
-2.261176848691727817e-02
-2.479837531985308596e-02
-4.039562614356624615e-02
-4.464369407781715315e-02
-4.126952461053207122e-02
-4.497955981736645459e-02
-4.665700644164322286e-02
-4.410984651941500523e-02
-4.904415577836433726e-02
-4.888885687608315878e-02
-4.741357539855634018e-02
-4.566567470005373358e-02
-4.311411312481951835e-02
-4.289281480313779371e-02
-4.058604117069251893e-02
-3.974345341251304953e-02
-3.888795809183813457e-02
-3.626689368611806658e-02
-3.621470044136480826e-02
-3.300797233086308347e-02
-3.157147610567379026e-02
-2.901236016085246769e-02
-2.300548445105663267e-02
-2.575858368061120091e-02
-2.527429635746674536e-02
-2.108936375610881778e-02
-2.603905834696770838e-02
-2.812482204031946376e-02
-3.247200661532959748e-02
-4.507250690424172840e-02
-5.244666259424517196e-02
-6.562634101960987398e-02
-7.782827211401872891e-02
-8.691486694021208215e-02
-9.988156491943846194e-02
-1.136960894097736596e-01
-1.223221716113980923e-01
-1.366747154622395544e-01
-1.424845694723442524e-01
-1.508117499486620328e-01
-1.588461538205936385e-01
-1.635532892204366595e-01
-1.721525391505668579e-01
-1.759080765423238768e-01
-1.833331223644408814e-01
-1.887107445239777082e-01
-1.893260664627082479e-01
-1.956737753811071956e-01
-1.951879712168239633e-01
-1.962818616777413094e-01
-1.997682703063286269e-01
-1.943848473386488029e-01
-1.971363146048870918e-01
-1.925940295072068320e-01
-1.823587552898220387e-01
-1.776928716766558725e-01
-1.610369019149048009e-01
-1.506331947900850232e-01
-1.404265518588670714e-01
-1.234991845312056746e-01
-1.159968303582206428e-01
-1.057905948075684860e-01
-9.348148008381637619e-02
-8.833924190179830160e-02
-7.567703833081546039e-02
-5.625184913537652903e-02
-4.968139862556476827e-02
-2.650599297045410155e-02
-1.498443501738207922e-02
-1.260114003509099287e-02
-3.134702382008911544e-03
-1.796349094833702559e-03
-7.263796337094545735e-04
6.471763324042284493e-03
5.311090327416688461e-03
1.960666851935174981e-03
3.069099045088344128e-03
-9.573267145397282643e-04
-1.949033654231449369e-04
-2.022777936167854083e-03
-3.660724499879668657e-03
-2.940340898278388793e-03
-1.756937120804123948e-03
8.183087548354681454e-03
9.198244403068874669e-03
1.111751743593914279e-02
1.118617942058254544e-02
6.515174445814662409e-03
4.831688255228343450e-03
-6.892366564793220469e-03
-1.418032077132721884e-02
-2.322812550074888904e-02
-3.327809421492133185e-02
-4.221796580143425542e-02
-5.168154010568198203e-02
-6.011958911391934030e-02
-6.873543392009499875e-02
-7.414481248108571732e-02
-8.111019170067061690e-02
-8.429361445142789788e-02
-8.949987936262385202e-02
-9.095227374190671676e-02
-9.477837460443370998e-02
-9.611869217420418443e-02
-9.326315811158356062e-02
-9.445714824260961762e-02
-8.920554060419742803e-02
-8.761598272047084468e-02
-8.976228872475264242e-02
-8.526849919814959156e-02
-8.259355032026184651e-02
-8.006413256646079113e-02
-7.780306586307118855e-02
-7.741394436781362520e-02
-7.563215490964672605e-02
-7.570131404147281695e-02
-7.530352055597253069e-02
-7.323765585469454997e-02
-7.325477923358986176e-02
-6.988799046104761381e-02
-6.667060589623297062e-02
-6.184204273816290565e-02
-5.107690484536987763e-02
-4.513213697226509113e-02
-3.759326475054829142e-02
-3.791325280619124716e-02
-2.968811295876512199e-02
-3.478595118538217040e-02
-4.034846536016732654e-02
-5.273327670955511859e-02
-6.178652385251665741e-02
-6.694782468820091592e-02
-7.682883977621271510e-02
-8.146477301015730976e-02
-8.753323695066347887e-02
-9.562989469630749084e-02
-9.968168314167138999e-02
-1.030436430400041431e-01
-1.082030186178564168e-01
-1.109836944876762405e-01
-1.139697344858524725e-01
-1.166150173333106999e-01
-1.189447486802945736e-01
-1.206587584444441946e-01
-1.216069070374277278e-01
-1.223737759446295870e-01
-1.211760258294581061e-01
-1.194600948308154748e-01
-1.164392006883356451e-01
-1.133618190604728376e-01
-1.087948943705696198e-01
-1.079400981739499082e-01
-1.031714182150172410e-01
-9.705148928147984411e-02
-8.935958017142110743e-02
-8.031463815271910889e-02
-6.298513632370277004e-02
-5.375145447324259501e-02
-3.273603239494960598e-02
-2.094654838268331098e-02
-1.067986964903811647e-02
5.082262892882752695e-04
7.471201228229518848e-03
1.468071106428630972e-02
1.865427376559826780e-02
2.125643116992160034e-02
2.260560146101629406e-02
2.183641861586870653e-02
2.312832989840890238e-02
2.306222085690578724e-02
2.377643825156337473e-02
2.424709499631566567e-02
2.238608075792482971e-02
2.616182569096664814e-02
2.224311140938386652e-02
1.695260621484400917e-02
1.482447756183764842e-02
1.524805015697356129e-03
-6.328468790184082517e-04
-6.992285931746039691e-03
-8.989677622255991263e-03
-9.517367253888542669e-03
-1.266820937822936075e-02
-7.882063106785644480e-03
-7.126767501556461291e-03
-3.489591280951183545e-03
1.943716840380638189e-03
1.880617539829125854e-03
6.107443439152620245e-03
9.591530657501521132e-03
1.328512061925672498e-02
1.415981969200208294e-02
2.605353692276107455e-02
2.855515580100719333e-02
3.389328438552277611e-02
3.998247892058306302e-02
4.064847642767329544e-02
3.417102290263180492e-02
1.899655742792477620e-02
1.837358043321785268e-03
-8.727427903197679249e-03
-2.904762808493781961e-02
-4.001049027891236815e-02
-4.760290263710902775e-02
-5.997404754563272211e-02
-6.388952615211983266e-02
-7.008609907534864292e-02
-7.618686566241929248e-02
-7.948585984114737990e-02
-8.419301240954470134e-02
-8.809514570281733181e-02
-9.140765756876144399e-02
-9.364870020918021620e-02
-9.788361407812182224e-02
-9.786337045452869754e-02
-9.823316281033855901e-02
-9.762006763920019758e-02
-9.514905726001859909e-02
-9.470371370835113656e-02
-9.182988255873961170e-02
-8.953441287234556456e-02
-8.818663806045165532e-02
-8.378589808801058247e-02
-8.256344393564157835e-02
-8.174754695132918636e-02
-7.984319843855576526e-02
-8.074525907792516610e-02
-8.022529395161399901e-02
-8.112754209030755004e-02
-8.301691048232931469e-02
-8.454582528908083372e-02
-8.915522143539754418e-02
-9.056438851335160689e-02
-9.609868333145257790e-02
-9.763855745275427933e-02
-1.004161868446848405e-01
-1.031932161964946859e-01
-1.039594958664077223e-01
-1.065520890880899824e-01
-1.066261396669779815e-01
-1.079363565112319012e-01
-1.080427195775370969e-01
-1.064470468046833235e-01
-1.060283878906744526e-01
-1.044209793974931882e-01
-1.033812839509851700e-01
-1.018440212157624009e-01
-9.985132057082006518e-02
-9.900362825208572359e-02
-9.579150075021071464e-02
-9.488588034056054388e-02
-9.258974952903130384e-02
-8.919415421974230540e-02
-8.983727666397128830e-02
-8.570984871126338667e-02
-7.727131992478758482e-02
-7.179363312430285526e-02
-5.929062634967093709e-02
-5.092749557735176680e-02
-3.278676228441696622e-02
-2.682675001502974818e-02
-1.213799325921863410e-02
-9.030058738002874619e-03
-4.700477814238283349e-03
-1.120592854164436563e-03
-4.867266824972673808e-03
-3.551845789072811520e-03
-1.344585742053286403e-02
-2.771552372528927888e-02
-3.213759477277079724e-02
-3.768117581736567245e-02
-3.876905611730496054e-02
-4.374185985372106011e-02
-4.440521024834184066e-02
-3.340593280165735091e-02
-3.158050043535749057e-02
-2.311184433378582134e-02
-1.801738596820353852e-02
-1.343353137490487133e-02
-7.241903648709349314e-03
-3.947782578882424141e-03
3.217876689023656429e-03
5.803889296768046345e-03
1.073865994801466439e-02
1.199689784956403313e-02
1.124654284079561542e-02
1.302769222424525128e-02
1.262954206877013770e-02
1.294466450215567797e-02
1.296131118414339638e-02
1.259843433736623081e-02
1.278242424518910743e-02
1.116588379290282818e-02
1.109224213484062867e-02
1.079500359938081848e-02
1.029638962173682129e-02
1.023379409239837980e-02
9.992685739894903441e-03
9.802279615469786794e-03
9.623853985147120052e-03
9.536979182765093974e-03
9.215068083053522263e-03
9.199861583172331755e-03
9.103819166949177547e-03
9.016571633539832709e-03
9.003410553765949648e-03
8.952464679858026034e-03
8.930816268029136487e-03
8.917457559144061074e-03
8.898118909339444021e-03
8.891407524614411417e-03
8.883473203538728644e-03
8.877196195238103854e-03
8.874192787271596369e-03
8.871004405205117765e-03
8.868973558140010385e-03
8.867753989117380803e-03
8.867679339731168384e-03
8.866308790035038953e-03
8.867822985056004678e-03
8.869436814460951446e-03
8.866911255732280728e-03
8.876623585366236538e-03
8.873690764771315770e-03
8.874890304310694561e-03
8.903347641910992066e-03
8.872247065294176088e-03
8.918653338500136252e-03
8.951615980721092450e-03
8.855336976688178360e-03
9.098576158480557383e-03
8.946277783966734287e-03
8.914080057065666002e-03
9.610092373453728645e-03
8.548072951930749813e-03
9.728883290439579307e-03
1.033220797693104598e-02
