-2.036461063798297028e-02
-1.961422091532670497e-02
-2.028981958731430543e-02
-2.274179092084432918e-02
-1.985111772209049302e-02
-2.033824007962931751e-02
-2.069703663875982480e-02
-1.996269912867781535e-02
-2.032369918338843354e-02
-2.016830562365143353e-02
-2.004639919332457110e-02
-2.010855282979064074e-02
-1.995777272160613111e-02
-1.990540129220784438e-02
-1.979928097203578069e-02
-1.956535624631849241e-02
-1.944419818028671545e-02
-1.899391158702616253e-02
-1.850423606731443557e-02
-1.813465259337904145e-02
-1.659915274787446965e-02
-1.653830555859271342e-02
-1.540809257279052158e-02
-1.513140756051575483e-02
-1.396911433672970437e-02
-1.097612689640226416e-02
-1.229160028980082545e-02
-4.924265963979095051e-03
-2.146833461466072721e-03
-2.179083483087404342e-03
2.614300246730344099e-02
2.911911152391202795e-02
3.177890297038608175e-02
4.496065959400466494e-02
4.561719804042395354e-02
4.863874475931005692e-02
4.947783428323267868e-02
5.328839306352829708e-02
5.459413996220129073e-02
5.695953200184816767e-02
6.316131005958394717e-02
6.519235800534700642e-02
6.861250949813139932e-02
7.012755458517004603e-02
7.555648372166771931e-02
7.879075842582154710e-02
8.000405438326065044e-02
9.630394720781092210e-02
8.810628789323801668e-02
8.950772593885147899e-02
8.240740876511440383e-02
5.896948827268196774e-02
5.213467078062736237e-02
1.795411699505776448e-02
1.252840879489175441e-02
-3.982166985646211008e-03
-1.703478879418136166e-02
-1.396719203355738584e-02
-1.252738131217269457e-02
6.547509960366141614e-03
3.848090386121365281e-02
5.352545350305787375e-02
4.895350062366849581e-02
6.929770529955828207e-02
3.899677899169671363e-02
-1.734170668883869629e-02
-7.727477412564034975e-02
-7.562911096741348205e-02
-8.354329571616692096e-02
-5.849278524160886339e-02
-5.780068966747090031e-02
-3.806054838243899674e-02
-2.737033174895643628e-02
-2.040274238533518886e-02
-3.250184592681310859e-03
9.432036846563223581e-03
2.671267532522350954e-02
4.353631463234670929e-02
5.907609699721114854e-02
7.642735377530174290e-02
8.957502190157488886e-02
1.038123743619704248e-01
9.328779890191371549e-02
9.134774555974986554e-02
7.931504398192100458e-02
5.262457064456552841e-02
3.849166510768821381e-02
1.113496910667331752e-02
2.128389151456920592e-02
-7.866899043089983085e-03
-8.020274712094465838e-03
-1.677562614628750476e-02
-1.961829699238227392e-02
-9.395044826330169185e-03
-1.233007721398826986e-02
-1.038486672798688559e-02
1.359251128264584753e-02
1.056403379476625846e-02
-2.465877196709793744e-04
-5.238652203818012706e-03
1.410996507278291720e-03
-4.701111486340372493e-03
-4.091479961837721224e-02
-5.490002152167194893e-02
-3.946681533946207188e-02
-7.482660346568852094e-02
-5.807628024357126134e-02
-2.080009099561293956e-02
-2.692020043865893386e-03
3.378984685910652042e-02
6.068508570038946143e-02
9.083412855656580742e-02
1.256190221896515413e-01
1.417491554642582585e-01
1.601879398259518639e-01
1.801889751299605713e-01
1.429643850758840762e-01
1.378127292664794168e-01
8.396559707165301978e-02
8.896852650130504525e-02
8.609128633738488690e-02
8.649351464197259365e-02
1.110462444447251201e-01
1.081559654819736621e-01
8.661260085204841586e-02
7.668047578876881210e-02
4.159212219383832954e-02
4.117520572621177766e-02
3.235133421861870195e-02
5.124020026378559023e-02
6.680328604592045139e-02
7.600051033564483860e-02
8.261180426641567820e-02
9.727740844081114724e-02
9.991122675605915160e-02
9.577958648338685821e-02
1.010084212207712356e-01
9.886712646409032135e-02
9.971940751031871386e-02
1.010815795080159257e-01
9.868381600427345024e-02
1.026661026379301483e-01
9.924770423583059720e-02
9.739367713406799076e-02
9.685329114371996062e-02
7.012465177409352157e-02
6.628944633522473873e-02
4.701600516918777450e-02
-1.128036587464674965e-02
-4.789518474155823879e-02
-5.578072327219786575e-02
-3.581695668611143551e-02
-2.402564872289845652e-02
2.435549377944669878e-03
3.352253248517056416e-02
3.874358176880868948e-02
6.984064185265259628e-02
7.311270214177395532e-02
5.763042422172581780e-02
7.856431131534227785e-02
3.598821247049172056e-02
5.078069434677376370e-02
8.350640131788407416e-02
1.116055086350232622e-01
1.356753864349907190e-01
1.656650608980663186e-01
1.751235312254811050e-01
1.901582416881480997e-01
1.974150942414867882e-01
2.006160605272435948e-01
2.047045899465423924e-01
1.825534638595027181e-01
1.694723808331718429e-01
1.361613429469935299e-01
1.022686933005030607e-01
7.392229336725378297e-02
2.547079102341983856e-02
-1.620429996232603323e-02
-6.951616036051271041e-02
-9.247433284731032543e-02
-1.104136940044602999e-01
-1.284879774035473377e-01
-1.156541150335505669e-01
-1.178928010435285612e-01
-1.236745686767418695e-01
-9.734402347484330531e-02
-9.712840983619613899e-02
-7.347178665306486334e-02
-2.770079521798392980e-02
-2.506151992540162077e-02
1.415644026646538031e-02
2.107959752271947040e-02
-1.429276561717802464e-02
-3.977358202492882987e-03
-1.029481252224097657e-02
-1.481248701774458450e-02
-1.718268514660901622e-02
-2.441891770699154696e-02
-2.972186434059927856e-02
-5.415235323042387472e-02
-1.033745568183736807e-01
-1.456444819531433343e-01
-1.477209991800864652e-01
-1.713469483185395270e-01
-1.631264592690805926e-01
-1.629812017402084701e-01
-1.680307567654022449e-01
-1.490984353746710178e-01
-1.506006257888103383e-01
-1.369719261255302190e-01
-1.213901388138199783e-01
-1.012020105655363905e-01
-8.276546608090742940e-02
-5.950865431768133373e-02
-4.637995555739442277e-02
-2.168369209032281961e-02
-9.238474338638391625e-03
-6.330200385959647291e-04
1.521797633539423260e-03
2.638462346382043112e-03
1.549902218900704558e-03
-1.266975536743938230e-02
-2.287042827729189598e-02
-1.131054331278658065e-02
-2.440644515805331233e-02
-1.212182733943426016e-02
1.229563661366152999e-02
3.006425831591119993e-02
5.119359625999703178e-02
7.262134317140080120e-02
1.003572307716754930e-01
1.199935145344902254e-01
1.470692025331415964e-01
1.622988913086070017e-01
1.763744441770484506e-01
1.737810317168145546e-01
1.632238489678957405e-01
1.552046327880349519e-01
1.296119121688205644e-01
1.018616490514671069e-01
8.375268107472799706e-02
7.591938509049864225e-02
7.196456491460900828e-02
7.093592209679822069e-02
6.931825622543341670e-02
7.302980914828520465e-02
7.242254635568305676e-02
7.645284065277230257e-02
8.217800490907489763e-02
8.168993138003169396e-02
9.372572954242402998e-02
9.564506588719073887e-02
7.775299250936797135e-02
7.788994565298520967e-02
4.577457551242868072e-02
2.976143473246633392e-02
4.458438596919273023e-02
1.798870628648899239e-02
2.301474912436728137e-02
3.057211558362865622e-02
3.462562947133257518e-02
4.617878054579153957e-02
5.309600477375790023e-02
6.576280354625510527e-02
6.941849965681584633e-02
9.254637070991460213e-02
9.529395705959226026e-02
9.711352294213854153e-02
1.050513438742904510e-01
1.070529958624410194e-01
1.051842980680621209e-01
1.159556721933853174e-01
1.121831171977260011e-01
1.020513073449028363e-01
9.570657074702412781e-02
3.201796661157253060e-02
3.243237254654618429e-02
1.272854864928809823e-02
-1.040628506418074181e-02
-3.542300811457590320e-04
-4.753961118617571618e-03
-1.112010109892521206e-02
2.073375160733597136e-02
-2.902140855711230275e-02
-5.323523792071846450e-02
-9.166191161774568663e-02
-7.758666596842891949e-02
-1.657470076326415798e-02
-1.342518764911089773e-03
1.369124740813186178e-02
2.226231464021004997e-02
1.028989392356620403e-02
3.022786891820757396e-03
-1.911566093790819515e-02
-4.494679358851970397e-02
-6.200703154337261491e-02
-6.582980173176947170e-02
-8.741991089753076150e-02
-8.536471321126080924e-02
-6.897613867816851374e-02
-6.745989921358058750e-02
-3.701163169586807467e-02
-4.655339204112974444e-02
-6.780962396392838099e-02
-4.375427675094967217e-02
-2.518633797926654594e-03
6.082264001096769797e-03
4.732408407134716666e-02
5.811392909463639067e-02
7.544136847133779689e-02
1.150882468463426261e-01
1.219458077143471542e-01
1.398533219301998087e-01
1.559140383320934686e-01
1.560556593935764624e-01
1.679256373805517177e-01
1.697209655741885037e-01
1.684730368713218129e-01
1.708026467054174213e-01
1.663193029757704389e-01
1.584803022817077855e-01
1.525185384958097634e-01
1.382436089615490526e-01
1.169204686822269412e-01
9.907136180504119705e-02
1.129774985353718397e-01
1.049451932288245071e-01
1.175289225331056786e-01
1.359914348347327218e-01
1.388735994268336660e-01
1.642628936265286277e-01
1.717480862146651410e-01
1.540080124060352329e-01
1.576398377050821087e-01
1.284988162978416004e-01
8.065413917405034328e-02
6.514487215023419264e-02
3.880127939455178115e-02
2.199306169275699191e-02
9.361040059662515539e-03
2.299322013886861624e-03
7.796157674366777438e-03
2.179481689339397843e-02
2.350510101438733554e-02
2.961891280359385537e-02
2.991726867736119871e-02
3.676233492080345500e-02
4.407555054178213805e-02
1.904804921700622641e-02
1.867032915961613568e-02
-8.759527708220502668e-03
-7.051089453019540598e-02
-6.686013363759316097e-02
-1.060573580463640697e-01
-9.809844267496473091e-02
-7.355758305681657505e-02
-6.877247939714153935e-02
-7.597259601456046729e-03
-2.824395969442658472e-02
-1.392362331538535107e-02
-1.692528941489437888e-02
-9.814286743336404772e-02
-9.738302232022753857e-02
-1.081887138604949450e-01
-1.221285246757589787e-01
-1.367176116551609977e-01
-1.623026257546704709e-01
-1.737121318561336003e-01
-1.839775306174920022e-01
-1.933398216200911679e-01
-1.934040704953282619e-01
-1.957939157217514770e-01
-1.965789343169685732e-01
-1.951021898097144436e-01
-1.963459789648024645e-01
-1.947471153180332926e-01
-1.945804423738904110e-01
-1.944728126845802207e-01
-1.937079895269603891e-01
-1.941061163735407491e-01
-1.935366461929086956e-01
-1.934577579110147161e-01
-1.931858596051020394e-01
-1.927380085110733388e-01
-1.925535349807817043e-01
-1.917166349936979541e-01
-1.916350740686211251e-01
-1.905926408956247486e-01
-1.899278749781486697e-01
-1.895856730434790915e-01
-1.876193294536972755e-01
-1.876879574512541060e-01
-1.858325688440245482e-01
-1.839377477225473123e-01
-1.840494616989525878e-01
-1.797705899485604886e-01
-1.792266098710878219e-01
-1.763960261917413841e-01
-1.696522232146428777e-01
-1.679126382610857671e-01
-1.598919931756615509e-01
-1.592318535946575520e-01
-1.585355391361882860e-01
-1.552046385271241835e-01
-1.634083842772854622e-01
-1.624674191690909097e-01
-1.489402732035378651e-01
-1.394457836708475340e-01
-1.321454827606812765e-01
-1.097442973579502573e-01
-8.156954513258904416e-02
-7.468308738108085654e-02
-5.013413783935535828e-03
-3.520017183740046466e-03
7.866340001078371211e-03
2.727701959838371021e-02
2.526357511469769918e-02
3.493771121647903932e-02
3.870012287813578977e-02
4.062341298811748130e-02
4.558710147317210359e-02
4.701060506070436906e-02
5.260050439084621582e-02
5.483965736764631616e-02
6.114654539319404336e-02
7.169536030253934045e-02
7.267028691033539101e-02
9.594597114563416240e-02
9.662278154542236486e-02
9.922665939838012927e-02
1.057529535684099964e-01
1.068434365683117587e-01
1.084527663743703602e-01
1.124472201114964792e-01
1.161972792265822535e-01
1.135704309052792266e-01
1.277453814511193830e-01
1.250499039124770562e-01
1.197899549434283534e-01
1.273759611171871031e-01
1.000144223366551260e-01
1.221795758970572188e-01
1.150112019049618073e-01
1.129386102631241146e-01
1.183019202213917709e-01
1.136733837193306673e-01
1.131701220392298812e-01
1.128705212573463262e-01
1.091715986661921656e-01
1.039185472500155499e-01
1.040482325417023679e-01
9.118942387588550857e-02
8.274139666267210647e-02
8.125450632057917844e-02
3.611251482845621863e-02
3.227375608514634897e-02
1.710950813639320126e-02
-1.792813964637089913e-03
-6.381218069430664476e-03
-2.061527374538820248e-02
-4.059168391336191728e-02
-4.392705001277209115e-02
-7.135659092125053171e-02
-7.103675693191266460e-02
-6.667907631612454700e-02
-7.420419732968826232e-02
-6.925613024433295573e-02
-6.957781880169398858e-02
-6.957401454528946982e-02
-6.401952489481821384e-02
-6.378083752490801284e-02
-5.703459000522128480e-02
-4.768162933250350705e-02
-4.589833235749573442e-02
-2.278996800839890383e-02
-2.259040662703582295e-02
-2.361827868204325123e-02
-2.188794873230365950e-02
-2.381225221213381996e-02
-2.314173056309185364e-02
-2.319595833655534872e-02
-2.357742091227879935e-02
-2.332134377815025736e-02
-2.347428287225098581e-02
-2.349360232347990143e-02
-2.345093418735627253e-02
-2.350603862697964522e-02
-2.349014218721967237e-02
-2.349137878165222931e-02
-2.349971286323376471e-02
-2.349277785993137899e-02
-2.348665109375824497e-02
-2.348344623275998994e-02
-2.347442572660456486e-02
-2.344075221953922580e-02
-2.344795051887746049e-02
-2.338803270616251345e-02
-2.331685918611425476e-02
-2.335713036293021391e-02
-2.306294085675364078e-02
-2.307409830018275834e-02
-2.299816929765440693e-02
-2.203122102698862675e-02
-2.278113955574170846e-02
-2.120009642635978242e-02
-1.935116947153447606e-02
-2.051833490677397107e-02
