-2.016529996432913155e-03
-2.125266405161382530e-03
-3.887682696719524031e-03
-4.013469816486886325e-03
-4.457400945611209378e-03
-4.688506382668930668e-03
-4.638948137998021373e-03
-4.804299446430190280e-03
-4.825250652010950117e-03
-4.842527522421558386e-03
-4.887409952063722675e-03
-4.888200670762096571e-03
-4.893195776850588555e-03
-4.906313059809486177e-03
-4.894460911367178556e-03
-4.875461910295380077e-03
-4.899762767785760531e-03
-4.814794741037364129e-03
-4.809564502928513618e-03
-4.838804389567498421e-03
-4.463097986259113512e-03
-4.484354241585746491e-03
-4.109071375173114528e-03
-4.046311367887233182e-03
-3.916278460915571802e-03
-3.490386298108958361e-03
-3.698317884552570524e-03
-2.918758228544351876e-03
-2.406363342405509666e-03
-2.942753377035719695e-03
9.737196080124290928e-04
2.235155982956316990e-03
8.806815569360533936e-04
5.837772212761286640e-03
1.030306851562180423e-02
1.066237896376640015e-02
2.733461517834820040e-02
2.961528880597592145e-02
3.227506869920292870e-02
4.038733153573427492e-02
4.044908263608394672e-02
4.257061624186647686e-02
4.301881662402175233e-02
4.166576829943079152e-02
4.238954659773580547e-02
4.236670546696630346e-02
4.138172351267067200e-02
4.226448478132432962e-02
4.203108948111666798e-02
3.925393614717533064e-02
3.962432627799680751e-02
3.386241303625532606e-02
3.275732111376758460e-02
3.108610139931052008e-02
2.170957026521127056e-02
1.935680367676182595e-02
1.257608519993343339e-02
4.010878149515474493e-03
2.656572417596330619e-03
-1.366576284003679156e-02
-1.725098392288690330e-02
-2.063745235200896422e-02
-3.032732651933499682e-02
-2.015375007300609922e-02
-2.369599258531684266e-02
-1.525562148861367776e-02
6.872469876282295831e-03
1.311461086541251472e-02
3.712856800757736303e-02
4.514462350423616849e-02
5.805720832089153460e-02
6.568132759336511861e-02
6.149302734880648241e-02
6.978333457842658683e-02
6.609116781329436863e-02
6.644690232661398799e-02
6.861406159460553544e-02
5.999577945196102324e-02
5.970614901341844000e-02
6.465597370374842612e-02
5.896127599539269237e-02
6.620545765299398755e-02
6.568973740656268434e-02
6.398698080562416346e-02
5.340463900234290739e-02
4.237229221075795860e-02
3.345084043079112751e-02
1.919499120440477241e-02
-4.122746461849260274e-03
-1.737944848565102507e-02
-2.462798356352009430e-02
-3.606101032616819413e-02
-3.843353206312977166e-02
-4.173925669131998972e-02
-3.948717016647797229e-02
-4.154906018135966911e-02
-4.041433265218677406e-02
-2.954215653386570162e-02
-2.539764172103827974e-02
-1.948294528142027748e-02
-1.320030719479239022e-02
-4.673888923216566738e-03
-2.906670586182816783e-03
1.230340517914696875e-04
2.707271876890602908e-03
4.821673424636274338e-03
6.487638305905969391e-03
6.175069300852027362e-03
7.472584368755664889e-03
-9.472442843936938750e-03
-1.504449702010889067e-02
-1.058767742081030694e-02
-1.307329892072382413e-02
-8.878372788002058397e-03
-9.505556564914724449e-03
-1.240294428452569549e-02
-1.525120402262192948e-02
-1.684765037318698006e-02
-1.823428868388558138e-02
-1.196369304400721548e-02
-1.109192143214619147e-02
-8.814643847318226477e-03
-8.688091521522148600e-03
2.862974317642444800e-03
7.094552969155929617e-03
1.072556256873568453e-02
2.599872906446909146e-02
2.702339927186384397e-02
3.429815187691208356e-02
3.807615992459369159e-02
4.153882062185270535e-02
4.277574698879038628e-02
3.979571654167411709e-02
3.944584129171314207e-02
3.896173878450854416e-02
3.390641724246714478e-02
3.208106558401261493e-02
3.008966928026481080e-02
1.451329653083248752e-02
1.580895602218455182e-02
6.809273050309407917e-03
7.307965935704431072e-03
8.694527529759823320e-03
7.418901697177445430e-03
1.769052107720415351e-02
1.423837808874032183e-02
1.235640416982839926e-02
9.312387377081289899e-03
5.385904063342014311e-03
9.716730432115646895e-03
3.585893744732644196e-03
2.424760253312261554e-03
-5.921931633022908467e-03
-2.385215304092203406e-02
-3.408503072501597314e-02
-4.089929945898958946e-02
-4.603400393914512667e-02
-5.336165517983680606e-02
-5.123502032332504647e-02
-4.501946830813037537e-02
-4.139430747549457945e-02
-3.560921139508629873e-02
-3.196311812971197597e-02
-3.133360462822707554e-02
-2.956073030300980162e-02
-3.577487435687893430e-02
-3.756826823029136425e-02
-4.025187737026016815e-02
-3.791477172143369045e-02
-3.433140027267456845e-02
-3.155583286920578961e-02
-2.501207946132010321e-02
-1.979615026557309670e-02
-1.394591939168535535e-02
-1.654836010032580129e-02
-1.477697519622260883e-02
-1.719131455531454702e-02
-2.258574315321040804e-02
-2.267627756558253382e-02
-2.734852855556100387e-02
-2.755663807164128107e-02
-1.667907043868819411e-02
-1.819553864112636449e-02
-1.058283385276186268e-02
-1.025044403113406326e-02
-9.543851612788355546e-03
-7.346315372044985928e-03
-7.159268261570155174e-03
-1.913137726550833253e-03
2.526511167289206415e-04
5.386625344419889013e-04
2.656804363750002798e-03
2.140121891096087147e-03
5.890506043720485779e-03
6.724045947739652057e-03
8.477242119027915412e-03
1.028842695465232229e-02
6.458566362192222181e-03
4.931929673698891639e-03
4.702698906052089206e-03
-1.620245402176519710e-03
5.839648505553052591e-05
-1.645770266497778231e-03
-4.223577100102142781e-03
-7.407079167903872670e-04
3.045131366827122030e-04
8.128616222948756645e-03
5.866300110519299732e-04
2.816332644671105945e-03
-3.497379784611980534e-03
-1.129184182487756247e-02
-2.296790837542027428e-03
-1.555698683971717608e-02
-1.630003941072748555e-02
-1.873823933877651060e-02
-2.702266010178187156e-02
-1.363690622983959426e-02
-1.642603473130039432e-02
1.949405843529492324e-03
3.138391578788007896e-02
3.526149724114553685e-02
4.373710969350860789e-02
5.060593854813374287e-02
4.598051699328553621e-02
4.699731299306213889e-02
4.506330578232886630e-02
4.305127720037306427e-02
4.324489926414522983e-02
4.107920203351501931e-02
3.950999197026754117e-02
3.965398430083551251e-02
3.411605832797878768e-02
3.157228784912865377e-02
2.862673581793034883e-02
1.823873397423644849e-02
1.763555457374915703e-02
1.511574336234733362e-02
1.222096152314367315e-02
1.298629168662394917e-02
1.176186201847842332e-02
1.051824841135893390e-02
1.145493666627076836e-02
9.466739353008500960e-03
8.649243792750121659e-03
1.179595982437250945e-02
8.619639587997572627e-03
7.677012654353431234e-03
5.865824145039306471e-03
-1.406247565691720255e-02
-1.563949214069788526e-02
-1.376495766750527802e-02
-1.630005278697493551e-02
-9.918462744783480833e-03
-1.418573105765543949e-02
-1.545620583633695519e-02
-1.878392863520261108e-02
-2.604452567584321365e-02
-2.618296526170924704e-02
-2.439617933809346689e-02
-2.430051678188189374e-02
-1.378255036693760982e-02
-1.200095659917218768e-02
-4.858809968385522336e-03
-2.226957867857468944e-03
-2.584144294513535979e-04
2.521190787879183312e-03
4.215576273673799293e-03
5.987780730273718939e-03
1.521143530048139035e-03
-2.473918406772366522e-03
-8.929243011089035842e-03
-1.531770489316620562e-02
-1.760748322797077783e-02
-2.692071438576540410e-02
-2.835815139299650497e-02
-2.297757654896225021e-02
-2.739823599456830613e-02
-1.948102422767226255e-02
-3.030918347022770395e-03
5.208274905463583168e-03
2.000444534170923647e-02
2.860383138028571928e-02
3.746868423330120684e-02
3.923973295449177667e-02
3.890060142790689734e-02
4.225935763364819381e-02
4.382693382641933422e-02
4.699174295928391920e-02
5.273569897854266109e-02
5.482212192494530234e-02
6.165018819332433037e-02
6.334904412521119577e-02
6.115585646042420026e-02
6.278156859441379190e-02
6.103995563696084509e-02
5.963092539239366052e-02
5.767904724132887073e-02
5.668007837969523538e-02
5.168142090360870050e-02
4.896510937959008825e-02
4.522213593246889041e-02
3.191255787247933295e-02
2.530227756291613186e-02
1.916870012599199841e-02
9.570893349538716136e-03
7.236982410827642181e-03
7.669918826273472781e-03
7.140423123349477243e-03
1.863110282322922445e-02
3.419831003602898101e-02
4.378636751241965497e-02
4.559205363664860233e-02
4.645498569932873800e-02
4.548313330060434895e-02
4.424542540663211482e-02
4.434822368019600974e-02
4.283490311117600646e-02
4.306653654379460905e-02
4.219682173409577269e-02
3.942394411111744407e-02
3.749443715661691934e-02
3.260466907724177826e-02
3.170667064312858441e-02
2.452202890298861918e-02
2.300852035804187498e-02
2.283369319486452942e-02
2.041365554790433232e-02
1.612036943019414664e-02
1.213750833157515273e-02
1.349584743335268365e-02
-2.268438769651008515e-03
-1.926224942186676857e-04
1.190029326969374926e-02
1.233202468215580626e-02
2.229376251502166589e-02
2.670445576414206407e-02
3.121635321702975058e-02
3.426863263543226956e-02
4.160983030006343286e-02
4.089495039861088671e-02
4.018730456626266878e-02
4.454222307971271444e-02
3.668907487694401948e-02
4.085342221665205775e-02
3.908360506978115351e-02
1.721195444136715269e-02
2.220689951074985430e-02
1.582193082429126513e-02
1.599888865970268068e-02
3.321377449580053404e-02
3.601739625706891490e-02
3.981614806565116071e-02
4.832319779919728303e-02
4.841753189381768629e-02
5.298326840962003237e-02
5.704968290551692967e-02
5.853195605795653150e-02
6.146811299832659337e-02
6.557234756127111597e-02
6.407624086316641987e-02
6.689519118252958141e-02
6.666267428633471104e-02
6.395926906957431768e-02
6.687847699218343878e-02
6.086536473241746514e-02
5.943799791368947760e-02
5.708462534136043293e-02
4.284329598113990889e-02
3.786492745586388098e-02
2.583724307312258023e-02
1.394029575817593535e-02
1.297361502540935602e-02
9.537067586805517789e-04
-1.321847658824224577e-04
-3.192545499792435928e-03
-6.039194921779126451e-03
-9.132358838697125780e-03
-1.061635589815109783e-02
-9.446378599243817828e-03
-9.038096173974476122e-03
-7.933835966761263250e-03
-7.549154529672770682e-03
-7.172655310896960956e-03
-6.811996414221576160e-03
-6.452881235996995972e-03
-6.122993896502398545e-03
-5.764228047928366717e-03
-4.741780163567600563e-03
-4.464622129234521210e-03
-2.788294687493641632e-03
1.146262272692990120e-04
1.602630924541209936e-03
9.041191717754613194e-03
1.243015099204937239e-02
1.879531767314314428e-02
2.131915918676767496e-02
3.285861831074260442e-02
3.410188160900450710e-02
3.542209996141647277e-02
3.882882061551907321e-02
3.837168057963644130e-02
3.972246396585263351e-02
3.963514964241223598e-02
3.946672807447784009e-02
3.935786019349411108e-02
3.713290670358240092e-02
3.770813036645410954e-02
3.361856264971079672e-02
3.038115645840867504e-02
3.106235320721364296e-02
1.634080282592969766e-02
2.006348737076739386e-02
1.696612974721695838e-02
1.861834509897232134e-02
1.790361636746327922e-02
1.564122327740883819e-02
1.588001582118400701e-02
1.405362627281692492e-02
1.345941135479325652e-02
1.172706190137670461e-02
8.898209110594915844e-03
8.773727678167839855e-03
1.320976132929194960e-03
1.357400977718457771e-03
6.398865142685860414e-04
-1.299487911415968299e-03
-1.101779336996940549e-03
-1.786037913857853841e-03
-2.493767627428135954e-03
-2.439781446905469036e-03
-2.854319751115842393e-03
-2.785182981866753029e-03
-2.844658780302663538e-03
-2.926988655496811503e-03
-2.905709143424440536e-03
-2.943742911882804136e-03
-2.954214129972400175e-03
-2.954849571630370052e-03
-2.967176693636312639e-03
-2.967844436719373202e-03
-2.970400789024993989e-03
-2.973072844007709423e-03
-2.973404106266775565e-03
-2.973579651729771345e-03
-2.974024712070353228e-03
-2.973927257800018219e-03
-2.970135759436802990e-03
-2.972885036343848701e-03
-2.966684034142894055e-03
-2.958044112238971107e-03
-2.970539845374213679e-03
-2.930954840696887477e-03
-2.939352134038568983e-03
-2.951401966636494571e-03
-2.800523122005768844e-03
-2.961642689856791490e-03
-2.763335616815746926e-03
-2.406055853083172071e-03
-2.534619209576530283e-03
