-3.613209682670513907e-03
-4.046374941047199518e-03
-2.162247042050833082e-02
-2.633153759787511261e-02
-2.213307040618178040e-02
-1.971163016227142628e-02
-1.373693473635553657e-02
-1.307389828627953526e-02
-1.252437817167651249e-02
-1.228333836723229967e-02
-1.231452845705325282e-02
-1.231360972674421309e-02
-1.231347888065963125e-02
-1.231353453398610111e-02
-1.231036019157105352e-02
-1.234241848029009152e-02
-1.231646039763732367e-02
-1.252157060835471999e-02
-1.336657861722691416e-02
-1.281651948058252187e-02
-1.684050864468998945e-02
-1.639895779686615859e-02
-1.761181882207037142e-02
-1.789893056006356190e-02
-1.793246353491251624e-02
-1.788367521336133026e-02
-1.758462946285754142e-02
-1.797867488127768976e-02
-1.708907326612381719e-02
-1.702960899778853399e-02
-2.428659325364396215e-02
-3.070271793073725206e-02
-3.822853042850068300e-02
-3.345123779300841760e-02
-1.893443506802408582e-02
-1.570207759008833762e-02
1.010080246484753620e-02
1.083233700085293495e-02
2.575070731482454519e-03
1.066954349425546476e-02
1.012456226182921297e-02
5.359436147552590346e-03
2.101859830374846767e-03
1.598959348845629957e-03
1.172654159665267957e-03
1.079422094821477079e-03
2.065870059375940829e-03
1.355852521591241391e-03
6.496385745810304493e-03
2.507672934544084159e-02
2.645811070123533365e-02
1.444670980513267956e-02
2.240774456035961315e-02
1.914496565657076987e-02
-1.056188637381579899e-02
-2.011647384072892328e-02
-1.722382156724646188e-02
-4.491843643275070935e-03
-3.648048358993797452e-03
-3.151023993402456147e-02
-3.506098976831347608e-02
-2.272655705150849331e-02
-2.512279848567853385e-02
-3.152174051302073648e-02
-2.807052534022574236e-02
-3.543570168395440007e-02
-6.497737597177058455e-02
-7.534361049501420160e-02
-1.275351590507868282e-01
-1.314710574410605515e-01
-1.350643229624723107e-01
-1.312544723130673330e-01
-1.087118829857038477e-01
-9.691341445904998186e-02
-8.636561544644628940e-02
-7.250357355072306609e-02
-7.324199328710202794e-02
-8.110019648464526776e-02
-8.489524383764548987e-02
-1.027514564027191962e-01
-1.154865085669452979e-01
-1.222028369040853990e-01
-1.296945047576231747e-01
-1.293240874545137087e-01
-1.221331799041455168e-01
-1.146624089981335831e-01
-1.081214389576626994e-01
-1.058386559739297600e-01
-6.115278055527014617e-02
-5.571062449735929289e-02
-4.473150634044888857e-02
-3.665498526688264203e-02
-1.184915523735671598e-02
-1.287661408227857261e-02
-1.949310056388062207e-02
-1.098372909259780032e-02
-1.176085571856402487e-02
-2.825892514820199306e-02
-3.165079097231500438e-02
-3.342097763630677565e-02
-4.182964059260315531e-02
-3.173026461554288857e-02
-1.450977725072516086e-02
-1.070494947446190732e-02
-1.735815394311787316e-02
-1.860350342175037114e-02
-7.104126172173966594e-03
1.484838903687185629e-02
4.281880330791652117e-02
5.207571193950610855e-02
-2.982542091498086370e-03
-4.509053916324810146e-02
-8.738795787742627275e-02
-9.743094675667499094e-02
-7.655442505673645814e-02
-3.990758447635074646e-02
-3.640423418202373609e-03
-1.126382009633892026e-02
-1.591266902407317829e-02
-1.319010013753387119e-02
-1.623485040561203213e-02
-3.736549861621212693e-02
-4.002526121160485811e-02
-3.628420456198421656e-02
-3.882512784879727646e-02
-3.446294607373717733e-02
-1.228238428331856515e-02
-3.414557668711469800e-03
-8.401802315753520434e-03
9.359702831034917656e-04
-4.385170476764656267e-03
-4.978624474656561522e-03
-6.994434433610530188e-03
-3.654205988665825550e-02
-5.085423396464524431e-02
-5.529757725196467188e-02
-9.048025187940045289e-02
-8.739087409111699623e-02
-8.843179286472910294e-02
-8.507590071737079762e-02
-8.780827114511979836e-02
-5.280167878786292540e-02
-5.371029501863251732e-02
-4.629226979270478770e-02
-3.500617671064365499e-02
-3.935254618183294667e-02
-3.737157446284523205e-02
-3.735202079190393099e-02
-3.950972500179502495e-02
-3.979567892306271060e-02
-3.992720551650435351e-02
-4.237724045526076316e-02
-3.786297483446786349e-02
-3.533524674192411313e-02
-3.027399955525335307e-02
-2.842687222598949681e-02
9.341943403536347688e-04
2.064170770559686525e-03
-2.341001014471539958e-03
-9.745000387390358480e-04
-5.475999792852535852e-03
-3.462499108595168407e-02
-3.515220648107667684e-02
-2.812780341913057383e-02
-2.837759458034453883e-02
-2.687898041270067942e-02
-2.479934181639074919e-02
2.178134020845024464e-03
2.469083584116395398e-03
-1.135477164088502088e-03
3.004792560958187940e-04
4.885359928612494984e-04
2.982394099062851862e-04
9.540305726416420731e-03
1.270523788194465563e-02
1.053399008048453572e-02
4.037118100933110958e-03
-1.821307711584519221e-02
-1.952405259617078642e-02
-2.499529096915148463e-02
-2.624840247763806853e-02
-2.771400920762721876e-02
-2.348580585445201804e-02
-2.195077558673953072e-02
-2.331946299263231229e-02
-2.348397497406977050e-02
-2.614694619572669951e-02
-4.439993438063031400e-02
-4.570176616610367032e-02
-3.909875496833706277e-02
-4.783586408696769397e-03
1.979471878856795507e-03
7.414069777281978926e-03
5.315887351942833426e-03
-1.078744754433113087e-02
-2.758147008439117837e-02
-7.727995289214317776e-02
-1.174232332572237997e-01
-1.062721671588552075e-01
-1.048127768134067134e-01
-1.187959861734821931e-01
-1.140009419688866182e-01
-1.208070203287310712e-01
-1.185231333077114563e-01
-1.113456581871569984e-01
-1.021342265799504434e-01
-7.824490571078565604e-02
-7.601575348425118617e-02
-5.491032495539723696e-02
-5.544232059156257303e-02
-4.845516605139194716e-02
-3.904377659129048411e-02
-4.847128875306079554e-02
-5.155778109724991343e-02
-4.933006109863256189e-02
-4.962734300327510673e-02
-4.789989717785451961e-02
-4.451284421744770153e-02
-4.571131975823512772e-02
-3.990926104916379946e-02
-4.023397630425747801e-02
-3.761734407543311509e-02
-3.646104744365250006e-02
-3.574687445796007057e-02
-3.670885990083330025e-02
-3.442814816945549000e-02
-3.484446435786960755e-02
-3.114905184467697125e-02
-2.469724023632511797e-02
-2.272220810229619650e-02
-8.587532712471529842e-03
-1.165523985878173449e-02
-1.428885512648727860e-02
-1.935571957475168414e-02
-1.877765954787220457e-02
-2.707346435776221329e-03
7.938625611620239633e-04
-4.521265029873885490e-03
-9.667732957993464132e-03
-5.003313735159169336e-03
3.339594965110553090e-03
1.510274832672957139e-02
6.625702764154770517e-03
-2.323109174669481475e-04
-3.107745299951556600e-02
-3.276572087229503993e-02
-3.584997875512368343e-02
-3.569398824459518033e-02
-1.571697408340422264e-02
-1.312894714902295042e-02
-1.899993347032095936e-02
-1.770036614830551580e-02
-1.786877384906656110e-02
-1.835850626949860065e-02
-1.632543401172422901e-02
-1.521963549052612191e-02
-1.885666659270178805e-02
-1.963223814233880718e-02
-2.226699507771000286e-02
-2.249317477193181827e-02
-2.267343213328504997e-02
-2.284010914513527613e-02
-2.260586808901041134e-02
-2.213479173465437641e-02
-2.258507967681452552e-02
-1.919028100510567283e-02
-1.832844769681536007e-02
-2.976658064785320940e-02
-3.416925816331039395e-02
-4.736805448131253121e-02
-5.063610391493777313e-02
-4.340186988712414762e-02
-2.996809625170699515e-02
-3.726653116276752026e-02
-1.914198754394061744e-02
-1.202006274198590303e-02
-3.691855883287827045e-02
-6.974673829416688786e-02
-7.666731752261841948e-02
-6.447139978777145786e-02
-6.613703891937626478e-02
-6.005016066940743052e-02
-6.344757263240659306e-02
-6.787952472854195951e-02
-7.594129732391419196e-02
-8.220983957716594681e-02
-5.887654276652819901e-02
-5.122974173928463576e-02
-3.801256208497153649e-02
-1.836296693665102203e-02
-2.671728560549628886e-02
-1.197433042522979933e-02
9.947591049688864553e-04
2.317773614411938396e-02
1.093784137840752083e-02
-3.016715861372554902e-02
-4.762313549340982388e-02
-6.066334503695614694e-02
-9.893041588340795167e-02
-1.001470833598408217e-01
-8.995579731196177986e-02
-8.792656750252381137e-02
-8.763766111203012688e-02
-8.258660338402766532e-02
-4.162274482912021317e-02
-3.929722966006050922e-02
-3.268217471191011553e-02
-1.873226561074353355e-02
-2.218934057082655106e-02
-1.809457795089669530e-02
-1.070977645082595540e-02
-7.840252508078118451e-03
-1.524665278778176980e-02
-1.805998680723922001e-02
-1.863251016937089721e-02
-3.156299391671839316e-02
-2.426619304857317513e-02
-1.928923530713023970e-02
-2.584957268646839723e-03
1.942564813524664874e-03
-4.556149177083749363e-03
-1.143110822500749933e-02
-1.884833718835395369e-02
-1.748955059153296451e-02
-3.948391436242903313e-02
-3.612836280599168032e-02
-1.527306755797299027e-02
-1.985944875468686338e-02
-2.929023847007254308e-02
-3.000289147722653288e-02
-2.466161146840715329e-02
-1.580114607959665074e-02
-7.033848766104862371e-03
-1.453401406278903227e-02
-3.964737437277214560e-02
-4.394342342990344152e-02
-5.700707089169159553e-02
-2.120934672415989222e-02
-1.156589031054973231e-02
-4.174215808727641669e-02
-6.515838673695206751e-02
-6.292519802980862942e-02
-5.652081515869747386e-02
-4.889893129906197622e-02
-4.435525750526653904e-02
-4.500040942722444148e-02
-4.614334750473043922e-02
-5.025559465550320792e-02
-6.815350489998826811e-02
-7.612714813204998765e-02
-5.333147044300216161e-02
-5.059598075149600999e-02
-4.372013088686269727e-02
-1.028950365253227667e-02
6.257631317284447674e-04
4.993970977230047237e-03
2.420487402124513188e-02
4.551561300307151170e-02
8.140874262788645732e-02
2.996182298273409803e-02
-1.591262364373681112e-02
-6.317521167321975273e-02
-9.787054798007358003e-02
-1.278810165480105676e-01
-9.362050241566374775e-02
-3.393752346227500716e-02
1.081023328878814123e-03
-1.251040954196645447e-03
-7.863236253370308251e-03
-1.441062368919713947e-02
-1.718212386948831868e-02
-3.265083377225768552e-02
-3.751682245255986980e-02
-4.460924561217609330e-02
-3.865974506179306602e-02
-4.855223517160290464e-02
-2.716211247299158901e-02
2.410111276570253615e-03
2.625996567975218132e-02
2.445284328798018672e-02
1.704674089452983682e-02
1.763452408763279897e-02
-6.914883897760214400e-03
-2.356435279237458977e-02
-3.179906890344263992e-02
-4.021472167228284239e-02
-4.360666680921235910e-02
-4.871330197470939011e-02
-4.512341549860306167e-02
-3.912253720949280394e-02
-3.971879154638877085e-02
-3.529989417263688922e-02
-3.381282857591065560e-02
-3.367272668301506816e-02
-3.133164082643167397e-02
-2.735518155909244520e-02
-2.581193516037079763e-02
-2.707636205515744771e-02
-2.750175752107911209e-02
-3.624443378795542958e-02
-3.797420114449245876e-02
-4.748266898604049102e-02
-5.562975012981531686e-02
-4.924630479618306855e-02
-6.202139225789979338e-02
-6.341266333427379720e-02
-4.507902250128232452e-02
-3.610857504567679260e-02
-9.485672478165658658e-03
1.923057133412808123e-02
1.840121698294314503e-02
7.837439657724104211e-03
7.043132820905954015e-03
8.038551215637994990e-03
3.610072283022206559e-03
7.065781791251921767e-03
6.913122581841461139e-03
6.898120294987703308e-03
7.044630998534565439e-03
7.113718478390678411e-03
6.538997084944864896e-03
5.777055846756658404e-03
7.943962625922102935e-03
-4.890471291672852071e-03
-1.562060919818579040e-03
4.604603295428019022e-02
5.324359999666628679e-02
4.858795458956667590e-02
4.943089034960160277e-02
6.546855895179891360e-02
6.723328800363373436e-02
3.028727815136643409e-02
1.768872181506370156e-02
-3.642044193849920675e-02
-4.089299279533612635e-02
-3.200563909581150002e-02
-3.396293594925994808e-02
-4.154153582099707337e-02
-4.300901396924440567e-02
-2.567452818202264897e-02
-2.233056932940398823e-02
-1.683415038713581557e-02
-1.560718330985317107e-02
-1.509976926344541899e-02
-1.481797918523001384e-02
-1.483231581148993818e-02
-1.504991252461293158e-02
-1.512187800048956678e-02
-1.451195828196944621e-02
-1.714291186623331797e-02
-1.435119899465250176e-02
-1.035774998777629595e-02
-9.680268787194521926e-03
-9.865367332870913011e-03
-1.253998472907976412e-02
-1.034960816621237172e-02
-1.140453424389818726e-02
-3.079462483285548210e-02
-3.115523458666619172e-02
-2.967713886072264814e-02
-3.057076658074336234e-02
-3.034415663121384915e-02
-3.023779169431204533e-02
-3.025610426326633129e-02
-3.025611461412914399e-02
-3.023729174566024483e-02
-3.034230183570445216e-02
-3.059375959154416943e-02
-2.977760298475218281e-02
-3.125347367808650051e-02
-3.137079659976333562e-02
-1.289843569736784899e-02
-1.232745920338481314e-02
-1.176339188193687747e-02
-1.075028032589160631e-02
-1.366154532980401980e-02
-1.408340407105354054e-02
-1.407524440454698163e-02
-1.270224228457270121e-02
-1.131112718080838977e-02
-1.117744928334872545e-02
-8.067116662684569589e-03
-7.601782669930331332e-03
-5.851267871547779532e-03
-6.884930965371010604e-03
-7.949488418889916891e-03
-7.900152275681214531e-03
-4.454403285365097012e-03
-4.556961016920126756e-03
-4.561114036037439319e-03
-4.356197640805413961e-03
-4.393366809547551502e-03
-4.406378370398987381e-03
-4.404542315802554252e-03
-4.404637375757694366e-03
-4.404646016885375819e-03
-4.404641942136040995e-03
-4.404642196906018679e-03
-4.404642196715788903e-03
-4.404642196596851925e-03
-4.404642196614866161e-03
-4.404642196613978850e-03
-4.404642196614031759e-03
-4.404642196614966775e-03
-4.404642196596006247e-03
-4.404642196724673289e-03
-4.404642196816602358e-03
-4.404641935537162434e-03
-4.404646157495907717e-03
-4.404635547815019536e-03
-4.404558338554864956e-03
-4.406410112430358787e-03
-4.392536090521570978e-03
-4.363624254982942721e-03
-4.514208471836085416e-03
-4.343446908991427206e-03
-4.214387994754375220e-03
-7.068906797961842237e-03
-7.235246995152648519e-03
