-1.061629939628087188e-02
-1.080665537289379058e-02
2.451908204417061962e-02
3.460562005086700171e-02
3.420703410349076878e-02
2.683849826057465096e-02
1.755484408578733904e-02
1.755484408578916397e-02
1.755484408578779354e-02
1.755484408578682903e-02
1.755484408578857417e-02
1.755484408578894540e-02
1.755484408578873029e-02
1.755484408578804334e-02
1.755484408578754027e-02
1.755484408578817865e-02
1.755484408578954908e-02
1.755484408578856029e-02
1.755484408578807456e-02
1.755484408578861233e-02
1.755484408578718986e-02
1.755484408578897662e-02
1.755484408578989255e-02
1.755484408578806416e-02
1.755484408578695393e-02
1.755484408578815436e-02
1.755484408578814048e-02
1.755484408578737374e-02
1.755484408578905642e-02
1.755484408578746741e-02
1.755484408578921601e-02
1.755484408578857070e-02
1.755484408578860539e-02
1.755484408578826191e-02
1.956041631598984948e-02
1.945556779143474760e-02
1.209346839185225682e-02
1.109068227674922871e-02
1.130037932586685535e-02
1.130037932586643382e-02
1.130037932586770016e-02
1.130037932586757353e-02
1.130037932586742087e-02
6.560774026435147593e-03
2.497157121377327742e-03
4.053421155775083890e-04
2.775144765293196224e-03
1.090237857541184394e-02
1.090237857541121944e-02
1.090237857541052034e-02
1.090237857541062963e-02
-7.750935229708546051e-03
-2.436822819662917347e-03
4.677052261459644505e-02
5.609717951715545436e-02
4.051311826930380916e-02
6.993388011563930751e-02
5.657581504966566199e-02
6.789090418318642628e-02
9.397260385985911624e-02
1.286860900028451507e-02
-8.354963095933561068e-02
-1.350413493240931184e-01
-7.298746446435445956e-02
-3.778458499335651810e-02
-5.667725395945095307e-02
-3.726947969456909787e-02
2.905911398775316498e-02
6.159908632231540782e-02
2.729678616343176809e-02
-3.446726915040006223e-02
-4.388241284290052280e-02
-3.432432458513128004e-02
-3.432432458513146739e-02
-3.432432458513248741e-02
-3.432432458513202250e-02
-3.432432458513277190e-02
-3.432432458513150902e-02
-4.332407697979653166e-02
-4.491924361915695940e-02
6.442236662663359571e-03
1.094211285999443020e-02
1.413244613871739511e-02
6.822875236101641656e-03
1.462164425259156186e-02
7.927705228341082322e-02
6.820338352191378239e-02
1.587483698673386803e-02
-6.409530533139692898e-02
-1.003719760171748951e-02
1.434988458844796422e-01
1.767047929220399438e-01
1.275023943139007299e-01
1.275023943139005356e-01
1.905844500417575860e-01
2.089968051397408655e-01
1.215626329899810038e-01
5.045280511213630359e-02
-5.900177937857328803e-02
-5.566674231814900536e-02
-1.307545910677297869e-02
-3.394131219964156843e-02
-5.572447202897893442e-02
-1.687648746431552604e-02
-2.773748128199427995e-02
-2.560934701981473424e-02
6.023218090230086225e-02
2.351762239921454181e-02
-2.085680594423670181e-02
-8.411644549151464645e-02
-4.379029822576479408e-02
8.701364509587160290e-02
1.325939500499514756e-01
6.990871604578721699e-02
-9.708421299237166360e-03
-7.673541427835567363e-02
-5.320906160269790047e-02
-1.060271468882222241e-02
-1.095602951558888316e-02
-2.909571324918982724e-02
-4.239922977961024797e-02
-5.295591158102797708e-02
-4.726678436193154642e-02
-3.851627076306401998e-02
-3.851627076306365915e-02
-4.458742936862053474e-02
-5.245812755108145153e-02
-4.882568706288183125e-02
-1.041928948073058553e-01
-7.815815164272021942e-02
3.531239180877620426e-02
6.110076647280854312e-02
-4.450285385019210095e-03
-2.879669382759417542e-02
-8.712092882002420158e-03
-2.630418678875610494e-03
1.782263712635907826e-02
1.731889422486319885e-02
5.155545818612275281e-03
7.299287119731376512e-03
6.065179049695401843e-03
-2.236375071244472643e-03
-3.308245721803572230e-03
-8.400295817341923424e-04
-8.400295817342858006e-04
-8.400295817338573239e-04
-8.400295817343825114e-04
3.348876348094700396e-03
5.788400855019830947e-03
9.180326749108805306e-03
7.085873784194265425e-03
2.206824770343470462e-03
-6.170590656361814828e-03
-6.688296953934163257e-03
5.498166452442445132e-03
2.864004520889485220e-02
3.282609010848806796e-02
-2.391723670960656939e-02
-3.197823825479825105e-02
-5.351978463221652299e-02
-1.171286426364151340e-01
-1.119775536455647619e-01
-3.059516916817250562e-02
-9.209998550036974790e-03
1.999914398501929230e-02
2.117569810817127723e-02
-3.012009270969405808e-02
-5.006124845789133859e-02
-4.217456591761215012e-02
-8.945049934546119019e-02
-9.804574572761533269e-02
-2.688277130521624439e-02
1.797933615807852450e-02
2.041762604646455564e-02
3.392497625607568401e-02
2.491180259524539836e-02
5.023783636022810528e-02
5.023783636022955551e-02
7.210397296049105009e-02
8.359877456861686262e-02
1.311189573842028444e-01
1.201858890840735300e-01
9.719628586782272373e-02
9.866763615493587269e-02
1.398520216818454620e-01
1.791811902123153777e-01
1.784455150687601910e-01
9.607674401493780658e-02
1.425641257260890638e-01
1.248730820979618711e-01
1.440235285914314919e-02
-8.841337996432717047e-03
1.784561645071802358e-02
1.617813165116099502e-02
-1.224066892648632832e-02
-7.893102521934978674e-03
-4.558132922822172306e-03
-4.558132922820319621e-03
-4.558132922821652756e-03
-4.558132922821926843e-03
-3.329269958820640918e-02
-4.326189552190376486e-02
-5.628621740078043612e-02
-4.191893406808851197e-02
-2.198054220069262793e-02
-2.198054220069307202e-02
-2.198054220069307202e-02
-1.400613042633038971e-02
-1.139738389267011369e-02
1.101419227144462970e-02
8.101100245314834603e-04
-2.022868219933651301e-03
-4.485135206198304428e-03
4.817051348175920640e-04
-1.151308431317923757e-02
-2.544257269859316953e-02
-2.503614632778311880e-02
2.970104578969400520e-03
4.718677893502626168e-03
8.280472905322440805e-03
6.122652580380536728e-04
1.317333426344531253e-02
9.340943090841278065e-03
3.505999716639137537e-02
2.028910548892000690e-02
-4.841430357849393212e-02
-7.073554750534691293e-02
-6.080555269475688973e-02
-1.013053722194132839e-01
-4.259649176052068137e-02
3.798442532798203958e-02
7.940699791938859997e-02
1.925921032368399163e-02
1.029838208495970769e-02
9.924710048228575863e-04
2.675285870376926251e-02
5.446552182414694104e-02
7.187070246099092063e-02
8.197437920971460679e-02
7.153614644324673977e-02
4.596895330691350839e-02
5.445684512139366273e-02
3.552172469699606261e-02
-4.238683357519912320e-02
-5.862229565541243054e-02
-2.800963413827708970e-02
-3.069453927027082293e-02
-3.429767113149511260e-03
4.505546922511107638e-02
9.009051314176680370e-02
7.077529538428452283e-02
-1.072133540082489088e-02
-4.951361144262453329e-02
-6.301176573197407593e-02
-1.823050953993074833e-02
-5.716219977053451848e-03
-5.727758965136994090e-03
1.884521840711523427e-02
1.569287313407518800e-02
-2.236375071244064115e-03
-3.308245721802845381e-03
-8.400295817330567490e-04
-5.874123741700092161e-03
-2.882053131774077633e-03
2.109677852353113517e-02
3.719953388200221422e-02
3.255800109622006971e-02
8.418108067428334285e-03
-5.916938395020208442e-03
-1.524881602976493541e-02
-1.696721001841734397e-02
-1.319611385681406478e-02
9.720767640054320746e-05
9.720767640133249309e-05
9.720767640086053988e-05
9.720767640122900599e-05
-1.349981661848227016e-02
-6.965238308269086805e-03
4.548571595557921593e-02
4.802361829857894338e-02
7.677459044810846199e-03
1.763116269984501888e-03
6.652672557964547061e-03
7.252497305767374204e-03
4.842713723850578661e-03
3.181700008674658194e-03
7.242527072507018958e-03
9.016171075084622672e-04
1.382680728380152567e-02
3.754664427561823191e-03
-3.280276817533005207e-02
-3.885010983468258072e-02
-3.494913237753244362e-02
-3.964421098192978665e-02
-4.089729529283330639e-02
-5.380840538817125568e-02
-6.442936672900137496e-02
-8.762526873869126709e-02
-1.025411062521309202e-01
-1.622526864528626156e-01
-1.250673608456204511e-01
2.309486281405408181e-02
5.548404977546175787e-02
7.057017200751414254e-02
1.048815529968676885e-01
1.125292401626143968e-01
1.150433474292110875e-01
-8.840546984097827007e-03
-8.260238250075592481e-02
-1.429726929272013558e-01
-5.941290957444664289e-02
3.093753572718840883e-02
2.082965637826610789e-02
-5.625131794077869313e-02
-6.195377495978273558e-02
-2.087310190681996094e-02
-4.170295970828459542e-02
-3.844921082534737133e-02
1.937490402543250081e-03
3.617807606917031182e-02
1.996756205170274745e-02
2.004140848457275359e-02
8.767816576429386319e-03
1.027909358351658878e-02
9.079444087910336011e-03
1.028433587886846273e-02
6.652672557964656348e-03
7.252497305767849518e-03
4.842713723850715704e-03
4.842713723850582130e-03
4.842713723850406056e-03
4.842713723851099945e-03
4.842713723851731385e-03
3.181700008674602682e-03
7.242527072506876711e-03
9.016171075088822871e-04
1.666454729411688887e-02
2.065764103916588670e-02
2.977930089606950839e-02
-3.526195099065800899e-03
-1.530634486109087034e-01
-1.592703173755305179e-01
-6.437791198097243817e-02
-1.179973372508619917e-02
-2.095154580904993492e-03
1.316134397376940990e-01
1.027330192468502157e-02
-1.326940715476016275e-01
-1.933235605309147620e-01
-2.299667591532290889e-01
-2.198682956159186686e-01
-1.119667376026194927e-01
-2.746665350487053139e-02
-4.766358057948952287e-02
-4.766358057949038329e-02
4.505054140323886541e-02
8.958750894672865006e-02
2.003881835293719049e-01
1.556495312948988907e-01
-1.311231653928850854e-02
-2.424531235666707238e-02
-2.401876695720837548e-03
2.883621912668173429e-02
-4.583200840015747013e-02
-1.105534225423429190e-01
-5.446743594483845902e-02
-6.769272037677548370e-02
-5.123833017823897079e-02
-5.693958245374264315e-02
-5.693958245374276111e-02
-5.887105669887648940e-02
-5.863803019628532898e-02
-2.531729426882772110e-02
-2.435155714626058288e-02
-2.481761015144185942e-02
-2.252780860048765599e-02
-3.857640896595299768e-02
-5.481331289495208064e-02
-6.220847955053235290e-02
-1.033387094425675980e-02
3.042162439734577908e-02
3.146407300288667913e-02
1.464044419869168882e-02
1.121999901155699975e-02
-2.543966714020899286e-02
-4.872045414168726940e-02
-2.334553212515538476e-02
-3.339989325523030211e-02
-4.779451939171055694e-03
-4.455585042826396697e-03
3.516143366158186456e-02
4.614276978398428042e-02
2.108321559911589121e-02
1.799067596214177014e-02
2.928125042145013693e-02
2.928125042144981080e-02
2.928125042144965814e-02
2.928125042144937365e-02
2.928125042144955059e-02
2.928125042144955059e-02
2.928125042145016468e-02
2.928125042144969978e-02
2.928125042144989060e-02
2.928125042144963733e-02
2.928125042144988366e-02
2.928125042144947426e-02
2.928125042144953671e-02
2.928125042144976223e-02
2.432499825307483238e-02
2.415414912273806253e-02
6.174821681248596900e-02
6.422634289667328300e-02
6.456804115734704475e-02
6.456804115734640637e-02
6.456804115734647576e-02
8.704854341636819592e-02
9.867373847812363485e-02
9.380042387922066238e-02
8.256017274971018394e-02
5.930978262619768238e-02
5.930978262619742564e-02
5.930978262619800850e-02
5.403931843973716620e-02
4.694949410491296160e-02
1.987805141997295647e-02
2.251328351320374885e-02
3.669293218285257785e-02
3.669293218285251540e-02
3.669293218285318153e-02
3.669293218285257091e-02
3.131252423414814662e-02
2.921885300024244098e-02
3.295153833403038305e-03
5.985357807754100763e-03
1.017270027556721815e-02
8.854914414131050820e-03
9.135776365232483112e-03
1.379650603253611447e-02
1.445539896325432477e-02
1.389367506105055987e-02
1.389367506105114967e-02
1.389367506105053211e-02
1.389367506104984863e-02
1.389367506105028578e-02
1.389367506105085998e-02
1.389367506105079753e-02
1.389367506105002904e-02
1.389367506105066395e-02
1.389367506105060497e-02
1.389367506105108722e-02
1.389367506105007415e-02
1.389367506105033089e-02
1.389367506105049915e-02
1.389367506105067436e-02
1.389367506105092936e-02
1.389367506105057028e-02
1.389367506105051650e-02
1.389367506105050089e-02
1.389367506105041242e-02
1.389367506105039507e-02
1.389367506105083222e-02
1.389367506105073681e-02
1.389367506105048181e-02
1.389367506105051130e-02
1.389367506105064140e-02
1.389367506105066048e-02
1.389367506105057895e-02
1.389367506105057375e-02
1.389367506104993190e-02
1.389367506105051650e-02
1.389367506105080793e-02
1.389367506105025109e-02
1.389367506105042456e-02
1.456515141946371217e-02
1.446587060600436868e-02
7.148951518132563507e-03
6.727130681904894098e-03
