9.708997943885602517e-04
1.143559619541982542e-03
2.526902168611758811e-03
2.216923429681448392e-03
3.977274201931548132e-03
4.469858114099348190e-03
5.165090001993659363e-03
5.756085208996871219e-03
5.979793675062550738e-03
6.305811127997427469e-03
6.482227580115362993e-03
6.598874125640789672e-03
6.724556065830238419e-03
6.770655972775764878e-03
6.833109344912358628e-03
6.864339016039965047e-03
6.848356186719355143e-03
6.915876297987563932e-03
6.829392306696356781e-03
6.821795864138221338e-03
6.983983564245603397e-03
7.063802764302023682e-03
7.437817563362082024e-03
7.532226245220679205e-03
7.858489288000893719e-03
8.032898068230149083e-03
8.377175278977310596e-03
9.011479222253360871e-03
9.075721559173353589e-03
1.048722415343400147e-02
1.109233206990187931e-02
1.022763770387478954e-02
1.581536131707067527e-02
1.377095685377804392e-02
1.509426452466040153e-02
1.660416711969450038e-02
9.449916445981098451e-03
9.467051326316398147e-03
4.890005998743359068e-03
4.721611211688982331e-04
-3.878617796162517968e-04
-2.777619054486116408e-03
-3.448562920237626620e-03
-1.995106825753403118e-03
-2.431134683898426765e-03
-2.757024561852165767e-03
-1.626457564296288939e-04
-1.111101611008508735e-03
-3.820881353958781486e-04
6.631594123004912883e-03
7.849702551657348343e-03
1.356455998404184835e-02
1.718574658577633890e-02
1.884107798281244028e-02
2.152547180888395029e-02
2.288575393220391649e-02
1.999362871911428488e-02
1.449772739199530619e-02
7.157037553643922148e-03
-1.353977179931818925e-03
-5.158299571717518683e-03
-1.849209308030191901e-02
-1.661667470776956312e-02
-3.097117411402141446e-02
-4.786450793293538231e-02
-5.878323626997532941e-02
-7.601683564777844682e-02
-8.677788585180408465e-02
-1.086995163459894553e-01
-1.182263536532493914e-01
-1.341786199103113253e-01
-1.441163977398207119e-01
-1.450793675050070786e-01
-1.570622069737154791e-01
-1.559649159405163132e-01
-1.606366055090260037e-01
-1.646034324844325714e-01
-1.562126713981431825e-01
-1.555298056956858632e-01
-1.523707750776961412e-01
-1.418310171202307179e-01
-1.449857067245430842e-01
-1.393236408191442233e-01
-1.387369406906613922e-01
-1.391185902301831367e-01
-1.290643598529323810e-01
-1.307748180802176807e-01
-1.213671521967644856e-01
-1.045384509068650603e-01
-9.682088814594136394e-02
-8.202469076353285926e-02
-7.245347981762118028e-02
-6.889870786874523201e-02
-6.437819185438289904e-02
-5.463232193282188676e-02
-5.344759226476359509e-02
-4.637321813879650978e-02
-2.227735530526533253e-02
-2.045737375138313024e-02
-1.056381607459503172e-02
-5.333712100962679191e-03
-1.001771612388735293e-02
-3.124326493768633372e-03
1.260733479689936419e-03
2.210128786040488347e-03
4.271378752299304603e-03
6.390921343022575550e-03
8.857675571034348896e-03
6.267759887734659571e-03
-5.446779133124499822e-03
-1.732316443398921116e-02
-2.479707773208077171e-02
-3.404578675251583586e-02
-3.949045999917161209e-02
-3.863939689373788178e-02
-3.932877740686829826e-02
-3.165279501364751114e-02
-2.313695231486241621e-02
-1.537912926190438019e-02
5.163085160812110139e-04
4.239832020107040834e-03
1.341446333081242753e-02
1.557424848718001222e-02
1.464217787406959723e-02
1.885079247685936613e-02
1.789301028784623382e-02
1.869177662343916163e-02
1.891612615081877946e-02
1.490849898654800394e-02
1.464298989342001714e-02
9.395172758378157393e-03
7.501528069332110294e-04
-1.892004198983587501e-03
-2.043898549001983006e-02
-3.355073227531385482e-02
-3.858754565618693899e-02
-6.268627449815508679e-02
-6.216401215266458002e-02
-6.388517517062848594e-02
-6.092600118612153531e-02
-5.760596181093267237e-02
-5.369410376150599018e-02
-5.097885306450796600e-02
-5.239364208809636075e-02
-5.014664725093491426e-02
-5.117284252490577473e-02
-5.256831662570075892e-02
-5.121086791585444109e-02
-5.434074524080440005e-02
-5.355111213826320438e-02
-5.076128033806159845e-02
-5.085502564148274007e-02
-4.722569053511185833e-02
-4.422699289621495611e-02
-3.948002360249184411e-02
-3.544223239475910447e-02
-2.594695138785424807e-02
-2.027636357951298485e-02
-1.284617918036295818e-02
-4.370765770090170865e-03
-7.649014772203668617e-04
6.283951086993623536e-03
1.106749954332385266e-02
1.204193394313039615e-02
2.014876924533557864e-02
2.535029062603751451e-02
2.683629727399391290e-02
5.033196153687648916e-02
5.346969989611505270e-02
6.340067678573488297e-02
7.472167369007240434e-02
7.738678089180424380e-02
8.219168327238204896e-02
9.224164446339651324e-02
8.724886307990931122e-02
9.096980120267687819e-02
8.643049698361374156e-02
5.636343636447062322e-02
5.688171225237723116e-02
4.791685524781874594e-02
3.969190122256820163e-02
3.133460621201122898e-02
2.758351432478267987e-02
2.451651234654814854e-02
2.173712659554991045e-02
1.881763605353946670e-02
1.773349715627569462e-02
1.568424068923098685e-02
1.364205509313030570e-02
1.017555318788124219e-02
5.489343596695318850e-03
-1.652094202216144656e-03
-3.085115812582550545e-03
-1.342369752593807267e-02
-3.994159976713033966e-02
-5.483748802989651949e-02
-8.510644613557985516e-02
-1.106058016608207628e-01
-1.161551119935859550e-01
-1.341777921251674222e-01
-1.390613203880359250e-01
-1.413814052157694456e-01
-1.454437792928954254e-01
-1.414896552889896297e-01
-1.427298885951622798e-01
-1.407221795511729157e-01
-1.372104298491167995e-01
-1.369872156045464640e-01
-1.319502548276012543e-01
-1.296983102210165217e-01
-1.276640921200520862e-01
-1.231242284977936696e-01
-1.217179433681301326e-01
-1.182931012959318462e-01
-1.145819147886011219e-01
-1.129420598731766257e-01
-1.082310952408784138e-01
-1.051517834274756924e-01
-1.021294054043838107e-01
-9.567884245295579793e-02
-9.225215744743850421e-02
-8.823071459820047702e-02
-8.253988374496423752e-02
-7.965418061312215525e-02
-7.496995265523145879e-02
-6.761279944806515563e-02
-6.320228332266841775e-02
-4.515806861566387664e-02
-3.171234070871816607e-02
-2.559234036900309012e-02
-3.512520477203972397e-03
-2.970381049022760480e-03
2.275407120003800749e-04
7.284217511055661280e-03
5.737111230479041701e-03
1.250767394001216226e-02
1.324338779955763247e-02
1.266855649939647131e-02
1.339800549481254786e-02
9.186811013815772767e-03
9.167600775045473688e-03
7.890341690637020164e-03
9.382072681861123101e-03
6.994921765882100226e-03
1.078700227236154344e-02
8.948361650459197084e-03
2.983899703280647620e-03
2.698939916765080976e-03
-3.662289278562096562e-03
-4.713954249132638365e-03
-5.276457412456608820e-03
-7.270206432126226706e-03
-6.852952612742762607e-03
-7.044501695172481100e-03
-6.149071107404095911e-03
-5.912119931906039717e-03
-3.713126945907379520e-03
-3.788258788638818823e-03
-4.249913477819987698e-03
-4.110399700484293657e-03
-4.369661880736818056e-03
-5.020364993992160532e-03
-6.003180010906778406e-03
-5.659630160836552973e-03
-8.838356904399916406e-03
-9.188025683886684100e-03
-1.012168363619183296e-02
-1.985910948099017803e-02
-2.143430063756734602e-02
-2.475883396579439677e-02
-1.874566873874543987e-02
-2.361849798801057138e-02
-1.473790380931318776e-02
-7.828615621659215998e-03
-5.844078670681634308e-03
1.566822354772296269e-02
2.274118880080312766e-02
4.526340115700290545e-02
6.011325502228455353e-02
6.854842206546579719e-02
8.116054661816224369e-02
7.816442457411140743e-02
8.277865893966554478e-02
8.118614390222594901e-02
7.265980690746226545e-02
7.103224034817094690e-02
4.787533452818293345e-02
3.511313864305418836e-02
1.524115726341639457e-02
1.531517494028993096e-03
-1.294247123772037864e-02
-1.479050709625391938e-02
-2.020906010649258303e-02
-2.299458271344849078e-02
-2.958296058616585733e-02
-4.446452720578356055e-02
-5.286590770238279446e-02
-6.221275387822953334e-02
-7.317295712587437717e-02
-7.729771814217102632e-02
-7.985548850241871999e-02
-8.243358730399842627e-02
-8.143980583698616493e-02
-8.043596219469573150e-02
-7.567161892327148309e-02
-6.908740163315020555e-02
-6.819193095227968349e-02
-5.934954696170881283e-02
-5.532326622645955538e-02
-5.015089060150867278e-02
-3.883792080589809625e-02
-3.479252101859027502e-02
-2.454012576377536531e-02
-1.764325299902074623e-02
-1.477853785580539661e-02
-8.764807807433985451e-03
-1.177881703021340688e-02
-1.309374760895021944e-02
-8.358396748540502727e-03
4.743996778077242500e-04
8.908156389580241738e-03
1.211829179062130259e-02
1.197064641769351838e-02
1.612610594921739388e-02
1.867273889196378878e-02
1.947044820806089621e-02
2.560052883194982587e-02
2.684094650179556785e-02
2.892981130373772566e-02
3.021623055735431218e-02
2.757173845940677492e-02
3.213163951885322084e-02
3.920438914260464952e-02
4.548120675348318181e-02
7.156484191163300923e-02
8.242722738703345264e-02
9.436997894811766097e-02
1.186676805761662096e-01
1.289769446144747866e-01
1.540245595072665119e-01
1.783699608396827063e-01
1.900062752676150712e-01
2.098647387996140923e-01
2.121140543796835587e-01
2.184000641496843809e-01
2.225426716881248046e-01
2.161465540527704454e-01
2.185904423948760167e-01
2.054480109693857248e-01
1.936806985464095410e-01
1.760374308773375307e-01
1.401435199585605029e-01
1.228480806436955813e-01
1.029421953921790256e-01
8.515151942153728615e-02
6.926173140402414052e-02
5.032902013254990370e-02
3.381430325603770187e-02
1.421542249298155675e-02
3.463510552421381582e-03
-8.243265087432796734e-03
-1.812153954218529914e-02
-2.346039315795750424e-02
-3.254815443233321365e-02
-3.517556607274464897e-02
-3.095328608801726708e-02
-3.075860103965133430e-02
-2.391901085097785512e-02
-1.951076747330857467e-02
-2.029616817371642651e-02
-1.442367460364312771e-02
-1.218388160306767103e-02
-8.338403701305447183e-03
-1.117248088277528889e-02
-1.857987959055078589e-02
-2.602120011173269729e-02
-2.423984352761296077e-02
-2.875852415248866117e-02
-2.854080283230401791e-02
-3.860548637271879469e-02
-5.185224516683603624e-02
-6.833682846215054230e-02
-8.501352246780982669e-02
-1.061581465683533454e-01
-1.173675625546823781e-01
-1.329024600567604020e-01
-1.431245151978101093e-01
-1.544953008609412370e-01
-1.637864338046299273e-01
-1.681490732731989179e-01
-1.778044469622363510e-01
-1.807826215294746075e-01
-1.853554063508451866e-01
-1.927011250144700649e-01
-1.907402645546905362e-01
-1.982246448441764841e-01
-1.982026768440725562e-01
-1.935124281348495900e-01
-1.979102272201533341e-01
-1.891206929346074817e-01
-1.903252842382012200e-01
-1.907881016247350570e-01
-1.828201183113657424e-01
-1.937481223648364892e-01
-1.796998412896356478e-01
-1.791341586464091085e-01
-1.731095244282845891e-01
-1.646606122214683277e-01
-1.608790411053214742e-01
-1.355309838386611065e-01
-1.252411458204788219e-01
-1.081211531157658529e-01
-9.747099352150678797e-02
-7.890216985897034740e-02
-7.287695590157812486e-02
-6.805118392499269475e-02
-5.993511620567704840e-02
-5.875426036617252545e-02
-5.441175790436612175e-02
-5.226232335272332913e-02
-5.301024377888172850e-02
-4.931890705793249424e-02
-5.316543903387321163e-02
-5.329592614706139125e-02
-5.119224407862406345e-02
-6.489289733141422045e-02
-5.850046060646442447e-02
-6.184679821334745226e-02
-5.569196501316498599e-02
-4.792958918235445259e-02
-4.532197811227693662e-02
-1.853373222822806560e-02
-1.813048528623626907e-02
2.278256189898135615e-03
7.087358109184357068e-03
1.012835039239687838e-02
1.602643664244185126e-02
1.456004380958350261e-02
1.773608371166901163e-02
1.210530609041994554e-02
1.291321165301837111e-02
1.197058016212165267e-02
1.054284258526939390e-02
1.112141754088847613e-02
1.059324219929931934e-02
1.053028790069044859e-02
1.141810927926272326e-02
1.131140154087466841e-02
1.231306507388523798e-02
1.447408272433810955e-02
1.389541826785848852e-02
1.843007785828354450e-02
1.782119129983116002e-02
1.545734888763668734e-02
1.639660279333409951e-02
1.425400215540887847e-02
1.396272633137457878e-02
1.252712047562472633e-02
1.173423571484977571e-02
1.187131710022404363e-02
1.116455442603612666e-02
1.109272652472043617e-02
1.086440966532107970e-02
1.085097331668845658e-02
1.059827981595561422e-02
1.062319791633523601e-02
1.099836658489642544e-02
1.011226323155364759e-02
1.141427862217283228e-02
1.099619000105523867e-02
1.000239254521352768e-02
1.427681254193049511e-02
1.159805337534812637e-02
1.323101424709852668e-02
1.202099485255759756e-02
6.999175941624261911e-03
8.728030559949232284e-03
-5.538373659102651715e-05
1.667969144785027332e-03
1.630876295179829218e-03
-2.262916400834169800e-04
3.496355484427011561e-03
2.247804037363201456e-03
5.088382376592658768e-03
4.696279557671290475e-03
3.841698369123127191e-03
4.711964117084075851e-03
4.011826913323535311e-03
4.187638791999662505e-03
4.273533737691990325e-03
4.090807784942397662e-03
4.200314025256440299e-03
4.160515350167811460e-03
4.139460797360201491e-03
4.166848581446305072e-03
4.144239356778091528e-03
4.148776740822313069e-03
4.150563698526067193e-03
4.144141369750922212e-03
4.147088063385505341e-03
4.145078083700733801e-03
4.143452752373748965e-03
4.144271775784492788e-03
4.141207281474494802e-03
4.140564154296560127e-03
4.140152885791646871e-03
4.132379019095615107e-03
4.136016169798271101e-03
4.127053530308510097e-03
4.111726174710253652e-03
4.130499955987974696e-03
4.076622220551646622e-03
4.082007416243611103e-03
4.106138527850209351e-03
3.913101191325629377e-03
4.102235234562849261e-03
3.898945527696723139e-03
3.461274609391974677e-03
3.534907865320936326e-03
