-1.329130992129671715e-02
-1.350983394684909279e-02
3.082854746676658153e-02
4.346169828709857408e-02
4.300346830687781091e-02
3.380155635847715417e-02
2.212085007405732023e-02
2.211712303887590145e-02
2.210504323862836490e-02
2.209915839431398493e-02
2.209987788446496002e-02
2.209987462010439691e-02
2.209987414137090309e-02
2.209987512385611433e-02
2.209971854962151233e-02
2.210111905495138612e-02
2.210312953145383147e-02
2.209738982809042462e-02
2.461358551539031755e-02
2.448238385340614776e-02
1.522154226209970762e-02
1.396439658975860872e-02
1.422227820506566376e-02
1.421522717924678970e-02
1.421619152245625489e-02
1.421312877915688680e-02
1.420468436828845049e-02
1.420545035779977386e-02
8.257457288104605442e-03
3.164335048713522690e-03
9.837762656837457584e-03
2.403874312320022910e-02
4.681930574012566765e-02
4.217868930308921877e-02
8.610953666208412405e-03
4.014215226120553502e-03
3.656516512895781248e-03
9.186714877234790355e-03
1.841291374202852493e-02
2.275165092656081245e-02
1.954222467428991597e-02
-5.331627604918392528e-03
-7.503268898176261234e-03
-1.077567814413615734e-03
-1.087129675195522586e-03
-1.079860113735965936e-03
-1.074750092458325252e-03
4.200636313317308509e-03
7.268967495528732073e-03
1.153690255950965207e-02
8.896872058225714294e-03
2.759802421960608383e-03
-7.776543037042850035e-03
-8.416241634001215763e-03
6.910473774001960057e-03
2.692518184470117648e-02
3.382032244588733388e-02
-6.076523493889852967e-03
-2.389675718732170440e-02
-3.512944913885181208e-02
-5.479275284669387486e-02
-5.780072393259251366e-03
6.298698360537413610e-02
7.375427551452945485e-02
-1.888082007859052946e-02
-6.127197078070229647e-02
-9.173786228475725064e-04
5.788151177647235524e-03
-3.796171299696403639e-03
2.633935522708411026e-02
1.047307854734167154e-01
1.255238241089077500e-01
6.570227542988812952e-02
6.598325073446405231e-02
6.568906025423260076e-02
1.026228750470361550e-01
7.948286157186959522e-02
5.994471699354292360e-02
4.127516261435342643e-02
8.793360584352194476e-02
5.527684498897747489e-02
1.062084697385314719e-01
2.064819493472979939e-01
2.230092693953635019e-01
1.214422342292801466e-01
1.213869976103347514e-01
1.793672131027245487e-01
1.570045547211159354e-01
1.832826841128409531e-02
-1.091868963883279794e-02
-2.544748238588907113e-02
-4.965683107405827884e-02
-9.657807560833291116e-02
-6.719649120751225446e-02
-1.891092177814110084e-02
-1.173843632046049461e-02
4.483171492889098664e-03
3.669531092943049966e-02
3.308493139396195826e-02
2.270632279006780385e-02
7.321502905875961614e-03
-4.340949237883277162e-02
-4.218202969021431215e-02
-2.181747293681839638e-03
6.472628413934023578e-03
-8.082480997242397561e-03
-2.019228382025098703e-02
-1.880975238127368873e-02
3.514489871126572074e-02
-4.426052372507022388e-03
-6.194931423061485198e-02
-1.100775521337963268e-02
8.162972621734146395e-02
1.164947220990982801e-01
6.848555407210588260e-03
-1.283784671101379227e-01
-1.440472937574761580e-01
-7.936873762624867268e-02
-4.372199921586790439e-02
-1.802406463503409759e-02
-4.774050113885189533e-04
7.504066959429811501e-02
6.819781384077333586e-02
3.317699507371382750e-02
5.608152818320229216e-02
6.688539036505701529e-02
3.576042237615360136e-02
1.779678370001021651e-02
-3.046725187196821019e-02
-8.233403817980926298e-02
-7.908086615378501216e-02
-5.065067517074726966e-02
-4.339565272069826479e-02
9.283013278188033054e-03
3.604747691954062611e-02
1.184309358024646271e-02
-1.543572594620194922e-02
-1.452018914830192041e-02
9.746708339792720110e-02
1.281602835089049597e-01
8.985723201484707712e-02
2.412613130056589714e-02
1.680859160328341401e-02
6.107396872865033383e-02
6.097037623029943898e-02
6.150320262870721810e-02
5.191264640143381653e-02
1.294710706973727088e-01
2.427589750677483782e-01
2.476828866677618646e-01
1.697993888479323310e-01
1.414911265648848837e-01
1.602354563258907849e-02
-2.303451540224491986e-02
-7.159511814305152301e-03
-3.723511220428402796e-02
-9.289422441623000626e-02
-7.239525818669756418e-02
-1.237648144231124660e-02
-1.498302617626407450e-02
-2.882544216690253319e-03
3.083593690613338489e-02
3.214153118093335260e-02
8.047784997502475252e-03
8.048735146145140698e-03
1.514756620926360417e-02
1.238741538242994246e-02
-2.280919509952034421e-02
-2.637628188663145024e-02
-2.088691236540739585e-02
-2.090856142758458491e-02
-2.091295752478092990e-02
-2.090494656042059252e-02
-3.266812318797068793e-02
-3.652212592858692514e-02
-2.233182651247776762e-02
-1.472567143971789672e-02
8.641890053212558653e-03
8.998892705486701699e-03
2.910472300387578846e-03
2.633430118017952588e-03
2.955855980798977045e-02
3.087806013144886799e-02
3.146778252862809933e-02
3.149496456222700136e-02
4.199921844186232239e-02
4.898780613499999215e-02
6.551166722502531348e-02
5.175211659950511300e-02
4.185437095443180627e-02
3.743289651365976772e-02
2.408567995251062119e-02
-3.054598579611051551e-02
-5.741672236273570595e-02
-1.770444461779097922e-01
-1.476365879317659280e-01
5.296204651753971121e-02
2.614657514601798627e-01
2.124850442794155303e-01
1.090274841586155730e-01
8.534533453985500284e-02
6.709150569284899612e-02
1.321733017977267666e-01
1.109729187498435243e-01
1.269247249145567802e-01
1.267863748101481780e-01
9.248447923294494943e-02
1.048034425548792781e-01
-1.527497179944730873e-02
1.718190015685580954e-03
-2.303296719360991424e-02
-2.329431580310717745e-02
-2.314895095760459084e-02
-2.328590219735674621e-02
-2.314767124843105164e-02
-2.300218076638839773e-02
-2.319912894685250207e-02
3.517266062388859065e-03
-1.309307870352511768e-02
-6.554861202971011547e-02
-7.904245737910603475e-02
-4.589259645395038500e-02
-4.592031007930080788e-02
-4.748495494571201847e-02
-4.231742150368384553e-02
-1.915700926950648399e-03
-1.071360668525455631e-03
-1.129732878318004050e-02
-3.784285096488685524e-02
-3.728385412408782157e-02
-7.938257014414886598e-03
5.352631106668274096e-03
4.217699755746903527e-03
3.128404916084667059e-02
3.466523223713286611e-02
-4.647774434395833890e-03
-2.792334748864578470e-02
-4.841675351703380453e-02
-5.456133830090783426e-02
-3.597707400244470194e-02
-2.454363201638174678e-03
4.199639304260216477e-02
3.418547860606193506e-02
3.211367915047209920e-02
1.661108800258979945e-02
5.682881810801025148e-03
-3.173402181480206030e-02
-3.261581691828339957e-02
3.013205338412163273e-02
3.450158317425499471e-02
1.587277081352527972e-02
1.590635787099868928e-02
1.589114200836863264e-02
1.587514932988853128e-02
1.236233624952006935e-02
1.039675945993196425e-02
-3.330270400972727002e-03
-1.577711527238391705e-03
2.355642126349138422e-03
2.348723789023955157e-03
2.353522282928242719e-03
2.357826548599357714e-03
2.345000326972380023e-03
2.322547448886241872e-03
2.380748827825409589e-03
-2.010614369437807580e-02
-1.682075466526185281e-02
8.159590228367966103e-02
9.514210245647083952e-02
5.647822924358775892e-02
5.197429216307770244e-02
5.930124790573285121e-02
5.487588381651856140e-02
6.837652507644639832e-02
5.113106528064846612e-02
2.908074903076000861e-02
1.923448488682853643e-03
-5.977533862341700976e-02
-7.913711889466600036e-02
-5.524873555410255571e-02
-7.157076969928441446e-02
-6.421312975976173343e-02
-5.765556835532621022e-02
-6.616322591642723183e-02
-5.850629256358294561e-02
-7.789608329398865771e-02
-5.788590515081024762e-02
-5.504955117768976823e-04
1.377417645904158855e-02
2.274230797762723938e-02
-7.050249491084440226e-03
-4.476894491232050882e-02
-5.265242505008611157e-02
-5.441470402158389563e-02
-5.288871011858525123e-02
-1.046527035628333491e-02
-2.703636383873288598e-02
1.929148141606624664e-02
1.166338604076771479e-01
1.273426728132468211e-01
7.478354169143772157e-02
7.484550257247664373e-02
9.462916061449858085e-02
9.479419113429064792e-02
4.586981259411566925e-02
3.602540735953695811e-02
3.563762812029419580e-02
3.535120387417899079e-02
9.878234772357631643e-02
8.915610532725418147e-02
-3.620629497502418376e-03
-3.541450931352904674e-02
-5.737198348304357876e-02
-7.321287167070038293e-02
-7.597918770415763856e-02
-6.860765352807571271e-02
-3.823505560716319168e-02
-2.809084347484434169e-02
-2.636831051980915649e-02
-1.541124070288732960e-02
3.685438717532309866e-02
3.928699084599503177e-02
2.736228545097431006e-02
2.637955948436505882e-02
3.347939126072677074e-02
2.233222283777888326e-02
1.184961043736361755e-02
3.564979192566504473e-02
7.027706050829793383e-02
6.758083571984323246e-02
7.541210941499845721e-02
3.744600097121440763e-02
8.201087099267395653e-03
-4.230615874484639286e-03
-2.174710030202661390e-02
1.393534830933691043e-02
2.268651700520390654e-02
-3.381479212741437396e-02
-4.610366941109141775e-02
-1.392421076431902063e-02
-5.510525718324316147e-02
-7.442423489000071779e-02
-7.827512998746637141e-02
-6.203173386882417789e-02
-4.568276112716529447e-02
-4.565095985076418617e-02
-3.500639434697573604e-02
-4.222445120885454789e-02
-4.703402527647761872e-02
-8.079187253299513483e-02
-5.940365105951033592e-02
-6.454563297909200748e-02
-2.856464116897023189e-02
7.518064858348988411e-02
9.742278280791394351e-02
5.048646652923272776e-02
2.164110916986218200e-02
1.915749173302794262e-02
8.005553815110985627e-02
9.460596663613894675e-02
-1.438587570829760569e-02
-8.892701611278512608e-02
-5.375443122812079665e-03
9.024222447502663891e-02
5.625619073584480628e-02
-1.174100773928893615e-01
-1.266016451655924691e-01
-3.854003103493047755e-02
-8.473743055070859925e-03
-1.697407322498002864e-03
9.563584516795594140e-03
2.688937953213417845e-02
5.701052780098431194e-02
3.081294005265029778e-02
-1.312041740264435069e-02
-5.108553911387853086e-02
-5.908862731152246528e-02
-5.133277916482448244e-02
-7.338859295097760471e-02
-3.829273108352954785e-02
9.935965256755179345e-03
-2.599454007351669621e-02
-1.680356226520823490e-02
7.128428533583805460e-02
9.731989775135048426e-02
1.462093876920921021e-01
1.511940895202820156e-01
1.166706207260696238e-01
7.526277451604856950e-02
6.527332124687158788e-02
6.509841194250216845e-02
6.501361931945508210e-02
6.506695069558141031e-02
6.522943550633418519e-02
6.505057391930603450e-02
8.149473299139653459e-02
8.348716493727449672e-02
-1.641508906354469111e-02
-2.442355494078582087e-02
-3.418470639468772221e-02
-1.853421450788116792e-02
6.931660674852867243e-02
3.880720363967845449e-02
-8.985606724838023085e-02
-9.457571112250108547e-02
-2.039986281922906430e-02
2.568015841191928841e-02
-1.810069115802728779e-02
-3.994097441083956784e-02
-2.062015974138387692e-02
5.741763807837230475e-04
2.900252240241103785e-02
3.101759841440177717e-02
1.733581877058940762e-02
1.005374944769127192e-02
6.036097892465288987e-03
6.027448917711286658e-03
6.023658456063508450e-03
6.022601520409217278e-03
6.023364786729487781e-03
6.020991268777717807e-03
6.017519604473229970e-03
6.030679499280842092e-03
8.966698447115947291e-04
3.837677062844711915e-03
3.068777108019756297e-02
3.326077697910455322e-02
2.738855548656521366e-02
2.738600844513434593e-02
3.604352108667359389e-02
3.847954433385351175e-02
-8.755727358147652635e-04
-8.838010460479746658e-03
4.837858512978533004e-02
5.981838416507780781e-02
6.711490144261056390e-02
6.711397079539828392e-02
7.725863048662474919e-02
7.769226000524306897e-02
1.022423784066595065e-02
5.156174371348586777e-03
4.270070315713862981e-03
4.229221114952049637e-03
4.232826497817925200e-03
4.232867893703556872e-03
4.231466421654275431e-03
4.237990940333447032e-03
4.255016474249088271e-03
4.265636660853348340e-03
1.862124235209125511e-02
3.318451177114235123e-02
3.612502218734588155e-02
7.991841116427186864e-03
-6.451249975676773274e-02
-6.307496467498474590e-02
-3.467521450028215879e-02
-3.081356905385670975e-02
1.836727485653840211e-02
2.516857846932251536e-02
1.737976638138995916e-02
1.741061150201909935e-02
1.740524541433647113e-02
1.740060111920076202e-02
1.740129225963177317e-02
1.740128980831039118e-02
1.740127878598456829e-02
1.740144387341498525e-02
1.740159209346872973e-02
1.739658822395428323e-02
1.750424610879193488e-02
1.627470194489998717e-02
8.062310000060805143e-03
8.010345685455642212e-03
1.047370992231441006e-02
1.048034728382359060e-02
1.885733716735988816e-02
2.110607169699561803e-02
4.454163200667203559e-02
4.036185233047943910e-02
3.586222927798504018e-02
3.586046972520492981e-02
3.584507797073700069e-02
3.547164103182810779e-02
1.206486169493144016e-02
1.207145419581190024e-02
1.115557402937450947e-02
1.149501023428245623e-02
1.735839418596692510e-02
1.818582731753411175e-02
1.748268779768060582e-02
1.748652805649826558e-02
1.748616632509718272e-02
1.748572636520443965e-02
1.748577429503134564e-02
1.748577406445668558e-02
1.748577400490172740e-02
1.748577402242837073e-02
1.748577402142455911e-02
1.748577402142504136e-02
1.748577402142462503e-02
1.748577402142438217e-02
1.748577402142444115e-02
1.748577402142419135e-02
1.748577402142426074e-02
1.748577402142406992e-02
1.748577402142493034e-02
1.748577402142463891e-02
1.748577402262427305e-02
1.748577400290335718e-02
1.748577405094173601e-02
1.748577443690616656e-02
1.748571709011523603e-02
1.748618524548701050e-02
1.748723827012080290e-02
1.748197165853882309e-02
1.832517672633602462e-02
1.820197125343106168e-02
8.992073710590678046e-03
8.461322860934107279e-03
