-1.037236619826542409e-02
-1.055834832101356334e-02
2.395570135263162120e-02
3.381047861285272488e-02
3.342105106815378840e-02
2.622182379932600296e-02
1.715148232113867383e-02
1.715148232113887852e-02
1.715148232113844137e-02
1.715148232113992630e-02
1.715148232113877097e-02
1.715148232114037385e-02
1.715148232113774748e-02
1.715148232113931220e-02
1.715148232113858709e-02
1.715148232113922200e-02
1.715148232113888199e-02
1.715148232113912485e-02
1.911097204842013286e-02
1.900853265296765723e-02
1.181559393580796681e-02
1.083584907216726678e-02
1.104072786306796103e-02
1.104072786306829410e-02
1.104072786306898278e-02
1.104072786306787950e-02
1.104072786306883880e-02
1.104072786306662703e-02
6.410025584819235324e-03
2.439779357259403043e-03
7.616037714743747675e-03
1.866360418793598305e-02
3.636001894442850851e-02
3.275001432447793848e-02
6.678437777612834109e-03
3.095945504728480051e-03
2.829951101385431121e-03
7.133524040749263800e-03
1.429850858652290807e-02
1.767235200172420292e-02
1.517521324169901660e-02
-4.128083837714755476e-03
-5.815005545313347256e-03
-8.207280252636661114e-04
-8.207280252636033361e-04
-8.207280252636201413e-04
-8.207280252630571151e-04
3.271928431795937016e-03
5.655399412685697437e-03
8.969388230972956053e-03
6.923060002441965878e-03
2.156118040663571739e-03
-6.028807549435371074e-03
-6.534618388139594100e-03
5.371833793961540947e-03
2.092683301087531339e-02
2.627877029751883933e-02
-4.676990378945475486e-03
-1.852089674889265125e-02
-2.726899001967839076e-02
-4.258057735633498375e-02
-4.491952080089596858e-03
4.901852818322768868e-02
5.736970405731690870e-02
-1.470419430630305092e-02
-4.766940399095570546e-02
-6.798118447046065009e-04
4.544290653894060734e-03
-3.161874249687185705e-03
2.027138035831681923e-02
8.148419361969909402e-02
9.770077154996945068e-02
5.083426233395923338e-02
5.083426233396049626e-02
5.083426233396057259e-02
7.981227064039267405e-02
6.169753679015316239e-02
4.637949772483521138e-02
3.189049357161795328e-02
6.811996127209296592e-02
4.256089431357589631e-02
8.222571054469704488e-02
1.604192651454332541e-01
1.731987986246927569e-01
9.386916616245145895e-02
9.386916616245120915e-02
1.392883964147079989e-01
1.220038440400185581e-01
1.407142662385493619e-02
-8.638188502271930413e-03
-1.972390202275624976e-02
-3.845923091915014191e-02
-7.492032633609455039e-02
-5.209291720116252661e-02
-1.462225940837696102e-02
-9.061599317872547771e-03
3.499118943551613424e-03
2.849227664326443518e-02
2.571194659801271862e-02
1.766853918679853891e-02
5.691639873149435640e-03
-3.370036578087051704e-02
-3.274091667138755851e-02
-1.647402349280001257e-03
5.107270954692069882e-03
-6.251282573988849872e-03
-1.569747807412032528e-02
-1.456072086691920578e-02
2.737125381774308322e-02
-3.413297689832986339e-03
-4.827366912744128491e-02
-8.722913134202729332e-03
6.359590411808530019e-02
9.084889934584941540e-02
5.380376869761416617e-03
-9.007791529994157997e-02
-1.017378603483965888e-01
-3.417473588133147777e-02
-1.251856245726970344e-02
5.539358868981340313e-03
2.698098951020552749e-02
4.139471357630307435e-02
3.854924212773858105e-02
6.527148362772609846e-02
7.234370240336215896e-02
2.416563360220619350e-02
-4.952440816559654235e-02
-5.652469996026981969e-02
-4.869834745429130196e-02
-5.094393003455013197e-02
-3.343929986176765595e-02
-2.189427664501689477e-02
-1.740311148450552486e-02
-1.740311148450588916e-02
-1.740311148450465750e-02
-1.740311148450434178e-02
2.129367550844057499e-03
1.835161346988317677e-02
6.408646752547933478e-02
4.540785279047201972e-02
-8.354842021231446980e-02
-1.335968434469826105e-01
-2.183479452238139551e-01
-1.699487402482129927e-01
1.173577645008714726e-01
9.548528634731162645e-02
-1.296451287830650834e-01
-3.136202026228397388e-01
-1.386825523694573403e-01
1.339312057946275523e-02
7.576246199287998973e-02
2.691125821815469263e-02
3.011253689119137815e-03
-1.480527892203191594e-02
-3.600155480837688438e-02
1.179845424969351575e-02
1.179845424969275074e-02
6.148416053877524268e-03
3.968942438868684752e-02
6.523312094379155046e-02
6.805814004169721820e-02
2.916418569997493784e-02
4.354570895385054263e-02
3.286374763637481961e-02
3.098355871674206286e-02
-3.959470493000551844e-02
-1.201835368761589307e-01
-1.579324788391281431e-01
-6.237844065298672053e-02
-4.631349843768619960e-03
2.025289340947697154e-03
1.436824411227611165e-03
4.053041643816382433e-02
6.352892276840342578e-02
2.870953069377103761e-02
7.130472652169149959e-03
-6.382520916220908724e-02
-9.779178763534548957e-02
-7.870370838587591178e-02
-6.147170303386630813e-02
-3.381058771407471908e-02
-1.396691419991144545e-02
-3.530821573943076618e-04
5.828483625661909362e-02
5.295028489081101547e-02
2.572262080577786617e-02
5.337502595096913632e-02
5.309940566989167915e-02
6.002381780392285725e-03
-2.199376100113957511e-02
-2.859019066721048968e-02
-4.196851302577763593e-02
-3.488354292130895623e-02
-2.636142469507711875e-02
-1.954757285274100545e-02
4.498376138240418355e-03
2.197430479373097337e-02
2.018298558211243168e-02
5.284316388602557091e-02
3.663612989850135310e-02
-8.354842021231478899e-02
-1.730443035217904268e-01
-1.578669058152085414e-01
-1.235423202425934841e-01
-3.242126058075806005e-02
-1.089647629876817903e-02
1.541401268348833141e-02
-4.089017550336282447e-02
-7.443749368211004247e-02
-1.178899088702186071e-01
-6.050213633397329843e-02
1.457571563957525684e-01
2.171308855500353741e-01
7.823669190279411434e-02
-9.215847758735697115e-02
-1.097154687467623846e-01
-7.006501565287698297e-02
-7.300172950362518454e-02
-4.091691812654046218e-02
1.997394910991422481e-02
3.019642082445653936e-02
3.216423840809896906e-02
3.191420363958882150e-02
1.339540017347133107e-02
3.482554908276844479e-03
3.982624445296944864e-03
3.982624445296473886e-03
3.982624445296199800e-03
3.982624445296237964e-03
1.024818995950444941e-02
1.338532779827125881e-02
1.156317647529972112e-02
6.662564898437449380e-04
-6.696344949654020259e-03
-1.746364498679801045e-03
2.135704115496097483e-03
4.580205599368404254e-03
3.414226695853651416e-03
-1.276759580846853481e-02
-1.290152078843865083e-02
-1.056956298141055982e-02
-1.056956298141148443e-02
-1.062296095338473995e-02
-1.553252803866787997e-02
-2.172087066053289550e-02
-1.197306744801780037e-02
2.612372158680981854e-02
3.989465304690107544e-02
-2.285550614289032570e-02
-4.827366912744144450e-02
-8.722913134202476063e-03
6.359590411808443977e-02
9.084889934584954030e-02
5.380376869761917084e-03
-9.979181148152348191e-02
-1.181730101812310391e-01
-9.526797915374000947e-02
-6.764086876153843630e-02
-5.132054241975856496e-02
-3.632787379621939261e-02
7.512567518234947173e-02
8.262149532970552990e-02
2.405710946055399785e-02
2.141660834821316334e-03
-7.800435771309835106e-03
-7.503902588421967196e-03
-2.478547127293528191e-02
-3.869194016374662842e-02
-5.622995570779816543e-02
-7.435166231624723565e-02
-2.662885154498201984e-02
-4.050505944282222111e-03
-2.328314125306351137e-02
7.815099770873974727e-03
6.509277131130454530e-02
3.510165194005978456e-02
-1.470419430630190080e-02
-4.766940399095679487e-02
-6.798118447048296297e-04
-4.477052964650378442e-02
5.082256805239731721e-04
9.399343520145163333e-02
1.478377248800149535e-01
9.995299120935090265e-02
2.599087457863302059e-02
1.139743481445082245e-02
2.495984467548507946e-02
2.495984467548371943e-02
1.020754482400663792e-02
1.630696524092436692e-02
7.209689202069981262e-02
7.947304194643650677e-02
6.727420111260427882e-02
6.727420111260416780e-02
6.727420111260232205e-02
6.727420111260205837e-02
6.727420111260191959e-02
6.727420111260185021e-02
6.727420111260230817e-02
1.218142945776050090e-01
1.497116098361890302e-01
9.253962506459456616e-02
6.526957833209409698e-02
9.474947814927130174e-03
-9.963535307811745637e-03
-5.165874321496861238e-02
-1.117604682056832222e-01
-1.427606416244405763e-01
-5.013203041673216370e-02
1.045523117443171619e-02
5.733922595754919332e-02
4.079295119436772421e-02
1.644175346157993045e-02
3.179609815052808573e-03
-6.806222321580647754e-04
-6.806222321582355373e-04
-6.806222321585807472e-04
-1.113653480614312493e-03
-1.566664339635166455e-04
3.853576509736433234e-03
4.070092133964230315e-03
-5.608019187688969946e-03
-6.696344949653514587e-03
3.011500414186058135e-03
1.083824092558161598e-03
-7.415454327912243508e-03
-9.794386784344581015e-03
1.825103087262241932e-03
-1.833819998175900343e-02
-3.341785207315680576e-03
1.203462917659606501e-01
1.278615027699198659e-01
-6.134267736079018589e-03
-3.981390370474836848e-02
-4.590550065730028551e-02
-3.756719646293857351e-02
-3.954176315255593377e-02
-3.925810740717119995e-02
3.833405439558100654e-03
1.525849875555671843e-02
1.469118726478818235e-02
1.469118726478842001e-02
1.469118726478828123e-02
2.208917847932458101e-02
2.175036847137312712e-02
2.415283073348296547e-02
2.045383512621427174e-02
1.390117884357366072e-02
3.267097183430182211e-02
4.901240698291931680e-02
5.262754513218999980e-02
1.508795915073649421e-02
1.508795915073721239e-02
1.508795915073688453e-02
1.508795915073658095e-02
1.508795915073697473e-02
7.730697502993347237e-02
7.828131272551268338e-02
-8.289523235556687034e-03
-3.939903117515559244e-02
-4.134770656631239077e-02
-4.134770656631205077e-02
-4.134770656631090585e-02
-4.134770656631131525e-02
-4.134770656631179403e-02
-4.855328406888607951e-02
-4.095267328675090274e-02
2.713965685926522653e-03
-2.860364695053576808e-02
-1.791035976338856139e-01
-2.164271554577212042e-01
-1.475558452203284965e-01
-4.724419177569725431e-02
-2.625938414756205305e-02
-2.432039907134719500e-02
-2.432039907134687234e-02
-2.133806876089950483e-02
-8.774156898795869297e-03
4.358847482365781761e-02
4.209730966843348854e-02
1.696948594422669626e-02
1.696948594422674136e-02
1.696948594422626605e-02
1.696948594422633891e-02
1.696948594422653667e-02
1.696948594422670320e-02
1.696948594422687320e-02
1.696948594422628340e-02
2.123760350183458503e-02
2.047150850512331061e-02
2.600049520113427090e-02
1.731267611051500593e-02
9.137483961509507494e-03
1.431465410195905535e-02
3.913068819520834629e-02
4.947729339161508616e-02
2.953246657469340078e-02
2.367820983988460845e-02
2.984999447070670314e-03
2.984999447070721488e-03
2.984999447070311226e-03
2.984999447070488601e-03
2.984999447070612200e-03
2.984999447070372808e-03
2.984999447070290409e-03
2.984999447070394059e-03
2.984999447070288674e-03
2.984999447070437427e-03
7.698025314286633877e-03
2.729333760557767392e-03
-4.235887208153506223e-02
-4.713561680758586447e-02
-3.501360252040810334e-02
3.097782371886149619e-02
3.218793961508279594e-02
2.781867725564411004e-02
2.781867725564490107e-02
2.781867725564424881e-02
2.781867725564429392e-02
2.781867725564469637e-02
2.782264740532443964e-02
2.753073519519724441e-02
9.357120413042697288e-03
9.355135338202242787e-03
9.938959758456999277e-03
9.938959758456799784e-03
9.938959758457387855e-03
9.938959758456879581e-03
8.651452971440270687e-03
8.925861491701894690e-03
1.347950048169921020e-02
1.412325387520728913e-02
1.357443683468362479e-02
1.357443683468369765e-02
1.357443683468405500e-02
1.357443683468386418e-02
1.357443683468425449e-02
1.357443683468430480e-02
1.357443683468429266e-02
1.357443683468369938e-02
1.357443683468361265e-02
1.357443683468433429e-02
1.357443683468383989e-02
1.357443683468383122e-02
1.357443683468427358e-02
1.357443683468392490e-02
1.357443683468360224e-02
1.357443683468428051e-02
1.357443683468467950e-02
1.357443683468393877e-02
1.357443683468393877e-02
1.357443683468359183e-02
1.357443683468407408e-02
1.357443683468402551e-02
1.357443683468411225e-02
1.423048452352201725e-02
1.413348490856912963e-02
6.984688384512082945e-03
6.572559824446651093e-03
