5.227337603821048395e-01
5.961129270059262186e-01
1.073254629481187772e+00
1.107074948793259850e+00
1.028754490273388500e+00
1.017362246071572107e+00
9.937363934231772111e-01
9.560354888679062357e-01
9.502336127203894200e-01
9.523511041488500473e-01
9.497621701013089224e-01
9.501821507342351758e-01
9.501388950132251265e-01
9.511138871873158207e-01
9.497203835932865879e-01
9.453693273744284697e-01
9.588128062264248408e-01
9.055680803817161006e-01
8.678114474546377854e-01
8.920293356145874153e-01
5.584145819561763258e-01
5.625446235200756151e-01
4.936369135796331298e-01
4.565782591430891380e-01
4.676865497176511122e-01
4.614975175108729788e-01
4.562160466168333484e-01
4.479561332154390896e-01
4.129817318903706846e-01
3.807979065668215535e-01
3.324553491620531598e-01
4.025109401218214811e-01
2.932457627931523980e-01
4.196516335038888434e-01
3.635945236508381084e-01
2.616102900102822426e-01
2.013973473907400280e-01
7.366325059503361916e-02
-4.218740920246974446e-02
-9.368165260096114610e-02
-3.268872721466175024e-01
-3.009014652466040496e-01
-2.175483327814070889e-01
-2.544588318795753534e-01
-2.153446362108734635e-01
-2.271663537035330804e-01
-2.648655207500825726e-01
-1.481137205492697728e-01
-1.399059946071971317e-01
-1.024867041753766694e-01
-8.327855011621045078e-02
-6.302400740108164701e-02
-7.970855253446120642e-03
1.656237893059461785e-01
2.026231202501197204e-01
2.726633228913808438e-01
3.616684428393617257e-01
3.828377856222623943e-01
5.368844952489530975e-01
4.046677306342095770e-01
1.038399231670862066e-01
-1.325137217661316869e-01
-2.943330676834357007e-01
-4.913609460687202168e-01
-2.317007415472801812e-01
5.066368162497219413e-02
2.840329393639412503e-01
3.394721982777334501e-01
3.925398821547748107e-01
5.438814500247806105e-01
4.403499407247603026e-01
3.939098386214431868e-01
3.193844586093673166e-01
1.225652388571541879e-01
1.792883320538567749e-01
2.074614452561035494e-01
9.709738897689959569e-02
-4.705554825352889492e-02
3.850299821233769959e-02
1.505609898141388736e-01
1.154809381885321951e-01
1.838122271476771985e-02
1.482354846493510181e-01
1.519568798259086084e-01
1.886481317140256686e-01
9.677221539500537040e-02
4.714620231224464497e-02
2.219829408285249953e-02
5.283463730713227474e-02
1.587010246679262937e-01
2.026299364843101580e-01
8.006708294042031993e-01
7.635919580099997939e-01
7.234231170949783074e-01
7.497230945455557460e-01
7.106531655814902759e-01
6.569188498924655173e-01
6.140956880075754132e-01
1.538379306173276728e-01
1.254821799232463675e-01
1.868901243657920819e-02
5.433859959210451951e-02
1.739285582136558816e-01
2.259440093046210518e-01
1.383767837585314076e-01
2.836396991603106210e-01
2.205626236714501309e-01
9.434146839244039739e-02
4.090445868701766269e-02
1.456504411483820483e-01
7.898613370588573879e-02
8.752818262520684067e-02
2.604496162694919237e-02
-2.723722955165763793e-03
6.453865936904351619e-02
1.205490905532359269e-01
1.568906433428399194e-01
3.922905043168318229e-01
7.996991967393134448e-01
8.619243245467053116e-01
9.035564999651609641e-01
9.562662826143732975e-01
1.123689623203902421e+00
1.228514819399668445e+00
8.132111390910939930e-01
6.191582321394264454e-01
4.434136683322729700e-01
2.126437768795589878e-01
1.517879146614232178e-01
2.931670921282774622e-01
3.337465524401652117e-01
3.638222938800025341e-01
1.863240663449046985e-01
-5.736770116113242002e-02
-8.912534871148272697e-02
-2.549917666705572850e-02
-5.033164811412062234e-02
-1.263846839233068176e-02
-7.422549514182492231e-03
-3.178644028357786172e-02
-3.889401250807607291e-02
-1.268165673409204219e-01
-1.613376225778249962e-01
-1.895715470009912140e-01
-1.719403346283839840e-01
-4.900083772172164620e-02
-8.697555567611967020e-02
-3.123638585298733200e-02
1.206658408759108264e-01
3.146275488914082041e-01
2.609708037554470672e-01
1.666465073299210065e-01
1.155618530578125386e-01
-3.360072326775283974e-02
1.162100852337550998e-02
1.225202470145179967e-01
8.428159822176686800e-02
1.504135931320430830e-01
1.601854915641236221e-01
8.806888156904099652e-02
1.737432572117958152e-01
1.199934326926870160e-01
4.542266932044049521e-01
3.368248719638645694e-01
5.807488416259708464e-01
6.057848587306583488e-01
5.985439816728542750e-01
9.202969583119439134e-01
8.810273074821000083e-01
9.338246453445225859e-01
1.073692396124075188e+00
1.091473365526524297e+00
1.383600828065874921e+00
1.195090856791858336e+00
1.212616853892749536e+00
1.097790384736069935e+00
1.062795480738277787e+00
1.211487699851496069e+00
1.098522063922084291e+00
1.103034530503838262e+00
9.738360572117632508e-01
9.420242087729415736e-01
1.099081086297707843e+00
9.454046037844168193e-01
9.542104762871111978e-01
9.040755692306938762e-01
7.913983725154707383e-01
8.312672613757003948e-01
9.915087178501237331e-01
7.117437049268635629e-01
5.058066904095228633e-01
5.225116715428833603e-01
5.713110996277459552e-01
7.577790831609563238e-01
4.189970845599069182e-01
2.962053830035010216e-01
4.088842756382701782e-01
4.589806389266461450e-01
6.852412680469339712e-01
8.127172968609857051e-01
1.231620963264638435e+00
1.509201613003973597e+00
1.477662574425101960e+00
1.616293842425638783e+00
1.339130843801646931e+00
1.266766972233031696e+00
1.233464936427524083e+00
1.006837205222378184e+00
1.001490799449568092e+00
6.997012971164797701e-01
4.344825345897505575e-01
5.276025283256272624e-01
6.051632746864370471e-01
6.681893122424774623e-01
6.825001620605876118e-01
1.867192923827426798e-01
7.459706265751464560e-02
-3.760314716723718587e-02
-1.710899141475379082e-02
1.772679085470989513e-01
2.213555029028801968e-01
4.251912578648485708e-01
5.022833319763024829e-01
4.362286903980785446e-01
5.961751930696873591e-01
4.990945646865636021e-01
2.462701405247891828e-01
2.000266261582149263e-01
1.546144134410167015e-01
1.683859734154093402e-01
2.146131501640813621e-01
1.983181104512687365e-01
1.596141640722256450e-01
1.691529735608169049e-01
1.233654799941743263e-01
2.194970176762717773e-01
2.282703469223705539e-01
1.686117689996257385e-01
1.849357711076378419e-01
2.045017714983487223e-01
2.359800845321575469e-01
2.387178766568786303e-01
2.749195772028275586e-01
3.611174032801634515e-01
3.644586186507838277e-01
1.776794476640891629e-01
1.566084795580580946e-01
2.118377208521157185e-01
2.103102760631783696e-01
2.344067956941610076e-01
1.662367011030948527e-01
1.234450822188489783e-01
1.522903125769845822e-01
1.294757105501801731e-01
3.886801757346695918e-02
4.493049133517591082e-02
4.315259348541185258e-02
9.691097236639301116e-02
1.346740790517176323e-01
3.184481701209208593e-01
2.959935657623719019e-01
2.185587154443166535e-01
2.353498670709106011e-01
2.179296581509825581e-01
2.088798446681540133e-01
3.955348833840742206e-01
3.991905246543911434e-01
4.247550690995540168e-01
4.354390820121443739e-01
4.173729525969630538e-01
4.303916931863900897e-01
3.901243469793177487e-01
3.220377211004821771e-01
5.164428842543794529e-01
5.716116691407282513e-01
1.945771103537934088e-01
2.025969141432757969e-01
1.932499058922374502e-01
1.891043911763705399e-01
2.563767643599525470e-01
2.235871028441691888e-01
1.513991120682838254e-01
-7.870007291938342642e-02
-1.197022127781487560e-01
2.452465319024648704e-01
2.984742067133795002e-02
1.502268901609484231e-01
4.146379641005469852e-01
5.016445900560232429e-01
5.495503228014233521e-01
5.481900748834503956e-01
5.356464177710484886e-01
4.873494601093594225e-01
3.333815766830768301e-01
3.224051033487196904e-01
2.254646924046162515e-01
3.651230878584772466e-01
3.231336113695978951e-01
3.527919019732999595e-01
8.293488317023395284e-01
8.630114964000267230e-01
2.737600354212543219e-01
9.990526471667429687e-02
2.735407038749395822e-02
-3.075728719073219652e-01
-9.596805054079282638e-03
3.219872269535636322e-01
3.741895714677281881e-01
3.779922672001400641e-01
4.535817350817155647e-01
5.635005249271597405e-01
5.523744059270783158e-01
4.067211053686064504e-01
2.455499093612526218e-01
3.328696041801680883e-01
4.092066951737254876e-01
2.899175405785239801e-01
4.042636179600898050e-01
2.560813696173334653e-01
7.750020883756733592e-02
9.009333437515704146e-02
1.755283213720848223e-01
2.922995844679345812e-01
1.830218248209825038e-01
-7.197920086056772138e-02
1.723056692085460639e-01
2.919392399797616777e-01
5.307322024922114245e-01
1.043878883948037295e+00
8.886295361683443916e-01
1.033323124173899377e+00
1.349024345387057400e+00
1.413469571248859191e+00
1.650512520915086156e+00
1.442061402575888218e+00
9.291651824637731094e-01
8.147827437377298532e-01
2.712208008177728891e-01
-4.773224682184651346e-02
-1.906485681392049159e-01
-3.574935157805080310e-01
2.211172315219976647e-02
2.645969976220384767e-01
4.431724524056113723e-01
1.720377668541087646e-01
1.303066802796994383e-01
6.668660145728390332e-02
-1.457597893242713188e-02
-4.829568638851187978e-02
1.824422227895152251e-02
9.241321351102221859e-02
1.945530013352750331e-01
2.154277408068883404e-01
1.143112702194857971e-01
1.899366322237945881e-01
6.746093528192851352e-01
8.537722657376280999e-01
1.058119572962776145e+00
9.291697904059974533e-01
8.251347287780532724e-01
7.680952875990390005e-01
1.602903899594400050e-01
9.430260870545503771e-02
2.241784306954230088e-01
1.499873842045447714e-01
2.523116734245641757e-01
4.009152916003845268e-01
4.668294396795160672e-01
7.441565227939956895e-01
4.427842879017468425e-02
-2.478702445810021526e-01
9.093442605476458329e-01
2.002220311821371279e+00
3.928684849619241137e-01
-1.150135955815361433e+00
3.724324597548789306e-03
1.779494681910228859e+00
1.273505817736467982e+00
-2.491137754494922030e-01
-2.289189979396845098e-01
8.080092642114221624e-01
1.182483997190143521e+00
6.509017492244661973e-01
1.802873594070008578e-01
3.084983246537145174e-01
6.499634977095459787e-01
8.166864997028313589e-01
6.956505877341370159e-01
4.291966122124173943e-01
3.337109784516128497e-01
5.140477258015139217e-01
6.882145933447252339e-01
5.914870000309855325e-01
3.716435319491047107e-01
4.171125209306486559e-01
4.152337803078131606e-01
3.535265345656473657e-01
3.431518751685297963e-01
3.769233122073649134e-01
3.282649677914751818e-01
1.968261505438623493e-01
1.496463195788159950e-01
1.447865389879943454e-01
1.564159989200897827e-01
1.209764109449735503e-01
1.388411001220945795e-01
9.892350341614040976e-02
1.003469683930867523e-01
1.017104757171375939e-01
1.058876883234544514e-01
1.591997137622270242e-01
1.802727566396025438e-01
2.909622001353992515e-01
2.703494701463169947e-01
2.232595716867801783e-01
2.275494915361955806e-01
2.217479123683537834e-01
2.197626989337890246e-01
2.205444364782361832e-01
2.204199350201361540e-01
2.203113183216706406e-01
2.206736044307110456e-01
2.200561379801520001e-01
2.156077721248023105e-01
2.245236487269974546e-01
2.157706093182203688e-01
2.098641377365217386e-01
3.952144850097368267e-01
3.996083757236036926e-01
4.236843301628010483e-01
4.372780401404148809e-01
4.339306244330470297e-01
4.370856297836824833e-01
4.312917167595248791e-01
4.228520393938957622e-01
4.429723317324316678e-01
3.957426238637648530e-01
4.752069021890146794e-01
6.804571752541994645e-01
7.593493177154186924e-01
8.165230372303258211e-01
7.656884395188029435e-01
7.809528734947290829e-01
7.674236680464097127e-01
7.550352200680989778e-01
7.587831624245990891e-01
7.569860781576268627e-01
7.584815503564859007e-01
7.563637973198650277e-01
7.608835671237499376e-01
7.801638560097615693e-01
7.527846283936243665e-01
7.684159946667922236e-01
7.753726682493706779e-01
5.936095175758744347e-01
5.850443000588232412e-01
5.396713092387769306e-01
4.897896305949668294e-01
4.627747158104821845e-01
4.471746080870120377e-01
3.293211719580074748e-01
3.119542610845044139e-01
2.533124636476280500e-01
2.841492668077961192e-01
3.711875118376525284e-01
3.711180060564506777e-01
3.966246425086114025e-01
4.074541034874008538e-01
4.019926738127139743e-01
4.072533507968480460e-01
4.200857131304154835e-01
4.105764366494041306e-01
4.454533080473985773e-01
4.525192671131612054e-01
4.174364727852151735e-01
5.037191166102449325e-01
4.369956636340395217e-01
9.342524003287323575e-01
8.914732396759513788e-01
9.376605813529077516e-01
1.018159103118330133e+00
9.974306238804171443e-01
1.003785112741327534e+00
1.006074333445689195e+00
1.004408085936179029e+00
1.004781914229025519e+00
1.004771745043234077e+00
1.004731719446370297e+00
1.004744145609699268e+00
1.004743025673374479e+00
1.004742769374726397e+00
1.004742841327958214e+00
1.004742977554951233e+00
1.004743282930452342e+00
1.004738065831589644e+00
1.004756891015980313e+00
1.004750213199757880e+00
1.004615199423431804e+00
1.005356466223710665e+00
1.004139745880224810e+00
1.002556510465149264e+00
1.011026111885678702e+00
9.748245850430339310e-01
9.717484709787862496e-01
9.609947891017309729e-01
7.374209768378584551e-01
7.507129630168938306e-01
