5.688639310358903182e-03
9.711323275574524141e-03
2.981041735492175743e-02
3.319006354262510339e-02
2.009062427972219123e-02
1.424392942578212896e-02
1.538963944199572310e-02
1.538963944199619495e-02
1.538963944199527728e-02
1.538963944199672751e-02
1.538963944199553228e-02
1.538963944199606658e-02
1.538963944199634414e-02
1.538963944199841713e-02
1.538963944199601627e-02
1.538963944199404042e-02
1.538963944199588790e-02
1.538963944199790192e-02
1.538963944199644995e-02
1.538963944199712476e-02
1.538963944199459900e-02
1.538963944199467707e-02
1.538963944199579249e-02
1.538963944199813264e-02
1.538963944199450533e-02
1.538963944199675006e-02
1.538963944199632852e-02
1.538963944199646036e-02
1.538963944199720629e-02
1.538963944199418787e-02
1.538963944199583586e-02
1.538963944199598852e-02
1.538963944199571963e-02
1.673361231748405134e-02
1.551461422075818726e-02
1.320529244071593986e-02
1.253330600297214957e-02
1.497130219642041522e-02
1.497130219641964327e-02
1.049497885939910426e-02
1.340231171180279561e-02
3.370629361895500359e-02
3.594445528746469803e-02
3.012978958265648960e-02
3.565368537778102614e-02
3.785131616134854160e-02
2.672384193104486785e-02
2.396189403348288754e-02
2.202149445606570860e-02
2.290871287789012639e-02
-2.806828517359410882e-03
-9.030878496874934422e-04
-4.080157956908992203e-03
-3.098336948681660805e-02
-3.254895531808112141e-02
-2.974368879093889501e-02
-2.974368879093919338e-02
-2.974368879094060891e-02
-3.320634427365459079e-02
-4.753845094402373017e-02
-8.340127160988346222e-02
-6.245819683886531110e-02
7.867515692787781191e-04
4.450695851555790117e-02
-8.995278860828207976e-03
-3.438799380700142960e-02
-5.144871947129285583e-02
-2.129123283715449871e-02
-2.129123283715397830e-02
-2.129123283715584833e-02
-2.129123283715546322e-02
-2.129123283715661508e-02
-2.129123283715498444e-02
-2.129123283715391932e-02
-2.129123283715532097e-02
-2.129123283715545975e-02
-4.394930465803467690e-02
-4.418439242786092319e-02
-8.796664148732140365e-02
-7.663760557688202579e-02
-7.616743003723258632e-02
-7.616743003723118466e-02
-7.616743003723118466e-02
-7.737444979014818092e-02
-9.563615338414921396e-02
-7.909474931215183802e-02
-8.772674400235067060e-02
-2.436016284060062848e-02
4.043011621697913116e-02
4.054784954423677062e-02
-5.958021474303314136e-02
-5.715349566344623405e-02
-4.100407913069702148e-02
-3.466326527184272754e-02
-2.294188271939262211e-02
5.302158500965822169e-02
4.985117808023267760e-02
2.640841297533214407e-02
4.765721530440404641e-02
5.069709124785661686e-02
1.421681977580240008e-02
4.644840024514815431e-03
-1.312112920336819775e-02
-1.798656460254541289e-02
-2.086114774741710046e-02
-2.108020098769091549e-02
-7.675004083415044864e-03
-1.083774656712932494e-02
-7.266257840835232094e-03
-1.005905988489841536e-02
-9.245684762423392322e-03
1.863643451942775461e-02
4.076859138177955227e-02
2.889906939433235789e-02
-4.891382420741672947e-03
-3.848524604288180995e-02
-7.353504321259941856e-02
-9.092534402183895248e-02
-7.180725525924029629e-02
-6.004754862756389588e-02
-4.247495644741963033e-02
-1.647350730306640712e-02
-2.980523916753657042e-03
-5.122329688873908556e-03
-1.015154215195829615e-02
8.790001727060840764e-03
1.881610187281759772e-02
6.108875526370487197e-02
5.434440223871327136e-02
3.429220194720029868e-02
3.429220194719834885e-02
3.429220194719795334e-02
5.660155310275957058e-02
5.786601542717607904e-02
1.373631982736379757e-02
-7.610380785052541126e-03
-1.391858720372963522e-02
-6.521820279304993417e-02
-6.012219027573324770e-02
-5.687323214612857725e-02
-5.736550780962233753e-02
-6.033108333826297381e-02
-5.817628063321905740e-02
-5.207829765376612019e-02
-5.080525434880518026e-02
-5.123725852106096601e-02
-5.379397434729184940e-02
-6.349136215926105831e-02
-7.124194666813760124e-02
-1.020461322054473374e-01
-9.847048160442389841e-02
-8.296931258666830067e-02
-8.296931258666782882e-02
-8.296931258666923048e-02
-8.296931258666870312e-02
-8.296931258666982723e-02
-8.296931258666866149e-02
-8.296931258666866149e-02
-8.296931258666903619e-02
-8.296931258666900844e-02
-8.296931258666762066e-02
-8.296931258667022968e-02
-9.845928244647650374e-02
-1.024609591851211171e-01
-4.389678520787645977e-02
-3.615180027797398887e-02
-2.814844680068223290e-02
-2.814844680068067165e-02
-2.814844680068107757e-02
-2.814844680068131350e-02
-2.814844680068099778e-02
-2.814844680068213228e-02
-3.218386889083431346e-02
-3.499765318334514819e-02
-9.799328091360760482e-03
-7.781617046284653415e-03
-2.154048461262966611e-03
-3.258585631680648584e-04
1.078695711414722619e-02
5.982430351083537629e-02
5.783215991258426614e-02
-2.271733607124623230e-02
-2.657133820536318816e-02
3.982082172512120544e-02
4.473351923887294163e-02
1.150219402410011110e-02
-1.471394338560642195e-02
-1.377886970217228127e-02
-2.178264518559606608e-02
-1.522153758064251003e-02
-2.053480815705983897e-02
-1.977342016342988062e-02
-3.245636298624983429e-02
-2.260849374038483364e-02
-2.584395397025892813e-02
-2.584395397025915364e-02
-2.584395397025903915e-02
-2.584395397025976079e-02
-2.316518783454605407e-02
-2.052598091248343873e-02
1.494680638730564066e-02
1.311249704066862328e-03
-5.000059168981080271e-02
-4.431396146257349233e-02
1.917645575535397232e-02
2.665251725362556556e-02
7.018732940896598230e-03
7.018732940896900072e-03
7.018732940897231404e-03
1.365480605637539591e-02
1.464488477271682493e-02
1.495409662755733428e-02
1.163606006981869959e-02
9.655902637136493799e-03
9.655902637137434019e-03
9.655902637136365430e-03
9.655902637135978586e-03
9.655902637137786168e-03
9.655902637137305650e-03
9.655902637136002872e-03
2.000237648687050104e-02
2.117820446376463689e-02
-1.693376640109327605e-02
-2.945395883892147626e-02
-3.289882590832812759e-02
-4.172083840677264649e-02
-3.189955147885356612e-02
-2.567746742579861061e-02
-3.711374973397257859e-02
-2.179919246142932726e-02
4.100303389089206968e-02
5.455109285591250995e-02
6.147661143864331657e-02
8.103511087120961187e-02
6.584570358393201928e-02
6.948806779440329373e-02
6.157642707469426074e-02
5.991970325326242963e-02
6.293333501638567751e-02
5.954940899216547984e-02
8.523730065522285015e-02
1.037940126875729341e-01
9.422784346371734787e-02
8.638863071835048424e-02
6.196063615900401778e-02
-2.177500899226123693e-02
-3.700952068937046063e-02
-3.912201076691966539e-02
-3.157276269021557641e-02
-3.568498783380383288e-02
-2.285462336492871671e-02
3.882666825210917549e-02
4.461001671676170094e-02
-2.864630479636491936e-02
-5.001992990081385870e-02
-4.955723391352501173e-02
-4.955723391352431090e-02
-8.103202661492280023e-02
-8.716006049511709763e-02
-7.946604723192078612e-02
-6.372865088122202371e-02
-5.147258312083511506e-02
-5.147258312083358850e-02
-5.147258312083390075e-02
-7.050222922171672790e-02
-7.086185141063086612e-02
-5.346463296127042936e-02
-4.394980991082689248e-02
-4.323056553299733235e-02
-4.323056553299788052e-02
-4.323056553300078098e-02
-4.323056553299938626e-02
-4.323056553299881727e-02
-4.323056553299750582e-02
-9.642606149443561439e-03
-1.590063035764056193e-02
-3.403548063854903993e-02
-5.082946033032312294e-02
-3.831341191393028422e-02
-7.676902040309573072e-02
-6.917288267011625913e-02
-1.903040833600131918e-02
1.973959085828467391e-04
-1.461627873319286744e-03
-2.313602687186280642e-03
-8.175407926111823501e-03
-1.494203376814196710e-02
-4.854191496585568560e-03
-3.144042150675569348e-03
1.634483593603740931e-02
1.086490327409705102e-02
1.496359503680550276e-02
3.821028165192445064e-02
4.837065484085970729e-02
3.290157572193874724e-02
-2.019719796554074118e-03
-1.197392210953320338e-02
-3.124464280091113905e-02
-2.908848396890960364e-02
8.497613169036683303e-03
2.048545869912810416e-02
4.103591375496969118e-02
8.991838843984062413e-02
1.207846788043588776e-01
7.500929379959708765e-02
-3.336740679102524754e-02
-5.749531943410181312e-02
-3.895907257339478735e-02
-2.740361493675465970e-02
-1.445543220361667283e-02
-1.043344819621248171e-02
-7.774685704949040911e-03
-6.850932022542994930e-03
-1.489490003735190367e-02
-1.489490003735233214e-02
-6.401997864274863032e-03
-2.418262437778098510e-03
-2.509254224295621657e-02
-2.653060365129557979e-02
-4.219993861380370859e-02
-7.197401192289223926e-02
-7.337820676199287295e-02
-5.797447854296052666e-02
-5.797447854296032543e-02
-6.914423396475671835e-02
-8.657426487973031437e-02
-1.086734689977493645e-01
-9.545155412792881433e-02
-4.506755540850388548e-04
2.176568101231242391e-02
7.757641680331934034e-03
1.976491062474168212e-02
1.119809363550034742e-01
9.124836575246317305e-02
-3.726022476462225591e-02
-5.997839358060923221e-02
1.063417730758856559e-02
2.742337521496720706e-02
3.135209676618522234e-02
3.135209676618619379e-02
2.343886817890917379e-02
3.755884227477905568e-02
9.147146724213302271e-02
9.559692717615791979e-02
5.585042357751395653e-02
8.177654843238578442e-02
6.200190761175457949e-02
-3.337086644233039356e-02
-4.494344697594067350e-02
4.760915891467873418e-02
2.332495421132029650e-02
-9.191669541342545324e-02
-1.150213633376993283e-01
-4.517181223048459537e-02
-2.217007260423631623e-02
-1.978139150548327563e-02
-3.322937415326825128e-02
3.729552151075627396e-03
2.031901368845100489e-02
2.509345810454432796e-03
-3.137614596547118068e-03
-9.727421845013033488e-03
4.910277155020868756e-03
7.007659746500745183e-03
4.495575011905301316e-03
9.909175269992912677e-03
4.166189323261613314e-02
3.322222569774969936e-02
-2.550302198861958622e-02
-3.763386253008112886e-02
-1.461124860537817670e-02
-8.690108137434734590e-04
1.390282985470801596e-03
-3.279929077675532850e-02
-3.586939532496840471e-02
-3.639194636658701215e-02
-4.754551708947316047e-02
-4.775213751446789195e-02
-1.056581962746424609e-02
-3.879909155289163435e-03
-2.365077587368946341e-02
-2.934822336896480977e-02
-2.381260720727960620e-02
-2.066028986931882014e-02
-2.293792446318548145e-02
-2.837465815308485434e-02
-2.427441484415997219e-02
-2.274361852900218597e-02
-6.521779664875347604e-03
1.332000955894135745e-02
1.398954740237519020e-02
3.292804433721991351e-03
3.292804433722371256e-03
8.962719041995746358e-03
7.132214022813577851e-03
-8.104926736053581077e-03
1.685404547855108006e-03
4.383072243237268878e-02
6.776767765343956473e-02
3.079481696061890650e-03
-4.460950814406970666e-02
-7.353504321260086185e-02
-9.092534402184006270e-02
-8.138879587129495274e-02
-5.436671668969755844e-02
-1.324944290009732843e-02
1.114218377712148864e-02
2.501890310243828908e-02
1.630700297592591053e-02
1.413531635831148311e-02
1.330636763126570934e-02
2.263298727460172008e-02
4.223045872221394686e-02
4.925053500650923566e-02
2.204834805680612464e-02
-6.009804914158201061e-03
-6.978688838509645651e-03
5.357476888634763769e-03
6.216910378892919614e-02
4.127120092182866989e-02
-6.158112063464289687e-02
-1.130303628318050230e-01
-1.366963691779631007e-01
-1.804095014238415451e-01
-1.734134088429999110e-01
-1.168909004663848394e-01
-1.343315533399406514e-01
-1.310195623076479132e-01
-1.383049105163129122e-01
-1.383049105163131620e-01
-1.383049105163137171e-01
-1.383049105163137449e-01
-1.383049105163134118e-01
-1.383049105163121351e-01
-1.383049105163128012e-01
-1.663890919277076774e-01
-1.583391809331562150e-01
1.863522849281665228e-03
1.590561355497955437e-02
-1.942084341213825541e-04
-1.942084341242310513e-04
-1.942084341235814516e-04
1.683302338937166936e-02
1.691922052488800329e-02
-1.329126565969584312e-02
-2.180488157144329711e-02
-2.197727584247681845e-02
-2.197727584247480964e-02
-2.197727584247571864e-02
-2.197727584247508373e-02
-1.893815387745423698e-02
-2.569575166914397912e-02
-3.712040277662512905e-02
-4.729083918011478538e-02
-2.375242030895147183e-02
-1.225355403143207206e-02
-7.928116320942953446e-03
-2.797456289650670710e-02
-2.797456289650772018e-02
-2.797456289650608607e-02
-2.797456289650718242e-02
-2.797456289650690486e-02
-4.451517087992062222e-02
-5.321439694937305648e-02
-2.777384442986714427e-02
-1.950354043815993518e-02
-2.105088299256839979e-03
-2.105088299257440627e-03
-2.105088299257108428e-03
-2.105088299257029498e-03
-2.105088299256899394e-03
-2.105088299257377744e-03
-2.105088299256484361e-03
1.743868127754378758e-02
1.698981725470141702e-02
2.536663418611898382e-03
-1.688715458857906887e-03
-2.514688799382847843e-03
-3.518236783517183532e-03
-1.384617536223876205e-02
-1.212741394538515045e-02
5.916400920587506877e-03
1.483519301406594458e-02
2.955189989888261023e-02
2.735564126036494834e-02
-2.508179395157802624e-02
-3.923748093944776777e-02
-3.343646090222517769e-02
-1.846263289790629758e-02
-1.168138681488120612e-02
-2.023251844128801449e-02
-2.222442520403336563e-02
-1.770028166354779137e-02
-1.770028166354747565e-02
-2.930215429697639873e-02
-3.527201479055658978e-02
-4.934520541695935902e-02
-4.354426910024419839e-02
-3.160454811308391343e-02
-3.160454811308412854e-02
-3.160454811308481549e-02
-3.160454811308521794e-02
-3.160454811308456569e-02
-2.920679796951596019e-02
-2.273239387038732823e-02
2.594232075858583092e-02
2.474344568680053244e-02
1.179463748854470140e-02
1.179463748854519926e-02
1.179463748854551498e-02
1.179463748854476211e-02
1.179463748854478120e-02
1.454944718006068866e-02
1.430324156238191313e-02
1.538071007282323759e-02
1.400330522706515896e-02
1.449571646242267531e-02
1.449571646242256602e-02
1.449571646242229367e-02
1.449571646242313674e-02
1.449571646242291817e-02
1.620704341050866609e-02
1.623835008333136473e-02
9.705155713369821580e-03
8.849492239325931070e-03
8.786878893679853780e-03
8.786878893680214603e-03
8.786878893680094907e-03
8.786878893680578895e-03
8.786878893680943187e-03
8.786878893680278788e-03
8.786878893680728081e-03
8.786878893681087169e-03
8.786878893681224212e-03
8.786878893680179908e-03
8.786878893679786126e-03
8.786878893680136540e-03
8.786878893680672570e-03
8.786878893680459199e-03
8.786878893680476546e-03
8.786878893680448790e-03
8.786878893680259706e-03
8.786878893679832964e-03
8.786878893680342972e-03
8.786878893680278788e-03
8.786878893680818287e-03
8.786878893681017780e-03
8.786878893681107985e-03
8.786878893680159092e-03
8.786878893680039396e-03
8.786878893680124397e-03
8.786878893681062883e-03
8.786878893680547670e-03
8.786878893680663896e-03
8.786878893680263175e-03
9.058649184312624406e-03
9.035384783985170656e-03
5.592318735163849704e-03
5.359787401265026820e-03
