8.471627022042662420e-04
9.742263215200287199e-04
3.185526393852486805e-03
3.224095503265760835e-03
3.638300343611660520e-03
3.992682513268624653e-03
3.627918860994934144e-03
3.842830615019113966e-03
3.814067721880774753e-03
3.766093476127236467e-03
3.826138294742542200e-03
3.795769877691081325e-03
3.797718490511333214e-03
3.806153647052226089e-03
3.791751770467831351e-03
3.786093282553267599e-03
3.788624377162430612e-03
3.755598901427171371e-03
3.745478328738874232e-03
3.742980430885048046e-03
3.612969378539629059e-03
3.610374745196842563e-03
3.698364212266734129e-03
3.632210664223957820e-03
3.744884657630694232e-03
3.855626957341246226e-03
3.729527761314024685e-03
4.273850929061134493e-03
4.166904749564620362e-03
4.247829955953415226e-03
6.268894580624510826e-03
6.013037342731212057e-03
8.375331768480103953e-03
7.651307202829082076e-03
6.266919136505964653e-03
7.026696991550061486e-03
2.490235972173031678e-03
2.524423070209664069e-03
1.990684998097097536e-03
9.763689754134530522e-04
1.107821532582623338e-03
9.115211270341004590e-04
7.338267566453060119e-04
5.805241841549824014e-04
3.896079610083418455e-04
5.340027294058644850e-04
-9.424196266791114672e-05
1.893859761990052614e-04
9.406285567350086739e-05
-2.121120660878031763e-03
-2.880937238978689783e-03
-3.375894235236842102e-03
-4.767793621473483991e-03
-5.280195984896650895e-03
-3.580231595757981267e-03
-1.597180248216676073e-03
2.403529853643193465e-04
4.520064682673056826e-03
6.108694683680332416e-03
1.814345127920387584e-03
4.803882074341598619e-03
6.466506816933770101e-03
6.982243794834277345e-03
9.415761372360876430e-03
7.562054972727918524e-03
1.029933408843852066e-02
1.629734230532114275e-02
1.731810794897747571e-02
2.240036879288395677e-02
2.388240833004300762e-02
2.410693325595442138e-02
2.462549665550753386e-02
2.377861545385998032e-02
2.360056412849344254e-02
2.403618670710522959e-02
2.346635431524921045e-02
2.380588158338087929e-02
2.554577171984297873e-02
2.602375552194060790e-02
2.867099639038682077e-02
2.990540420191177551e-02
3.111280006673489834e-02
3.270765971966790864e-02
3.261320749315440443e-02
3.173266523870349465e-02
3.058123384121812227e-02
2.971708093274687268e-02
2.760659065461354422e-02
2.364436565333034174e-02
2.106382465806226623e-02
1.771818390270843077e-02
1.598689457414632920e-02
1.188265082193482383e-02
1.120150795219049603e-02
9.499680477253621969e-03
8.473748697325200752e-03
8.133339064042063166e-03
6.907639406676053216e-03
6.416847663945316957e-03
6.788331116043221786e-03
5.917867343620457007e-03
5.813601448019517157e-03
5.020226563229836930e-03
4.176242400886810008e-03
4.329437339253167441e-03
5.413266789588031154e-03
3.896449754743599829e-03
3.391135431366615154e-03
7.499512909950760420e-03
3.724559952608261920e-03
4.806671258784171383e-03
7.376260324397721294e-03
6.467555005746292163e-03
9.003161436529998757e-03
9.221922069602131802e-03
9.215407604497235367e-03
9.076809331417084667e-03
6.726270129824822239e-03
6.933017687369509054e-03
5.714182349581964013e-03
5.432138928016730720e-03
6.315649771905041190e-03
6.308151181767923318e-03
5.992085555805087144e-03
6.171149078321598244e-03
5.917496380019166696e-03
5.251027290212678666e-03
4.438593774097788699e-03
4.951401398275148344e-03
3.644280325458172740e-03
4.758172565326691458e-03
5.979961029048642615e-03
5.786808415211579584e-03
1.032222420309755404e-02
1.192796874057851925e-02
1.324433119407834869e-02
1.858077071486827908e-02
1.995261377118097423e-02
1.911820991691047869e-02
2.174704968360848326e-02
2.061502986312297586e-02
1.863114104849103794e-02
1.839555450012639315e-02
1.694238509541146076e-02
1.611639305200300576e-02
1.590702452251444715e-02
1.449851324225747556e-02
1.461107497057981784e-02
1.429922438088588980e-02
1.412343635300753776e-02
1.504487498242551916e-02
1.443671290366838403e-02
1.505197552918833073e-02
1.490080408221196480e-02
1.445148256108708812e-02
1.507711324602600302e-02
1.416084433245271175e-02
1.491449921857410967e-02
1.232721345963404616e-02
1.218663234787197187e-02
1.168313970129979638e-02
7.811396788372329189e-03
7.583806156068152553e-03
6.892366775524275471e-03
5.828903251438286720e-03
5.723754622353055543e-03
5.364400516898622934e-03
4.587697355301133956e-03
4.589384894378496782e-03
3.755674978133972334e-03
3.293236387905688640e-03
3.301829265367683605e-03
2.231173478782560830e-03
1.796533451172778939e-03
1.906499108866927276e-03
-1.698910245694085610e-03
-1.527855965970255228e-03
-8.513270044102545266e-04
-5.588375700470357959e-04
2.868109825962908508e-03
3.192932128310094209e-03
6.652617629407506575e-03
6.922756217067513665e-03
6.364942646665892878e-03
7.155753102246066588e-03
6.844127319382279501e-03
7.364628061352160998e-03
6.286055692957663935e-03
5.968241784358985745e-03
5.458735455876616120e-03
2.253821236937373403e-03
2.646961884456794454e-03
3.184340021116688606e-03
3.930290057399355580e-03
9.355774401016042283e-03
1.276343825427571702e-02
1.880538604638769956e-02
2.448922904386372987e-02
2.061448405720420554e-02
1.825618742855852905e-02
1.602577662136465270e-02
1.504061466624541030e-02
1.489711120637421740e-02
1.294903536049201234e-02
1.221577158570654777e-02
1.064286236081852209e-02
8.186998319247556360e-03
7.501366517482659785e-03
3.996039481047812536e-03
3.450475792984511979e-03
2.714150654054535167e-03
1.477701950998102634e-03
1.596981582176917706e-03
1.002090893232709121e-03
1.067952145992473369e-03
9.281195726054391202e-04
1.361578899147468510e-03
1.669200383051880386e-03
1.985423636243451636e-03
4.020097017630844954e-03
4.610106211988338441e-03
5.838235408162048209e-03
6.777054154305654429e-03
7.309851799743402601e-03
8.144167891317437291e-03
8.172219047910923156e-03
8.165307343145074975e-03
7.189929921235738153e-03
6.459974745380847594e-03
6.394666750773683045e-03
6.025013461133958345e-03
6.386357837468238478e-03
5.834829116696983384e-03
6.161472395658115081e-03
6.101079938714002934e-03
5.275992019267391683e-03
4.930864050050478599e-03
4.817459174390179011e-03
4.513006891309951155e-03
4.970847841976253935e-03
5.310824742626531030e-03
4.478041385208311742e-03
3.763936700005180401e-03
5.381767266141562756e-03
3.667043164775025260e-03
3.131601557442673968e-03
1.458280971663459755e-02
1.478269271814196956e-02
8.390270708308543782e-03
1.008485506398364151e-02
9.585305689650823122e-03
8.151850186863311698e-03
8.694046071401322767e-03
7.961931849630107805e-03
7.164926167442927860e-03
7.214385704875455121e-03
6.278888321344353735e-03
6.440489643251527327e-03
6.552907217295544581e-03
6.545772085596849102e-03
6.620958842992985018e-03
6.770204242078217867e-03
7.329488687227126223e-03
6.884748710755566811e-03
8.320382562751705777e-03
8.829212403696287681e-03
8.007365079735796753e-03
1.442399667748600102e-02
1.393718901154641227e-02
1.211026185576911593e-02
1.341402936335261975e-02
1.087917948942871207e-02
1.181954232342044900e-02
1.283578373469991367e-02
1.265618198037513423e-02
1.733731526951115542e-02
2.123483307276381737e-02
3.429521917895603234e-02
4.467364516721299833e-02
4.415721481011308097e-02
5.227601603145058673e-02
4.954686814003229911e-02
4.880078191487058348e-02
5.086626910366925242e-02
4.308964981732199551e-02
4.269172271927029055e-02
3.455861539554917067e-02
2.385728199448673703e-02
1.379834916358737250e-02
8.275767679384546729e-03
6.875252726061030842e-03
3.587669998055031343e-03
5.401243418502258906e-03
5.561003138443260455e-03
5.989998044099862501e-03
1.187961443652269661e-02
1.311368337297177944e-02
1.624721980489741979e-02
2.458990185907371576e-02
2.634944902856723239e-02
3.090062529054298998e-02
3.362988029124577144e-02
3.595544346841002964e-02
3.857676663301275871e-02
3.754992844204278757e-02
3.832064847739539981e-02
3.700029719139346501e-02
3.554376267087451524e-02
3.616175568624928338e-02
3.350460190157526080e-02
3.221774479330090368e-02
3.010940203415433253e-02
2.758350416625719378e-02
2.663244399545436694e-02
2.294350155185387319e-02
2.072844176319538906e-02
1.940309486888079291e-02
1.411503298855141045e-02
1.222868645252683101e-02
9.577191550577519863e-03
7.377561298648481307e-03
7.255104297240528265e-03
7.108539688789802628e-03
6.506455760842459746e-03
6.413975397326463976e-03
5.510874865237394560e-03
3.288847165501379219e-03
1.688768169007002400e-03
4.753955174250991920e-03
8.251844438810681734e-03
1.150282356609073908e-02
1.483498762437138879e-02
1.187543476872475467e-02
1.466592632515790334e-02
1.494480758897730188e-02
1.388203182622844978e-02
2.265755159946022251e-02
1.878340552566688804e-02
2.277944619392466286e-02
3.386456105008067707e-02
3.895367244716421706e-02
4.421074491229410458e-02
4.720294562643902181e-02
4.642726011578036244e-02
4.838123490954394229e-02
4.677969173398967284e-02
4.690837500633190937e-02
4.732147103147237022e-02
4.241480332059861108e-02
4.283427390292401937e-02
3.466094952161892506e-02
2.554390816503360889e-02
1.849945357004677271e-02
1.044077310789982491e-02
6.156810527010550191e-03
3.952149381968141431e-03
2.541521193759981728e-03
1.656997111726616571e-03
2.519467819394699722e-03
6.204614621398858373e-03
1.080910597810190964e-02
1.381298439007981257e-02
1.162382481659942311e-02
1.340820388192451480e-02
1.289862671298892122e-02
1.181270464267221779e-02
1.131940582521706942e-02
9.861020022961484999e-03
9.725848364979645944e-03
8.785223443042507185e-03
8.367669853739092764e-03
6.736957276834994179e-03
6.462994780348150364e-03
6.186886778013633501e-03
4.753049240512390028e-03
3.692858137091763540e-03
3.096888109482540553e-03
2.545525613525998973e-03
2.519721075679259240e-03
2.360883971584027893e-03
1.285392574431898317e-03
6.766090112366766277e-04
4.119846095054844319e-05
-1.464867352582821134e-03
-2.112869616306828346e-03
-4.662591734856405545e-03
-5.231246460138117005e-03
-7.622658616600348075e-03
-8.173640287249456238e-03
-8.056802288829920111e-03
-9.283572485024600696e-03
-8.689198042355957691e-03
-9.165002424004836667e-03
-9.344607276222827164e-03
-8.513362387346637417e-03
-9.269833154893443450e-03
-7.885558619563599186e-03
-6.947304244647624707e-03
-5.443211720187882303e-03
-1.814871922306799962e-03
-6.385654859641025187e-04
3.918238862622908103e-03
6.399312861782723190e-03
6.902056573389001373e-03
9.223089273011096656e-03
9.862534765948324789e-03
7.009826433913615359e-03
7.392654847187902535e-03
5.389302307389879504e-03
3.865135286342901658e-03
4.252066386345697280e-03
2.213968200336872711e-03
2.078197784706914408e-03
3.240061727505392109e-03
2.809796257455292150e-03
3.490995271611085395e-03
3.663124677410539362e-03
3.442455607238187332e-03
3.854597123750188453e-03
3.542346890270364410e-03
3.190826388910448889e-03
3.842285665312348587e-03
2.082935595607440706e-03
2.532669525617072849e-03
2.645823930436697578e-03
-3.646667320768359061e-03
-2.981560844179827023e-03
-7.702510206979244593e-03
-6.138280137144404638e-03
-7.161310889777618496e-03
-8.020254237915476481e-03
2.806593933336880894e-03
2.873533802256796749e-03
6.613926395088356135e-03
8.579881066699240888e-03
9.826250841294143640e-03
1.032684692016199585e-02
1.129936315672990313e-02
1.181962352632411929e-02
8.439286155688891303e-03
8.434164394045531518e-03
7.520114677818959432e-03
6.757299143992129449e-03
6.668836795686303338e-03
6.292500270619720559e-03
6.104098942746139476e-03
6.035465701561779431e-03
5.936886316044154115e-03
5.747029245513661337e-03
5.899771359877895548e-03
5.687682789014177238e-03
5.251046335779853240e-03
4.950478253947935073e-03
5.208558133204001066e-03
5.083623994592269442e-03
4.753114403529499002e-03
4.930927799765777789e-03
4.284351942267092955e-03
4.426603939558317741e-03
4.205890685053116120e-03
4.062010624636978005e-03
4.098311143043348315e-03
3.988600858556892378e-03
3.946533339850484025e-03
4.003718789626979982e-03
3.878824825210695250e-03
3.902187184523270465e-03
4.034058894790872561e-03
3.632350544407978235e-03
4.096486670496792513e-03
3.819686313782182617e-03
2.669749326493785473e-03
2.379577920274367903e-03
2.131587205988272338e-03
2.080163377549845444e-03
1.613935864323494439e-03
1.692683287164400280e-03
2.567017002039071166e-03
2.818416380427572927e-03
2.906251755500280278e-03
3.084728721683192062e-03
3.360725438110733626e-03
3.352282234315552903e-03
3.188769262977346648e-03
3.038726824327868392e-03
2.749458084139471195e-03
2.709655774166584187e-03
2.300765335653383748e-03
2.284649333451533020e-03
2.240602273708521518e-03
2.140922437042017557e-03
2.145767810205743888e-03
2.111138995298063401e-03
2.091672312957759249e-03
2.088887155761165026e-03
2.075727878399085975e-03
2.072194737010043565e-03
2.069107169886326945e-03
2.065145789377664364e-03
2.064032428904619219e-03
2.062236281946554489e-03
2.060594690603136103e-03
2.059767675113255772e-03
2.057878907081429030e-03
2.055838966290557054e-03
2.054596430006551313e-03
2.049030936305415006e-03
2.045973128628752156e-03
2.040718134407644695e-03
2.022821169228698930e-03
2.022780510475700837e-03
1.991391870284906981e-03
1.950718202753195032e-03
1.962572122838475170e-03
1.808752964358039230e-03
1.791132319881785090e-03
1.741671540226235465e-03
1.167950456015471976e-03
1.257003314133822930e-03
