2.093596584469906707e-01
2.185872351502715916e-01
3.506031960740880749e-01
3.715338364546551531e-01
3.603683685746094101e-01
3.841710576918729303e-01
3.714598995400002490e-01
3.745560538229356085e-01
3.780531311624003576e-01
3.735703711250646375e-01
3.764029561854219108e-01
3.757579879254442923e-01
3.745692156863001387e-01
3.757111071179351502e-01
3.744445842861988116e-01
3.732824585002193496e-01
3.745102885339341992e-01
3.702688566713254747e-01
3.699760030998478499e-01
3.700477793547017891e-01
3.546665213081690027e-01
3.527975589730163453e-01
3.395247793770100331e-01
3.353768590332052435e-01
3.286297554372561436e-01
3.252783358470296426e-01
3.204970448740612765e-01
3.110873116471000177e-01
3.150576565241987037e-01
2.918802385765115748e-01
2.855201591221383506e-01
2.678258217427006427e-01
1.614957918349910759e-01
1.536603831288217425e-01
7.926989281678581412e-02
5.895915879888782851e-02
9.241712936873122675e-02
9.731138943202852221e-02
1.111311535793551158e-01
1.434947750673170874e-01
1.439112656797971457e-01
1.579012253464542881e-01
1.568732389658749615e-01
1.422010892724444586e-01
1.404271000952000414e-01
1.330037606211558199e-01
1.165739693476991745e-01
1.061890963604915361e-01
9.275774780774813377e-02
4.772758113090312670e-02
2.497604733482439165e-02
5.376314157502925725e-03
-2.772098635383603293e-02
-6.148482997655846383e-02
-7.807873678133020467e-02
-1.360552928340233725e-01
-1.123794782172070073e-01
-1.053119543260329638e-01
-1.261763267523355048e-01
-2.298929982120556104e-01
-3.074778984627714040e-01
-3.836943747599774190e-01
-4.663389824447768950e-01
-5.006335071848796447e-01
-5.610576439359109546e-01
-5.877481355799832885e-01
-6.174032447462464157e-01
-6.242659515523577562e-01
-6.256383655385231446e-01
-6.243616845690688200e-01
-5.983523285477421183e-01
-5.915782970986289691e-01
-5.880256438277683406e-01
-5.689756580960834143e-01
-5.757067669499923435e-01
-5.599407970409053803e-01
-5.601127995847137164e-01
-5.693421288280696713e-01
-5.653934779878275751e-01
-5.927645476364258315e-01
-5.994967939102323617e-01
-6.167520092963145739e-01
-6.516565837825307739e-01
-6.694797235029386062e-01
-6.933181567396773382e-01
-7.205947644536199181e-01
-7.351060596874099407e-01
-7.500758937157727679e-01
-7.673315169920442713e-01
-7.552390996619728902e-01
-6.665333532168138397e-01
-6.275749991617318724e-01
-4.643688323090611192e-01
-3.417830136448816170e-01
-2.078858808914593181e-01
-5.872083349044802253e-02
2.775248247783922151e-02
1.989330678452534973e-01
2.340565841152163484e-01
2.001038661333147395e-01
2.195304870110974527e-01
7.781675812580565732e-02
5.245612225998659561e-02
1.384072618625226403e-01
3.496498195160539085e-02
9.460068927749673562e-02
-1.549940765034319400e-03
-4.642797039565439710e-02
-2.586565811100811907e-02
-8.961976771950702636e-02
-2.890901726645586090e-01
-3.005357415753052708e-01
-3.536344789878902994e-01
-3.725377186222847414e-01
-3.147004914234254325e-01
-3.138658409361865798e-01
-2.000739188422363257e-01
-1.182286084426060757e-01
-5.161910988255326987e-02
8.810215218022576789e-02
1.680382819592600163e-01
2.851413522760343766e-01
2.460643237845843989e-01
2.031833647738645887e-01
1.150853927472636207e-01
2.556385238622646897e-02
-4.292271608832168989e-02
-5.714242414351971416e-02
-9.925972895017452780e-02
-1.129674153110890866e-01
-9.130538085123846015e-02
-8.848773825882165489e-02
-6.394501110210734640e-02
-4.291237412291406400e-02
-4.288392071403572536e-02
-6.424898667776204192e-03
1.325914252937715476e-02
1.012791711825721322e-02
1.089378041230444072e-01
7.818000098146804522e-02
2.603689770608994675e-02
-2.652581329914593250e-02
-1.094301565458914022e-01
-1.814156539752307673e-01
-2.363074523476544064e-01
-3.099398826297288245e-01
-3.966480918955956336e-01
-4.645257913745409750e-01
-5.275694082501912741e-01
-5.966972984519045564e-01
-6.419642077153028259e-01
-7.081824414442351445e-01
-7.523693247903433523e-01
-8.005796915854666018e-01
-8.479543621717517965e-01
-8.668167699316180475e-01
-9.070444755471265275e-01
-9.278398859605582194e-01
-9.423487976945756905e-01
-9.704630522554680283e-01
-9.653213361828760775e-01
-9.844831964560237791e-01
-9.854039129814785580e-01
-9.723672141849696304e-01
-9.804234724231857268e-01
-9.020128636914830356e-01
-8.776510480987700369e-01
-7.986514688070588397e-01
-7.400069203024657316e-01
-7.346288826956546281e-01
-6.752510672961213878e-01
-6.506589126777022614e-01
-6.250906991409002078e-01
-5.594433757378256544e-01
-5.436872131029104604e-01
-4.780142014270929995e-01
-4.138320857147708698e-01
-3.585978265658292807e-01
-2.249246986873074117e-01
-1.285848976869722327e-01
-1.720600072547118914e-02
2.050218494316089490e-01
2.684262261686197748e-01
4.084752101984995276e-01
4.572286476117527476e-01
3.617571313970280866e-01
3.960758777225267258e-01
3.420186083388582210e-01
1.698767490119215129e-01
8.957047149009958464e-02
4.425248725032220054e-02
-8.761780921426065571e-02
-7.802209467372045459e-02
-9.909893185753135270e-02
-1.381228644564537200e-01
-6.653258305939843686e-02
-5.582534486147178177e-02
-4.265539088411725993e-02
8.245763752717034933e-02
5.041372229242030434e-02
1.343744810452242658e-02
-3.687740680544208255e-02
-1.147974755138545799e-01
-1.566979926642120824e-01
-2.078708806238610540e-01
-2.691449841636271989e-01
-3.200130005286927481e-01
-3.722101079054503936e-01
-4.240683404694962633e-01
-4.739542956591318856e-01
-4.937057357488298104e-01
-5.259949034012618707e-01
-5.361896086169505304e-01
-5.324282632896439882e-01
-5.215008789068609207e-01
-4.548091699350857442e-01
-3.097511216606557150e-01
-2.332221391660730392e-01
-1.143255436132092490e-01
5.095720831565429820e-02
9.270873823850761530e-02
1.634147072760968600e-01
2.018928134941780361e-01
1.995788748953846448e-01
2.024360467891488657e-01
1.830981978034569302e-01
1.725769847284872038e-01
1.667293829043637043e-01
1.466450966123261646e-01
1.329977870534195250e-01
1.238302360028304683e-01
7.965021498359436958e-02
5.644862533791163151e-02
6.418424391482265012e-02
4.456012181671627215e-02
8.323237749830407484e-02
1.592237704984661162e-01
1.719555598164169141e-01
2.794715495458638399e-01
2.644637351572108330e-01
2.548225979405119301e-01
2.374171152641997296e-01
1.894200537526476991e-01
1.873263119804319532e-01
1.962373079947158164e-02
2.055138096602889680e-02
8.301234202419523200e-03
1.927353918551800299e-03
-8.983870543263097752e-02
-2.665810698074297935e-01
-2.931177532055382340e-01
-3.489192164564204335e-01
-3.520983500738704697e-01
-3.126635125831004336e-01
-3.000584764233530932e-01
-1.805484092463384427e-01
-1.150846162339559942e-01
-2.388397735605319802e-02
1.242065694334674730e-01
1.414904720287430140e-01
3.530478194475151765e-01
3.609399525386968177e-01
1.761042532596067411e-01
1.612353395339417572e-01
5.834581989464121543e-02
2.805334058779820894e-02
-7.334004150075337791e-02
3.686305923772398166e-04
-1.332714285422637868e-01
-2.356312925805251757e-01
-2.266715086586673089e-01
-3.438276754719776229e-01
-3.863457330793172440e-01
-4.521400154805517158e-01
-5.048659327628642890e-01
-5.287545000274134210e-01
-5.806827596756907184e-01
-5.973221537426303129e-01
-6.159814850485263449e-01
-6.313576882686974256e-01
-6.159818243406885996e-01
-6.168081016667041894e-01
-6.047625937028453524e-01
-6.007684998020229594e-01
-5.975104079686359704e-01
-5.896072969281744847e-01
-5.922097399233264836e-01
-5.865601822962447365e-01
-5.849660368715891012e-01
-5.851846276665062518e-01
-5.776051846426938363e-01
-5.767850032550632111e-01
-5.697862002609866972e-01
-5.632288838284749133e-01
-5.615085486992519304e-01
-5.535078303735208038e-01
-5.485890065540919291e-01
-5.467782501031992481e-01
-5.356054947760767737e-01
-5.338007385993717158e-01
-5.268352692571576235e-01
-5.103744164956076634e-01
-5.073661070447827992e-01
-4.043347458453322441e-01
-3.734676955100748597e-01
-3.014552598011008833e-01
-1.565461405548545792e-01
-8.509667014671540297e-02
-1.925967162731908461e-03
1.159926285426837317e-01
1.885666427729706940e-01
1.940039355958894929e-01
2.395702289306573252e-01
2.205690717013651658e-01
2.010317047015627301e-01
2.148452326947673519e-01
1.759263771637950002e-01
1.766883730417686538e-01
1.665970459943484916e-01
1.004922448280946845e-01
1.149237874061051351e-01
7.357465850867800361e-02
7.867959499796031708e-02
1.136981617047909260e-01
1.015674306910950009e-01
2.382943812443759635e-01
2.346366648421720214e-01
2.314503576319048017e-01
3.007938321076076837e-01
2.415543612768760728e-01
2.642772602420585537e-01
2.489595248319073084e-01
-7.481394092906690219e-02
-9.169537073891226298e-02
-1.568946719163169523e-01
-1.772495158255875392e-01
-1.765603397888775294e-01
-2.028701356503058162e-01
-1.434262937052623310e-01
-1.496946345012875046e-01
-1.498647059922742220e-01
-1.199242542113323207e-01
-1.839755982780052479e-01
-1.299539502006550329e-01
-2.031148335000057814e-01
-3.393473021704774273e-01
-3.573373902099578059e-01
-5.465011260806720284e-01
-5.696173225565472897e-01
-6.073182499944356216e-01
-6.257435576990181270e-01
-6.397488580404375735e-01
-6.622031397441270339e-01
-6.685873824917312191e-01
-6.833505715165900662e-01
-6.956986747208546706e-01
-7.012833612266389238e-01
-7.141902412348524187e-01
-7.188433208814041242e-01
-7.209265016894750300e-01
-7.220139370404183854e-01
-7.155963317197651108e-01
-7.130845803501894009e-01
-7.068715659817073060e-01
-6.936673896894833824e-01
-6.893348660880587175e-01
-6.700627460472646790e-01
-6.525946298247771171e-01
-6.363413598776673785e-01
-5.562667932836860007e-01
-5.245752448876215279e-01
-4.660871482594651227e-01
-3.772801509126293418e-01
-3.189983104637191813e-01
-1.168965623943550719e-01
-5.546932423171501564e-02
1.529479996077782178e-01
2.274948080429480268e-01
3.739461017902387385e-01
3.963172219917241446e-01
3.763778079382635311e-01
4.154807878627040374e-01
4.006597418258376342e-01
4.083205802043824439e-01
4.086547178526304669e-01
4.049857093499614757e-01
4.102228115659278251e-01
3.857726920836718199e-01
4.058946200920106051e-01
3.642575139909771109e-01
3.024467691200969366e-01
2.390733000987632917e-01
-6.717302107480355167e-02
-9.516618192535973575e-02
-1.552545240244060931e-01
-2.037383035516358853e-01
-1.299856422224403008e-01
-1.252032506377635523e-01
-1.266051306115755781e-01
-9.569761674874761870e-02
-9.912359806972333154e-02
-8.856395337380074118e-02
-7.491945218935222583e-02
-7.183036817580744360e-02
-6.093334761124583054e-02
-4.288581111725607575e-02
-3.907702796451888172e-02
-1.430634439288901508e-02
1.625312523989410479e-02
1.672818837692092650e-02
9.587512592597255412e-02
1.115551117153350674e-01
1.508021665197380179e-01
2.108329602769137834e-01
2.175908252722958958e-01
2.337649474783040915e-01
2.498846199858072159e-01
2.517659552897572595e-01
2.633408489953238396e-01
2.650426343668579876e-01
2.722331732636204538e-01
2.759008894991799576e-01
2.718539533353415139e-01
2.742937195182130194e-01
2.726749928739136131e-01
2.801970998919707245e-01
2.836611790364675367e-01
2.930131623058899737e-01
3.143870161750115799e-01
3.168134598165621707e-01
3.514552029685923951e-01
3.516188417123289889e-01
3.543904209179020159e-01
3.635517608597076400e-01
3.617676742161849979e-01
3.651730673794709170e-01
3.667907998116443635e-01
3.666171608286283856e-01
3.680766679530566021e-01
3.681906649171239332e-01
3.684102790020242213e-01
3.687625505970628659e-01
3.688115908345284133e-01
3.687320045643643907e-01
3.688196234297580478e-01
3.688192579698622020e-01
3.680601654047660487e-01
3.686791638899068468e-01
3.675349438858199203e-01
3.662515625448016232e-01
3.682228915972949324e-01
3.620652076369201833e-01
3.640385250700111097e-01
3.639618696644347229e-01
3.459898436495472129e-01
3.652024674243917191e-01
3.353455714827501821e-01
3.086660656301735695e-01
3.286204119493699172e-01
