-2.166389647620675304e-03
-1.102838950737079207e-03
1.467400780426934837e-02
1.377804008036872044e-02
1.919150024254357920e-02
2.223963823945953114e-02
2.048463250416910839e-02
2.304785544113229293e-02
2.304818025066392509e-02
2.315197418943184746e-02
2.394016304196102882e-02
2.382292561168621037e-02
2.407691407258791619e-02
2.425314828804605097e-02
2.425360469443086503e-02
2.436624821309929523e-02
2.443213478430753330e-02
2.443165797326023528e-02
2.447680400556281541e-02
2.458575366854147751e-02
2.445203332551341632e-02
2.477709100381611865e-02
2.542032350994990336e-02
2.577367101099183044e-02
2.687139778876828852e-02
2.767979368549611241e-02
2.914959725263692458e-02
3.164280880732274481e-02
3.307501409271441234e-02
3.806799867352501227e-02
4.215117887963081705e-02
4.358783745095351492e-02
6.171805474650497725e-02
6.760985780314958393e-02
7.336311676808549009e-02
7.942074336359841724e-02
7.922339877764768279e-02
7.837564766619470324e-02
7.463668017688319944e-02
7.416391868707014612e-02
5.940183969573568923e-02
5.887762557741698516e-02
5.609052867078444943e-02
5.081663764487080737e-02
5.032215579169830449e-02
4.666572323198466682e-02
4.525123310331143761e-02
4.289649386440327894e-02
4.406155601155199025e-02
4.318887264799207287e-02
4.420161627543907346e-02
4.911325671185371583e-02
4.839855711003411554e-02
5.864873515218656241e-02
5.594196707325048423e-02
5.236502387455330837e-02
5.745762709105919214e-02
4.035256157044830178e-02
3.864189082295963612e-02
3.484840952913389328e-02
8.956308767363703460e-03
8.847695275426248687e-03
1.030543022752812045e-02
6.059960542807972701e-03
2.167637657477896815e-03
-1.742341073748239488e-02
-3.333469722370250438e-02
-8.336056924866377948e-02
-1.287955764030137562e-01
-1.798438149885064341e-01
-1.723720092960038253e-01
-1.628723915508893116e-01
-1.554174846055395576e-01
-1.400665147443952985e-01
-1.364769524018713820e-01
-1.282133814640216418e-01
-1.222591979043391175e-01
-1.220761344616136806e-01
-1.123904006736075323e-01
-1.146084106195201235e-01
-1.125423652218165288e-01
-1.116588980806561271e-01
-1.133800267981821125e-01
-1.042374956678952524e-01
-9.922356941643878381e-02
-7.872587519161880487e-02
-5.323491801029233556e-02
-3.088774958255460085e-02
-9.543223553021843580e-03
2.210558901927325848e-02
3.383525369219237550e-02
3.406558628800364363e-02
3.782152731688306208e-02
3.043048756620630665e-02
2.727355003649830495e-02
3.203682632219594095e-02
1.740216855662518602e-02
2.087817275095875391e-02
3.028396411394413540e-02
2.706917752098251390e-02
5.165720814685295648e-02
5.219742256504427552e-02
5.278733557424015316e-02
6.175994628127772640e-02
3.550018606466795457e-02
3.991263441078476970e-02
2.861646335963498322e-02
-5.122495694103171987e-03
-5.249967627355820420e-03
-1.508727102966965494e-02
-2.006100962886004507e-02
-1.139905314117164829e-02
-1.002967524671259832e-02
-1.061443979371394508e-02
-1.013945101859510534e-02
-9.769780073432328404e-03
-1.405478624731212531e-02
-9.963213807248924234e-03
-1.536392283281962264e-02
-1.545009383630658456e-02
-9.482649117621129095e-03
-1.085867778859994810e-02
-2.671003583195160919e-03
3.563750449665451653e-04
1.731142386635242236e-03
1.728228046198128712e-02
2.834146823070471388e-02
4.224720343184204530e-02
5.687195715818107317e-02
7.797477348550875542e-02
8.981269078973434794e-02
1.044570963307330097e-01
9.290410443425024811e-02
8.305381548161466787e-02
7.811031168642543210e-02
7.463062905034201222e-02
6.912927592893157447e-02
6.565609984411113764e-02
6.065486346900599013e-02
5.682920183000187558e-02
5.099497159354519915e-02
4.540972849692740537e-02
4.098546439121539958e-02
3.021477579882238945e-02
3.038471615118563257e-02
1.876400417117798577e-02
1.468130785060301272e-02
1.159811860035621887e-02
-1.704876975854862850e-02
-2.768457982155675401e-02
-6.574150758646503390e-02
-1.183306674777295647e-01
-1.348677291506036047e-01
-1.765050008051968211e-01
-1.961407231711256582e-01
-2.024650512515583645e-01
-2.139053907651980724e-01
-2.175099561029175399e-01
-2.075693379695429941e-01
-2.075628309250623083e-01
-1.911256854794285698e-01
-1.811636827866507926e-01
-1.791844271707254965e-01
-1.690508383644284129e-01
-1.840093647603437688e-01
-1.968061726221578545e-01
-2.014207514118439568e-01
-2.085976090190355958e-01
-2.063032790078617451e-01
-2.014079407488739981e-01
-1.923873841191793277e-01
-1.638757739233218103e-01
-1.423458959985837435e-01
-1.092925061731059716e-01
-9.150033321878882353e-02
-5.908984093961042877e-02
-2.774131699177687094e-02
-1.080183555970539930e-02
1.550561819788346535e-02
4.067599111644799176e-03
5.937319122316872706e-03
-1.871731253986637670e-03
-6.950034885749656680e-03
-7.795252485965903713e-03
-1.992408873794160665e-02
-2.395846596978341500e-02
-3.103413948087514057e-02
-4.814338896404353474e-02
-5.703522639978977210e-02
-7.884585204803405689e-02
-1.396419420404867995e-01
-1.535895044674135956e-01
-1.904657533675458703e-01
-2.204901527488587198e-01
-2.240178160970181798e-01
-2.509793023514563237e-01
-2.639924656087609955e-01
-2.770882006187935231e-01
-3.011540913714865209e-01
-3.177448367407660901e-01
-3.658215467589135961e-01
-4.157525827004741603e-01
-4.380034416233286598e-01
-4.563418558188335195e-01
-4.566776778735960884e-01
-4.586410869306711269e-01
-4.490464291369313243e-01
-4.351098287366544914e-01
-4.127060746415414649e-01
-3.542300179691452722e-01
-3.084538153686615103e-01
-1.993557536692045218e-01
-1.661822586447842531e-01
-1.232130881109997772e-01
-9.406377305176567838e-02
-1.017991533039965396e-01
-8.582722400216277747e-02
-8.739886355492904046e-02
-9.053494350001045632e-02
-7.611519821950830933e-02
-7.562916968518917926e-02
-9.490066434542220042e-02
-9.131060324836870468e-02
-8.313666171578955322e-02
-8.688304422638588875e-02
-7.318925813630566823e-02
-5.306287110512705046e-02
-4.518765172872073188e-02
-3.046986832546879145e-02
-2.412380429856216674e-02
-1.319010349616950122e-02
-1.102700233110014486e-02
-8.157764169763617734e-03
-6.475073131980063623e-03
-1.760186534607860107e-02
-1.734389291373365435e-02
-3.180440421731351580e-02
-3.737844609998141471e-02
-3.128806704649912673e-02
-4.465018131388782258e-02
-3.309492211702025344e-02
-3.628126914765835570e-02
-3.532963861501606934e-02
-2.829958190157955827e-02
-3.889447148112903929e-02
-3.695355282997937058e-02
-3.809056741034263366e-02
-4.809415514373893696e-02
-4.621491474471104560e-02
-5.243220588804117094e-02
-6.399578211987075327e-02
-6.292019525303041427e-02
-6.406228690340214083e-02
-6.466406787790963950e-02
-3.437835731633656633e-02
-2.800198891462454820e-02
-1.225092212094191016e-02
8.322934142311520789e-03
1.338779361650232515e-02
1.178848339985648884e-02
1.303912253035882651e-02
7.722518205833176289e-03
6.110664456261907622e-03
4.994319987652678927e-03
2.550448905020046616e-03
-2.752369550243622103e-03
-5.437710941110104022e-03
-5.575874837640409053e-03
-7.332055682515528985e-03
-8.736731897750989184e-03
-5.056586056437689658e-03
-7.916760662322202408e-03
-5.233877031977618964e-03
4.601236259913007651e-03
2.142576330337734800e-03
1.543899741815700152e-02
1.290448545070569351e-02
1.267691442747896288e-02
1.725918091416065239e-02
3.152981835625776920e-03
3.630848230358800499e-03
-9.328701503237199748e-04
-1.118726510953814250e-02
-6.878288658636165336e-03
-2.384547454173461742e-02
-4.005275606178332337e-02
-6.933032035719545461e-02
-8.228413344932711260e-02
-8.727126811713001309e-02
-7.544709736677121525e-02
-6.276011446164783680e-02
-4.901709242975813008e-02
-1.695033725478481759e-02
8.595340183418115690e-03
3.156164458929498762e-02
4.069088086647831837e-02
3.324555571214151545e-02
3.290698821488330372e-02
2.824651935107878528e-02
9.360926486337442856e-03
4.992953340643840020e-03
9.503731111164197276e-03
-3.712326119445744804e-04
9.552669991077631544e-05
1.685109609065021594e-02
1.177552583707093536e-02
-4.101615649429264025e-04
-3.005057562777412559e-03
-2.295221124827415485e-02
-2.699963941660964151e-02
-3.634928254555536142e-02
-4.070701767545129718e-02
-3.643543493500327884e-02
-4.119812891944160671e-02
-3.752646939296463979e-02
-3.762648183455433171e-02
-3.760103273039559768e-02
-3.542160577488580320e-02
-3.669794428962334237e-02
-3.403492350078637235e-02
-3.668203318657049794e-02
-3.519149744486646525e-02
-3.746302672006593393e-02
-4.472838143453024273e-02
-4.795660690233831402e-02
-6.760213968471756596e-02
-7.737598454082884880e-02
-8.911070807428721208e-02
-1.118208809562829531e-01
-1.180223190709795700e-01
-1.347282138622993564e-01
-1.455033497709163626e-01
-1.320202158509631019e-01
-1.350983440160671289e-01
-1.179621976242138520e-01
-9.030966207703963744e-02
-7.994765275483843581e-02
-6.143103379523296576e-02
-4.523732759901164663e-02
-3.689106428587801689e-02
-2.166440545658662731e-02
-3.789276228824717263e-03
6.266807624597000963e-03
1.730131502459839737e-02
2.659880702315422368e-02
3.032458710712187047e-02
3.143612652113839806e-02
3.864277745333066089e-02
3.370353488064303099e-02
4.297090740138311687e-02
4.554342846835927189e-02
4.412229981512993948e-02
5.783655419438419459e-02
5.745373383833370790e-02
6.380535929267265594e-02
9.282180248475579987e-02
8.590071356238290767e-02
1.155662788834468935e-01
1.141945647713691059e-01
9.559205565546555206e-02
1.019552422695137323e-01
7.724194560876607163e-02
7.003508964422762439e-02
4.913277475042390763e-02
2.102473423270158695e-02
1.009746314373120499e-02
-2.248582882881897810e-02
-3.172930815128951337e-02
-3.386814634144829500e-02
-4.700925183114161576e-02
-4.387134969157584913e-02
-4.847780558160199454e-02
-5.669272857172382579e-02
-5.523348142148305773e-02
-6.191428601916151159e-02
-6.447277382397322010e-02
-6.504899866803826036e-02
-6.821873493345047279e-02
-6.741859207943726173e-02
-6.674814457714500771e-02
-6.752711882460291082e-02
-6.567403419823560073e-02
-6.613248253706449642e-02
-6.550601079296285156e-02
-6.466724985933412773e-02
-6.524149541315382717e-02
-6.405234390314422377e-02
-6.450944225320955072e-02
-6.426754685826038815e-02
-6.364869369728867743e-02
-6.467719958330014896e-02
-6.351945415168927522e-02
-6.439040615067452566e-02
-6.471210590261734785e-02
-6.369925486950445137e-02
-6.610448993281863028e-02
-6.484501590423383255e-02
-6.632855581706786907e-02
-6.939332673314524413e-02
-6.887315174979322108e-02
-7.710058331656209629e-02
-7.485682190793756241e-02
-7.705318268555529093e-02
-7.922454841976490914e-02
-6.875475155321654486e-02
-6.817701415577066826e-02
-3.299309141248091271e-02
-2.916048067403466393e-02
-9.916273319769823222e-03
6.219511645946893172e-06
1.104375558391885136e-02
2.021557016797191630e-02
1.199170227768536247e-02
1.405600156632129220e-02
1.024086193980704856e-02
7.978047019976047122e-03
8.078610362281971741e-03
6.061219449560359927e-03
5.843270429131981920e-03
5.160793725062894598e-03
4.676777787775344107e-03
4.315812638900545783e-03
3.532689298827365945e-03
3.930563892168027589e-03
2.067905347528692112e-03
2.233049388434833749e-03
1.892902486432308622e-03
-3.964953437793275817e-03
-4.180765036568307759e-03
-4.189071987442807149e-03
-4.999201099123593006e-03
-2.996016088330231801e-03
-1.745794334562379485e-03
1.455819886359943031e-03
5.302824013041258430e-03
1.011050882374268239e-02
1.832353970067455637e-02
2.552372772674743259e-02
4.001410614437608815e-02
6.376012490528044918e-02
7.248051274353084494e-02
9.136026140828992781e-02
1.026093492495274706e-01
1.115872769650547852e-01
1.231862011799541717e-01
1.297741614535805055e-01
1.374054589335454712e-01
1.450684976798785608e-01
1.496686250683309793e-01
1.569575472028038321e-01
1.627618080342007889e-01
1.663891388398342497e-01
1.763982320501841505e-01
1.785108775034746631e-01
1.835258415937632281e-01
1.841595294224627755e-01
1.776130365084920837e-01
1.757241359912213030e-01
1.743013807323898767e-01
1.646270154510383332e-01
1.592452239104408251e-01
1.580601581083745655e-01
1.287454334311390058e-01
1.277274388105870406e-01
1.146233484225798321e-01
1.057562617467321386e-01
1.022166953922774568e-01
9.448261156343049083e-02
9.075361737687312469e-02
8.432212646784628673e-02
8.005413985884152206e-02
7.325711502062338953e-02
6.275119943282558843e-02
6.022008915269541629e-02
3.943333108088561967e-02
3.606465668463987306e-02
3.584046979492234303e-02
2.734011539471885299e-02
2.861846981538795562e-02
2.641660193098066198e-02
2.453456239783361262e-02
2.473588328116121254e-02
2.353037405174914984e-02
2.322220627626372241e-02
2.303715654552556530e-02
2.261661856213086769e-02
2.255224662037387875e-02
2.240061228338404917e-02
2.227909091799696456e-02
2.224304655389160862e-02
2.217365901082689328e-02
2.212973276448271590e-02
2.211708610230798955e-02
2.208081737527766569e-02
2.204845934738680971e-02
2.208139296238201960e-02
2.199090548100106346e-02
2.201200058950281147e-02
2.207911082519218443e-02
2.177187588980209615e-02
2.214400749370837307e-02
2.188277173151528462e-02
2.134764272870375013e-02
2.281888062897973954e-02
2.045280310918284883e-02
2.145481938462382582e-02
2.294198056310360265e-02
