-6.688323976270188487e-02
-6.020747937927721505e-02
4.194448091011715452e-02
5.327236985607659153e-02
6.415938327654575890e-02
6.132591715197480142e-02
4.133731919397592991e-02
4.051820462008339646e-02
3.791713577589119616e-02
3.686196851878468378e-02
3.701255010919270172e-02
3.701255010919642097e-02
3.701255010919315969e-02
3.701255010919247274e-02
3.701265454501366514e-02
3.702019042169171770e-02
3.697169515702137393e-02
3.673950774558873422e-02
3.655454722547590157e-02
3.564983586271977534e-02
3.321705674648200296e-02
3.315945942217096709e-02
3.512069569835437471e-02
3.491122618266936928e-02
3.497335430472046230e-02
3.577269669270019548e-02
3.759234071244482722e-02
3.383812558553083577e-02
4.021008781087155592e-02
5.035023539852529623e-02
-7.867398209554106112e-03
-1.292912319294117415e-02
5.889394754906444179e-02
8.245185303192062443e-02
8.998545631363837061e-02
7.535132967803549742e-02
6.845379388259759113e-02
6.458804731573521141e-02
6.451094685857787503e-02
6.101112785960989549e-02
2.324963424757246419e-02
2.239111683360628033e-02
2.806153200191605079e-02
2.546257178607949298e-02
2.500319807516467041e-02
1.700695457403780461e-02
1.369421629447312508e-02
-7.202874904680695543e-03
-3.491194529039508363e-03
-4.785406836368012902e-03
-8.569780823908468292e-03
1.025811383020785311e-02
2.543886719462671447e-02
9.796135829291702235e-02
9.784066558380000167e-02
1.007016580993524840e-01
1.147930406029192552e-01
7.693266554514643918e-02
9.217585300623439004e-02
7.061923502864385360e-02
-8.165409620433376758e-02
-8.483492542508810907e-02
8.281025016755091256e-04
5.147698765664707188e-02
8.342618556569891819e-02
8.792818323087693566e-02
1.546724448740369184e-01
-4.318166369528142479e-03
-2.433130533520304895e-01
-4.536853343596980448e-01
-3.408800375150052298e-01
-1.908997762294999956e-01
-1.094708240562994456e-01
-7.218823027739487697e-02
-6.105670710884213148e-02
-5.394739191806446899e-02
-2.207568068555464114e-02
-2.392347545190687957e-02
-2.614599163861252781e-02
-6.672388726172445717e-02
-4.575592965612335777e-02
-7.538247862345356931e-02
-1.142404075515701112e-01
-1.345384868587928273e-01
-1.532055570807674405e-01
-9.193390591700499603e-02
-2.935680512935768920e-03
2.303634213287229782e-02
7.319565535303664341e-03
7.890544052534444186e-02
9.429696070658505347e-02
1.215454455688694674e-01
9.461857940551349211e-02
5.419717555964591316e-02
5.282618729828681553e-02
4.923315683399644149e-02
-2.657361917904257909e-02
-3.973668068022899458e-02
-3.250931172856577622e-02
-5.968429588891405180e-03
7.092774669681913002e-02
1.003613238290194248e-01
1.143886655947080055e-01
1.121508801044850123e-01
4.400861401378707016e-02
8.564696322110107451e-02
4.820293605229165890e-02
-9.320468350824505366e-02
-1.111224543408640408e-01
-1.046898519887460993e-01
-1.038317768668208518e-01
-3.661425334520360120e-02
-5.345966768842375788e-03
2.193527349472566140e-03
-1.267758247614290956e-02
1.571261653199439862e-04
-3.851185810986391261e-02
-3.446115570632669878e-02
-6.751709756840314214e-02
-5.238081751869860803e-02
-4.189663628847905413e-02
-7.982613838989932598e-02
-5.870061700673676053e-02
-5.176055431807090323e-02
-8.118931087834979632e-02
-4.449738869328223601e-02
-1.555127848727505535e-02
1.402589177706066101e-03
-4.417481365808200583e-03
5.043164925453633846e-02
1.066172386569653324e-01
1.458164188590598265e-01
6.649451188465765883e-02
2.892431069608546526e-02
7.443344122119877754e-03
2.520546394296226816e-02
2.258338205505406107e-02
2.331314989883944214e-02
2.409748840271330739e-02
2.342188739269439324e-02
2.267374177459402507e-02
1.280551589083432466e-02
1.008340741345468625e-02
-5.050091096136124710e-03
1.727522153912198523e-03
8.396048182282438849e-03
3.737028861260979079e-02
6.624754375427203967e-02
6.293753402628193827e-02
9.311024039506879402e-02
2.122934068133385671e-02
-1.424393522554665559e-01
-1.614090419790075448e-01
-1.881782568803328226e-01
-2.343708133711628894e-01
-1.242161004043553646e-01
-1.478590674069601429e-01
-1.400619378273292304e-01
-9.608190915713228641e-02
-1.085363702198278713e-01
-6.873947570038003996e-02
-1.548797178073075057e-02
4.044514006002683515e-03
9.924909125859014691e-02
-2.318125950240441935e-02
-6.741835112895591675e-02
-1.452080188005679118e-01
-2.503778365317221311e-01
-2.902950507617129139e-01
-2.250626033163158346e-01
-1.902890574055239314e-01
-1.076200563910066493e-01
-4.842271509668735069e-02
-2.121685726126773183e-02
-6.621531186885604159e-02
-4.726608651762775892e-03
1.004178363674369384e-01
1.537017747697703995e-01
2.269022994138977234e-01
1.312294792099102658e-01
1.377029288972181631e-01
6.103612157310021880e-02
9.530418991593545691e-03
-5.515274229671490724e-02
-6.156324159650655020e-02
2.000585123814774269e-02
-1.322075175932996283e-03
1.535601733604091690e-03
1.578208724589826029e-01
1.447332019184832119e-01
-6.617582965188213706e-02
-7.691691977124004431e-02
-1.246497295720560422e-01
-1.821348634048649551e-01
-1.507906779283021137e-01
-8.592866452817188305e-02
-5.711977447988932782e-02
-4.757773034230657755e-02
6.954509782825685216e-02
3.847182732591730020e-02
1.779486857174184672e-02
-1.146858021025343455e-01
-1.555315828339408346e-01
-2.578463543848556472e-01
-2.489419016717633326e-01
-2.389069711735206103e-01
-2.895843346208661351e-01
-1.691475589193346951e-01
-1.369010055924732572e-01
-6.464493977206343944e-02
5.506150851776060035e-02
1.639886442837852620e-01
1.170670649026576554e-01
6.228867062050222336e-02
1.692018739824855539e-02
-8.073507641091971776e-02
-1.094785700627444180e-01
-7.527225802761705609e-02
-7.432466454274824774e-02
-2.172016491242684255e-03
2.453500499379375477e-04
-1.670578286988128602e-01
-1.792626646196523454e-01
-1.461156479896327243e-01
-2.061265704871683979e-01
-1.839585263314919283e-01
-9.687614854590601010e-02
-7.102391142963498938e-02
-3.590873504107185143e-02
-2.331593087096866038e-02
3.325232550156548283e-02
4.392690300005100412e-02
5.852587955441321266e-02
6.129986692555502992e-02
2.165555190276232528e-02
-7.604947666675281742e-03
-6.363208916888517253e-02
-9.992094235372732391e-02
-8.400469903196161603e-02
-1.078943175978917396e-01
-1.564057582996408735e-03
-2.555260091001217843e-02
-2.469247697520147999e-02
-1.343501897476813423e-02
-1.368654318059729300e-02
6.803348026313243979e-02
4.530386282678852683e-02
-4.828848495883386605e-02
-8.549651382883868833e-02
-1.040045808828836404e-01
-1.139714145178308685e-01
-1.275210403552826388e-01
-1.625460013303695606e-01
-1.713454959903055463e-01
-1.134938594824869834e-02
2.064075071643048376e-02
3.604055785772998857e-03
4.585076423344557062e-02
6.113054384491415499e-02
4.601872843851023687e-02
3.343451212575834081e-02
-1.263055516355008137e-03
-5.236274754096879522e-03
5.323179668997217798e-04
-4.914379592658058016e-03
-3.832891226079106900e-02
-4.387191748086434473e-02
-3.811954039654558146e-02
-4.123778630064200285e-02
-4.217035375751625181e-02
-3.977931096461175681e-02
-5.562093133399237388e-02
-5.541830308239469038e-02
-1.921519695197284466e-02
-1.211605022201399373e-02
2.748161861879921605e-02
2.415998605984101544e-02
2.977811699565266826e-02
3.610995231162061198e-02
-5.007659780192841130e-03
-1.329931986482256120e-02
-1.255619060962540230e-02
-1.321061799877173634e-02
5.995745407520878395e-02
6.369000833227159153e-02
1.711814567388759978e-03
-1.366702551253729803e-01
-2.142868768700068038e-01
-2.772031064128153699e-01
-2.223372513362978087e-01
-1.687467836044077851e-01
-1.231711762887287842e-01
4.180826461401661309e-02
1.743391670476182598e-01
2.023679638661799451e-01
1.158386065751229599e-01
5.451945670208593192e-02
4.493699255906492829e-02
1.652236365507798316e-02
-4.698947337503683874e-02
-5.454454104300771738e-02
-2.600949366297839252e-02
-8.230052623823057301e-02
-5.388559483775341719e-02
1.101452388344025118e-01
1.445565184583068596e-01
5.597341727410073964e-02
3.016248815231091854e-02
-8.257004707104900754e-02
-1.091881810142565357e-01
-1.233545983694276510e-01
-1.204467162160591243e-01
-7.409635135731301725e-02
-6.792676088950973246e-02
-2.683968863612904918e-02
-1.131203842453940012e-02
-2.489061228919734262e-02
-3.040368597028169848e-02
-2.645852502895091468e-02
-8.507423648383718312e-03
2.389639668078952228e-03
2.767954490080141300e-02
3.631833197448227496e-02
3.848830823868655548e-02
3.601995841820508637e-02
-4.975956198003863434e-03
5.358750554440981639e-03
-3.987204886902531026e-02
-9.328686176883763115e-02
-1.464459626439716944e-01
-1.985331544636922130e-01
-2.860317418056720906e-01
-2.198283074318179986e-01
-2.760057409985645638e-01
-1.559675560776139225e-01
-3.142149731812631658e-02
-6.142427341357312859e-03
3.247592820883577619e-02
4.973047279284593947e-02
3.000614257273159086e-02
1.265800950127061314e-03
2.686456939735128169e-02
3.070499298217821416e-02
2.730897798880993835e-02
3.053182718996263686e-02
2.531891961906805599e-02
8.258825369406011876e-03
6.240949384520969728e-03
-1.216539809758420895e-02
1.922339539967983860e-03
-6.352036304356693634e-03
-1.649376228110659842e-03
-8.593723115422067030e-03
-2.579004177400431169e-02
-2.498765960690626023e-02
-1.082041429679952635e-02
2.013013731727159028e-02
1.457556187144173065e-01
1.678587718544858887e-01
1.168715437957520697e-01
1.207703435376646095e-01
2.208410005600573989e-01
2.427263797127946487e-01
1.345529083423780414e-01
1.795839663494244731e-02
-2.409769555038521888e-02
-1.121910501299537011e-01
-1.223883677145842230e-01
-1.108623678295573706e-01
-2.058927152573108432e-01
-1.811643379991079716e-01
-1.057587229523657968e-01
-4.335472387141879602e-02
-6.012863401802399921e-02
-1.764409513432903809e-01
-2.673784624539712329e-01
-1.397872287036056038e-01
-5.058800431241744500e-02
-1.041002022895677614e-01
-2.286656319251555436e-01
-2.077111168428103505e-01
-1.142503408190324032e-01
-5.393178733291956878e-02
-9.534221491539045246e-02
-9.534221491538100168e-02
-9.534221491538985571e-02
-9.534221491539947302e-02
-9.534221491538857896e-02
-9.534221491538008575e-02
-9.534221491539031368e-02
-9.534221491539542070e-02
-9.534221491538800997e-02
-1.125508868851560068e-01
-9.249974690947877776e-02
-4.751563875733903070e-02
-2.528416166331994008e-02
-8.002016798283641263e-02
-1.069660992756324147e-01
-6.449959798770907304e-02
-3.504444402820536264e-02
-1.004507433987100878e-01
-8.947654370290737680e-02
-1.048717316333227789e-01
-1.154016418206989802e-01
-5.930395466980011715e-02
-4.512941204038516119e-02
-2.087201578321789229e-03
2.590994335317235026e-03
4.814590025645782041e-03
4.961089961409400131e-03
3.406041576901321088e-02
4.566052949514266823e-02
3.092994788797382572e-02
2.007645773934940356e-02
-4.853527079098143675e-03
-6.130535960756065307e-03
-8.800298950648958660e-03
-1.026674467492857609e-02
-9.829185352560622022e-03
-9.829185352560425998e-03
-9.829185352560285485e-03
-1.003806772387789634e-02
-9.168333366268089507e-03
-7.884935698091689524e-03
-1.060178797251118410e-02
-9.955108057673619192e-04
-4.280289297557651751e-03
-3.832891226079109676e-02
-4.387191748086553822e-02
-3.829897728943453677e-02
-4.056086152532962369e-02
-4.004889773056573288e-02
-3.939792706308612585e-02
-4.023700600737074862e-02
-4.198913952307725683e-02
-4.217979167546995894e-02
-5.523527835687280785e-02
-6.247546006460827361e-02
-4.611503252713209516e-02
2.948011433770882442e-02
3.658789637984175697e-02
6.424247212012411390e-02
6.774628157804254980e-02
6.877759114246148608e-02
6.981557708244194582e-02
6.963135061850679597e-02
6.963135061850701801e-02
6.963135061850683760e-02
6.941791180126878624e-02
7.055843427611845076e-02
7.166951707263578830e-02
7.915520059483519000e-02
1.129834236874647235e-01
1.245358671773704462e-01
2.645006937464572938e-01
2.513591170418708609e-01
2.256654146434075303e-01
2.333533498609890733e-01
2.319428116048920241e-01
2.268981858738224611e-01
2.402859434133484129e-01
2.511033359344561622e-01
1.727803448404720277e-01
1.677707187531528588e-01
1.417352635309084563e-01
1.375013038598272563e-01
1.363292922444483135e-01
1.351836961575330343e-01
1.355129797989782503e-01
1.349374011611389756e-01
1.341293359930317008e-01
1.279375888775356462e-01
1.083754517340186629e-01
9.592753289023002450e-02
-2.373080275937272665e-03
-4.240266390789709100e-03
2.216106528648498220e-02
2.178214125667552598e-02
2.881688318582996400e-02
3.113176173042232417e-02
3.153277571624402142e-02
3.176063319100818488e-02
3.174038930700494310e-02
3.173867472979276932e-02
3.173867472979211707e-02
3.173867472979248483e-02
3.173867472979236687e-02
3.173867472979195054e-02
3.173867472979301219e-02
3.173867472979402526e-02
3.173867472979370608e-02
3.173867472979186033e-02
3.173867472979297749e-02
3.173867472979322729e-02
3.173867472979233217e-02
3.173867472979198523e-02
3.173867472979360893e-02
3.173867472979362281e-02
3.173867472979352566e-02
3.174196934929555958e-02
3.172510676061433138e-02
3.163488075234038854e-02
3.152034325706733892e-02
3.130891189533251823e-02
2.981825208876789229e-02
2.917831188409517398e-02
3.062925965078170526e-02
