9.675012298345110340e-01
1.027002738406173066e+00
1.479752199408529201e+00
1.499781917894500216e+00
1.526657491348976992e+00
1.550191865939460012e+00
1.536443823445365897e+00
1.550255669076770371e+00
1.550067658603139886e+00
1.548548009073473564e+00
1.553481981858264804e+00
1.551682261985647626e+00
1.552826578051393236e+00
1.553730423799928984e+00
1.553140631375042879e+00
1.553900187315957249e+00
1.553838157675644593e+00
1.553829156433405245e+00
1.554072424236439431e+00
1.553930340089796802e+00
1.554039985635310428e+00
1.554008997653364643e+00
1.553887947426506377e+00
1.554035261679958868e+00
1.553661433081291898e+00
1.553712239415877772e+00
1.553701254897625450e+00
1.552640587747832424e+00
1.553509797698260808e+00
1.551956330397328943e+00
1.550592006882799190e+00
1.552836785315428347e+00
1.545404581685727363e+00
1.548125096072369145e+00
1.545546658604656232e+00
1.521830040760149494e+00
1.519638607048577006e+00
1.489431386766051801e+00
1.501507828425487467e+00
1.485799257918672289e+00
1.483862482246430803e+00
1.535883491863529571e+00
1.510689075690181626e+00
1.563157440839317625e+00
1.560353546474840369e+00
1.546340532948653701e+00
1.632691737589646586e+00
1.571869676975549801e+00
1.637874289878944678e+00
1.592226892076760159e+00
1.178574583687906907e+00
9.309151802960750066e-01
5.825487254186519914e-01
5.441913161062106319e-02
-1.075069790356257549e-01
-1.651190414342463275e-01
-3.430252796253672187e-01
-1.786094118550660137e-01
-8.626837978370566207e-02
6.278140377438326536e-02
7.448626911679414597e-01
1.256409070840554865e+00
1.706345522953642835e+00
2.370129995881542495e+00
2.375383362834017298e+00
2.411205594548432529e+00
2.412746288728746080e+00
2.420293992050360998e+00
2.436588691470221946e+00
2.433645753379014565e+00
2.445959192163551066e+00
2.451728385928802378e+00
2.453744316641242484e+00
2.465659176732714286e+00
2.468152193268986494e+00
2.475863346536067766e+00
2.486521631474389871e+00
2.489256981071037877e+00
2.501405600568904930e+00
2.505260323592362059e+00
2.518998556210512163e+00
2.527485101951354451e+00
2.537864982607273223e+00
2.551371412032790609e+00
2.562231548957816241e+00
2.583287607703642408e+00
2.604393625281915980e+00
2.609613720633101597e+00
2.627331946191492129e+00
2.626411361032881864e+00
2.589967227376646086e+00
2.585315094918774204e+00
2.388992498212466842e+00
2.315313337312963515e+00
2.246643907011923513e+00
1.908893002327751276e+00
1.865404172914423286e+00
1.753455482662986231e+00
1.596684577029104268e+00
1.587435391225738623e+00
1.463991157663170117e+00
1.445554587252840140e+00
1.354785286748803719e+00
1.262332050688722784e+00
1.202569421791073623e+00
1.094595644758848962e+00
1.118286360361001375e+00
1.087247288206818929e+00
1.029912402045477293e+00
1.118282514257286975e+00
1.149394017297224124e+00
1.271548805755753797e+00
1.694830843206847515e+00
2.013608419977938269e+00
2.266049555353831124e+00
2.414327910172100466e+00
2.469180589966523343e+00
2.471302058169667859e+00
2.503615376989656305e+00
2.513779978826242267e+00
2.497035223008395199e+00
2.471832825793351951e+00
2.415507705813198402e+00
2.325993971276883343e+00
2.214228776503057716e+00
2.046577719834221210e+00
1.970226431249847865e+00
1.743250521669806208e+00
1.662522725751184094e+00
1.605574452713911082e+00
1.523551183462652503e+00
1.483021710983795094e+00
1.437589692897527804e+00
1.385323438845432520e+00
1.283273687466315760e+00
1.244665666561759920e+00
1.270912615184585537e+00
1.331071852988745530e+00
1.454704428420614093e+00
1.434346769421257051e+00
1.541788609070732230e+00
1.933554725898062321e+00
2.098520952802874096e+00
2.653470375613907528e+00
2.836693946257562438e+00
3.202655373666057237e+00
3.248990481063957159e+00
3.289947464559170864e+00
3.293374631902126204e+00
3.285922059005644158e+00
3.283887453677630130e+00
3.284124377276680384e+00
3.278702591473765082e+00
3.279153226321040115e+00
3.276501154717577968e+00
3.274087275562957977e+00
3.272990934077887992e+00
3.270463749021967459e+00
3.268490404182902154e+00
3.265789564051130967e+00
3.264245701506750752e+00
3.259711067532413686e+00
3.257387288309126827e+00
3.253487019534972546e+00
3.244910386312532147e+00
3.240919909179894809e+00
3.224565785010684138e+00
3.218478794199266524e+00
3.208639043482129694e+00
3.196876886646535354e+00
3.193092151670535728e+00
3.180676601082288002e+00
3.174218781686224844e+00
3.166094853576682411e+00
3.150174633751908981e+00
3.139261188275926706e+00
3.112067946357343295e+00
3.084428246541542684e+00
3.062406112891451926e+00
3.020059410069632300e+00
2.988668692876650379e+00
2.940703392550530371e+00
2.874615364705795706e+00
2.464852648451406836e+00
2.243386582753471803e+00
1.725751458637575952e+00
1.324594202791463227e+00
1.255094737445141106e+00
9.181800164993200175e-01
9.245150532916931452e-01
8.762590629732631697e-01
8.240097379020915325e-01
9.616964500389708626e-01
9.754864511846694786e-01
1.037183604598976183e+00
1.164773188332666409e+00
1.187209010347198390e+00
1.312284840721711365e+00
1.418687690994096640e+00
1.467481049046869046e+00
1.620552947866219728e+00
1.645911607876615168e+00
1.660679781217501150e+00
1.706069497606372831e+00
1.694387790101325786e+00
1.701202364006768608e+00
1.705301839303187350e+00
1.688250699384219011e+00
1.688785395336914075e+00
1.681837635649307439e+00
1.662109146494329392e+00
1.660938158209682047e+00
1.649100418879764440e+00
1.654239379620885186e+00
1.686250264316820013e+00
1.665459832374573068e+00
1.703766555315247455e+00
1.750418622966884774e+00
1.711107823273054329e+00
1.862396059227848122e+00
1.867197801923899947e+00
1.945149785961621580e+00
2.303656669151559200e+00
2.344760953837760731e+00
2.577616552994475008e+00
2.597257762343100573e+00
2.579558872191248575e+00
2.627326553577253421e+00
2.625896492735614984e+00
2.649838251563390923e+00
2.711627927992466436e+00
2.741678325800175120e+00
2.850698157754490314e+00
2.924920276899574123e+00
2.955202200131029855e+00
3.014987346712415750e+00
3.022574581447456499e+00
3.052676252725301964e+00
3.081794702167776290e+00
3.082891980541876187e+00
3.112519408328543680e+00
3.049877180190591286e+00
2.987624917916276601e+00
2.810601851896049830e+00
2.530756665169038744e+00
2.108214170128072773e+00
1.865627791397487689e+00
1.550491747754376703e+00
1.419687706505343927e+00
1.535485842336763218e+00
1.640263469856749534e+00
1.855126108031543097e+00
2.047679323400735552e+00
2.202593860049150365e+00
2.311188944152120506e+00
2.377925697885219236e+00
2.404055651139929140e+00
2.466047878072772370e+00
2.449587675337979498e+00
2.399759722678828311e+00
2.387340119404415262e+00
2.371401658405119406e+00
2.341424983022836415e+00
2.350781064703678425e+00
2.322469591744661166e+00
2.328772140872084506e+00
2.343047679426119245e+00
2.341237868236919706e+00
2.376305878160236418e+00
2.382223799149628896e+00
2.403031609999281670e+00
2.433064043136741184e+00
2.437023930665432214e+00
2.477355954058969356e+00
2.494174831476576593e+00
2.519429990050917834e+00
2.574698887960025218e+00
2.596737060357662941e+00
2.653210917490995246e+00
2.696749877457216726e+00
2.728566637576300913e+00
2.795901753774826304e+00
2.825256413812481160e+00
2.836840351097594137e+00
2.867575499294697572e+00
2.845959196565851279e+00
2.831678448081419219e+00
2.669621698622564043e+00
2.640305783506233794e+00
2.371827059844652474e+00
2.218034792743022177e+00
2.118154199362425771e+00
1.806468301206492155e+00
1.726554292314271821e+00
1.616129827374904293e+00
1.427492069007535891e+00
1.456944766345122710e+00
1.313351643869995922e+00
1.381252743448406095e+00
1.426817640278438271e+00
1.420177070339371905e+00
1.428186862055191186e+00
1.221513161636812672e+00
1.163852876505890421e+00
9.230396420293287552e-01
5.528404879328805421e-01
4.717799354374005993e-01
3.028714245874163380e-01
3.271973032342259113e-01
3.037896146935319952e-01
3.020885595903996523e-01
5.720045567036234901e-01
7.082203547166441293e-01
1.119153695913036817e+00
1.380398934324216009e+00
1.655617435636564716e+00
1.970366692689423216e+00
2.336246781736406319e+00
2.551279744518068604e+00
2.542568143860787444e+00
2.558383777263002479e+00
2.539875885935655830e+00
2.565186575173731054e+00
2.575752928630819838e+00
2.578490363649452277e+00
2.622665906713349315e+00
2.639581226333506336e+00
2.692790069823714383e+00
2.751883527828677956e+00
2.790416711538691530e+00
2.897616503174492486e+00
2.906692952932132812e+00
2.990598965705871581e+00
2.991323021792978487e+00
2.945132417133714320e+00
2.960333658561833392e+00
2.966423969679786055e+00
2.968491985613916029e+00
2.988554219315534333e+00
2.988199171848492153e+00
3.002036383504381512e+00
3.009691333303709637e+00
3.011903406649004467e+00
3.024501869811048849e+00
2.871719825844616381e+00
2.805687089010590718e+00
2.655948354601941563e+00
2.431904895640148556e+00
1.903616741363080900e+00
2.344376729503828916e+00
2.571270420017008007e+00
2.703220676035356984e+00
2.734150629347571027e+00
2.804132123125746112e+00
2.787554262984680342e+00
2.837851400895163856e+00
2.861825569020335802e+00
2.853473298079212572e+00
2.909946350418405547e+00
2.922455835940865665e+00
2.947047669706695849e+00
2.960754443384610468e+00
2.963441403506733351e+00
2.979351048414160097e+00
2.981881607606783113e+00
2.982212100250412057e+00
2.973511976390347478e+00
2.950881035154675924e+00
2.858001052774075568e+00
2.794441679132474654e+00
2.676508178620523370e+00
2.559384623778706569e+00
2.420576063564829905e+00
2.149632200737701559e+00
1.999713387968391709e+00
1.780841807057209625e+00
1.550651495449032025e+00
1.378757538500427371e+00
1.103149865254378748e+00
8.861369147629312160e-01
4.778220040839327720e-01
2.796439669702346920e-01
1.366089781869884723e-01
-4.495794822083831743e-02
-5.777183518422622510e-02
-1.021308296267953303e-01
-4.625168442423387150e-02
9.177261705719941265e-02
1.663414341596259893e-01
2.613710906191804018e-01
3.427309498002040211e-01
3.835431402351100472e-01
4.871074852689980528e-01
5.566892449446830815e-01
6.690070362354043620e-01
8.270066288388365772e-01
1.009812008380032600e+00
1.490695855664928793e+00
1.766849378004410775e+00
2.184091210370922909e+00
2.407901507719131473e+00
2.416957858312350993e+00
2.489453087017039934e+00
2.510081817593940556e+00
2.522987165408795640e+00
2.563569875636634965e+00
2.519533189739628032e+00
2.579149105990482305e+00
2.546991419771951648e+00
2.454267262192244559e+00
2.424069684766657407e+00
2.106442294437440577e+00
1.909666179655048479e+00
1.743523090351442928e+00
1.456628212863159799e+00
1.371358141589266832e+00
1.370657917156834715e+00
1.457761194565274643e+00
1.522355286453928258e+00
1.849146751388764276e+00
2.094260326102675762e+00
2.432853007501200260e+00
2.449526627182692984e+00
2.506150234620617923e+00
2.545545887644425687e+00
2.551007746806114529e+00
2.614670300256352942e+00
2.619109127964267092e+00
2.649661080228191246e+00
2.679348804966221298e+00
2.682236610419964862e+00
2.711014650782280544e+00
2.717934150371077884e+00
2.728592462057897627e+00
2.744510856698537449e+00
2.746349461836496086e+00
2.760836935676978854e+00
2.765204336804775842e+00
2.773623034158266609e+00
2.788994809026971833e+00
2.793812950313810273e+00
2.811665993233050553e+00
2.825329894848318091e+00
2.837345042177627175e+00
2.864457236570968846e+00
2.879552723709438489e+00
2.897350853080190802e+00
2.920384587296824819e+00
2.934124614216236715e+00
2.954730286916620763e+00
2.975758196612427575e+00
2.991222223072446340e+00
3.015317590284727789e+00
3.035808852080427389e+00
3.052932241384326950e+00
3.077164214769901207e+00
3.087389123877688935e+00
3.109771320937167793e+00
3.123771484716888480e+00
3.138320274135716126e+00
3.157576697462883164e+00
3.168025698715388749e+00
3.187991660203730593e+00
3.199747853595404479e+00
3.211834522128419245e+00
3.224203048320295917e+00
3.223645262073153273e+00
3.229952002274815825e+00
3.234381653359228004e+00
3.229554005476980905e+00
3.235205665755461091e+00
3.233330638892082387e+00
3.225156861587129775e+00
3.231826439223997482e+00
3.216131622482649277e+00
3.207483864879518087e+00
3.201272496403355650e+00
3.087376185230275460e+00
3.050261602269340511e+00
2.899445925984425187e+00
2.743251912640900958e+00
2.530975763089476693e+00
2.258771731162495300e+00
1.857224243897002580e+00
1.681982322692802123e+00
1.162678785708648466e+00
1.030294378067390770e+00
1.042257113676616997e+00
8.728041462133931949e-01
1.018158865947899949e+00
1.135671219134864796e+00
1.247862099708091588e+00
1.379949632175418772e+00
1.463943615346139149e+00
1.614434714820512262e+00
1.671532651973816952e+00
1.768827497629908541e+00
1.791374361644562985e+00
1.787397852624344363e+00
1.816016412109915379e+00
1.808832339448137816e+00
1.820386714450131116e+00
1.819137122287572295e+00
1.826450549365067344e+00
1.827100718972128446e+00
1.801964485536525995e+00
1.792752044317187821e+00
1.778379423889717037e+00
1.765550577327634540e+00
1.754714686335526963e+00
1.747444032905995037e+00
1.731193761301255574e+00
1.719304132877687019e+00
1.711500242011095185e+00
1.670649272202291424e+00
1.660772765019160602e+00
1.643038642887030276e+00
1.626592995142948750e+00
1.614939055225690145e+00
1.599242852497915646e+00
1.589872250246633367e+00
1.564209160527336273e+00
1.560461401277647431e+00
1.542202570045157817e+00
1.541897595068036919e+00
1.539404441944425717e+00
1.534343160427813046e+00
1.535144735320350229e+00
1.532824705714736835e+00
1.531896806972280922e+00
1.531835431678678416e+00
1.530809604409225866e+00
1.530735846140173884e+00
1.530434309707766616e+00
1.530154427171512843e+00
1.530043189186082175e+00
1.529842526612146925e+00
1.529784990697408142e+00
1.529410008331350213e+00
1.529492505463698970e+00
1.529112243548231831e+00
1.528465199845101097e+00
1.529026263294964938e+00
1.527058062428281016e+00
1.527110053972212222e+00
1.527187589500200726e+00
1.521547392700679513e+00
1.525806341487433659e+00
1.518597299354642827e+00
1.510912671551372766e+00
1.522967403226628935e+00
1.487719937182182983e+00
1.500231901742431040e+00
1.498250794608805947e+00
1.408168348147652571e+00
1.505309335155853523e+00
1.353774587703712839e+00
1.250651249405649867e+00
1.350137898002770509e+00
