4.265489835945281659e-03
4.942812710018142791e-03
1.934068461849827378e-02
1.873034271544640750e-02
2.245960627124568912e-02
2.573590542527183500e-02
2.543729196501081161e-02
2.739714788003999937e-02
2.794962289624277826e-02
2.820768012793544929e-02
2.885664705887073384e-02
2.894194954265939118e-02
2.903027898058124431e-02
2.918247849506666255e-02
2.906551697541657694e-02
2.878180997773101268e-02
2.890188725200062633e-02
2.806155008649775101e-02
2.756593298633968833e-02
2.769284091590567751e-02
2.432552330337403937e-02
2.433274476261714642e-02
2.346828395263646228e-02
2.269807843006627773e-02
2.271891911596437413e-02
2.301092515707814715e-02
2.264840510389341116e-02
2.360105567566527299e-02
2.512823631265308916e-02
2.386632517547719948e-02
2.894458114910391372e-02
2.695873038316795589e-02
2.269396888655161870e-02
2.319967549377507932e-02
1.438611428085037787e-02
1.443023410092883832e-02
1.417330082116962861e-02
1.415403914961794844e-02
2.381819100340361664e-02
2.641418778086291469e-02
2.947335200558229631e-02
4.018780614068577506e-02
4.074690931703028873e-02
4.339219912529626577e-02
4.665986643242768517e-02
4.707800172919012621e-02
4.748249803965442356e-02
4.881937414436201411e-02
4.807029642701434596e-02
4.486324927478221175e-02
4.519514272963871815e-02
3.657932762710094932e-02
3.457118905782719659e-02
3.113965589183178076e-02
1.656591400835016534e-02
1.260224502946683499e-02
1.350702020821104715e-02
6.040679811761484608e-03
1.129902075047960024e-02
3.986734468923848126e-03
9.285494060454922358e-03
2.272624926578262206e-02
2.118294264871023805e-02
1.648415106670209074e-02
1.411111856523594721e-02
-1.918830036222070757e-03
-1.798939746360691400e-02
-3.508656640066701998e-02
-5.233683486338090024e-02
-6.548312200125447347e-02
-8.561445827001595843e-02
-9.394740746656911334e-02
-1.097622531624433823e-01
-1.239911868531497485e-01
-1.318247858162426289e-01
-1.517028630039052584e-01
-1.568341139546908236e-01
-1.667697024449006360e-01
-1.727884125472514687e-01
-1.625097707815531534e-01
-1.649900742669177522e-01
-1.591275970030235909e-01
-1.502887179136212781e-01
-1.521863562542837556e-01
-1.544754204793478969e-01
-1.536290000683348533e-01
-1.590489804516273808e-01
-1.581205989085532337e-01
-1.615328395715734111e-01
-1.620984531900567793e-01
-1.517575827811252220e-01
-1.527971079082134920e-01
-1.412419817045867942e-01
-1.364519221771730573e-01
-1.173655548440748070e-01
-1.036368651006076974e-01
-9.404957829877801101e-02
-5.194193994969206751e-02
-4.880526842064685650e-02
-3.917380433064458767e-02
-2.857559182623923069e-02
-3.910720006386240316e-02
-3.563020995123027113e-02
-2.901815804221719031e-02
-2.316719814123883309e-02
-2.203420131435783469e-02
-2.081359621632529466e-02
-1.877794753990922119e-02
-2.167155357210167471e-02
-3.840326428168112927e-02
-6.530694461721781030e-02
-7.100662976854442421e-02
-9.331939308721018400e-02
-1.024626551781269296e-01
-1.038858424020480120e-01
-1.117111349481900301e-01
-9.967472120519174639e-02
-9.927742628694684324e-02
-7.959875376562687566e-02
-4.422422663973534646e-02
-1.876669709498181293e-02
1.156677182213671938e-03
5.156285810093226042e-03
6.031370271743500405e-03
5.001265781206186076e-03
3.076014225931783443e-03
-2.413690182019306765e-03
8.704861571487280177e-04
8.729251729074750596e-03
7.639471368742103800e-03
2.827442650995059745e-02
3.195330292135064448e-02
2.994803453037145000e-02
3.524787751370626887e-02
3.364786193053011937e-02
2.425660018890210545e-02
2.463874396334034267e-02
1.408124009680842767e-02
-1.331044975362707418e-02
-2.663521171099719753e-02
-5.604065262869484948e-02
-6.667670055737139057e-02
-8.635479171478671612e-02
-9.189243428328068564e-02
-1.005964190810983427e-01
-1.005829674403667801e-01
-9.070529847422616199e-02
-8.840765694532520813e-02
-9.746102286052120423e-02
-1.040844455911965616e-01
-1.220088086394492122e-01
-1.383367095296366145e-01
-1.589797025444037726e-01
-1.800629141731729943e-01
-2.030211301945032132e-01
-2.103674756115277156e-01
-2.258457134428635271e-01
-2.446890259509698629e-01
-2.477969629008844321e-01
-2.614286584585728823e-01
-2.640810140364424075e-01
-2.700943004211446841e-01
-2.775096346235451095e-01
-2.818457048394940045e-01
-2.874300733833041743e-01
-2.880965336647698383e-01
-2.881046402743769885e-01
-2.836441388626108617e-01
-2.863683960082182844e-01
-2.833092334838801518e-01
-2.909354872781128587e-01
-2.843455484680272316e-01
-2.826931498120464070e-01
-2.738246741225484615e-01
-2.601365216194794217e-01
-2.498343057639507148e-01
-2.321672970192465435e-01
-2.201909663342883905e-01
-2.060809022604226937e-01
-1.823547038156558275e-01
-1.558707804632798455e-01
-7.043932363972120470e-02
-5.954785349742043599e-02
-2.351561984212833904e-03
6.540127249243276805e-03
4.457615936453883029e-03
2.461743235374925370e-02
2.006486347210228657e-02
1.978026601524970896e-02
1.975582506974738264e-02
1.373674317076021938e-02
1.439546534201595861e-02
1.076161867494265269e-02
7.964266872807152300e-03
9.105604660711212953e-03
-1.359533221414949969e-03
4.169442112185224743e-04
-8.187202255043215041e-03
-3.219576544436093118e-02
-4.094335875870403624e-02
-6.928096479562942389e-02
-8.443339986265394059e-02
-9.224066250886361895e-02
-1.077424187177378478e-01
-1.052061821726335139e-01
-1.021050483116052454e-01
-9.853800245399052526e-02
-9.972850067287208908e-02
-1.017832915492297985e-01
-1.072301374814501745e-01
-1.211846790429945281e-01
-1.290801845410602389e-01
-1.451509955890665504e-01
-1.402026956379792411e-01
-1.439028804427381902e-01
-1.377206743141795309e-01
-1.220266906610919244e-01
-1.151263125102706397e-01
-7.857162274068192620e-02
-1.572425828937827272e-02
-2.796434597329399471e-03
1.890201776808655282e-02
3.558557614474489733e-02
3.395162305862597235e-02
3.819970675983737352e-02
3.958527438172776414e-02
3.886559616911888781e-02
4.055514479641117442e-02
3.967465037530111538e-02
3.875544881468314523e-02
3.858550675328508567e-02
3.520043120217052068e-02
2.974462160624199297e-02
2.588576440414571550e-02
1.591576204214372944e-02
1.305870995320479108e-02
1.711408771261445708e-02
1.229354578487916634e-02
1.228621208350744003e-02
1.070947801217693451e-02
5.000033644073992138e-03
7.003340495696641112e-03
1.558102957111216031e-03
-9.087643781085606850e-04
5.496398173697064106e-03
1.546519447747585858e-03
4.515652097063824308e-04
-5.380188934891580975e-03
-3.869211946453645495e-02
-5.071058942343571740e-02
-6.451282674357401714e-02
-8.711868887365077641e-02
-8.803896073922795606e-02
-9.875760161770429091e-02
-9.992993539027887617e-02
-8.722170187477111536e-02
-9.396146607540459272e-02
-7.067973880824558741e-02
-5.183379803836117572e-02
-4.824211468140793269e-02
3.127529194903954941e-03
3.585339442948354098e-03
5.075998067270142550e-03
1.009310678308930793e-02
8.993202002193545529e-04
5.884738083331280713e-03
-8.544204649863960943e-03
-1.534283724268629273e-02
-1.859328017941395961e-02
-3.941011571277546616e-02
-3.758729512993787270e-02
-1.916642524248025892e-02
-8.875635932665514038e-03
-4.065506817707484062e-04
3.904456341029852087e-03
-1.091806376291772497e-04
-1.349291654455733822e-03
-1.203173210620133923e-02
-2.703782059546696107e-02
-4.457087596311711669e-02
-5.098509255700662407e-02
-6.364839233327698742e-02
-6.647624423868743471e-02
-6.440586616726332037e-02
-6.334940564278586372e-02
-5.810182069968106849e-02
-5.984981539253921012e-02
-5.650003981378603352e-02
-5.509567895945657184e-02
-5.520642494014217638e-02
-5.117762961744341116e-02
-5.092296559251971444e-02
-4.671526711279277988e-02
-4.474615196027242198e-02
-4.283399903506273504e-02
-4.015769484507954179e-02
-3.904450890636048527e-02
-3.668578793982132935e-02
-3.599475412606702868e-02
-3.397193725458983599e-02
-3.318770540103890831e-02
-3.346263516022834894e-02
-3.219369244957998033e-02
-4.067640325966934145e-02
-3.945301561200187379e-02
-4.466740600009116297e-02
-5.311916939197730558e-02
-5.120358063427414563e-02
-3.030972619177052171e-02
9.876291495773499227e-03
3.158629269647231230e-02
3.045796907687316896e-02
4.149881151241786859e-02
3.726939235045657883e-02
3.905987995095516752e-02
4.155329644238615200e-02
3.851795768333777376e-02
4.239186989914692921e-02
3.938164849204026097e-02
3.887487979636572444e-02
3.623631587745664018e-02
2.674489630750863378e-02
2.647267880268805440e-02
1.533345641589204181e-02
1.278005717508295079e-02
1.618316437546791012e-02
1.046393643961891773e-02
1.266343987007961629e-02
1.468187001928324999e-02
8.901479726607080395e-03
1.904231582656105981e-02
2.083286871618650338e-02
2.958068450250439909e-04
3.298227266410669496e-03
6.574844224214943314e-03
1.721729060722365688e-03
1.081847569641124912e-02
5.268144887022335569e-03
3.366807906864553376e-03
-3.512243313242895994e-03
-2.724809297609968178e-02
-3.185129083532774186e-02
-5.717557688645043962e-02
-6.735486626758700746e-02
-8.774686923173571906e-02
-1.188987606883309123e-01
-1.268347131125333871e-01
-1.555323336507706267e-01
-1.636383233954593619e-01
-1.701159310765121557e-01
-1.765485659575508348e-01
-1.773313548236855886e-01
-1.824734792586371612e-01
-1.849604771219817978e-01
-1.865342820604828922e-01
-1.918830741094002257e-01
-1.927679368970633411e-01
-1.969848666811399862e-01
-2.018915347818238670e-01
-2.032665201963735901e-01
-2.089439520278778828e-01
-2.100228248783182206e-01
-2.127339791687767323e-01
-2.158623768412597510e-01
-2.145148628109822542e-01
-2.182058769892935290e-01
-2.160097468715796998e-01
-2.146341093119407961e-01
-2.146864995965570289e-01
-1.919013752340421597e-01
-1.885456787306182269e-01
-1.772005167993367658e-01
-1.551999556484149889e-01
-1.474883545216723879e-01
-9.811725731181841770e-02
-8.354900614136762105e-02
-4.596885029196646349e-02
-2.673546708436494446e-02
4.191552839037326894e-03
1.176712381436831496e-02
1.264288703868832013e-02
2.180193984258725279e-02
2.208900191263278578e-02
2.492871706673990828e-02
2.685462116864313978e-02
2.780532835790888377e-02
3.022658710356128722e-02
2.916981530226345209e-02
3.432270580907861857e-02
3.375373236506679780e-02
3.010745727950205411e-02
2.873067026990560810e-02
1.848320525957438537e-02
1.714145806204578001e-02
1.557456208052819535e-02
1.105352287120967003e-02
1.993576157357275155e-02
2.008446916539561450e-02
2.813332956715079367e-02
3.117799764474983581e-02
3.329748043320789053e-02
3.717784530815446131e-02
3.821934833837861006e-02
4.013920864259726273e-02
4.180010979806804416e-02
4.238483768627042403e-02
4.388818378315365726e-02
4.459169496587116199e-02
4.505490967441826838e-02
4.693859305185377889e-02
4.743128915479346425e-02
5.392700695981993836e-02
5.455952123985979840e-02
6.380811888824028388e-02
6.334459232336792089e-02
6.252235964488256359e-02
6.445909750322642573e-02
6.123819312565671052e-02
6.179653260190574871e-02
5.776886636190030344e-02
5.358494104890451637e-02
5.343127708275723087e-02
3.774808458426512359e-02
3.725660024602647780e-02
3.465579780919049446e-02
3.014366273163427909e-02
3.006403848546278582e-02
2.854133489555280359e-02
2.699185676268146816e-02
2.693406608281913306e-02
2.770288111928606578e-02
2.778789586958325952e-02
2.780170547955964841e-02
2.803811506865705808e-02
2.802129583148219374e-02
2.808688360780498341e-02
2.814256230835307168e-02
2.814304325495768644e-02
2.817604339877481309e-02
2.818803584796585743e-02
2.819196151839623715e-02
2.820436030588577628e-02
2.820888526738990834e-02
2.820342887442943078e-02
2.821832722432564278e-02
2.821005874439484404e-02
2.819448685128378429e-02
2.824162552343399343e-02
2.816247036534779216e-02
2.819924284143596541e-02
2.827251877627541543e-02
2.797327604533201423e-02
2.838142169875332993e-02
2.810356822386176137e-02
2.759784459635714407e-02
2.917778542636333128e-02
2.664989683959671091e-02
2.790431472301645871e-02
2.943759891422149250e-02
