8.182563567176688113e-04
1.188055182932950399e-03
1.003802075954783081e-02
1.015350734519524824e-02
1.078639537329611348e-02
1.210713157075560958e-02
1.088267888056807312e-02
1.143747064050913177e-02
1.140458275172108460e-02
1.117752324234739386e-02
1.134158758568072460e-02
1.123679021015980273e-02
1.114971610201058276e-02
1.116594682535628977e-02
1.102204636787183084e-02
1.079347935050017221e-02
1.086052630821442155e-02
1.021660950596060477e-02
9.902809615926209605e-03
9.968201732620408234e-03
7.233205062641292690e-03
7.225171487517208745e-03
6.365092503995088864e-03
5.759489752448042690e-03
5.613098587459566628e-03
5.278837831036464236e-03
5.162981589304760019e-03
4.787192836535568256e-03
5.013915023039913592e-03
4.409203783022567352e-03
3.522841638089837558e-03
1.644192336511263782e-03
-3.151846838218176107e-03
-5.447745266076713111e-03
-1.323334342575123446e-02
-1.451686409714650350e-02
-1.865850453788532246e-02
-1.868665813026888084e-02
-1.316029305672129952e-02
-1.224517151576689708e-02
-1.062479831324671803e-02
-2.280003306851305714e-03
-2.322969056341787821e-03
-7.034712160718698155e-04
1.491683428433714445e-03
1.670121421024673347e-03
2.107787320858583481e-03
3.206844717592730824e-03
3.168050187038019133e-03
1.476295603143435451e-03
1.998343902738821710e-03
-3.421658266702964565e-03
-3.309697437780778108e-03
-5.730635022931343005e-03
-1.453463966576643528e-02
-1.773529882115183059e-02
-1.537306577198830834e-02
-2.002369673765448665e-02
-1.547939796932658318e-02
-2.086254233335967795e-02
-1.345108107829365122e-02
-6.842357542348603827e-04
1.941344132049478352e-03
5.588939948734886892e-04
9.872541572005415558e-04
-7.771819853158317554e-03
-1.852303649630955909e-02
-2.883769280884461786e-02
-3.653973296988295011e-02
-4.437046622537087204e-02
-5.656392082477990080e-02
-6.026347920454812324e-02
-7.092665654426830169e-02
-7.909607897769817264e-02
-8.388975267059645136e-02
-9.805028930534806508e-02
-1.001031253110015451e-01
-1.072561403435561972e-01
-1.092869377541212383e-01
-9.952370158148335366e-02
-1.001802483166461394e-01
-9.357361341458865500e-02
-8.733130533154943864e-02
-8.716463074904930164e-02
-9.114029893296665685e-02
-9.027397561080975630e-02
-9.401743466190026766e-02
-9.553272744863756938e-02
-9.610084095924614767e-02
-9.828710160889103653e-02
-9.048113588657283324e-02
-9.118167739167187813e-02
-8.617422233178767543e-02
-8.325601779271625535e-02
-7.430160359394283320e-02
-6.830478623308630648e-02
-6.304589421122011594e-02
-3.580384092505366211e-02
-3.481634391288401797e-02
-3.123074128964032498e-02
-2.628061283489539074e-02
-3.571088217743850768e-02
-3.567023305453938947e-02
-3.006038646925929259e-02
-2.433213306403097381e-02
-2.332759663315515236e-02
-2.159710833871081315e-02
-1.736480669900235946e-02
-1.747720002190332467e-02
-2.874188660619785007e-02
-4.713327452132692885e-02
-5.163970589878087020e-02
-6.739996172726446522e-02
-7.498171763695211933e-02
-7.619941705930123599e-02
-8.103199417628709211e-02
-7.286610412737934417e-02
-7.308999702071089510e-02
-5.978552826744418236e-02
-3.711316196029731257e-02
-1.724052842584699458e-02
-4.368368840331616001e-03
-4.233806428274195302e-03
-2.671013407344904195e-03
-5.695553359729625328e-03
-8.602861976967177138e-03
-1.534318386281253999e-02
-1.460918277994524041e-02
-9.786444330147600276e-03
-1.097928397296868766e-02
1.549443092705159262e-03
4.413304329586624324e-03
1.390833724923335292e-03
4.971937120294743842e-03
5.101324506301449513e-03
-8.609299937684642984e-04
2.097729476691302317e-03
-2.788960785511281504e-03
-2.223084441130327576e-02
-2.981303484703477780e-02
-5.004494441991386849e-02
-5.544228250564502136e-02
-6.737284733555848337e-02
-6.940588577438808193e-02
-7.234807329347495153e-02
-6.878931165119313296e-02
-5.555604701375252419e-02
-4.722550184877298551e-02
-5.338963494196800191e-02
-5.076321099334115544e-02
-6.343772668076447241e-02
-7.237978725372379296e-02
-8.157354924987142430e-02
-9.958581990575601783e-02
-1.070090248408928496e-01
-1.060019380659079635e-01
-1.107566578240298527e-01
-1.096066245103445164e-01
-1.069673503740201925e-01
-1.006685630650792640e-01
-9.406696969274358500e-02
-9.518854143697283443e-02
-8.912997549723386537e-02
-9.152974379347850187e-02
-9.228734378821783213e-02
-8.787869178971455253e-02
-9.213226882512516591e-02
-8.701784456779794452e-02
-9.440286284499116443e-02
-1.009102073871684380e-01
-1.084992513219999039e-01
-1.096870585472558002e-01
-1.104292974448151388e-01
-1.064707149454350438e-01
-1.004996376453762968e-01
-9.690588565357927120e-02
-8.769215251735286432e-02
-8.569857571302688659e-02
-8.487302992848089200e-02
-7.443380090397486160e-02
-6.544795157635055483e-02
-2.609833893826125212e-02
-2.119437229130672479e-02
6.286377590150410422e-03
9.524570602686844439e-03
3.858112369760257482e-03
1.334765490325891951e-02
9.853373619826990421e-03
4.710176267787355604e-03
2.585073282593586350e-03
-1.910244766535586485e-03
-5.314774910635620270e-03
-7.020051049807194202e-03
-8.607294608899244970e-03
-7.719433249680080801e-03
-1.265049028558106435e-02
-9.674690928493665312e-03
-1.384840766543270554e-02
-3.042902768593240548e-02
-3.582953325693531005e-02
-5.496165121719934904e-02
-6.490898964935912230e-02
-6.766750326971347762e-02
-7.637886186812864464e-02
-7.196346786961667352e-02
-6.576903302227418702e-02
-6.078433245327912599e-02
-5.972313469410438225e-02
-5.865880267219995142e-02
-6.272405125835281425e-02
-7.204750507060517228e-02
-7.977870305387121941e-02
-9.216739405320137357e-02
-8.806349168668844984e-02
-9.273727065164065475e-02
-8.711634027652598311e-02
-8.290070416678603504e-02
-8.066866765896280045e-02
-5.942073891716842526e-02
-1.491908903103136494e-02
-8.126693161045882297e-03
8.165836140622793893e-04
1.016660515638075600e-02
5.256219411855472812e-03
4.913004613563382722e-03
5.140134860091820010e-03
2.935768932564767654e-03
3.296851755653605175e-03
2.293879071714083860e-03
1.314769884849395498e-03
1.454822795483047635e-03
-1.429033663298476600e-03
-4.966931214591461738e-03
-7.768004932363428011e-03
-1.459341276944637125e-02
-1.520897753860084300e-02
-9.526703309404405823e-03
-1.204575876248425124e-02
-8.232296599649588723e-03
-9.363037624328600372e-03
-1.247155867478964841e-02
-1.017074709391348197e-02
-1.457128103514910948e-02
-1.454032144454020861e-02
-1.045651597294851992e-02
-1.043567633930062542e-02
-8.649673555391522786e-03
-1.169695961918045153e-02
-3.487391868313227672e-02
-4.261325453448683992e-02
-5.237235829228355927e-02
-6.811725224104858700e-02
-7.010464570795078842e-02
-7.693435724436128997e-02
-7.734555844203067076e-02
-6.804427399262938381e-02
-7.339906178032158668e-02
-5.753608485962354024e-02
-4.610403809249871004e-02
-4.374714179951653265e-02
-4.235079968702567914e-03
-4.299526618929754365e-03
-5.107013575381528538e-03
-3.465817546137882257e-03
-1.054994069086003308e-02
-7.861286123778149504e-03
-2.201183750635029440e-02
-2.706788055205353385e-02
-3.143968944472862181e-02
-4.936941495385455819e-02
-4.851018528104324851e-02
-3.180686156173133383e-02
-2.172838212361113269e-02
-1.428469068630388271e-02
-9.472492225844130614e-03
-1.224467453728339886e-02
-1.186161859426048716e-02
-1.974026025101980122e-02
-3.221774309202297959e-02
-4.588280011243835166e-02
-5.019787156538189909e-02
-6.040923952330350816e-02
-6.171379729932077035e-02
-5.902528616881830281e-02
-5.732880577284865664e-02
-5.250674734221780215e-02
-5.395292745413236835e-02
-5.106137059643311993e-02
-5.018332216939822010e-02
-5.046593524292285193e-02
-4.738777764443090346e-02
-4.746980435713755303e-02
-4.390445868283330416e-02
-4.260296404707424045e-02
-4.112877284316525384e-02
-3.908891274339272581e-02
-3.843507573908671454e-02
-3.658109172581730517e-02
-3.625673898534612083e-02
-3.472119421430501507e-02
-3.424487156721057329e-02
-3.488670112349701730e-02
-3.434320577877711389e-02
-4.282168860874671634e-02
-4.290425588771823451e-02
-4.896751584551299608e-02
-5.838915884663267719e-02
-5.974432217230982167e-02
-4.589416236575929314e-02
-1.224361481009896523e-02
1.395776824122922297e-03
-1.507928474219924139e-03
1.199731737120072333e-03
-3.100437947232409855e-03
-3.019516697090756513e-03
-3.023008741178254827e-03
-4.494162563564409879e-03
-1.878312858891815346e-03
-3.488794778995759314e-03
-1.882462002960696035e-03
-3.264698162821945068e-03
-9.320103311315889455e-03
-8.448957385200558945e-03
-1.483199189788156173e-02
-1.582112842660097010e-02
-8.957751959708543446e-03
-1.270462514554539062e-02
-9.648854717646173501e-03
-6.717511798074079707e-03
-1.130116224840789496e-02
-1.894855104805841066e-04
1.043047871318857631e-03
-1.799523216792971170e-02
-1.523758537228613388e-02
-1.352193122611733238e-02
-1.595930341549119807e-02
-8.046036617617598891e-03
-9.181118713970768189e-03
-9.233742330875044022e-03
-1.120065289617520887e-02
-2.430728337520712129e-02
-2.409667346327294679e-02
-3.593166437717593836e-02
-3.774389254038604258e-02
-4.680700620243949395e-02
-6.598697318791893474e-02
-6.857800124804667996e-02
-8.374505892714045885e-02
-8.657149913031164656e-02
-8.822700641674066646e-02
-8.915460936382747781e-02
-8.740097108190217345e-02
-8.820386015968231797e-02
-8.725262871516867302e-02
-8.613273864669403201e-02
-8.759978832444270669e-02
-8.562990916500136385e-02
-8.712225901664202854e-02
-8.922465394616745094e-02
-8.955835328292521824e-02
-9.278284018284198298e-02
-9.325555844401950401e-02
-9.485927558407872273e-02
-9.695724371920436124e-02
-9.636465010924641361e-02
-9.897303220415912262e-02
-9.838307897136963631e-02
-9.800613097898266957e-02
-9.903009270160939570e-02
-8.495209217711673089e-02
-8.387998914496674896e-02
-7.968952782042645899e-02
-6.770708067657102425e-02
-6.579472085127822945e-02
-4.621217503744155797e-02
-3.895490193403854107e-02
-2.319910233359783261e-02
-1.562566060077558508e-02
4.696816918960191288e-03
6.485594035980132843e-03
5.006885044262537193e-03
9.837440758646634476e-03
8.897187220277805522e-03
1.011549730614256029e-02
1.062410859217285952e-02
1.127335558270903607e-02
1.254127124553073604e-02
1.126726521587713588e-02
1.663337607293616932e-02
1.433324293441545078e-02
1.209194504683067800e-02
1.047029080210227538e-02
-4.853606899918473834e-03
-5.669847901837466245e-03
-9.563869792306077533e-03
-1.503111541615009469e-02
-8.361834190363121380e-03
-9.412508232143469364e-03
-3.603962287550986545e-03
-2.008176711816288176e-03
-1.059255297930831530e-03
1.153274364337679523e-03
1.488332307473733303e-03
2.367470096354990818e-03
3.142442104147791151e-03
3.451090831285720355e-03
4.084915583157704144e-03
4.684756141431612071e-03
5.134492977716827687e-03
6.236017521718784443e-03
8.068805830008437055e-03
1.396318921072078369e-02
1.478471075604233242e-02
2.603676058506469715e-02
2.560640906705771366e-02
2.575994255844038863e-02
2.813951325811636303e-02
2.625167397583916262e-02
2.718010842085298584e-02
2.487755700441347112e-02
2.267792713585592076e-02
2.276423883865619224e-02
1.175194159345444890e-02
1.157057368552774287e-02
1.031482655214850143e-02
7.666592769793630600e-03
7.735421097530967814e-03
7.377417458334736312e-03
6.648384223089906161e-03
6.725069064793461580e-03
8.961837078045315277e-03
9.106808717405909942e-03
9.450744090935254624e-03
1.000743901920979513e-02
1.001765519035377645e-02
1.023100669880473365e-02
1.034422740745947686e-02
1.037294908866178908e-02
1.045003232561035438e-02
1.047276517326834779e-02
1.049277524782779754e-02
1.051467792428414927e-02
1.052122832337646328e-02
1.052811120319445924e-02
1.053510766089346858e-02
1.053508054078312189e-02
1.053284592503679964e-02
1.054171684857458519e-02
1.052288984259166366e-02
1.052493968318189352e-02
1.053799176842581779e-02
1.045491371891832735e-02
1.053574485133256487e-02
1.045965572355643004e-02
1.026786220940091240e-02
1.066972893467777253e-02
9.924187612706742226e-03
1.005444897402449009e-02
1.055495329363447671e-02
