-2.917501807528198685e-03
-3.711243030515324996e-03
-2.127569919699114076e-02
-2.682315034762842304e-02
-2.205911797375636682e-02
-1.811709417792322849e-02
-1.215658742145990338e-02
-1.174382792320898677e-02
-1.135480232222070562e-02
-1.118689476243073418e-02
-1.120857276443146602e-02
-1.120845166953222949e-02
-1.120842907296730993e-02
-1.120843835645781751e-02
-1.120843778856373159e-02
-1.120843778860210714e-02
-1.120843778887092683e-02
-1.120843778883286179e-02
-1.120843778883418539e-02
-1.120843778883312547e-02
-1.120843778883400324e-02
-1.120843778883167004e-02
-1.120843778883590797e-02
-1.120843778881469403e-02
-1.120843778887918758e-02
-1.120843781930181554e-02
-1.120843724893686409e-02
-1.120844005892405841e-02
-1.120843597103064922e-02
-1.120727495324957274e-02
-1.121906812091020590e-02
-1.120207459113332048e-02
-1.132694577135374275e-02
-1.181089769930014459e-02
-1.143825907779494680e-02
-1.514979085848972007e-02
-1.488486798884244497e-02
-1.567352191841009726e-02
-1.581139232646418952e-02
-1.550733855462424482e-02
-1.534751018060480712e-02
-1.530620420086929202e-02
-1.549915654514440015e-02
-1.631472028136706984e-02
-1.678089262265433645e-02
-1.888038684618506893e-02
-2.674899737246442047e-02
-2.127695482320341933e-02
-2.250671366049007346e-02
-2.105922845905260077e-02
-4.697297261663412743e-02
-3.804607200482161555e-02
7.898833798392964223e-04
1.067556303283711747e-02
-8.639323304816301508e-03
-4.879568408564610021e-02
-5.562043989031781321e-02
-4.718676675457985498e-02
-4.919279841530128927e-02
-2.336574492973667733e-02
-2.718888732643172379e-02
-6.934011631618162974e-02
-1.172517797111894411e-01
-1.199031671441901786e-01
-9.407923592592903894e-02
-8.000647391476990722e-02
-6.668013698028718572e-02
-5.948314970101452326e-02
-5.831693840075605206e-02
-5.031525715908107682e-02
-4.662710837793837548e-02
-5.874563192989046972e-02
-6.119935724361364598e-02
-7.402138546070149983e-02
-7.520350710708272046e-02
-7.698567105027938340e-02
-7.852958277056575065e-02
-7.920618075451954510e-02
-8.964891499187484236e-02
-8.975815394786867962e-02
-1.092358184881501992e-01
-9.459294878641705262e-02
-6.315486766559268161e-02
-4.764213628919797272e-02
-3.678205532533895122e-02
-1.618082629010156315e-02
-7.552919561757150298e-03
-1.023055918254681985e-02
-3.595776589161646733e-03
-1.001206706086139181e-02
-2.070630065481205567e-02
-1.991982529614764671e-02
-4.660939446960102317e-02
-3.810042838918031860e-02
1.652207685082258438e-03
1.258048510775314557e-02
-4.708096785368620987e-03
-2.495312519646042740e-02
-3.607517858223442675e-02
-3.052566832010992354e-02
-1.908707724594576813e-02
-5.001658524625694768e-02
-8.876071042812910816e-02
-6.851635930738743385e-02
-4.109298049666960245e-02
-6.998959446885855140e-02
-6.819696199861477459e-02
-5.584773485566432716e-02
-7.357330447453011568e-02
-6.285900638234626081e-02
-4.999875818156451074e-02
-4.378873203972812045e-02
-3.348628970512299713e-02
-3.104627671802507802e-02
-2.967339793431041442e-02
-2.853746911294668953e-02
-2.686353193293489205e-02
-9.983753397603963367e-03
-3.992295151653696417e-02
-5.581841861350865519e-02
-6.475765585715498318e-02
-5.393672692437496280e-02
-7.180604212962218846e-02
-7.932889578718849144e-02
-1.000940290037830582e-01
-2.032742542970409835e-02
1.418487342666002217e-02
-1.551704716656493455e-02
-3.665765253854753880e-02
-1.254324885460773344e-02
-3.161445906171982817e-02
-4.422535380644130459e-02
-4.722772321969370690e-02
-7.190067667217137082e-02
-6.061694650802083167e-02
-1.474118800110924953e-03
9.675906256005752798e-03
-1.090555328272661655e-02
-1.093431104334151652e-02
-1.702417591178917097e-02
-1.671070166777309865e-02
-1.636894354726090364e-02
-1.121523430229868362e-02
-1.237194305103075757e-02
-3.141755232763623895e-02
-3.173561601373359187e-02
-2.847945892246681737e-02
-1.191015259154726107e-02
-1.217502437517302590e-02
-2.007666299455928768e-02
-2.059199687421504540e-02
-1.663889556828907976e-02
-1.467049365248984487e-02
-3.820368684020933846e-03
-4.193617211065829055e-03
1.573566572612131176e-02
-5.590986749932403549e-03
-5.722473200810107574e-02
-4.690127299252003917e-02
-5.641560365072674499e-02
-5.160620230759483534e-02
-3.110518687827286757e-02
-2.180480596392590439e-02
-8.484889286250246396e-04
7.409568209375992295e-04
-4.173243417058433886e-03
-9.276234581519342617e-03
-2.248242428788083461e-02
-1.775132170311485846e-02
-1.691214858742810800e-02
-1.987495696965564662e-02
-1.543668230525167308e-02
-1.914801119404391239e-02
-5.865053879406461473e-02
-7.436798513190516491e-02
-8.914058320131720836e-02
-1.073959183630634334e-01
-1.473819375331965609e-01
-1.343042303648539493e-01
-1.157341516867731734e-01
-1.048415562145519481e-01
-2.617130791286655794e-02
-1.901147932465654250e-02
-4.434149439913931401e-02
-4.339391430991507842e-02
-7.987112560306589004e-02
-8.202446416372756455e-02
-7.233193702271313585e-02
-7.161758794865603905e-02
-5.278397130948819099e-02
-4.699560588645675108e-02
-4.499250563065338576e-02
-4.525893591473464234e-02
-3.194043842783591408e-02
-3.698997171228415176e-02
-5.244187769519858405e-02
-6.101076954646818262e-02
-5.885277505031348555e-02
-6.179783887713837659e-02
-5.975905049577281275e-02
-5.884326758056666190e-02
-5.316176390898158521e-02
-5.159520582059245325e-02
-4.943189944201984570e-02
-6.194478848037864027e-02
-6.102628576367156998e-02
-6.380041631789112877e-02
-6.619220476226506111e-02
-6.709809078283900108e-02
-6.905917986570610234e-02
-7.436733369335053745e-02
-7.976716167277561609e-02
-8.234162322792724920e-02
-8.396005895622349335e-02
-6.479404793520891770e-02
-6.816119249367726118e-02
-6.328167504737748639e-02
-3.933036006219429309e-02
-3.708964110943818726e-02
-4.224532142381440952e-02
-4.583459028655632872e-02
-3.699964133275118749e-02
-3.612916639017435538e-02
-1.411313443390392261e-02
-6.801359918402053936e-03
-1.740415599216152539e-04
-4.603886702084006993e-03
-2.242306238511425007e-02
-3.335771713313760711e-02
-3.527686317864339727e-02
-2.839180194025153758e-02
-1.901035193195136242e-03
-2.231896276907176203e-04
-1.482719250891096924e-03
-3.521704641119941491e-03
-1.776695389752364768e-02
-1.734680803039303013e-02
-3.430164317760735215e-02
-3.793892769164401019e-02
-7.700384128877330904e-03
-3.638279947702611605e-03
-2.556506641391692244e-02
-4.530531047430987751e-02
-1.290579555034568060e-01
-1.362268402007909829e-01
-6.689707168737968335e-02
-6.507756712898642160e-02
-7.686169188913218042e-02
-3.396192919862816434e-02
-2.026571397997770085e-02
-3.892601263309327514e-02
6.930351613449820848e-03
2.470295188004068433e-03
-7.112586038647238096e-02
-1.375118730761220043e-01
-1.542910340327117713e-01
-1.459801957527277483e-01
-1.272090168132727905e-01
-1.091919735829874200e-01
-1.050384656401517069e-01
-1.011553305562243876e-01
-1.091560502409873595e-01
-1.011719349468322982e-01
-1.239635234159904148e-01
-1.033313644743863308e-01
-4.311533952624105326e-02
-1.129591568051352760e-02
-4.140783013077260072e-02
-4.958362260484393269e-02
-7.050483924326404750e-02
-8.291487142367279239e-02
-8.836258347400667568e-02
-1.110846098586184688e-01
-1.089081336907760933e-01
-9.590554617386781722e-02
-9.041580293672023261e-02
-8.103166803387618078e-02
-2.198251897481576927e-02
-2.344877467828099943e-02
-3.929649508787116940e-03
7.556366298225181653e-03
-9.822370995019454390e-03
-2.799500887055343321e-02
-4.941334804611119402e-02
-7.213588885941940587e-02
-1.108762600080823169e-01
-1.119867679942990052e-01
-1.149324406335406751e-01
-1.138332699060552178e-01
-7.974158347582400996e-02
-5.920834663768251294e-02
-6.592789554969548382e-02
-6.271539148332530567e-02
-5.844604016076485054e-02
-5.881858401047502377e-02
-4.911086134142256254e-02
-4.822323722702698962e-02
-4.771217561240207600e-02
-4.512701309762311846e-02
-4.111748414225634141e-02
-3.293503059372448333e-02
-2.251693518391066975e-03
7.991004033824451389e-03
2.998993036476204840e-02
2.060176321493095708e-02
-1.195882486566244955e-02
-1.915004219604425975e-02
-5.795379509519106576e-02
-7.000595802268680390e-02
-4.387646399269921893e-02
-5.996749816171095121e-02
-5.450250321699005168e-02
-1.443633600674008866e-02
-9.155284022309601727e-03
-5.953584996492567762e-03
-4.699050165822320040e-03
-1.164220232865465724e-03
-5.904435732753872558e-05
-6.753500553820156356e-03
-8.344946743418894808e-03
-1.110453379875373826e-02
-1.092810496770173397e-02
-1.051823380751759629e-02
-1.325691425603838826e-02
-6.997366890454786818e-03
-1.678688839484016038e-02
-6.231877026380665263e-02
-7.814127742148040123e-02
-6.850879598940695647e-02
-7.646745944746274198e-03
3.589841422405244762e-03
6.764179436816505214e-03
1.885620689490648608e-02
2.582117525483364553e-02
3.772392363555604478e-02
3.378584708550041310e-02
1.764714641032589376e-02
1.799833398509332813e-02
1.742171502913183664e-02
1.627271571090442570e-02
1.650901883585118371e-02
1.359286412865940742e-02
-1.199177160803121742e-02
-1.229643853802279627e-02
-6.633203555103813452e-03
-7.506439025108011323e-03
-7.172434252563836266e-03
-7.013303068761050051e-03
-7.427982123508625710e-03
-7.216205366963861050e-03
-8.802199069258909506e-03
-8.614708575936923587e-03
-9.046924204892826255e-03
-9.089517336160585562e-03
-9.091067641987891218e-03
-9.092749628069768733e-03
-9.177851595199008894e-03
-9.295102727104260013e-03
-9.222331142599102943e-03
-1.187903375286300175e-02
-1.214296922956104377e-02
-1.038219975797073820e-02
-9.043759786321617367e-03
-6.503878061825416577e-03
-6.170920770615312759e-03
-2.558519904978408602e-03
-3.294893052391019168e-03
-3.879203871779830955e-03
-3.778402900541164358e-03
-3.847814488419825166e-03
-3.869655609805883797e-03
-3.866601523241523352e-03
-3.866625497495250127e-03
-3.866627777997251342e-03
-3.866626499781867978e-03
-3.866626583236255910e-03
-3.866626583187550512e-03
-3.866626583152132663e-03
-3.866626583157909292e-03
-3.866626583158251466e-03
-3.866626583157227980e-03
-3.866626583157543699e-03
-3.866626583158085367e-03
-3.866626583148376553e-03
-3.866626580291025912e-03
-3.866626594137664592e-03
-3.866626650248216560e-03
-3.866630731026424964e-03
-3.866714335735159987e-03
-3.867076929599422720e-03
-3.869260509242683412e-03
-3.739963240565729458e-03
-3.703834388418352202e-03
-3.414402452276572505e-03
9.176470986434215067e-05
-2.362955192456318431e-04
