4.455252494481403702e-01
4.570225614123012425e-01
5.774193241126760467e-01
5.660522535723753190e-01
7.818893971509108809e-01
7.810407562602416087e-01
7.883054486508866976e-01
7.903021522949726929e-01
7.900683328709817710e-01
7.901587205557922822e-01
7.901650992116733274e-01
7.901610511628816003e-01
7.901620039476798807e-01
7.901618547111624036e-01
7.901618496061277863e-01
7.901618537452881341e-01
7.901618528192317914e-01
7.901618529237180999e-01
7.901618529239597954e-01
7.901618529225089560e-01
7.901618529233203070e-01
7.901618529054443840e-01
7.901618530589982203e-01
7.901618526803453335e-01
7.901618473898447403e-01
7.901618965589018995e-01
7.901617205041904235e-01
7.901613944253191857e-01
7.901699302011377934e-01
7.901406579136029951e-01
7.901555747619944947e-01
7.905928134442187227e-01
7.876734146709811757e-01
7.921866669345788425e-01
7.883327036203766625e-01
4.813687918359811357e-01
4.782337562692901556e-01
4.865145766595638799e-01
4.861164070623620326e-01
4.652213512209775192e-01
4.575032506053228754e-01
6.457970291634431703e-01
6.558413749521504466e-01
6.708452756375566928e-01
6.396864177249362848e-01
6.209251712609089591e-01
4.385109840239402867e-01
4.093316210635975505e-01
4.578826525122882685e-01
8.326509708129183895e-01
8.473242017518908265e-01
8.515303279875829912e-01
9.486210505890664280e-01
9.382888231955284208e-01
2.539785163400567480e+00
2.499005934052637823e+00
2.548425591124287681e+00
2.594207201971504340e+00
2.588238259325099655e+00
2.647713943307595130e+00
2.692624089842263757e+00
2.892186514376722251e+00
2.846101695423462807e+00
2.709159917735087131e+00
2.653916401118380897e+00
6.012332749277372601e-01
6.703234092172388747e-01
3.212649152822598886e+00
3.184098523266536418e+00
3.415966526182390606e+00
6.083680655673734172e+00
6.310235226625507288e+00
5.759432987078392685e+00
5.953409890092936863e+00
6.190387478347902928e+00
4.774966067920970225e+00
4.844453845593334584e+00
4.272601491882951130e+00
3.230090612867018596e+00
2.663342580865129428e+00
2.124375778183839270e+00
2.022282662203283010e+00
2.395531871272345459e+00
1.610047206558389954e+00
1.233145643516333934e+00
4.595197895975718927e-01
9.774836489168098330e-02
5.377779919330296643e-01
5.448749941490794724e-01
6.399355877499831591e-01
1.104900098512638706e+00
1.164765956458718499e+00
1.190535038618619534e+00
9.369194027615378451e-01
1.191442270617603327e+00
1.547904555269635996e+00
1.908799390814974295e+00
1.431369069983200681e+00
1.405539798952774921e+00
1.234305853534919617e+00
1.536289077864292363e+00
8.759502534715288835e-01
8.877874598050385924e-01
7.607407850930829607e-01
7.535358716585467409e-01
3.657255330847233310e-01
4.187094807039278832e-01
3.910510802846364209e-01
4.220923590692503558e-01
5.357862996722362325e-01
6.625190127544171581e-01
2.089266446758432316e+00
2.545883069519176978e+00
2.439207156221547379e+00
2.591182919557965203e+00
2.986054794297618109e+00
3.145544903059445119e+00
2.486236165774179607e+00
1.552485464787724867e+00
6.542306352286217930e-01
4.392724483923536871e-01
5.288391626017586722e-01
4.752588337199453172e-01
4.294305366172707639e-01
3.360642245919076565e-01
3.998831674749134812e-01
3.552453905347525698e-01
3.469119099124005068e-01
4.395365728711260189e-01
9.138416562534606991e-01
9.511422037482675229e-01
1.040915174983337632e+00
1.080567790360013491e+00
3.032536567838806096e+00
2.970821573728411380e+00
2.921611621003789239e+00
2.952459707326080540e+00
2.952348548359188474e+00
2.911512752650733393e+00
2.912566138560387596e+00
2.879042721301861896e+00
4.752014837827303051e-01
4.723913564665181419e-01
6.052709595617331573e-01
5.302118783410578740e-01
4.464676562035361229e-01
1.458535465694308142e+00
4.344934189135634561e+00
5.562919629703412028e+00
5.639680343957224729e+00
4.158306516649345141e+00
3.996043817152729272e+00
4.447401730648947726e+00
4.849999524376287674e+00
6.394139867813622757e+00
6.079423986772548361e+00
5.948495514261137984e+00
6.450693149543994309e+00
7.272925446844675790e+00
7.040154425794284521e+00
6.402330787757733788e+00
6.365090462242855907e+00
5.362785807120671322e+00
5.416655528277042997e+00
5.036115828207044842e+00
4.698020223333223555e+00
2.421608934710581806e+00
2.329687578040580131e+00
3.085234928218147932e+00
2.872229013023355648e+00
2.256895740116291904e+00
1.989836746952338142e+00
2.247189602845821366e+00
2.153384975200673956e+00
3.367396727197468742e+00
3.412373901928117181e+00
2.874348561796914225e+00
2.724791215145160983e+00
1.490924974081745846e+00
1.721716263464191821e+00
1.209915078936950605e+00
7.696433082594283936e-01
9.473578317173265706e-01
1.732945489995932897e+00
2.120487717182534038e+00
1.928232723305433050e+00
1.951578344361151851e+00
1.457695275612959085e+00
1.875184500379568853e+00
1.140631640125282953e+00
1.089647618998732748e+00
2.535104600804416020e+00
3.189270112785596023e+00
2.536567791479551914e+00
3.003165265063170608e+00
5.601014749348929733e+00
6.583007588913772246e+00
5.342449691867806827e+00
2.262944600219445768e+00
1.683795470351130419e+00
1.287000635634027113e+00
1.244388345459655154e+00
1.538435359265809987e+00
4.043024833695642029e-01
3.644740217394477622e-01
4.179103610573103866e-01
3.791682515933691433e-01
5.029827093457832632e-01
1.291445415851137923e+00
2.224253044278800662e+00
2.279322849612692270e+00
3.380252816571873264e+00
3.451313930008943931e+00
3.141515155974811346e+00
2.765682265413795804e+00
2.659365735570897282e+00
1.067377973040994021e+00
2.826190916747196025e-01
3.485651315004149042e-01
4.349611715369335330e-01
3.625195764063277037e-01
2.983143577313190908e-01
3.415607876765390793e-01
4.829915861810432087e-01
4.066000064502713340e-01
3.860786861996383657e-01
4.275911642857217476e-01
4.665961897978883055e-01
5.439002781492832117e-01
8.371591516970081637e-01
8.394740344429969525e-01
8.483803798065576718e-01
8.704945113863793438e-01
2.315771737626041382e+00
2.283772409583768148e+00
2.214452996209970603e+00
4.621858765538063851e-01
4.647517670294089021e-01
5.823332455379105488e-01
5.311834091823327553e-01
3.533641535006349366e-01
4.707463141579228960e-01
2.765171063406710594e+00
3.378954424625189024e+00
3.090061082750549915e+00
2.651870835560155903e+00
2.388418752874824413e+00
2.620328508024479586e+00
2.037431125913063745e+00
1.112903185141227214e+00
9.676803610278178480e-01
5.406449875659491422e-01
4.872894915178052622e-01
4.975767686130683209e-01
4.263718642158650929e-01
3.532632108733714249e-01
3.875155974415112614e-01
3.895926176734582080e-01
3.455771858558991383e-01
3.906218650318767915e-01
5.230058822035530408e-01
8.479722979004706840e-01
8.902081869805975600e-01
7.441775267186701015e-01
6.798766125156351370e-01
6.190636571717433867e-01
2.024298325095548634e+00
2.220448762863030723e+00
1.097656527608675603e+00
3.413180629079952677e+00
3.283449058793002973e+00
3.234513075022433792e+00
3.322647257953069033e+00
3.303766646424894038e+00
3.271506435355449494e+00
3.240077394733062999e+00
3.269338355141218067e+00
2.233099416472036580e+00
2.222444708081788178e+00
2.137907837520550913e+00
2.160371964055737504e+00
1.143835168854207218e+00
1.045940552947876023e+00
3.682302277182050165e-01
7.908408299207143610e-01
1.245462450858304981e+00
3.342009877881849000e+00
3.170670993090622947e+00
2.709201001677021381e+00
2.697786593606174677e+00
2.921217478573800097e+00
2.959438411477106179e+00
1.731914802160680056e+00
1.521490094827443018e+00
1.186209669961940882e+00
1.133509190673281930e+00
3.690557682999086042e-01
6.240504810184874795e-01
1.982361699279350464e+00
2.562929199101858568e+00
2.498381732007365574e+00
3.197776314949966281e+00
2.886487340886548569e+00
2.424811713744619457e+00
2.622950786973720305e+00
3.769519761311022954e+00
3.815065991062867479e+00
1.816963000639744363e+00
8.853672567341139832e-01
1.029091884648406285e+00
4.652827442570688365e-01
4.415250664050194285e-01
5.450210006579434552e-01
5.137480750042713318e-01
5.024952800253157381e-01
5.069152823380177475e-01
5.588681088390468066e-01
4.849400426304468770e-01
2.070313473195267706e-01
2.711528040259122974e-01
6.207343751500147278e-01
6.722561356308793812e-01
6.145216523974184053e-01
6.012185151266477012e-01
8.677299532231942392e-01
8.386585328219112734e-01
6.712371074934353476e-01
6.785130264696846991e-01
1.550807566855784803e+00
1.789051378947569715e+00
3.270370112775042415e+00
3.518427727976142894e+00
3.489611059666239967e+00
3.612506340656519654e+00
2.510139433379431129e+00
2.007990304185642394e+00
2.010349493706999002e+00
1.901014377478549733e+00
1.637420101798355176e+00
8.628526219648279261e-01
8.630611156614558244e-01
6.902594041771881184e-01
7.024645096427958313e-01
6.325972041963565662e-01
6.526223049222639183e-01
5.132787150565916168e-01
5.048139467521347568e-01
4.326412230478152710e-01
4.079777431424763678e-01
4.576856019644248708e-01
7.361181558988013629e-01
6.326039834951435736e-01
5.684719721157895922e-01
7.097192617779681800e-01
9.007137339757737005e-01
2.310174203559137496e+00
2.488962888192515877e+00
3.000393033449328062e+00
3.178931687711456178e+00
2.528994332585474236e+00
2.447319318140598998e+00
1.397032867950967372e+00
2.165481840888932030e+00
9.608134816481063156e-01
1.489509062582253573e+00
1.996626192502683583e+00
2.450710504496640851e+00
2.194403544691980734e+00
1.688017501085836036e+00
1.536090805110986501e+00
1.713996115401034359e+00
2.455973179782898086e+00
4.277538480401123167e+00
4.875047921858775446e+00
2.702146271333860206e+00
2.601753499062140040e+00
3.157984536797517450e+00
3.030756919389980819e+00
4.415452749011828715e+00
4.044020414066354263e+00
4.371939924115174847e+00
4.410915301604205752e+00
4.383432812986189475e+00
4.516061519247841716e+00
4.568139015824914217e+00
4.522184050647926057e+00
4.518270451189130732e+00
4.806919265121849527e+00
5.156655957301023108e+00
5.586106730484716287e+00
5.345450390876679947e+00
4.815409561751233802e+00
4.852034052702454581e+00
4.964690163032415171e+00
4.942122361019373855e+00
4.788492334622592494e+00
4.749603360010450359e+00
5.168335536678633879e+00
5.318766109622530713e+00
4.124330769394887852e+00
3.842566990815853512e+00
3.497214938564241038e+00
3.597674832082701002e+00
3.611954404011356701e+00
3.194241822901863870e+00
2.967627402188792285e+00
1.964417254583066708e+00
2.139993195788044922e+00
2.433868187987723086e+00
2.273606577016634933e+00
2.262481803768302768e+00
2.159519270908525801e+00
2.039116632148487707e+00
1.917742020773376854e+00
7.960165254799544954e-01
8.134942258740782695e-01
1.030619761875392948e+00
5.228078600820227351e-01
3.596746353280664277e-01
5.559323551823098786e-01
1.200652869609047491e+00
1.279459076572948772e+00
1.282834755025108464e+00
1.288318862363059480e+00
1.300599632464592759e+00
1.369941146999222870e+00
1.410560480348859169e+00
2.496872571101056426e+00
2.467930764060559223e+00
2.401526961523769987e+00
2.426488493882245745e+00
2.427850482713412195e+00
2.397595854243605107e+00
2.464674645963388144e+00
2.489300744687281242e+00
1.187840173907778185e+00
1.147949357695543515e+00
1.079053387053841462e+00
1.051883814727640143e+00
1.056798937270601035e+00
1.054739330164192967e+00
1.054678582008301779e+00
1.054937646686163966e+00
1.054885551712328118e+00
1.054896435454400594e+00
1.054897524277342402e+00
1.054896631144289332e+00
1.054896717782537241e+00
1.054898035020897629e+00
1.054890131478410709e+00
1.054899025600126050e+00
1.054924122347087101e+00
1.054757985650990326e+00
1.055485161610172362e+00
1.055834131666267162e+00
1.056281382338405184e+00
1.088502436929393413e+00
1.078581812033550857e+00
1.118595512322686281e+00
1.102889812633690569e+00
1.121515975646168783e+00
1.120877442679369063e+00
1.120628965473579486e+00
1.071353036562763039e+00
1.060589735977293557e+00
1.038087376620530078e+00
1.061467433656721138e+00
1.084889757680713718e+00
1.078322099851243721e+00
1.047723414414729826e+00
1.032418253447189516e+00
5.587632602736696263e-01
5.726453550262098346e-01
6.065399533432813683e-01
6.037363064925044265e-01
6.049361966271807889e-01
5.954743073631980632e-01
5.941864159631380371e-01
7.138450091612765780e-01
7.185398613637459242e-01
7.215629243055649011e-01
7.226190801265780506e-01
7.225405640185587064e-01
7.225709716078623224e-01
7.225756271702021838e-01
7.225738805745621773e-01
7.225741363763615865e-01
7.225741070385631737e-01
7.225741025107136339e-01
7.225741037500721387e-01
7.225741035611180640e-01
7.225741035784558619e-01
7.225741035792339062e-01
7.225741035788755262e-01
7.225741035787919264e-01
7.225741035787410782e-01
7.225741035941650736e-01
7.225741034354113967e-01
7.225741039521915710e-01
7.225741080718636189e-01
7.225740635625494956e-01
7.225742712929181799e-01
7.225744368310399457e-01
7.225666997572806061e-01
7.225935529503881849e-01
7.225497085168883782e-01
7.220476493880070290e-01
7.244027715192702388e-01
7.152858780443722697e-01
7.065572149311871719e-01
9.896875345738225249e-01
1.002131066501890544e+00
