-1.681750735170301977e-02
-1.774013898501366690e-02
-3.199035502868884800e-02
-3.971638895483751985e-02
-3.351799740197487776e-02
-2.652777510027255065e-02
-2.028495567908402894e-02
-2.027676778647253750e-02
-2.026785907533704828e-02
-2.026416588203457797e-02
-2.026466187081314707e-02
-2.026465838838393749e-02
-2.026465778973102205e-02
-2.026465805680504120e-02
-2.026465803997543058e-02
-2.026465803997422321e-02
-2.026465803997332116e-02
-2.026465803997291523e-02
-2.026465803997488241e-02
-2.026465803997382423e-02
-2.026465803997390056e-02
-2.026465803997479567e-02
-2.026465803997306789e-02
-2.026465803997451465e-02
-2.026465803997519119e-02
-2.026465803998369133e-02
-2.026465804236274662e-02
-2.026465800720099117e-02
-2.026465801621016999e-02
-2.026465852943842155e-02
-2.026458679144411620e-02
-2.026500685879671290e-02
-2.026762936518839570e-02
-2.027374990085807974e-02
-2.121590060413482831e-02
-2.403385534730548972e-02
-2.403142728923859939e-02
-2.214420960793211240e-02
-2.215210246775316943e-02
-2.095474812549084909e-02
-2.067321643141223700e-02
-2.695756882883593858e-02
-2.755675458026100172e-02
-2.812210601799993229e-02
-3.214336952079750037e-02
-3.051827223561941888e-02
-3.632246034493609443e-02
-2.042665644923658680e-02
-1.250972166802233852e-02
-1.929636055034248190e-02
-5.597311280614077761e-02
-5.235284574989371859e-02
-1.742923166117891012e-02
-6.229347216778276415e-03
-1.759066419472436402e-02
-2.942338527650874974e-02
-3.542332499065990736e-02
-4.235020969417430114e-02
-4.237772267005063959e-02
-2.576188111533539438e-02
-3.960908589985490807e-02
-8.379134212937934534e-02
-1.395416722638340157e-01
-1.197481905140744263e-01
-1.072544438286080065e-01
-8.357744238451700336e-02
-6.797163567641330284e-02
-6.793709609828499363e-02
-6.772932686538923885e-02
-6.128690274107181230e-02
-3.756077443890216971e-02
3.098302814334448138e-02
2.791897246697471607e-02
-1.955895154152093030e-02
-1.939246710491818529e-02
-1.954180488920630523e-02
-1.976574302747446596e-02
-4.589800872676575751e-03
-2.554488312399506508e-02
-7.614003524235149478e-02
-9.509703669455862873e-02
-3.422142162295197659e-02
-6.721146475866713980e-03
-1.858410068016786570e-02
-7.038050498408085498e-02
-6.183915837360131479e-02
-3.587037598356952739e-02
-3.506536005427802073e-03
-6.021304088669324379e-03
-1.461209980713448590e-02
-1.682169548029355949e-02
-1.926324274853561877e-02
-5.599098163702558723e-02
-5.240730092632431281e-02
-1.747277914082730546e-02
-3.176659460820017294e-02
-5.417434729252612602e-02
-5.101547419024627522e-02
-2.441463274651979598e-02
-1.737917879597389303e-02
-4.287134053192828698e-02
-3.845622908958393898e-02
-5.147247289120428920e-02
-9.130514606126470534e-02
-9.667059667147569202e-02
-4.788314268639146110e-02
-2.635653927020392001e-02
-2.948093799835416542e-02
2.622964587658095648e-02
3.665420684670698398e-02
-1.808443482686624554e-02
-4.578381279461990472e-02
-1.010916831689410156e-01
-1.048247748645787791e-01
-7.210529295218248702e-02
-4.694383887452377446e-02
-2.855920328818734033e-03
7.190792833280026941e-02
4.871356554263780309e-02
-1.384115760940503662e-02
-6.058887381600041450e-02
-6.388240688758305141e-02
-5.329239457970202931e-02
-1.739789226150126669e-02
-5.497586418361706008e-03
-3.615525462152360814e-02
-3.477048091579935246e-02
-9.294812232270419083e-02
-1.014994574898241270e-01
-1.024113276946681250e-01
-9.934323975596211220e-02
-8.511410518677679782e-02
-7.857243007475432639e-02
-8.984837484189399370e-02
-9.553317343330507139e-02
-8.417946755379220047e-02
-7.751628826800040228e-02
-6.592344282694236057e-02
-5.996168890470095908e-02
-5.576356037335623156e-02
-4.207729828039316611e-02
-3.663928101847412078e-02
-5.917109113073658333e-02
-5.691971022306706318e-02
-5.384045542923029948e-02
-2.549979836214168530e-02
-3.177608548017568646e-02
-2.941110190831555237e-03
-1.312506128197373986e-02
1.121888478108142018e-02
2.818650054518875500e-02
4.425995780332189072e-02
3.385195465031710232e-02
2.599221514764089164e-02
1.668952127338617537e-03
-1.274729172204579486e-01
-1.417459468292829317e-01
-3.292995270140048475e-02
8.031024655511408150e-02
1.526299372934385445e-01
5.912106889952582767e-02
-3.947397519694133272e-02
-5.514365884094171721e-02
-3.852025219816594421e-03
1.111298775469050232e-02
5.217427484537329185e-02
4.939779418095793101e-02
9.302484877496999816e-02
1.032352385660557370e-01
4.022426009529907892e-02
3.324493559175626355e-03
-3.553495825937733055e-02
-5.529044967748495548e-02
-8.899047799157658312e-02
-8.022069188618000113e-02
-7.158573261208947547e-02
-7.949910409218401142e-02
-1.412002174934441356e-01
-1.259676836106885522e-01
-7.249520647261185891e-02
-6.327695283149624428e-02
-4.688701651284472166e-02
-6.561161922373991151e-02
-1.513802035470896423e-01
-1.699007093105618094e-01
-1.769810326342040052e-01
-1.436884771950802109e-01
-6.540059893551088133e-02
-5.918056968041869592e-02
-1.192463257414845546e-01
-1.395767522362114377e-01
-1.523549857075219560e-01
-1.523594237937370421e-01
-1.471371308224173058e-01
-1.376869189842744590e-01
-6.267855986603031171e-02
-6.515633116244183565e-02
-8.396600604537374224e-02
-8.366045430496149571e-02
-8.403573335509020859e-02
-6.155064686292522486e-02
-7.124489027962047083e-02
-1.713184989861917806e-01
-1.826820680212081771e-01
-1.635999926008202543e-01
-1.639052667983193212e-01
-1.635460016047813603e-01
-1.637230033929292783e-01
-1.643560442871665750e-01
-1.641490218083763997e-01
-2.658867299989165489e-01
-2.813948295003373401e-01
-1.717727713290765068e-01
-1.208487232102714859e-01
-8.880885289534894145e-02
-5.793085463398054552e-02
-2.752136362650033780e-02
1.993375008885154773e-02
4.748260330404333041e-03
-3.415101816347966557e-02
-5.443866372101419798e-02
-6.848281454523320877e-02
-7.954553544853441849e-02
-5.607722695854500811e-02
-4.450470739503158829e-02
-1.514845247683583099e-02
1.187007409705043148e-02
-1.249296686399259740e-02
-2.076411241080370826e-02
-3.614617326679703257e-02
-2.782069393158988213e-02
2.006337158991391631e-02
1.942311434033952219e-02
-2.990000215176049150e-02
-3.785991535313039391e-02
-3.136305911777961114e-03
6.861682148166664292e-04
-2.810144022658870103e-02
-3.094171204449882445e-02
2.900542658056694603e-02
6.158407359059935721e-02
3.727862042812088439e-02
-4.772795502457927511e-03
-1.187430720766545628e-01
-1.391719439996957908e-01
-1.719306292558801519e-01
-1.282380506163585676e-01
-5.222451055689527472e-02
-4.683115534991513090e-02
-8.365539827721765742e-02
-8.497036549034737984e-02
-8.767713542870571308e-02
-5.981256918764184943e-02
-3.123152661720062298e-02
2.588866085706059000e-02
1.832747228860151512e-02
8.587334066975021302e-03
-1.242982007974383074e-02
-2.727164588287530125e-02
-2.734963141650528090e-02
-2.625923793130931216e-02
-3.076677490480918958e-02
-4.245235163949365870e-02
-3.933176694050100758e-02
-2.973980416867322979e-02
-4.594630963295594922e-02
-4.829012464346565253e-02
-3.236949199090288776e-02
-2.810164103896084162e-02
-3.010890515196662856e-02
-9.126921155079580766e-03
-1.393878750650556254e-02
-4.281250299208599897e-02
-5.339662169006413606e-02
-4.368274501631266848e-02
-7.586445393112160873e-02
-6.415267204182396876e-02
1.708161734419186284e-02
3.313059248036568510e-02
7.295587286567851992e-02
9.268997535852194214e-02
3.176810572050960818e-02
2.729142174172784858e-04
-4.264984530386774914e-02
-5.791797355752184573e-02
-9.888242901606736357e-02
-9.734607329883016025e-02
-8.695821096841060971e-02
-1.091157016365540550e-01
-1.287856168387246647e-01
-1.188764232850457042e-01
-5.990142483750730829e-02
-4.450062306034874293e-02
-4.791292255034563380e-02
-5.508501194386345584e-02
-8.603299971054521877e-02
-8.606847404206260932e-02
-8.613474638019856522e-02
-8.624151184111744639e-02
-8.629137051996511876e-02
-8.648110542831670411e-02
-1.206379320183717380e-01
-1.422829310629389610e-01
-1.946993338166057019e-01
-1.777083489016428319e-01
-1.420223337857361434e-01
-1.419949957615968539e-01
-6.894230082120550440e-02
-5.437595245092233937e-02
-4.320507290442596876e-02
-5.515538096522314832e-02
-7.919607254806013130e-02
-4.750658998850750686e-02
-4.095403100153810483e-02
-3.530844649123352635e-02
-3.528336503620546627e-02
-1.309555732080232293e-02
-4.249519650751004511e-03
1.452249822038905987e-03
-9.606874300218516335e-03
-2.730976467957779361e-02
-2.732788318065301758e-02
-2.737654277616423729e-02
-2.735671888862606371e-02
-5.128793041733950564e-02
-5.185458538597188111e-02
-1.110261083795642881e-02
3.228683566569978680e-02
4.704915781086591031e-02
2.990085173193557030e-02
1.419068706942312394e-02
-1.284787893445871881e-02
-2.967467833140442594e-03
-1.229431412362742837e-02
-5.240939032807007819e-02
-5.736956372780616098e-02
-3.876113273831197081e-02
-3.880217901104825867e-02
-3.881815695527245785e-02
-3.880809669689528479e-02
-7.862189911128238118e-02
-9.096651358376131591e-02
-8.504701303383074840e-02
-6.517725332386452297e-02
-4.043931340598463237e-02
-4.041740108576170193e-02
-4.037602501981964881e-02
-4.034121335055661922e-02
-2.247303875588128191e-02
-1.307712761453200083e-02
1.998964882460670459e-02
1.108010337950032266e-02
-7.735247828551865788e-03
-7.716037745729059476e-03
-7.738070074608928081e-03
-7.749544478960481222e-03
-7.746276378086772683e-03
-7.744227908072702331e-03
-7.749145218550065016e-03
-5.346462175799772051e-03
-5.696446941829251716e-03
-1.211277645817645555e-02
-1.331401901671517944e-02
-1.324882562733106263e-02
-1.332638172729627701e-02
-1.422073582885689975e-02
-1.390545727987582691e-02
-1.376069766322279148e-02
-1.376110681507268334e-02
-1.376070736156918828e-02
-1.376063633055183734e-02
-1.376064893347503718e-02
-1.376064878110374971e-02
-1.376064877925260894e-02
-1.376064878544402958e-02
-1.376064878498176915e-02
-1.376064878498280651e-02
-1.376064878498433133e-02
-1.376064878498426194e-02
-1.376064878498302682e-02
-1.376064878498380224e-02
-1.376064878498386469e-02
-1.376064878498483961e-02
-1.376064878498532186e-02
-1.376064878559535472e-02
-1.376064877577282651e-02
-1.376064879113654028e-02
-1.376064911145333421e-02
-1.376063150603223234e-02
-1.376076888594766207e-02
-1.376128836359340885e-02
-1.375778569647532167e-02
-1.395038699065148831e-02
-1.386406607682165275e-02
-8.857248001974552323e-03
-8.684841094512670695e-03
