7.780309354397281496e-04
9.819333981589391334e-04
4.512586094424316310e-03
4.481844411133586829e-03
5.798549363689662652e-03
6.587364720890450699e-03
6.296306806090602899e-03
6.931047250801888882e-03
6.985345594906418841e-03
7.048983170564700369e-03
7.256206233835189347e-03
7.252316671083823899e-03
7.328489797619734680e-03
7.380262247105469180e-03
7.389731921802137303e-03
7.426384079323151630e-03
7.438979375176469830e-03
7.449710721127375708e-03
7.463143967363887986e-03
7.468039951902627135e-03
7.474840858215937509e-03
7.479737156568940296e-03
7.483648904105943619e-03
7.487671085798256951e-03
7.490964065457190145e-03
7.496690612954439240e-03
7.499218026396636816e-03
7.506872332253731843e-03
7.516666179763044700e-03
7.518128903294554397e-03
7.544741047732361240e-03
7.552651338220187603e-03
7.564903081651642471e-03
7.641037551050693620e-03
7.607707273486058464e-03
7.700246709554880130e-03
7.692611054470809180e-03
7.956874744942559960e-03
8.041863730073265520e-03
8.178896321674580805e-03
8.479987461048089925e-03
8.570563550817670781e-03
8.571240392961044716e-03
1.006071459188269575e-02
1.099910560485583069e-02
1.113487307817329248e-02
1.632747783910305089e-02
1.570899138165056386e-02
1.558342939103095522e-02
1.678043869853850650e-02
1.415995590468953520e-02
1.500735540905936798e-02
1.556308540353161345e-02
1.881436786251017984e-02
1.959860893478253957e-02
2.238798103805131681e-02
2.259564380919079282e-02
2.359420680100155279e-02
2.536759355889210699e-02
2.214363023549813236e-02
2.541875346406544112e-02
1.937336310301332812e-02
9.074342304705357298e-03
-3.296274809484706341e-03
-8.044353948375717114e-03
-1.560714483183920503e-02
-1.781622903200102970e-02
-1.912385951127240635e-02
-2.318322774795901833e-02
-2.354037101555201197e-02
-2.617047084548770192e-02
-2.824255289554086779e-02
-2.916828170028474415e-02
-3.171581251479407837e-02
-3.270571930703360108e-02
-3.432468665048239720e-02
-3.593372389948847057e-02
-3.673669361906398839e-02
-3.838636999600729405e-02
-3.890521649704321849e-02
-4.003959795646680475e-02
-4.082515358996077759e-02
-4.098366428465946565e-02
-4.198522847201036079e-02
-4.122450753970892390e-02
-4.061436843408911673e-02
-3.797419452840783416e-02
-3.346362354849835574e-02
-2.952200165243709651e-02
-2.444794103417725906e-02
-2.467922311846581368e-02
-2.078714765366274086e-02
-1.374844384512216057e-02
-4.382258928098420152e-03
-1.643375714504103973e-03
1.335958213113094123e-02
1.356126564526068112e-02
1.225568336939525209e-02
1.606858898315322373e-02
1.420898986187314750e-02
1.145562954410471977e-02
1.287447132493451871e-02
8.504797404239592892e-03
8.332687921868905945e-03
1.151144173701468265e-02
9.300106017202186548e-03
1.190017966773597620e-02
1.042403044347881697e-02
1.001257477597118466e-02
1.090694563149438058e-02
8.713639091233179451e-03
9.272458431990034805e-03
1.329038941250023850e-02
9.889493656842412994e-03
8.302178003256652228e-03
7.691148923117044692e-03
2.622986625768003715e-03
2.528497398430672345e-03
2.691793144838099030e-03
-9.904426437850526264e-04
2.607197194130345813e-03
1.582014679858721696e-03
3.819606611380619004e-03
9.478016381940250826e-03
1.004425422400126444e-02
1.750059330705959135e-02
1.852519370009337446e-02
1.684527917146698070e-02
1.694093882610423624e-02
1.326663558979040980e-02
1.308223342354367276e-02
9.614121083801467280e-03
6.651461708480734154e-03
5.421352454632078453e-03
-7.257318477788864478e-03
-1.299897312828670465e-02
-1.819532756604548898e-02
-3.404559397968485307e-02
-3.783478787066267557e-02
-4.987444063757228568e-02
-5.506694993752874606e-02
-6.697815442734370017e-02
-7.355462411962503111e-02
-7.515497979091027847e-02
-8.077559980378148929e-02
-8.712601615619236517e-02
-8.699197628932223147e-02
-9.272979948338865019e-02
-9.224238749423702144e-02
-8.793698034414626497e-02
-8.712648058701127907e-02
-8.443598387022102636e-02
-8.181092537196055225e-02
-8.096698360599098587e-02
-7.845015729989622544e-02
-7.718678856186533821e-02
-7.622937114155878269e-02
-7.442116456551903236e-02
-7.386033183284460013e-02
-7.302385544717163168e-02
-7.175817889375207814e-02
-7.184191013712448726e-02
-7.100871074198600308e-02
-7.039318048236281600e-02
-7.128010855819368052e-02
-7.033528673962077815e-02
-7.191502938674002032e-02
-7.195873852985976149e-02
-7.127937831938216395e-02
-7.203252583370764461e-02
-7.081998888174245721e-02
-6.960737438573086355e-02
-6.949604072896051199e-02
-6.623792339767950454e-02
-6.426858305513806491e-02
-6.074235973039204817e-02
-5.303258939579109238e-02
-4.778528045640107608e-02
-4.041590268764766458e-02
-3.040398046578632330e-02
-2.509164287713405717e-02
-1.726246127016612536e-02
-1.144395263402838044e-02
-2.779508098310248376e-03
1.978855548596133540e-04
1.964466388750025876e-03
4.327949060523114504e-03
7.446586699935862572e-03
9.192267948646462225e-03
1.381920041982187541e-02
1.751984685355164814e-02
1.905285418955204868e-02
2.862626292964456573e-02
3.107598093627406480e-02
3.543608265574985788e-02
3.931338936373575399e-02
4.071711172350797603e-02
4.232745472645614571e-02
4.253620431119430056e-02
4.267416179067928111e-02
3.967131574743916478e-02
3.933360773096286622e-02
3.808186155269330242e-02
3.714283961790536270e-02
3.442643753535873374e-02
3.339120555718822630e-02
3.203434130759176546e-02
3.078709025888818132e-02
2.963324122625419013e-02
2.805934536942652005e-02
2.765287155610069228e-02
2.498244413177946183e-02
2.505627478352938364e-02
2.523315550650181635e-02
2.524861885969964873e-02
2.607191063724384819e-02
2.707461208921115026e-02
2.914578665032048835e-02
3.036801054007446168e-02
3.449807339281983631e-02
3.830510893634969660e-02
4.127369081670804324e-02
5.283433594883089890e-02
5.379664035767879604e-02
6.511669521688823181e-02
7.178882198725294872e-02
7.408528460300142782e-02
8.626761482653597102e-02
8.822909344977736268e-02
9.623364342646301139e-02
1.096455467840468379e-01
1.116199759024499027e-01
1.202517130720485994e-01
1.272289514743160932e-01
1.311673113157793003e-01
1.378241159218517586e-01
1.369790192108575333e-01
1.343521455817328347e-01
1.330654368896994899e-01
1.236442331968268665e-01
1.158235508868658697e-01
1.045596703255318727e-01
8.830496528938033829e-02
6.537242916250288194e-02
5.281847170033250605e-02
3.819959981781001490e-02
3.034487332300071089e-02
2.264259891095150856e-02
1.640329285006557683e-02
1.671309492468385158e-02
1.135069099899635621e-02
1.075827109243174783e-02
8.476932282703240548e-03
3.314941467821190275e-03
2.629797854530086573e-03
-7.798761493405775413e-04
-6.246463277611962990e-04
-1.282002820630224115e-03
-1.299257301652252715e-03
3.821387046319444682e-03
4.980224960333404054e-03
6.743700738537332026e-03
9.712776702721769018e-03
9.829339171052470236e-03
1.170264051620714674e-02
1.273591541068562309e-02
1.298177019984434431e-02
1.498883353218747119e-02
1.630445898628005846e-02
1.834345705624207054e-02
2.004381750794828262e-02
2.180785494496190191e-02
2.458510615336582245e-02
2.527363272451349507e-02
2.870784722798722099e-02
2.995896808709642631e-02
3.015613351698349931e-02
3.264206775424913914e-02
2.632030599825046016e-02
2.557061035069271154e-02
2.494617315641361327e-02
1.629197383847766009e-02
1.994174838329779847e-02
2.169448779870987443e-02
1.982727635433132948e-02
3.319976197825318109e-02
3.255368691625216970e-02
3.413625333561777497e-02
3.884461611318251739e-02
2.954959934041063996e-02
2.899609301948003967e-02
2.675107160343764140e-02
2.058041229171161945e-02
2.093887325677814409e-02
1.915656678868170315e-02
1.702508045640213630e-02
1.744670135493817109e-02
1.576485353111849869e-02
1.702368637744305566e-02
1.720104748602953315e-02
1.803787184311130345e-02
1.915742734481679435e-02
1.757647044595915184e-02
1.786538050416048087e-02
1.685743582024116366e-02
1.296416436654738470e-02
1.309634086662993420e-02
2.015484134229815483e-02
2.230914607982472167e-02
3.174133091770090648e-02
3.552177609329084523e-02
4.397846972189881076e-02
4.949165085880521953e-02
4.965658389503448816e-02
5.207762896388268281e-02
5.403289230604176735e-02
5.035735552268406912e-02
4.653963057383576907e-02
3.810861768784144094e-02
4.097110819865592418e-02
4.480692373297234798e-02
4.745253530051700419e-02
5.492233381412552073e-02
5.758166201095948206e-02
6.333686784341746590e-02
6.971068192020038468e-02
7.008394790249627970e-02
7.634295942843838390e-02
7.935384632162412188e-02
8.062590905115868400e-02
8.852071181849258119e-02
8.770713927353249173e-02
8.614666562230624547e-02
8.675193085409310667e-02
8.606878177238988514e-02
8.783121465597609756e-02
9.051261545496486205e-02
9.032802629758925061e-02
8.961666403583642970e-02
8.837049039373187642e-02
8.503637585329842929e-02
8.103351081287463176e-02
7.645414152073677638e-02
6.957742604631084182e-02
5.829540500864951319e-02
5.088126759669029525e-02
3.545650048636993235e-02
2.743343014134165536e-02
2.118358390421975698e-02
1.768557481341321083e-02
1.237098538987251722e-02
6.447747846185535362e-05
-5.457605474850453151e-04
-3.938683319619656377e-03
-6.137474040488096784e-03
-1.007356367439091790e-03
-5.756929330966265934e-04
5.251103591499861264e-03
7.267221513868727008e-03
7.798981440432452630e-03
9.849096793386045989e-03
9.941725619537832709e-03
1.056160045426732426e-02
1.070977291245853863e-02
1.078256111840782301e-02
9.496388881524951697e-03
8.633679318703350175e-03
7.343240454023862787e-03
1.202765513315641032e-03
-1.160367755989297461e-03
-4.095057429763988323e-03
-8.555570103566426457e-03
-1.004033010456461227e-02
-1.485132232251960664e-02
-1.759103146797073164e-02
-2.119774999763282541e-02
-2.331615980913872427e-02
-2.495099691212812262e-02
-2.508232993515447859e-02
-2.244688121338115488e-02
-2.658280159872935741e-02
-2.489884593771608118e-02
-1.572205146758191147e-02
-1.624766142675756683e-02
-1.148921132544791258e-02
-8.367708396307470958e-03
-6.381395326841658548e-03
-2.816975300561342516e-03
-5.406303777631098076e-04
2.077989776136366252e-03
3.668253653692986685e-03
4.320886417274402876e-03
5.904361962429961579e-03
6.848845511608006933e-03
8.507532340654835878e-03
9.297722296758461138e-03
9.165544273706936751e-03
1.386251998002394591e-02
1.431970447845140604e-02
1.106729856850702763e-02
8.531448141168311919e-03
6.805618685703345924e-03
5.477920608528408924e-03
4.465150199952415931e-03
5.584388532716880182e-03
5.764334087143834114e-03
8.307391657850366970e-03
1.284018570578219012e-02
1.379459961505343987e-02
1.611473183298401529e-02
1.762270512052703172e-02
1.178459062098316350e-02
1.038891072597184460e-02
7.122377472541832101e-03
-1.251790420412201166e-03
-6.375380637261652238e-03
-1.012562556256716914e-02
-1.799258295734609478e-02
-2.184642855634263622e-02
-3.316677865501189287e-02
-4.812364383574758292e-02
-6.552614599464497147e-02
-7.395884179265556357e-02
-8.962503107508970612e-02
-9.452234400056898356e-02
-9.688592797569281490e-02
-1.027595335655100139e-01
-1.006208582671802715e-01
-1.028518970847198261e-01
-1.023732004047475802e-01
-9.931553885323093911e-02
-1.000223515403118740e-01
-9.432181053092408840e-02
-9.194794192477706574e-02
-8.804988645638912870e-02
-7.892846516922046030e-02
-7.781025051626132283e-02
-6.786796699709966851e-02
-6.578150563945560358e-02
-6.597855330546141539e-02
-6.093454022383426594e-02
-6.383183910091766444e-02
-6.359670472210265935e-02
-6.271302986734705875e-02
-6.781315515706251573e-02
-6.641810245834174620e-02
-6.789531470378994127e-02
-7.002613897654277886e-02
-6.901792649329384355e-02
-7.136553704247912411e-02
-7.184480779774478354e-02
-7.218342460921464698e-02
-7.437449964571005157e-02
-7.477104812963979164e-02
-7.808831458414863813e-02
-8.112450675482420215e-02
-8.363778913799428671e-02
-8.693557143030443413e-02
-8.939487748527916167e-02
-9.215043101645771506e-02
-9.481933335026039578e-02
-9.717637072740359372e-02
-9.975447205524812233e-02
-1.019103209601309040e-01
-1.041859601246524075e-01
-1.058565705071297519e-01
-1.051569853743704319e-01
-1.050275503003281069e-01
-1.046418386242659038e-01
-1.021020242629587516e-01
-1.005439071984131627e-01
-9.854853567767851708e-02
-9.331333859827617427e-02
-9.138465635932506437e-02
-8.526722754847351760e-02
-7.716021900418192081e-02
-7.170304622159956454e-02
-5.601581727082101392e-02
-4.854053109899073015e-02
-4.145121349251439796e-02
-3.077210292113808504e-02
-1.629866673472214408e-02
-1.126284630460862649e-02
-5.450446756314787124e-03
-4.016769110963187318e-03
1.446939217604753828e-03
3.281196644665790047e-03
3.987981459242993494e-04
3.982423097398082347e-03
2.619788481437137617e-03
7.923163482301535292e-04
3.370764314095730054e-04
-4.132361953808972969e-03
-4.576676207392709785e-03
-8.737301564892713604e-03
-1.016599732290988066e-02
-1.128557391598632165e-02
-1.177503674039255543e-02
-9.613312130103348827e-03
-9.866292864484425482e-03
-8.060508382207334441e-03
-7.161618293696484470e-03
-5.529553572946710460e-03
-2.814374432356265936e-03
-2.337298224337616432e-03
3.007184615135461651e-03
3.362599361589908593e-03
3.861634599674182346e-03
5.480558811258542939e-03
5.430932662618285188e-03
6.103448125412638640e-03
6.375087172613670521e-03
6.696528949083238418e-03
6.862024909720398393e-03
6.681139559973326390e-03
6.579972890969225385e-03
6.691692971615843290e-03
6.568489460682102980e-03
6.453881550175464936e-03
6.419708702725413114e-03
6.229366199202083718e-03
5.871975231407013975e-03
5.910673855619364390e-03
5.216112339500891121e-03
5.280692009532489406e-03
5.090577077388711534e-03
4.921202947742253989e-03
4.924186954618786465e-03
4.819185759705759374e-03
4.785913395561458734e-03
4.765899129214405325e-03
4.727696208478092410e-03
4.719160260743997595e-03
4.704586895122098156e-03
4.693086500956580864e-03
4.688846863446090654e-03
4.682345747323431520e-03
4.678976234628780435e-03
4.676919179625023057e-03
4.675188813738934135e-03
4.673953193582412909e-03
4.674618038488369785e-03
4.674985776409144866e-03
4.674630478013527130e-03
4.680694995751659947e-03
4.679180161788237986e-03
4.684418434324601546e-03
4.699774502535395554e-03
4.686488963112024099e-03
4.723605905170847642e-03
4.734276995506513097e-03
4.706154302579675444e-03
4.852460191995026928e-03
4.750090374177291797e-03
4.832197160672124792e-03
5.165067076433070559e-03
4.623939405758923510e-03
5.555344333898465554e-03
5.820581185924125073e-03
