4.426826938125906193e-04
5.698736577448158987e-04
3.261091996468641792e-03
3.357192117847744746e-03
4.077040552571680777e-03
4.515257456988172949e-03
4.055408590107127155e-03
4.371738263051063583e-03
4.324414820943815047e-03
4.277550814810240735e-03
4.361712773109109945e-03
4.323057388409709718e-03
4.336123729999948398e-03
4.348099875104127418e-03
4.338353969805667718e-03
4.346416894638838353e-03
4.346136648355200700e-03
4.345481483531821350e-03
4.347866106569116089e-03
4.347551495970865786e-03
4.348319730126701949e-03
4.349166126355301018e-03
4.350253592877934353e-03
4.351085659338119888e-03
4.353146714204978590e-03
4.356484384482003404e-03
4.357387614007418586e-03
4.366377195456320678e-03
4.371810459777550513e-03
4.376430750014124321e-03
4.409226252694508144e-03
4.405274005014287418e-03
4.447193980400231811e-03
4.530195987120507611e-03
4.473547264677354279e-03
4.710351341916453258e-03
4.612470066819485300e-03
4.872170558476985464e-03
4.796389767305889694e-03
4.778953279897337793e-03
4.991640956530271969e-03
4.358325720152185848e-03
4.309260684011854622e-03
5.162940491985250693e-03
5.627719359936449346e-03
5.667979553569859295e-03
9.849660167442649689e-03
9.297774091131180696e-03
8.765691730265003784e-03
9.600698002451333798e-03
6.991457470966447665e-03
6.930469941798073422e-03
7.506029424362581533e-03
7.332501234487290645e-03
8.035223842833023183e-03
8.913853121692023873e-03
8.902668742041448119e-03
9.957865646156440625e-03
1.146600744735337511e-02
1.066202740577746472e-02
1.431988980232051269e-02
1.213947177798924137e-02
6.002863974403332969e-03
5.404966858511023754e-04
-1.058129238202600107e-03
-4.019949471074347157e-03
-3.791624904824988755e-03
-3.344390512247459330e-03
-4.274735016235440069e-03
-3.441072757015333546e-03
-3.989783380646838920e-03
-4.201157948359214578e-03
-4.112620278515007055e-03
-5.052573360754080561e-03
-5.068223390808221894e-03
-6.014170295585947318e-03
-6.936205677802389710e-03
-7.364943972571732014e-03
-9.381984087236679148e-03
-9.729104074680135911e-03
-1.100778636213644093e-02
-1.202475417684144635e-02
-1.243523102433709282e-02
-1.381579898375431999e-02
-1.372538518548452671e-02
-1.402963534062483426e-02
-1.259457863024761141e-02
-1.021430162192431094e-02
-8.736268024249312786e-03
-5.741055464969574244e-03
-1.003531034922246386e-02
-8.764194840878928444e-03
-5.718262330113550208e-03
-7.354794658879018621e-04
5.176031662331532709e-04
1.150755153328774684e-02
1.095282248570033853e-02
9.237864690545069188e-03
1.140186535312984022e-02
9.679893765615212031e-03
6.497492978917101571e-03
7.169898672099155913e-03
2.904509367614448861e-03
2.399278518904573304e-03
4.849660585234684927e-03
3.347100776929231442e-03
5.118807334937082801e-03
4.325074802699124983e-03
4.077436026269002853e-03
4.550252318422895979e-03
2.483273290672092549e-03
3.335367564035494198e-03
6.261241651889130205e-03
4.141609180446065297e-03
2.990534176896958440e-03
1.932674685919324488e-03
-1.501728260164301261e-03
-2.131692428960877371e-03
-1.996742751786269223e-03
-4.587458977231586438e-03
-2.512838863560128665e-03
-2.928241074803395513e-03
-1.208388721381227016e-03
2.879131203840301460e-03
4.182588156893399418e-03
1.030628323599746925e-02
1.135734741968695560e-02
1.216822497751188920e-02
1.201674341131586318e-02
9.839940720329261661e-03
1.029040652649109745e-02
8.136699320611187614e-03
7.034268303756412155e-03
6.564954569793697049e-03
-1.754165899586380018e-03
-5.513793392878513916e-03
-7.893531898897731061e-03
-1.828766691570276118e-02
-1.986279860251185733e-02
-2.591681957284783233e-02
-2.764795196136614688e-02
-3.619614163936064194e-02
-3.810788084115642599e-02
-3.689075243773914936e-02
-3.948328724361035991e-02
-3.928372075207986480e-02
-3.861498156480804023e-02
-4.008970272997846446e-02
-3.843040770148311441e-02
-3.355253233548204095e-02
-3.196170247076576126e-02
-2.921853635772508201e-02
-2.660219590515772864e-02
-2.562783563634317766e-02
-2.344807539920450851e-02
-2.238344047040331797e-02
-2.144386604978626779e-02
-2.009253456157421291e-02
-1.958579215378276894e-02
-1.867787346833511483e-02
-1.788838533646613937e-02
-1.745896121017529584e-02
-1.662854765594034764e-02
-1.612833104247552232e-02
-1.576742256620439903e-02
-1.529027623458598106e-02
-1.611119687113704221e-02
-1.588297413783568840e-02
-1.598983383328764218e-02
-1.588304534060157661e-02
-1.584642850305785847e-02
-1.513864410214920721e-02
-1.475098871746609308e-02
-1.424968480263101578e-02
-1.190027760230016884e-02
-1.117405714449245732e-02
-7.642680142569493323e-03
-4.901011083215034946e-03
-3.319643762316490908e-03
1.233707387533731353e-03
2.294222902240007807e-03
2.542099343479494334e-03
4.109444758376381082e-03
4.317202891646079038e-03
4.248131917549658257e-03
3.179135137551684920e-03
2.126136664885435162e-03
3.083832257438876533e-03
2.476444597512129572e-03
3.484263422238211873e-03
3.813335682109624588e-03
3.225257206706952807e-03
5.601202366189339706e-03
5.802037731499765615e-03
6.197181185606222623e-03
6.928659969717592890e-03
7.006930162251534880e-03
7.380980127760726137e-03
7.359081696254704888e-03
7.923946417158165070e-03
7.607901506416657987e-03
7.925601816530047569e-03
1.042187049396833473e-02
1.054576819491169493e-02
1.075646666519090508e-02
1.112733206410170157e-02
1.096932787547207251e-02
1.108264107578690351e-02
1.103864064947276957e-02
1.085410305155508348e-02
1.079025320321716670e-02
1.049501083305585947e-02
1.048387218003765317e-02
1.098481145551639254e-02
1.091449913696741596e-02
1.118226604173632246e-02
1.142173812372082597e-02
1.155180090020417258e-02
1.209958456569864074e-02
1.238642264845125560e-02
1.303329771690309863e-02
1.433314401906836399e-02
1.429689924355958056e-02
1.434741339818982470e-02
1.815581188390244516e-02
1.898507195286232296e-02
2.120964225645714449e-02
2.467471400307099175e-02
2.559618696527237586e-02
2.937389345150259040e-02
3.329642545801930753e-02
3.454797073632917548e-02
3.276755365822564547e-02
3.562392941324245277e-02
3.679716951831689398e-02
4.062092716068472359e-02
4.082496796235549757e-02
3.806165743890205927e-02
3.916218596336611124e-02
3.297403636367705893e-02
3.005154190665999120e-02
2.855434748900947256e-02
2.178002549435367058e-02
1.427560748489116633e-02
1.027049291688802123e-02
5.185934150972619505e-03
3.702667927179011283e-03
7.307160565456173248e-05
-8.752492821728875220e-04
-2.384816534226311027e-04
-1.544136286161379521e-03
-4.061914023025682400e-04
-1.306892768950898218e-03
-3.304659178896007105e-03
-3.979558469552772759e-03
-5.751357696680950253e-03
-5.393551672486972259e-03
-6.631694316054370653e-03
-6.430116795168743828e-03
-3.205335020566413284e-03
-2.513999830236030800e-03
-1.654739980209728395e-03
-3.578352724652098774e-04
-6.493441661487414076e-04
-5.441553048019371047e-04
-4.457409024740028344e-04
-1.169073481667905505e-03
-6.249934073323038571e-04
2.250238881390696159e-04
8.687564758968204740e-04
1.698056619473145828e-03
2.835421451561600040e-03
4.162137404727775380e-03
4.740073437577355456e-03
7.166575712265649788e-03
7.710312628774993425e-03
8.352046619711275474e-03
9.526207325256138073e-03
4.240284771186643605e-03
3.765058005732973070e-03
2.241838549233272915e-03
-4.116729081767550591e-03
-1.716784097835608383e-03
-7.651349785959623174e-05
-3.326143287559440282e-04
1.011662025778307418e-02
1.125746584874963256e-02
1.383785463703102181e-02
1.696543663997585050e-02
1.386974701076143339e-02
1.330231382009824936e-02
1.249507022858343044e-02
9.721831576544449557e-03
9.486356553433761968e-03
9.504697841653683699e-03
6.797220738194608390e-03
7.491052161747089461e-03
6.740897875953354157e-03
7.304610685061788990e-03
9.516307876042066904e-03
1.030233770534913842e-02
1.131587269073264061e-02
1.105183575503693866e-02
1.047646862798397825e-02
9.177182850103654879e-03
3.140531836283062990e-03
1.937052441029513995e-03
4.705497062641705516e-03
3.767778275983524501e-03
7.049012204482823368e-03
8.117281873898844410e-03
8.100804094058864507e-03
9.700074928457034715e-03
6.542354425232837015e-03
5.847561372661629238e-03
7.302626449365198259e-03
2.912617044791636269e-03
8.626934110459371849e-04
-7.206506367149477163e-03
-5.990370358834309558e-03
-3.125328067279013224e-03
-2.161085544838599673e-03
2.924060653004029349e-03
4.040390593715055025e-03
6.953340167714814821e-03
1.070794100326825579e-02
9.226584039181209840e-03
1.188334288202008704e-02
1.360528946173285639e-02
1.298628240430630548e-02
1.676701760953886247e-02
1.505153914550057780e-02
1.201808456553814762e-02
1.051704212193313448e-02
1.022089448081332091e-02
1.149703319219103417e-02
1.239091440158900798e-02
1.408431154606861434e-02
1.352104423797388828e-02
1.471031586949809837e-02
1.467586504768048083e-02
1.412290177248226586e-02
1.551089176068462180e-02
1.404189889101080217e-02
1.283944527327648445e-02
1.185777536425330556e-02
7.247464729912361792e-03
3.909059789380369548e-03
3.975084221882133582e-03
3.283733399567214870e-03
8.325143608889053670e-04
-7.888831016925314243e-03
-7.603431258311045202e-03
-9.720349707659510508e-03
-1.090275213433695642e-02
-6.186989041364211912e-03
-5.218008503046128732e-03
8.746031079942236455e-05
1.723361749669778589e-03
2.228978942731368179e-03
4.000989304811660222e-03
4.222085751390838859e-03
4.820001095134939829e-03
5.253124160279691070e-03
5.534743663337809115e-03
4.835798658594658503e-03
4.932100896728701736e-03
4.370375194852961151e-03
2.565045232234535594e-04
-9.502659666763322395e-04
-1.883978973327999490e-03
-4.175138161141616656e-03
-4.126997131789898743e-03
-6.097377859239081106e-03
-7.377156052709521808e-03
-8.850334839917133739e-03
-1.005147648862922405e-02
-1.080947718845924783e-02
-1.054814269685290865e-02
-8.994774284994150326e-03
-1.247066551051425817e-02
-1.179292280437978235e-02
-5.449045756616680350e-03
-6.050515931849223886e-03
-4.065610624928892372e-03
-2.740525092780022980e-03
-2.003405519784288730e-03
-8.386336572859943821e-04
3.650307928841443200e-04
1.551193781489498954e-03
2.073303012702564126e-03
2.244115932357904943e-03
2.689785718211322105e-03
3.113589343619581513e-03
4.067954531072984561e-03
3.640646213043514240e-03
3.624813756040933151e-03
6.977285769953459234e-03
7.259927700289369248e-03
4.527660683957223514e-03
1.849807229431104511e-03
4.731926196863084442e-04
-9.327056454759695848e-04
-1.803958671225921236e-03
-8.619266339956043344e-04
-8.469883300927802741e-04
1.615579235735565417e-03
5.557085621318928401e-03
6.886515331732500148e-03
9.931348447832208381e-03
1.143557020351691073e-02
8.951997690856869708e-03
8.868206315051301025e-03
7.277509799596654227e-03
2.734792866802031406e-03
6.556254067197358917e-05
-7.519091460715156012e-04
-3.419715150496990125e-03
-3.375489403499732505e-03
-8.512414129714014968e-03
-1.740042455330315790e-02
-2.612664135009185040e-02
-2.998437607335324717e-02
-3.779332058228830615e-02
-4.098015499554624741e-02
-4.019974072353534739e-02
-4.507175893160433183e-02
-4.335012022190996850e-02
-4.427415093007087965e-02
-4.479017555691310742e-02
-4.277517755119462223e-02
-4.342135110846082058e-02
-4.056287201303535039e-02
-3.918860645472095616e-02
-3.691574069855903251e-02
-3.155005502541810558e-02
-3.046789986106312326e-02
-2.358702507965800346e-02
-2.231212015681069416e-02
-2.214893108002970179e-02
-1.914156072033734723e-02
-2.042537011480736325e-02
-1.991294647792091199e-02
-1.918365801979675378e-02
-2.068050248426740040e-02
-1.935836172306326305e-02
-1.833643485693114278e-02
-1.813639339405488660e-02
-1.651957435534942217e-02
-1.581642500858611300e-02
-1.467503996177793764e-02
-1.320560820086653410e-02
-1.187359159214376909e-02
-1.033512080226230145e-02
-1.103574480598709835e-02
-1.186698871323930288e-02
-1.311241808505638450e-02
-1.453502518368029496e-02
-1.568527672024544461e-02
-1.744259439999809591e-02
-1.862728773099437546e-02
-2.047113458083709564e-02
-2.239796014960717882e-02
-2.381459283157539783e-02
-2.671705994990634589e-02
-2.803377789905833750e-02
-2.800305258198640748e-02
-2.900634970153053924e-02
-2.904628033243966678e-02
-2.860248607073801255e-02
-2.861289274618640521e-02
-2.828711714713961350e-02
-2.655534989940879984e-02
-2.650630944251035695e-02
-2.424292427809092085e-02
-2.083630552179706330e-02
-1.917893082512744582e-02
-1.201748943229341560e-02
-9.977088838487274680e-03
-8.917162737339117892e-03
-5.417387713063147661e-03
4.670947532118082833e-05
1.843913125914012916e-03
8.824796532395913582e-04
8.767600812676183686e-04
4.230266012917345032e-03
4.459877844251689503e-03
2.578288374815573738e-03
4.348183532241076121e-03
3.440694320945081926e-03
2.294350731328881690e-03
1.423092593032666093e-03
-1.144909684779359896e-03
-1.769460790630575592e-03
-4.773044780440359632e-03
-5.590711109327338793e-03
-7.188024306459868222e-03
-7.214640352414341228e-03
-5.763421003806146713e-03
-6.102539762994713991e-03
-5.003690856821551951e-03
-4.639003976059397419e-03
-3.641419140454696824e-03
-2.042476514134918767e-03
-1.836548846051513917e-03
2.247561262081492709e-03
2.316240984437012602e-03
2.490095011173823047e-03
3.500896829944625914e-03
3.382108995913849208e-03
3.735611211392596796e-03
3.835132201794959426e-03
4.064680208207524341e-03
4.098125512027757204e-03
3.891327913043278550e-03
3.774828700739953514e-03
3.847572359806261232e-03
3.749829229096790680e-03
3.674200384822641063e-03
3.648201016853825415e-03
3.535191806297091188e-03
3.275678705875007500e-03
3.314308312197166741e-03
2.838269311135854529e-03
2.903933091536227418e-03
2.788546204003180054e-03
2.694819291070942729e-03
2.704415907907787957e-03
2.650875672616511986e-03
2.637596871345064976e-03
2.630880583858281104e-03
2.614759556748712157e-03
2.612689516300729670e-03
2.607735500914739723e-03
2.603863353117372680e-03
2.602956042922527965e-03
2.601001795283965773e-03
2.600146424205838219e-03
2.599741239841497388e-03
2.599275016602393355e-03
2.599077670373284212e-03
2.599403558169940953e-03
2.599436595101227085e-03
2.599713283547474153e-03
2.601578796356888209e-03
2.600973943860975836e-03
2.604067597597801813e-03
2.608353899975583961e-03
2.604914626660737031e-03
2.622231894936588419e-03
2.621748182081811568e-03
2.621330929756251430e-03
2.685533658424039613e-03
2.631206437201217153e-03
2.718004140242730182e-03
2.848371374713862952e-03
2.604567873954695412e-03
3.250134407302042797e-03
3.358893352346077610e-03
