-5.375628077805717081e-04
-3.802298363227795785e-04
4.093606672006290526e-03
4.223148001945915136e-03
4.555432993087709173e-03
5.207994925357763150e-03
4.245541868540387426e-03
4.558372503002620230e-03
4.457000563864901843e-03
4.288438151098255754e-03
4.394866525891522914e-03
4.318762319710838828e-03
4.339096007716037630e-03
4.377392489607049263e-03
4.380851797272617559e-03
4.497521921982690699e-03
4.530168215952843497e-03
4.682418109038493335e-03
4.991183121280248595e-03
4.971169964999086824e-03
5.710401620826528572e-03
5.696879187801128126e-03
5.802644610305758219e-03
5.923291871793462740e-03
6.048839876518883815e-03
5.880637967229519758e-03
6.031858022643370870e-03
6.274485919684659810e-03
5.353528153772497966e-03
6.769925439644653570e-03
6.190581530895802702e-03
7.034836127822873854e-03
1.624976058041213353e-02
1.940998234064018196e-02
2.126059501052995904e-02
2.770068232194324021e-02
2.738500709067515082e-02
2.559499767795484979e-02
2.613850108068986253e-02
2.533150222694428855e-02
1.845278068871688756e-02
1.830670226513124443e-02
1.670965615581163771e-02
1.538241509534814255e-02
1.449353194063999345e-02
1.479103101507999590e-02
1.436033074767926326e-02
1.177139872694154578e-02
1.349878433357664873e-02
1.329243155291321560e-02
1.516000275237436301e-02
2.224274310378752950e-02
2.250676710853574680e-02
3.063496326570817885e-02
2.892819278919166182e-02
2.828409820451472864e-02
2.800953201685557961e-02
1.742848815660985595e-02
1.360339434419432884e-02
1.472757368769032557e-02
1.975617729209292947e-02
2.346598430416417871e-02
1.874946021858692191e-02
2.076799417377596380e-02
1.349321285198626028e-02
5.529784504239715348e-03
-2.909818534240750810e-03
-1.778219961077781748e-03
-3.440497975440281325e-04
6.015188990780981002e-03
1.089714377962485922e-02
1.557774212333115638e-02
1.745206593478551560e-02
1.818936505671878492e-02
1.962301266989278925e-02
1.760542425951917150e-02
1.627847811327664401e-02
1.888951718185761727e-02
1.479119693345547909e-02
1.901207927564944195e-02
1.947871129819234506e-02
2.309671506554188125e-02
1.844540480852381592e-02
1.300355321692137252e-02
6.637325965781582654e-03
-1.035730864355009989e-03
-8.262414763312013466e-03
-1.442859253555879573e-02
-4.903250935093665316e-03
-1.173211782258868317e-02
-9.083761024615518917e-03
-2.898989998956472049e-03
-2.562657255570705960e-03
-1.967577240309631748e-05
2.353179503380119653e-03
3.024208143694357212e-03
6.811433862207516739e-03
7.801650008466096131e-03
9.144041657365341302e-03
1.060525004983334067e-02
1.432270152461903590e-02
1.489027324019168846e-02
1.698532500896396749e-02
1.857259029266250527e-02
1.043288479118729788e-02
1.285153347003557128e-02
7.987958654787494922e-03
-7.984662084420578176e-03
-6.406126772418134496e-03
-8.885459451053470681e-03
-9.545786570180760794e-03
1.676823046845726979e-03
5.779504893564720025e-03
1.044350891533343470e-02
2.036865227474455448e-02
2.534255019344740234e-02
3.052144253847542330e-02
3.343933893678340680e-02
3.569128317046635357e-02
3.038890827409210585e-02
2.874592078077557039e-02
2.407460773042898600e-02
2.184797656204703550e-02
1.788182380729315402e-02
3.137504005543449975e-03
-6.150532622874645312e-03
-2.211335122598509506e-02
-2.596951481308139645e-02
-3.302794143765935830e-02
-4.203230047686262565e-03
1.581263178828720695e-02
3.866194319233382665e-02
3.439420045768838696e-02
3.396913421819566792e-02
3.134867936917003217e-02
2.724757043255163214e-02
2.686200729708345530e-02
2.459519705137656886e-02
2.292338256693497028e-02
2.275253491664446653e-02
1.994558766807898176e-02
1.922358137994147065e-02
1.841013649052142265e-02
1.151019119646096156e-02
1.096125198753877122e-02
9.423436375166285503e-03
6.531593605374566916e-03
7.194526895775987807e-03
3.402889132239773039e-03
1.887324764471585113e-03
-4.653404541958780678e-03
-2.032998283087563210e-02
-2.413181734029543751e-02
-3.089892815620542271e-02
-3.543622989347229579e-02
-3.966138015361593550e-02
-4.264693509049113929e-02
-4.666712703160118270e-02
-5.071628183732286577e-02
-5.188524199165087114e-02
-5.922043684202378533e-02
-5.517105388518989129e-02
-3.597555818991259036e-02
-2.576917716783688056e-02
-1.738877082700402213e-02
-4.953031578659557871e-03
9.644693248223210026e-05
3.731916179127235667e-03
7.398392425191683240e-03
1.170199728981275236e-02
1.096374598416254356e-02
1.179508102101238173e-02
1.023686366693199110e-02
4.647676668129366827e-03
4.542980031732493651e-03
-4.461398044737022346e-03
-3.909511832718192206e-03
-6.849100199968067605e-03
-8.717610501857386146e-03
-6.877366695740245138e-03
-9.702729298394257434e-03
-9.781223527321202676e-03
-9.398421502636981201e-03
-1.182428979911287481e-02
-1.104187364070719629e-02
-1.160806476545309454e-02
-1.396607127082261091e-02
-1.199723295292495426e-02
-1.420179057269080510e-02
-1.508594340694800057e-02
-4.180160990869729622e-03
-3.074213447412553306e-03
-7.664871315532755490e-03
-5.181101254067548706e-03
-7.283952723896069611e-03
-7.843755448037000727e-03
-1.274102624408985501e-02
-1.394237450128321676e-02
-2.092275695759297088e-02
-3.103098383662701576e-02
-4.216615473925344054e-02
-4.796317715640535662e-02
-5.076438789497821763e-02
-5.471144510039076259e-02
-5.753271819255083991e-02
-6.226312854753460885e-02
-6.745326184710444262e-02
-7.238343554017356851e-02
-7.772894536936950094e-02
-7.891843448265670191e-02
-7.744998490850259210e-02
-6.592981905320485780e-02
-5.242385537195241169e-02
-3.511539372156276262e-02
-2.847886938435886806e-02
-2.193972935970299812e-02
-1.930524356320416010e-02
-1.976751543102166914e-02
-2.356287559120612968e-02
-2.335714713172380025e-02
-2.450449270771084057e-02
-4.264528898487833508e-02
-4.301954069235480738e-02
-4.102580784840531569e-02
-4.548421015249812238e-02
-4.034797329293925150e-02
-3.263727910901011164e-02
-2.844539967308827230e-02
-1.717076508123840245e-02
-1.175064905074944127e-02
1.202552872007559438e-03
9.785154062262905669e-03
1.387376417952154717e-02
2.288730395409698665e-02
2.811028019317061977e-02
2.235054968268783762e-02
2.337553558037418905e-02
1.518604271330026116e-02
1.738564448197901791e-02
1.741050210776458329e-02
1.495616816237011447e-02
1.271835859368768661e-02
7.554582835882972872e-03
2.094400001642614598e-03
5.659498914288230847e-03
3.280014164149296085e-03
3.395058017377899310e-03
7.418322887432566431e-03
7.222812270305526555e-03
9.822897999490499618e-03
1.727039363046231971e-02
1.858553256852303603e-02
6.730216505842699995e-03
5.674328340666912399e-03
-6.868302517720224071e-03
-1.419067950135749837e-02
-3.497291063562897161e-03
-1.540403273408611287e-02
-1.115083983756361315e-02
-4.574883712361732177e-03
-2.849218282892493868e-03
1.673164292882700882e-04
2.078796202803779788e-03
6.448604815714956660e-03
6.633359284873727169e-03
1.020426610771578771e-02
8.349165662753354339e-03
9.168696803117236394e-03
1.086197682256794320e-02
8.345952402554573241e-03
1.258239613184173461e-02
1.189465031815202696e-02
9.944216639737799707e-03
2.442633367291186311e-02
2.379562669616053228e-02
1.943749268001252958e-02
1.994782776111030803e-02
1.282600335688990900e-02
1.285474894303144724e-02
8.045979807340094062e-03
8.929482713204411198e-03
8.392282840131898985e-03
6.190637522307808685e-03
2.131802172930001831e-03
-6.788181756178948353e-03
-1.915554156507252165e-02
-2.674879081784860280e-02
-2.353735469325440172e-02
-2.383048348298626856e-02
-9.422308824430890642e-03
-1.115967102032419146e-02
-1.956933027682916659e-02
-2.035689609373455417e-02
-3.587517193059262810e-02
-3.371333011309107092e-02
-3.588152402627595161e-02
-3.548557639399601421e-02
-3.887182392258992092e-02
-3.686160449404869005e-02
-2.445121600114978644e-02
-2.148551381144857275e-02
-2.188312024096184666e-03
-3.548826500170120316e-03
-3.623481445672552259e-03
-2.984537567716409254e-03
3.171122803403282446e-03
1.798124657527964271e-02
2.176345463061669927e-02
2.976410022995003291e-02
3.278917877762180938e-02
2.968806376488233867e-02
2.788415609919555824e-02
2.917239215694717586e-02
2.640070935146530268e-02
2.667574411938614803e-02
2.703355379546447043e-02
2.543373048825247826e-02
2.651011448769103468e-02
2.693256250222918896e-02
2.590006978967094448e-02
2.866469933487701682e-02
2.903644716236961770e-02
3.024389234423595710e-02
3.735554025360403319e-02
4.044357980641154898e-02
3.728911387447522707e-02
4.221041197366232067e-02
3.758310529596971261e-02
3.259188434230531756e-02
3.596047321782299550e-02
2.071662277965419935e-02
2.163686858062075988e-02
1.120407991590530172e-02
-9.836388894671654198e-03
-1.522251155766018993e-02
-2.815306131374976928e-02
-3.414486064142426003e-02
-3.265603905862980716e-02
-4.077330577414812335e-02
-3.675502119462271955e-02
-3.772806121669854823e-02
-2.935171413331991164e-02
-1.127816572187045722e-02
-7.433840337702939116e-03
4.596674350989097407e-03
5.673627555973643523e-03
5.477594529654938524e-03
9.123657671823345514e-03
7.885488617746473292e-04
-6.100282173469433753e-04
-3.604733294857605935e-03
-1.420778226872092612e-02
-1.304528679977596389e-02
-1.398518909768282394e-02
-1.551604218520789315e-02
-7.404030263351725656e-03
-5.990953353042816586e-03
8.998422543354187009e-04
7.845150531019752863e-03
1.422831090876937050e-04
4.433294971014085928e-03
1.491819922925922449e-02
1.173964266902804629e-02
5.270523018747830593e-03
5.227005176449563140e-03
5.213511623292841485e-03
4.761988119651319219e-03
5.729062526274900438e-03
-5.935424464475248536e-04
-6.913533376218029304e-04
-5.307999805965689030e-03
-7.542729370045368233e-03
-4.707697064448655884e-03
-7.234181364804234682e-03
-4.531120119013851318e-03
-2.595774645867106670e-03
-2.414437097223610419e-03
2.107602639363622028e-03
2.725586731446119279e-03
2.936197151730163355e-03
5.220691975728694416e-03
4.395021010144042548e-03
5.309452823312263078e-03
5.883418142340723044e-03
5.270652144085358898e-03
5.905293763585697103e-03
5.708327287679254569e-03
5.189901132993524416e-03
5.319780968384648159e-03
4.804590172181694326e-03
3.867029943802325481e-03
3.899170927788795423e-03
2.561501189058644923e-03
1.367225134165762392e-03
1.187025230447713402e-03
-1.796073101316617016e-03
-2.560923791945299809e-03
-4.749154228519592361e-03
-9.775487878278529136e-03
-1.147523548429464461e-02
-1.795764813612239774e-02
-2.065039511427416152e-02
-2.352621193202168032e-02
-2.872784353583076461e-02
-2.848278760229506698e-02
-3.236095059614901848e-02
-2.197243203724170285e-02
-2.328367592092856625e-02
-2.298340047650454868e-02
-1.638387418272498758e-02
-2.148060145236859939e-02
-1.796498474701464093e-02
-7.254659494013932300e-03
-5.547265825957064037e-03
-3.887784718789707040e-03
-1.173499206431631277e-03
-1.194654204635315709e-03
-6.962264871934864389e-05
4.211805548079735999e-04
6.589447772806258886e-04
1.454671531015876065e-03
1.464676595127377542e-03
2.712803486554320881e-03
3.529251366669775448e-03
4.104288194131417745e-03
8.469753619623812332e-03
7.986790535471929506e-03
1.149178333163910180e-02
1.014419805348814804e-02
1.095751656795394650e-02
1.236578237030994815e-02
1.235354357416408588e-02
1.485335739900079353e-02
1.628530446086039890e-02
1.849946019180661455e-02
2.404770910910875720e-02
2.595216019492170914e-02
3.529794067761757997e-02
4.726884587231278134e-02
6.275053274889287602e-02
6.629295999511904125e-02
7.323765839821148871e-02
7.823530953791012210e-02
8.026343340448456598e-02
8.373398127630311827e-02
8.539427492304257905e-02
8.634359314435151311e-02
8.814359439583828448e-02
8.822423510707001759e-02
8.839267217713790703e-02
9.008713906739285182e-02
8.744305797683035730e-02
8.914968780225646094e-02
8.942553692013328892e-02
8.021178227231405555e-02
7.886598487115199785e-02
7.046919281190119899e-02
6.366294494347311816e-02
6.119563320574928494e-02
5.123621453935303660e-02
4.167575645317531108e-02
3.943107130661419740e-02
1.324854476352113446e-02
1.271525645865715162e-02
1.016068949734598784e-02
3.296002546617365653e-03
4.213847017104614331e-03
1.643882777644719607e-03
4.727750887680983263e-04
6.379697614637753382e-04
-5.143599460427734568e-04
7.705198736098658172e-05
-3.270879130676909209e-05
-9.448272471434426183e-05
2.617471353244983732e-03
2.902874826602010964e-03
2.978161077894604832e-03
4.311900698994962193e-03
4.196831956263941989e-03
4.498694981627688119e-03
4.776644920218477836e-03
4.758871588332205457e-03
4.906310596619980514e-03
4.950449609689384911e-03
4.969904197761179643e-03
5.016327904916248817e-03
5.023843201990973485e-03
5.038189141515175655e-03
5.049662438947405234e-03
5.052707278269686839e-03
5.059101467055160915e-03
5.060652451186720482e-03
5.063755023550958571e-03
5.065453684248637060e-03
5.063040059186262216e-03
5.071644323588157290e-03
5.062831736352884325e-03
5.064586861026991287e-03
5.085976174737508182e-03
5.035837967521107975e-03
5.096743915072770095e-03
5.089975063787026931e-03
4.953666337354883410e-03
5.280424481092074740e-03
4.886277639295957820e-03
4.846495088560135930e-03
5.065201846004335241e-03
