9.918527507642045920e-04
1.134595391046547318e-03
2.655382495424966210e-03
2.708691937103918819e-03
3.591442033123885824e-03
3.815579399789395532e-03
3.671479759994713925e-03
3.953455946652912126e-03
3.927525054193256072e-03
3.953177150699914780e-03
4.017069729631116658e-03
4.002974050427179215e-03
4.017067040391759415e-03
4.026757791823267277e-03
4.014897903736673081e-03
3.993712921093169575e-03
4.007916862600563283e-03
3.934868778326413956e-03
3.895883867960032564e-03
3.926603555905791750e-03
3.587341256665923725e-03
3.612307037863210328e-03
3.485100104097331106e-03
3.430282718401269238e-03
3.452163792591366517e-03
3.415703335723901338e-03
3.483726128623330226e-03
3.540930912857636996e-03
3.581904761645566832e-03
3.858149467374003602e-03
3.783496436844026138e-03
3.227729792952245026e-03
3.913635460339541169e-03
3.234233666153223281e-03
2.241883244800095629e-03
2.464726639043339062e-03
6.607320889094686839e-04
1.329635434774982094e-03
1.014823344391016773e-03
1.014750602817223249e-03
1.058650718930445730e-03
-6.241759794064664435e-05
-2.764215049047457273e-04
-1.883081942699218862e-04
-6.307039149862975940e-04
-4.585793752041440957e-04
-8.332075019821829059e-04
-8.362589343203872139e-04
-7.001666395705098385e-04
-2.076440629852077755e-03
-2.362373454125456067e-03
-3.358201494974699143e-03
-4.770405991216150089e-03
-4.938000124325676171e-03
-6.112879216810598870e-03
-7.017196998141302100e-03
-4.398552483940678347e-03
-8.275145306045878987e-03
-8.612360221047558190e-03
-6.001681086096500618e-03
-8.625504983065298420e-03
-1.009107582625135176e-02
-9.671937267647413156e-03
-1.006174967907455184e-02
-8.499288979710696926e-03
-8.948596523784223961e-03
-1.025185105401034066e-02
-1.027889380891204574e-02
-1.092923844664450868e-02
-1.113872429823404425e-02
-1.075866050790567907e-02
-1.068445797950029821e-02
-1.040786861901193613e-02
-1.015304277857751077e-02
-1.010191830577224399e-02
-9.819818282960504977e-03
-9.729724986960598676e-03
-9.631737979438465685e-03
-9.301615059331721017e-03
-1.016759892311885037e-02
-9.807145727086716974e-03
-1.026199523877851377e-02
-1.142989457443998116e-02
-1.222463315065279790e-02
-1.289086776141152614e-02
-1.405833972479421032e-02
-1.509170096758945950e-02
-1.527583704088356260e-02
-1.754909856621374858e-02
-1.661303724471165089e-02
-1.536777130620729792e-02
-1.566306952615341419e-02
-1.098461827994054105e-02
-1.046019403747952894e-02
-7.436039757421256113e-03
-5.148108455103625122e-03
-4.255887287566083657e-03
1.665563260185675201e-03
1.063747597636090876e-03
9.859131069176586912e-04
1.383406730528399711e-03
-3.405987414455930590e-03
-4.218078057216656865e-03
-2.557124638419881659e-03
-4.206050583174518465e-03
-3.147142038639026349e-03
-3.839300508581442502e-03
-3.629798743715132066e-03
-1.822518351685263778e-03
-3.984234232300378278e-03
-8.632822152764778323e-03
-9.328100003781944136e-03
-9.717087630770396972e-03
-9.538531093981568454e-03
-8.546137266506999286e-03
-7.092838197592338939e-03
-6.057535805898166953e-03
-4.000100486991698193e-03
-2.818813413384056461e-03
6.903286822886719933e-04
1.450388354712680173e-03
5.396821521593722637e-03
5.997847075121319482e-03
4.669276634633668516e-03
6.342241862657371082e-03
5.588524354077805366e-03
3.301440896123559142e-03
1.613343245450909753e-03
2.705300087309350831e-04
-1.702671341618524486e-03
-1.989524336444602106e-03
-1.883029962741893408e-03
-1.830688287646473501e-03
-3.236515661154234797e-03
-3.156571220861499171e-03
-4.795947555674088397e-03
-9.508411703201687451e-03
-9.912014560730181278e-03
-1.079582457867936558e-02
-1.131528555291311938e-02
-1.094520730449402568e-02
-1.211108501836275636e-02
-1.214783941754049058e-02
-1.225642975009923544e-02
-1.275230365669711291e-02
-1.258125643505362927e-02
-1.246412246817454536e-02
-1.280441462728023304e-02
-1.226599438524286940e-02
-1.251412443433513877e-02
-1.275044741051859637e-02
-1.230728786158155619e-02
-1.259690132883069941e-02
-1.172309527283526762e-02
-1.133031679086820079e-02
-1.135503073856801090e-02
-8.835789121980928973e-03
-7.837031896148420607e-03
-4.355848575007358406e-03
-9.591738711395506999e-04
2.593609942573246209e-04
2.837822134130285265e-03
2.497223104015948436e-03
1.108619135004760984e-03
1.293598844807105535e-03
9.070025797161746558e-05
-1.450171607980458828e-04
-2.018680720851601194e-03
-2.352057484151339958e-03
-2.157434353700469262e-03
-2.776968556196333666e-03
-2.815766355304945116e-03
-2.946965952569317437e-03
-3.280578613239371315e-03
-3.575438332165891374e-03
-3.462493291561749217e-03
-3.125088997369876616e-03
-4.380405697668333237e-03
-3.040943493179934769e-03
-1.917981792971226685e-03
-1.619810309403940793e-03
3.790742574723238775e-03
4.214469280034952026e-03
4.918711427655228161e-03
5.836574580857230125e-03
6.941599551682211752e-03
7.780771156866274005e-03
5.918185269930555624e-03
5.170720876255112050e-03
2.886134961914592085e-03
-1.306470551395707636e-03
-2.275853839811284307e-03
-4.750240409888185217e-03
-5.998675245627316417e-03
-7.473498837262139254e-03
-8.464866337530844997e-03
-8.014204742178551721e-03
-8.446682000768939227e-03
-7.088598672132325265e-03
-4.864326440076852977e-03
-3.428837310131920262e-03
-2.494164722465297759e-03
-1.590052960778864238e-03
-1.352974266371887281e-03
-1.498161209999188852e-03
-1.436820135452663736e-03
-1.445478070870791915e-03
-1.664901464619793475e-03
-2.240761796900358170e-03
-2.757039959936976453e-03
-2.996699108441400194e-03
-3.651589039378871915e-03
-3.981660429930139813e-03
-4.398804575705573573e-03
-5.226026139059786191e-03
-5.485267004357705437e-03
-6.487412708994503424e-03
-7.406473525823468324e-03
-7.821713365175576513e-03
-9.530524157799227097e-03
-9.289290690172233994e-03
-8.955411068708018368e-03
-8.561373742201224685e-03
-7.359829626344301101e-03
-7.196721688972127287e-03
-3.905401382045544257e-03
-2.958051931167986204e-03
-1.128003583035046059e-03
1.359048966209281707e-03
1.740260394012564963e-03
4.458430246615682942e-03
4.949835502275830822e-03
3.622859725466018397e-03
5.087007235478111129e-03
4.611923139120646838e-03
1.570308618126764477e-03
1.321824860064526415e-03
-7.118306459795436126e-04
-1.126757095279965707e-03
-1.296569032883793798e-03
-2.863765199951564741e-03
-5.714390048308871841e-04
-1.002753897701450826e-03
4.056850251836435577e-04
-1.134262129055036003e-03
-1.437154527304264004e-03
6.871596349916788034e-03
6.675590265752644192e-03
1.995892615791806414e-03
3.154087627651105865e-03
2.713462436599722340e-03
1.930963393685332114e-03
2.359557468777318152e-03
2.195043368325043463e-03
2.292108495379274226e-03
2.400657216441209191e-03
3.284017426219565036e-03
3.321323319861551465e-03
3.292208766453683100e-03
3.348793953106277577e-03
3.332408660448587124e-03
3.109252167196609705e-03
2.723964850085794885e-03
2.913922080823082815e-03
1.463784715038393171e-03
1.251623856923010083e-03
8.992053711565639595e-04
-4.650564020647881235e-03
-5.050981922560417343e-03
-7.918741570752788755e-03
-8.842015234436170074e-03
-9.110079825929529723e-03
-1.018194951097077701e-02
-9.876387511350046000e-03
-1.095661289154799961e-02
-1.088868646936022415e-02
-1.038947212772367047e-02
-8.685575247816721203e-03
-5.888473417408397748e-03
-5.974457482833192556e-03
-2.622712048485778026e-03
-3.157512690895590644e-03
-3.502240790535554333e-03
-2.445299178650627448e-03
-4.745223525553095636e-03
-3.992694535732511929e-03
-3.062061686348073030e-03
-8.855898893527842279e-04
-3.980419579943942818e-04
-1.188448255856140896e-03
-4.242166751380437376e-03
-5.631642162037436491e-03
-8.073614752466021574e-03
-7.457277180122178460e-03
-8.712519089389501176e-03
-1.226641121323693295e-02
-1.260525414173820254e-02
-1.259276655547084296e-02
-1.191819208786292980e-02
-1.141312608650092014e-02
-1.298628048823556591e-02
-1.266638576943149297e-02
-1.373773915984986306e-02
-1.444047660523870361e-02
-1.490979247660974977e-02
-1.612754073568164331e-02
-1.513482444461321935e-02
-1.611539435238958790e-02
-1.651652171312474604e-02
-1.600751439925116731e-02
-1.802283138207113472e-02
-1.745764374209889114e-02
-1.781627294778144466e-02
-1.877441310725212753e-02
-1.646209608008523256e-02
-1.590971586213461159e-02
-1.257164152166238835e-02
-6.127904632321671576e-03
-2.648062187095769071e-03
8.267585157590684030e-04
5.153826894417025059e-03
4.985442664588253872e-03
6.038132480582953515e-03
6.029211280757906105e-03
5.191945617901459059e-03
4.736839677527372380e-03
-1.003819364686353360e-03
-2.979873915723628506e-03
-2.947602797332535621e-03
-5.603286693532600997e-03
-3.926950179289474992e-03
-4.857060265356935927e-03
-4.708874161647455883e-03
-5.102859207377840982e-03
-9.708738643103443505e-03
-1.036229374838458506e-02
-1.114997629328690065e-02
-1.211651312898995997e-02
-1.088081260526265262e-02
-1.159205820114313397e-02
-9.722581620050130269e-03
-9.404753725207385534e-03
-9.492166679133207802e-03
-8.967462597089985790e-03
-9.777181216279715731e-03
-9.353488574195543623e-03
-9.554939108941486181e-03
-9.702893857545073775e-03
-8.896249343504936472e-03
-9.272888923273291117e-03
-6.820907494718728842e-03
-5.759302690928779465e-03
-4.740282396693312056e-03
-3.177069333069492806e-03
-3.172025905870525919e-03
-5.256825748171690960e-03
-7.047747536813912805e-03
-7.103337414681542075e-03
-9.448237284577259282e-03
-1.181168397315580237e-02
-1.211153509602853375e-02
-1.211996487817868298e-02
-1.108370109153342976e-02
-1.011799773467512986e-02
-9.827145385666591348e-03
-8.032023015700832241e-03
-7.254704061421068592e-03
-5.295757406357197786e-03
-3.885020160267298878e-03
-1.342832646309260851e-03
2.369371346759596188e-04
2.192018934077656807e-03
3.436227377069666321e-03
1.079098421387841194e-03
-2.045324485716287777e-03
-5.510101871254675931e-03
-4.799680412976438382e-03
-6.279605047306405924e-03
-5.707756184648904267e-03
-5.791431266958562557e-03
-7.712231698401607327e-03
-8.260372544393802807e-03
-9.564136948749879866e-03
-1.223284731234518773e-02
-1.156806355720574331e-02
-1.007089805378315675e-02
-1.017387216861139095e-02
-6.600414641443787603e-03
-6.286605861715251903e-03
-6.128029844740066207e-03
-4.517221377785356901e-03
-5.264561824026915346e-03
-4.313719088997997053e-03
-4.201416489262150243e-03
-4.690186349912941338e-03
-3.604032382201082484e-03
-4.985776902694665468e-03
-4.806022782499610319e-03
-5.775818611102409399e-03
-8.236528133489403464e-03
-7.572727794473061574e-03
-1.145568170217011426e-02
-1.170234286061579837e-02
-7.407481189222834064e-03
-7.445987005911618682e-03
-3.328850304353455150e-03
-2.878946810024454262e-04
1.524442380041944513e-03
2.003178493260362666e-03
3.384751247960460403e-03
3.030858784261779640e-03
3.041163826989491149e-03
3.306770213551248408e-03
2.948817409526532755e-03
2.875559561712415051e-03
2.488462451399213460e-03
2.390019944038436137e-03
2.341449403060485816e-03
2.074804143161149139e-03
2.216812457837755851e-03
2.087317980180894775e-03
1.713689318722375976e-03
2.502398248147229623e-03
1.351428599385824615e-03
1.735871376198680656e-03
4.087970373258190647e-03
4.331945586921934037e-03
5.526089773977805111e-03
5.353794140098784397e-03
5.686390249972458899e-03
6.988572893273358247e-03
2.782836232252167488e-03
2.558981992919443817e-03
4.601499550694314149e-03
4.521156737213934997e-03
8.268059954687495203e-03
7.772012622356415552e-03
1.010523640203477361e-02
1.106298604426846945e-02
8.514073965744623634e-03
8.582761307406209378e-03
7.102265523398743584e-03
6.532797170766021892e-03
6.272655451322963621e-03
5.876597929304767584e-03
5.635245961875133894e-03
5.520664086812648863e-03
5.660966969437254345e-03
4.944849040736945360e-03
5.740483195480453223e-03
5.381562527490639167e-03
3.152616095021165427e-03
2.657961665296518748e-03
4.230052193438087475e-04
2.802084796403569436e-04
6.250835210673622911e-05
-5.523294562264129343e-04
2.564913654166955134e-04
2.867630181300113729e-04
5.203941438121796994e-04
7.547449230506115408e-04
7.771391643902097112e-04
8.927184905685412201e-04
9.496736732124862451e-04
9.712021877137365930e-04
9.977521636991685573e-04
1.044657945704754141e-03
1.009320151689671640e-03
1.029648950654850391e-03
1.109479928010706279e-03
8.934954971198683918e-04
1.147826449091284354e-03
1.030837389852260443e-03
1.489359710432294369e-03
1.764134340049092285e-03
1.530093583647814488e-03
1.908629086888198037e-03
2.714064326659417371e-03
2.997209819438489097e-03
3.014310651140072062e-03
3.000964378842903291e-03
3.412734573978491205e-03
3.340107510275933632e-03
2.466273862770448563e-03
2.389888570774351562e-03
2.064274573275137487e-03
1.850109346489429117e-03
2.172906754072920915e-03
2.147749536875785160e-03
2.215705555032062082e-03
2.290164587895898978e-03
2.285359657453578820e-03
2.320979710667534727e-03
2.333461686999227253e-03
2.337723751879082316e-03
2.349257622948032562e-03
2.351427530427677159e-03
2.354695847427487523e-03
2.357592482239608423e-03
2.358340621541047798e-03
2.359602832169334016e-03
2.360063991327258481e-03
2.360486644291634982e-03
2.360216154730827593e-03
2.360080925884678899e-03
2.360160624154498520e-03
2.357413035701205490e-03
2.358554362712558892e-03
2.355443411091638194e-03
2.348094551269214094e-03
2.356005408058129379e-03
2.332774423362929481e-03
2.329699593030192407e-03
2.345752409353770926e-03
2.244108493326491070e-03
2.326018167135455658e-03
2.244169924986932387e-03
1.938604918377018985e-03
1.979320710365062904e-03
