-6.447735369464462074e-02
-6.062709446525964274e-02
8.159883998676042624e-03
1.190017451932031192e-02
-7.869945486579613125e-03
-1.400120194243738639e-02
-8.747680222904733599e-03
-8.747680222904861969e-03
-8.747680222904449104e-03
-8.747680222902124575e-03
-8.747680222904148997e-03
-8.747680222903321534e-03
-8.747680222905614839e-03
-8.747680222904348490e-03
-8.747680222903711847e-03
-8.747680222903708377e-03
-8.747680222903446434e-03
-8.747680222903581743e-03
-8.747680222904813396e-03
-8.747680222902958977e-03
-8.747680222903590416e-03
-8.747680222906097092e-03
-8.747680222903342351e-03
-8.747680222902924282e-03
-8.747680222904254815e-03
-8.747680222904567066e-03
-8.747680222903746541e-03
-8.747680222903817665e-03
-8.747680222903810726e-03
-8.747680222903298983e-03
-8.747680222903005814e-03
-8.747680222904541045e-03
-8.747680222903822869e-03
-8.569789727943533109e-03
-7.889789358419045662e-03
-1.134378562227088445e-02
-1.143273086975057917e-02
-1.279273160880353873e-02
-1.279273160880252738e-02
-9.518668487940277687e-03
-9.177676271087096410e-03
-1.887713649441006766e-02
-2.051416805483988540e-02
-2.119615248855121273e-02
-1.720832024455852538e-02
-1.577443200833508752e-02
-1.787076526225579373e-02
-2.079971387458399296e-02
-2.411397415099094874e-02
-1.884918737176365447e-02
-1.838167112659475771e-02
-1.748870351867276574e-02
-2.034623528995802705e-02
-2.355661688562572798e-02
-3.163928653407647312e-02
-3.021052064843249285e-02
-2.378975745709106804e-02
-2.378975745709363890e-02
-2.378975745709252174e-02
-4.379831280592166171e-02
-4.549053831990343411e-02
-5.280038280829412595e-03
4.724239393585518212e-03
2.348408190301645715e-02
1.046492721694190081e-03
-1.501274277685159808e-01
-1.152560478320704268e-01
4.697933031915531993e-02
2.168404894958387008e-01
1.400740708800747858e-01
7.763906310485453599e-02
1.524028515770193756e-02
-1.463180319486958930e-03
-3.213269430272164967e-02
-6.158359141010321530e-02
-1.118288492504042053e-01
-1.134232977912587453e-01
-3.186991587455813291e-02
4.990520875229268599e-02
3.349198122620412194e-02
-7.538280450905163188e-02
-1.088018942545283391e-01
-9.189953294898463299e-02
-9.277021591739492701e-02
-1.988371747246429205e-02
9.999943239221785463e-03
-2.907805561380263741e-03
-5.710506312373936355e-02
-5.143380049833061463e-02
-7.417108588069031005e-02
-1.486151435152703038e-01
-1.990435900317954754e-01
-1.721015284225188846e-01
-1.766321002608295387e-01
-1.043328544477525044e-01
7.867496137764809494e-02
1.008465851536334279e-01
7.859313861607362950e-02
6.538554395244183803e-02
7.370279123792831434e-04
-2.132587782229209555e-02
-1.987443473319453965e-02
-5.024319286065120904e-02
-8.825534102408993942e-02
-6.193652749169208105e-02
-7.618770664461314845e-02
-5.493682000764170403e-02
1.395027423389447185e-02
-1.571186539219682817e-03
-7.750118321849394643e-02
-1.019579206048874254e-01
-4.507751235262926620e-02
-7.548879958923361555e-02
-1.112667737820370074e-02
1.273200389514919650e-01
2.677621226491242457e-01
1.875336641995887232e-01
1.464688267362690074e-02
-8.998597465700874931e-02
-9.729186661988055429e-02
-6.240342363568436579e-02
-6.921158125948446982e-02
-3.148330087056327303e-02
-1.380524647433912198e-02
-2.711498807474966438e-02
-3.936831438594288329e-02
2.027569497328576137e-02
4.221360526747897773e-02
4.465259290363579603e-02
7.649535747776617378e-02
7.057948005570732763e-02
7.392323156018587582e-02
8.524634768916233840e-02
1.084395384096936421e-01
1.122620726471517116e-01
8.961584038919903628e-02
8.961584038919845341e-02
8.961584038919784279e-02
8.961584038919709339e-02
1.136153028537371240e-01
1.191607119276932997e-01
2.244692853170581273e-02
-8.070054857311227334e-03
-7.494258619439120306e-02
-5.670720586466587027e-02
-1.091525326118347600e-01
-9.707279714241549839e-02
-2.634269507145290540e-02
1.499961813606289496e-01
7.166361242456950609e-02
-1.771254671278965978e-02
-7.875788418657343748e-02
-1.463694998159663085e-01
-2.200440879738584654e-01
-3.149418668703247159e-01
-2.846078493863411496e-01
-2.149722727461042260e-01
-1.209695986882119156e-01
1.504261203116387668e-01
1.892829201494146407e-01
1.491440302657538741e-01
8.827873473466420207e-02
-1.069321860193047646e-01
-1.808654151353636663e-01
-1.687878443069845691e-01
-1.433275495518828435e-01
-4.142333161526309121e-02
1.340317850163360788e-02
-1.121987415040835538e-02
-4.480199018632729374e-02
-1.174951015188556852e-01
-1.306438699479348930e-01
-1.278011860335435124e-01
-7.515018515580897118e-02
4.879423007543754603e-02
8.095500415416051476e-02
3.319542484951564648e-02
3.969409672048258148e-02
7.295005122869203940e-02
4.737138501086791964e-02
-2.490014243371427988e-02
-1.366578258432868120e-01
-9.409918574012275660e-02
3.367843648227548947e-02
1.331937591334911020e-01
4.414546590585755742e-02
-1.037858757468288901e-01
-2.314900751322598316e-01
-1.736604707540489456e-01
-2.581369255409293739e-02
4.776731257196155378e-02
-1.814189916257749058e-01
-8.716982448130249084e-02
3.637713242256191970e-01
4.127952779879054956e-01
5.112785099625072327e-02
-1.370429170990469965e-02
2.672455981390942439e-02
-7.153253699390750564e-02
-1.775780893623317980e-01
-1.328714837248940184e-01
-8.500036935300012142e-02
-5.021782947380200313e-02
-7.021522108600640293e-03
-3.007829887777509550e-03
-1.203025369156533221e-02
-1.472159612511345604e-02
-1.246877542453254523e-01
-1.395354114834220505e-01
3.511556520010768873e-02
1.194799851420381559e-01
6.617524832014148872e-02
1.303157359511530333e-01
6.336992105011582388e-02
-3.098773687862378320e-02
-8.949063724384968832e-02
-5.408711459698503643e-02
-5.486668522376549756e-02
-4.746919564623355153e-02
-1.284939116066052822e-02
-5.203981268611710016e-03
9.750686102622982757e-03
9.989703128235886270e-03
-5.301116655860757011e-03
6.303540901507206397e-03
3.225138758801787903e-04
-3.156559245536313951e-02
-7.105450947054357813e-02
-6.804104395855357923e-02
-3.309754028676467619e-02
-1.625424616851617321e-02
1.835663550057362384e-02
3.371551069804419598e-02
8.012761732359170719e-02
8.375544619534704138e-02
5.608198744492478433e-02
1.143730302407629414e-02
-1.307228971619068744e-02
-7.494258619438806668e-02
-1.409197531932062653e-01
-9.303790329159838945e-02
-1.255489595388283308e-01
-6.985252830700380833e-03
3.311628022934414717e-01
3.419973705406703091e-01
-9.400184863621921169e-03
-5.429602968652728207e-02
1.195779783478832792e-02
-5.519628533384460939e-02
-1.190258884615251062e-01
-5.072667196402188411e-02
3.059511213934286780e-02
4.693015063853916979e-02
3.175271192446921242e-02
2.903712484021421861e-02
-9.833418607938375008e-03
-9.486549667197670746e-03
-2.116681913128926409e-02
-2.713281997027325657e-02
-1.368655971756273758e-02
-5.383467352147364507e-03
1.037311726808487315e-02
1.140944849457423312e-02
2.068776323632688305e-02
6.895951865246437162e-02
7.253128344613994638e-02
-9.964344824595315619e-04
-2.485508163245718494e-02
-4.637435205215547501e-02
-5.983653192250188574e-02
-4.235527843766081352e-02
-3.418206699736379972e-02
-3.418206699736275889e-02
-3.418206699736370258e-02
-3.418206699736394544e-02
-3.818593985336970337e-02
-3.732980449292316871e-02
-8.017620140440525137e-03
-6.015683712437174327e-03
-7.462655337655668512e-03
-4.486847352408810871e-03
-2.339294497680374785e-03
-1.420878447337443028e-02
-9.645574598404789771e-03
-1.044461950959588437e-01
-3.944271015287643262e-02
8.715503300725903346e-02
1.332345739842833443e-01
5.017496580955102536e-02
5.017496580955015800e-02
1.367615946211587774e-01
1.358134640586476649e-01
7.257854954212251963e-02
1.496029170127076077e-02
2.717847460825454850e-03
-3.703182270469985299e-02
-5.930740919120232324e-02
-8.628970967403114256e-02
-9.072465087607346768e-02
-2.052737920880787770e-01
-1.240007183886037562e-01
2.788559297207746784e-02
8.323831756871689913e-02
1.395345609060690516e-02
3.972639089774148563e-02
1.520300998486867894e-01
1.423490001101501978e-01
-1.158718322845486183e-02
-1.231965719178089724e-01
-1.014958543081692921e-01
-7.069790992966626386e-02
-5.926573480445640474e-02
-7.429315525218731231e-02
-6.533923918673679998e-02
-1.342142964540737372e-02
8.452760482456721626e-04
-1.488843864476093685e-03
-5.932469078970255792e-03
-2.463612765245333514e-02
-1.710514855701463985e-02
1.181468591024854853e-02
1.009409173010626486e-02
-1.454243401189477848e-02
-1.970856518677784053e-02
-4.055496506800193579e-02
-4.355453740153177045e-02
-3.764333019655715512e-02
-6.608293503958635740e-02
-2.523023396328440970e-01
-1.952663114408992318e-01
1.906400238684316795e-01
2.202482588135308839e-01
4.156910223612071340e-03
-7.193228659242055338e-03
1.211451107882474849e-02
-4.533748873188503392e-02
-1.211213253576082921e-01
-1.203762538547214628e-01
-7.494109525625505808e-02
-2.643794711048640458e-02
-4.272285242318095075e-03
-6.957753223703809498e-02
-9.557559129739752468e-02
-8.892835544076020671e-02
-7.132221167368277270e-02
-1.299847909310021185e-02
-1.725956817033903745e-02
7.912742017324857647e-04
-6.070702872225911158e-03
8.957827375147723453e-03
6.663104858349343240e-02
8.781787861236291237e-02
1.947888796003058309e-02
-1.012695301954175259e-01
-1.377201222354879073e-01
1.466023190330691291e-02
1.161669551285477442e-01
2.285774756971142851e-01
1.875336641995886122e-01
1.464688267362668390e-02
-7.147383535396693854e-02
-1.070088212404870370e-01
-1.320982972552402490e-01
-2.280939024519712255e-01
-7.357151770378632383e-02
9.590266131292639329e-02
1.956022996054639917e-01
7.525063693228845052e-02
1.603834470245808774e-01
7.863803781711160845e-02
-1.377692349597789689e-01
-1.821953500489515709e-01
-1.133945486462220320e-01
-4.041282129172901749e-02
4.735534910040728462e-02
8.308128919034762916e-02
1.238369913419088697e-01
1.033691241028532326e-01
-1.794482456707001405e-02
-7.677487207680115666e-02
-3.583913759869303273e-02
-3.583913759869111065e-02
-3.583913759869232496e-02
-3.583913759869267190e-02
-3.583913759869438581e-02
-3.583913759869406662e-02
-3.583913759869370580e-02
-1.205708909102929383e-01
-9.909086917234985470e-02
-1.373466604067626884e-01
-9.498078375096488668e-02
-1.379408272268533298e-01
-1.379408272268515256e-01
-1.379408272268468627e-01
-1.379408272268556612e-01
-1.379408272268483893e-01
-1.379408272268492219e-01
1.051919380867531902e-02
-3.082305609952522285e-02
-2.053095147127553255e-01
-2.795395252305203360e-01
-1.968550254141179512e-01
-1.968550254141217537e-01
-1.968550254141259448e-01
-3.571692709864301429e-01
-3.448065184830135244e-01
-1.196274901399405483e-01
-3.947036735378626343e-02
-6.419587236060998736e-02
-6.419587236061158331e-02
-6.419587236061402580e-02
-6.419587236060833590e-02
-5.493221860967793975e-03
-9.766113380198084698e-03
-1.075232154633622150e-02
-1.010592891839160318e-01
-7.827507759243954033e-02
5.821452000042412651e-03
8.960356542553557513e-02
5.798339269885018771e-02
4.942119071945634372e-03
-2.171002704386055041e-02
-1.542339580257453581e-02
-1.542339580257459652e-02
-1.542339580257529041e-02
-2.281543183459915081e-02
-2.164930080328288098e-02
-9.160724851682991790e-03
-5.464706835670077138e-03
-7.796968898300545535e-03
-7.796968898300608852e-03
-7.796968898300900286e-03
-7.796968898300193386e-03
-6.155793724421171819e-04
-7.818841301319712223e-04
-6.053374077879565551e-02
-6.412443554172490845e-02
-6.379182602634660137e-02
-6.379182602634717036e-02
-6.379182602634746180e-02
-6.379182602634579646e-02
-6.379182602634611565e-02
-6.379182602634658750e-02
-6.379182602634700383e-02
-6.379182602634611565e-02
-6.379182602634615729e-02
-6.379182602634683730e-02
-6.379182602634674015e-02
-6.379182602634657362e-02
-6.379182602634668464e-02
-6.379182602634651811e-02
-6.379182602634651811e-02
-6.379182602634728139e-02
-6.379182602634676791e-02
-6.379182602634740629e-02
-6.379182602634697608e-02
-7.514332670662447755e-02
-7.908808266622692484e-02
-6.842677572709883341e-04
4.991482582867811518e-03
1.288099450207387878e-02
1.288099450207416154e-02
1.288099450207430899e-02
1.621399980935837523e-02
2.091243569825017995e-02
3.183235421921693648e-02
3.016585156557467437e-02
2.076897978778975001e-02
2.076897978779010737e-02
2.513071122771688704e-02
2.424789042361997007e-02
-1.703266507246003385e-03
-3.884132227209344864e-03
-2.118490619016205698e-03
-2.118490619015562550e-03
-2.118490619016187917e-03
-5.222808245543982507e-03
-5.703236752403039594e-03
-1.771608100918665822e-03
-2.194492876550117140e-04
7.414077260616485461e-04
7.414077260627616964e-04
7.414077260622018144e-04
7.414077260625953798e-04
7.414077260627341577e-04
7.414077260632425401e-04
7.414077260624654924e-04
7.414077260622512541e-04
7.414077260619996107e-04
7.414077260610840020e-04
7.414077260617142487e-04
7.414077260635513209e-04
7.414077260624425073e-04
7.414077260611794118e-04
7.414077260613095161e-04
7.414077260631545029e-04
7.414077260636692821e-04
7.414077260634549353e-04
7.414077260619079957e-04
7.414077260619948402e-04
7.414077260627169189e-04
7.414077260627250504e-04
7.414077260619468101e-04
7.414077260610177572e-04
7.414077260618525929e-04
7.414077260626066555e-04
7.414077260622739139e-04
7.414077260622931043e-04
1.098189402382202277e-03
1.763230505305317299e-03
-2.250734013034837427e-03
-3.202723909661038103e-03
