2.491260803620529846e-03
4.152717859347684372e-03
3.261788452474516375e-02
3.710044504922274666e-02
2.546098167366641837e-02
2.199130589781741682e-02
1.821369973203600806e-02
1.725256106338286799e-02
1.691315700646494474e-02
1.675285397493195966e-02
1.673029686130811031e-02
1.672173136131089796e-02
1.672136769484357591e-02
1.672188872725929865e-02
1.672183915622080588e-02
1.672184136258388770e-02
1.672184216457472949e-02
1.672184199973210383e-02
1.672184200741358082e-02
1.672184200741813967e-02
1.672184200741100649e-02
1.672184200508125898e-02
1.672184206532990880e-02
1.672184159609364090e-02
1.672184211287041158e-02
1.672186030879159110e-02
1.672162849346221433e-02
1.672245961564553310e-02
1.672445245333024216e-02
1.671661513748524605e-02
1.674724732897474311e-02
1.676071738947762166e-02
1.660854629493700718e-02
1.713323710715644946e-02
1.648329213767581181e-02
1.439691009301459317e-02
1.390017351198443059e-02
1.479404441666410351e-02
1.552583670225413104e-02
1.269851759856881375e-02
1.354681285638891820e-02
2.653802576418001422e-02
2.930751010877703094e-02
2.761156451527665631e-02
4.221229111572603193e-02
4.822812811072547251e-02
3.875239028578546935e-02
2.765352580908197674e-02
7.594210042582970679e-03
-2.504964391053609782e-02
-2.433953018875878796e-02
-1.390025554979723750e-02
-2.067276655735345373e-02
-2.050028642847886995e-02
-2.586960776000361145e-02
-2.333051859644516904e-02
-2.201006106554268330e-02
-2.196939534178472125e-02
-2.270969980669340291e-02
-1.838504275108372374e-02
-2.355330390985448802e-02
-4.260919598934127112e-02
-4.312192092093144330e-02
-5.028649315197864650e-02
-4.480243074671134973e-02
6.494001434390156771e-03
2.028176238334485765e-02
-3.613886744079981405e-03
-1.149571815051029719e-02
-2.895207208875603261e-02
-4.915047504720376770e-02
-5.679816633258739228e-02
-4.719267314206924274e-02
-6.839589973678841806e-02
-7.197528904421163221e-02
-7.127255135784808793e-02
-7.230117044935091553e-02
-4.818518818288991534e-02
-5.726123607687865630e-02
-4.592200437920949257e-02
-2.709592689144131594e-02
-2.063658462362957108e-02
-4.700864590751675093e-02
-1.507126761158777625e-02
-3.349221584469837948e-02
-4.616998609073423576e-02
-3.889988141339995736e-02
-2.160139101999307421e-02
-2.714122202118682617e-02
-1.533201931069868261e-02
-2.718014552853401447e-02
7.766098751562834244e-04
-1.996849932593909582e-02
-7.751708865421461092e-02
-1.028179963783067835e-01
-1.144570597573362353e-01
-1.187131952001328067e-01
-1.131979872509512874e-01
-7.040357777970750186e-02
-5.998575240578255668e-02
-4.601823385766242586e-02
-4.431038614493632705e-02
-6.794546739633748611e-02
-7.696380144935049961e-02
-5.725341687392976331e-02
-1.582661621341452038e-02
-6.682096788159944643e-03
4.921117242619339575e-03
1.109617455305990028e-02
-1.638017792056918956e-02
-2.546044254103790525e-02
-6.083150830223860162e-02
-2.772163858866547037e-02
-6.127129279921736393e-02
-9.896163228277762847e-02
-1.418873384719948616e-01
-1.279359392699593312e-01
-9.536134647459719449e-02
-5.196281127922517534e-02
-2.932990718842481970e-02
-2.979494219321274229e-02
-2.826127373720989724e-02
-7.753715548306001730e-03
2.986418634400532859e-02
6.363682538014596435e-02
5.458149424226316215e-02
5.255543079645436100e-02
3.202367028132015181e-02
1.087638037264729816e-02
-2.755550072000196096e-02
-2.740871519767790199e-02
-2.691832807997792884e-02
-3.051161253984953706e-02
-3.452363621291349577e-02
-3.027099671193048125e-02
-2.544269879403039669e-02
-2.543998575354652902e-02
-2.509233552673878487e-02
-2.396710225703883868e-02
-2.250104072169639702e-02
-2.121246810079699049e-02
3.808333658483199942e-03
9.446234512130707167e-03
-5.836790672895652947e-03
2.907500895230133095e-02
1.410742523934843673e-02
-4.017710274857885094e-02
-8.026269819514759984e-02
-7.076624832911017349e-02
-6.844890230400885178e-02
-5.872373256796328822e-02
-5.659861055725404905e-02
-7.288886379020312334e-02
-6.179420561320356220e-02
-9.181509903474648071e-02
-9.335649244121253798e-02
-8.312082777546954404e-02
-1.033720132941126080e-01
-1.376945906996569768e-01
-1.485420932556268114e-01
-1.514178864742918573e-01
-1.495927328301430714e-01
-8.562018349664692052e-02
-6.479165800307902512e-02
-7.029089959362538886e-02
-6.048890279278180959e-02
-3.987766769526061156e-02
-3.870582139491150070e-02
-2.604165440094150311e-02
-2.831759091166291195e-02
-1.092139624835438382e-02
-1.502222513443743877e-02
1.093633975578454931e-02
1.293862180600988468e-02
1.159011581672559233e-03
-2.450732745424299280e-03
-2.485659823612456840e-02
-2.086667368753230764e-02
-1.796742208009343734e-03
1.298471093386151763e-02
1.046270804840889780e-02
-1.149325654922141995e-03
-2.025552995176010604e-02
-2.434760998038992819e-02
-1.943996880372704170e-02
2.070707871949862763e-02
4.577871437808082866e-02
6.607583034280463397e-02
3.949529425072671046e-02
-1.126666915019070361e-02
-2.488562363913576769e-02
-1.290257888973747645e-03
-5.237522331572128792e-03
-1.890864621771703308e-02
-3.124486007518855954e-02
-5.033842365147063458e-02
-6.190174060842132397e-02
-3.396316776737015597e-02
-9.459202148640669106e-03
-1.232765455795095319e-02
-4.650458182799931811e-02
-1.301977101183303120e-01
-1.221893656555347318e-01
-6.665923453652584929e-02
-2.638823784161323932e-02
1.340332939857792789e-02
1.749094895747710376e-02
7.275154234649568175e-02
-1.070820458811790922e-02
-8.663338159987289677e-02
-1.005959516506381851e-01
-7.896093779415154501e-02
-8.887926524922298843e-02
-7.101666861844965761e-02
-1.189908287236049467e-02
-3.392284883940732687e-02
-8.848464187080853915e-02
-6.867772226427379390e-02
-3.567984818582466133e-02
6.672358357636229420e-03
2.247269607406982006e-02
8.224657243007815755e-02
7.639217653521561402e-02
4.773456798268176093e-02
6.368731570339536407e-02
6.009708280302816785e-02
2.207776568011237187e-02
2.857505069791817058e-03
-4.000236417985384915e-03
-1.330401409400562562e-02
-7.110438989924377021e-03
5.567854475468055238e-03
6.415010593876775517e-03
1.147147861789240240e-02
1.023841072590040563e-02
9.118643396911816842e-03
2.275814525512103587e-03
8.447440230247875090e-03
-3.915771367564203215e-03
1.314667481810322981e-02
3.362196041004218705e-02
-6.794283393887104276e-03
-1.814985486798856990e-02
-3.142421985689355934e-02
-3.888057245879364410e-02
-2.163352492873296326e-02
-5.488814955899878195e-03
-3.859212727536870911e-03
-2.191189286215532162e-02
-7.188667903665899028e-02
-8.298653348425610865e-02
-7.005108021103689797e-02
-5.849056921182652080e-02
-2.757424741841289426e-02
-1.320926972175949163e-02
7.151481167071306599e-02
6.728699419709825713e-02
7.359027534205661580e-02
8.239535744215577273e-02
2.110339952752769005e-02
2.920636628205845308e-03
-7.165671320487319168e-03
-8.887691804942891502e-03
6.733301810609302251e-04
-8.076832351611568789e-03
-9.412523141501488375e-03
-9.278996451841327667e-03
-1.737660467785763149e-02
-2.231092585255731869e-02
-1.321070365713323570e-02
-1.123594778164859094e-02
-6.377256621614970852e-03
-6.079614259760695270e-03
-5.893480452144115103e-03
-5.959773107050331080e-03
-7.880734187125452636e-03
-7.588788322506273380e-03
-1.505082769102523803e-02
-1.410376354649533516e-02
-1.641881826888359763e-02
-1.855933753916736567e-02
-1.068792998081318987e-02
-1.594308435351405109e-03
3.113071475189277751e-02
2.492648797987282241e-02
-2.106864851684307673e-03
-3.718605721004514253e-02
-4.146490425885854952e-02
-2.628719502834514846e-02
-2.615810859607493877e-02
-2.834876331371926142e-02
-2.061909439720486723e-02
4.364725678880469924e-03
1.220949509654050899e-02
1.019496402445184240e-02
1.441215302730604504e-02
-8.715544278678091436e-03
-1.846065825470979277e-02
-1.462201938357565734e-02
-1.306812267694105459e-03
2.504612386824149606e-02
4.006634179756299319e-02
2.990076728948865697e-02
1.337796998077345374e-02
6.492675739419034517e-03
-6.317591119731608140e-02
-5.212654612929173287e-02
7.102096796005158072e-03
-1.972606400987188605e-02
-5.422569604893617834e-02
3.454033265366561207e-03
5.528343203466275745e-03
1.856823170196444245e-02
2.556336261340414959e-02
4.180706183058925662e-02
4.039853541706384804e-02
3.883296835799891072e-02
4.196633961982697281e-02
6.137126289075493096e-02
5.350655293027001269e-02
-4.352683115871765727e-03
-7.985188347189739466e-03
-7.405311326928309436e-03
-8.115416098930952268e-03
-3.631575310876935039e-03
-9.186675047163871382e-04
1.262979271866202999e-02
1.216045413395663854e-02
-5.209620700134457577e-02
-6.207740797150383683e-02
-5.489130767672664030e-02
-4.924712485945558632e-02
-4.475676665894644940e-02
-3.813031157825988449e-02
-1.486467786666674160e-02
-1.126183634632486538e-02
-4.833817834588770984e-02
-5.412655344789769202e-02
-6.128911217451840643e-02
-8.150637071378719067e-02
-7.550196289541190320e-02
-3.567476874558297983e-02
-3.527039622021321819e-02
-2.494815873062230377e-02
-1.711989023494356332e-02
6.727454716710013286e-03
3.808105308820525139e-03
1.853030179808276426e-03
6.292938233045775043e-03
1.006711133106026612e-02
2.997757020572147310e-02
4.829185516766505704e-02
2.791433917557741701e-02
8.387410393709307868e-03
-2.772418381372099283e-02
-9.431733609882793357e-02
-1.216387858091865365e-01
-1.395529899878560076e-01
-1.334362124613414635e-01
-9.280786491088964529e-02
-4.510234209849423720e-02
-1.336423608700813663e-02
1.156664743075421636e-02
3.061685367631093724e-02
2.188653095761057543e-02
1.327443534374075397e-02
1.335736721084957584e-02
3.583713958161325111e-03
-3.615884010676576055e-02
-3.459968699202327358e-02
-4.113733190224630812e-03
1.485305403788457664e-02
3.742691338326371853e-02
5.016656961549556537e-02
6.246692804206464313e-03
-4.049262151464741444e-03
-1.454533933291557272e-02
-3.565038713673261001e-02
-1.044074646705224069e-01
-1.161348147658121943e-01
-9.008391541086338550e-02
-1.002466355331717990e-01
-9.405348697345711217e-02
-9.067810980070102611e-02
-9.562137951347524090e-02
-9.939577995935984511e-02
-9.871561017972745045e-02
-1.265063243026877671e-01
-1.323754509377274291e-01
-1.245686341044593831e-01
-1.156149372895156485e-01
-9.165576374758477307e-02
-9.263042710160609983e-02
-8.867248600044209950e-02
-8.298918894969886662e-02
-8.622991259916007456e-02
-7.648915773079251190e-02
-8.617510300313269145e-02
-7.847400543705133902e-02
-2.112858865146482329e-02
-1.276470835289029125e-02
-1.774871316761721107e-02
-5.844265467773731605e-03
-6.599889169819124317e-03
1.946949843530641072e-02
2.535282482791036129e-02
3.714437128875373167e-02
3.000915682496939352e-02
1.061459988776676869e-02
1.047880701154550037e-02
5.730676202547582525e-03
-2.699847892266959547e-03
-1.000186399246937377e-02
-2.652024643193284098e-02
-7.299095099819369326e-02
-9.463061209664398732e-02
-5.162104360549241849e-02
-3.400155523423496143e-03
4.014163420269155347e-02
2.998527740524362453e-02
2.143589658323098376e-02
7.169863133904382652e-03
-1.509510712422930964e-04
-1.116948007200635690e-03
-2.187048457631870797e-03
-4.252810610958714273e-03
-5.043717111175759216e-03
-1.023203860409544787e-02
-9.470426930215507591e-03
-7.681443040198346860e-03
-7.906973972115097921e-03
-7.981153481475326134e-03
-7.195694244852871360e-03
-8.065813488804396067e-03
-9.139874108464503960e-03
9.390604808607226628e-03
9.831969331241514551e-03
1.241206141753734525e-02
1.310747358904988842e-02
1.311074078433294501e-02
1.320279124769095300e-02
1.320242315667552631e-02
1.320187927997266281e-02
1.320283068211948289e-02
1.320248269922754888e-02
1.320250917108576130e-02
1.320251197235702660e-02
1.320251180434411920e-02
1.320236858230433574e-02
1.320398956148704540e-02
1.320061064448272217e-02
1.318898535015778847e-02
1.322517327414724810e-02
1.291353605698057801e-02
1.255906724821197890e-02
1.216537831403910475e-02
3.529448937081183617e-03
1.954643130100701311e-03
-9.401126254831502355e-03
-5.595540121146103975e-03
-1.387280458546712603e-03
-1.259969306776601841e-03
-3.666332222897752350e-04
9.133732004008209004e-03
1.146410445990470907e-02
2.152553324672197219e-02
1.756048677590595422e-02
1.205129074985768212e-02
1.241471368203773615e-02
1.087451900872800879e-02
1.069799652563301756e-02
1.016858513344970870e-02
1.057741737550229981e-02
1.059407636963954728e-02
1.066412739871511715e-02
1.067587245945145549e-02
1.177270660825106841e-02
1.183471660743419876e-02
1.188873432951187067e-02
1.139209790938074986e-02
1.114539497916066345e-02
1.112270755929359832e-02
1.108207093019711320e-02
1.107239749775611008e-02
1.107223166089200093e-02
1.107093778459303235e-02
1.107087667791199770e-02
1.107094388350693230e-02
1.107093696029697732e-02
1.107093723151514851e-02
1.107093733915803964e-02
1.107093731832030706e-02
1.107093731928390605e-02
1.107093731928479423e-02
1.107093731928572578e-02
1.107093731928227714e-02
1.107093731707550419e-02
1.107093737049505769e-02
1.107093701285193597e-02
1.107093672773023715e-02
1.107095645006056679e-02
1.107075811483550568e-02
1.107121324506950971e-02
1.107494030645958180e-02
1.106352700032414184e-02
1.108034715934499113e-02
1.115042202012404664e-02
1.077618597790921777e-02
1.124951468153880842e-02
1.117605432579792633e-02
4.018399298760923742e-03
3.808972306115387257e-03
