9.898114752561232473e-04
1.115209077454708915e-03
1.732296434045051993e-03
1.283211510362310603e-03
2.220296010933980792e-03
2.656736263648161716e-03
3.826952864153234431e-03
4.140887306361330615e-03
4.539873832666238736e-03
4.907561848348986067e-03
5.018046355610387456e-03
5.202722810264793531e-03
5.242900496494617112e-03
5.272755397806657904e-03
5.264314018045648282e-03
5.089105809710484443e-03
5.101934424523146480e-03
4.733902772638471333e-03
4.383681865937276260e-03
4.393975321235585492e-03
2.961070535306479373e-03
2.957992049143469675e-03
2.615671154461551157e-03
2.328231112770253255e-03
2.227199129421014723e-03
2.273779378825726508e-03
2.258775791525406609e-03
2.060822587624109008e-03
2.973899872935746157e-03
2.267961466685911465e-03
2.882934082119137202e-03
4.432703842913263137e-03
-5.147145272311350441e-04
2.566708525810338423e-03
1.943214242614047524e-03
4.099645966005480645e-04
8.906113955891668127e-03
7.499101342965355105e-03
1.223988027758600265e-02
1.367917945716316808e-02
1.445434649945337956e-02
1.355160544113814987e-02
1.411304659324560777e-02
1.489561751676003222e-02
1.560607587178998099e-02
1.572481026592344525e-02
1.757364878252710635e-02
1.853434796517784006e-02
1.830958877432639978e-02
2.376832420020624781e-02
2.422676932827772314e-02
2.345263865254365587e-02
2.434222880030915276e-02
2.314000929726943781e-02
1.657126306594542201e-02
1.630149890785003927e-02
7.311412217550415822e-03
-2.214872034001025898e-04
-4.799881633973546169e-03
-2.014691812354169401e-02
-2.747745650142249460e-02
-2.576122932158792997e-02
-2.790627950353503917e-02
-2.616602013539768429e-02
-1.806120302060720481e-02
-1.854862885645942872e-02
-1.712403853246987490e-02
-1.804577848875594387e-02
-2.664373863552957702e-02
-2.825766981251277843e-02
-3.749893414007754444e-02
-4.237065091459873284e-02
-4.192355038272029683e-02
-4.826334880713278874e-02
-4.848660271360635821e-02
-5.052549533679379784e-02
-5.375714224993222157e-02
-5.404141657202961302e-02
-5.708900464924214491e-02
-6.049541636872463046e-02
-6.209412274949718813e-02
-6.425074163940269756e-02
-6.474367812655965060e-02
-6.407251331806765315e-02
-6.298589225031286931e-02
-6.187316467581280288e-02
-5.917913696523133260e-02
-5.794753896403261051e-02
-5.527420224808218124e-02
-5.272413171963023781e-02
-4.963393824256258358e-02
-4.643992224868587204e-02
-4.122064786832502215e-02
-3.738849520587465836e-02
-3.118102969925866733e-02
-2.645827989491237459e-02
-2.287267191850541476e-02
-1.567253078173551015e-02
-1.364218666209035709e-02
-1.141206502402062305e-02
-8.965888989115565477e-03
-7.215449004456130425e-03
-6.206693454705353337e-03
-5.650965762282068178e-03
-4.989609676218565402e-03
-4.956913693261040879e-03
-5.356644100672585534e-03
-3.328059850580696987e-03
-5.317522536010194437e-03
-1.244630367977765835e-02
-1.362150682105649734e-02
-1.590497819043446004e-02
-1.424569995159837184e-02
-1.346594440935185676e-02
-1.476241444029914932e-02
-1.072024940204078028e-02
-9.757135838089096500e-03
-7.372470221588774998e-03
-5.318221918215394056e-03
-8.382414127155634470e-03
-6.824857351834274534e-03
-7.283906421711779794e-03
-7.042334302719274915e-03
-4.497628589617047937e-03
-3.531843592151104848e-03
-2.889683817361054802e-03
2.240490419058720380e-03
4.973282120761934183e-03
5.259803534707274512e-03
1.121375013706796438e-02
9.253010438665408566e-03
6.995446904824785192e-03
9.085724551341895633e-03
4.895343670434852516e-04
-1.470490122086433706e-03
-8.482080133996162605e-03
-2.436839651453785727e-02
-2.663580615202576149e-02
-3.236078259187281231e-02
-3.303634494871923039e-02
-3.657489891062306459e-02
-3.938051803834786979e-02
-4.171716983302298232e-02
-4.771256617012305246e-02
-4.961855355712183058e-02
-5.519321304406822615e-02
-6.011813942307867031e-02
-6.247036089616719162e-02
-7.098730695360516707e-02
-7.308303983918729152e-02
-7.388301760805107699e-02
-7.772625851771458594e-02
-7.415278749706830097e-02
-7.373870800257231739e-02
-7.158118949936199960e-02
-6.737206904443508726e-02
-6.281394221233917163e-02
-5.791207616323844343e-02
-4.714600884472955333e-02
-3.793873493462498331e-02
-3.265803771169002723e-02
-1.726040268756975221e-02
-1.497286449001838590e-02
-1.376248389153995888e-02
-8.459176001573073811e-03
-8.159119923064306681e-03
-6.351121660980741865e-03
-3.885791241185369838e-03
-4.821595383040682206e-03
-9.659990125621027712e-04
-3.973535345999971665e-04
-5.283144918209733759e-04
3.616740100795432563e-03
1.536227282236142695e-03
3.487057289762910718e-03
8.597988396420074703e-03
6.453830224261382711e-03
1.290674927751926139e-02
1.072801034293643062e-02
6.495494043828443573e-03
8.319184242701465129e-03
-9.536379193300605550e-04
-6.945596319343779563e-04
-9.878816560479524236e-04
-3.980105147922006516e-03
-3.401252295780689446e-03
-5.260106646630158776e-03
-5.692830698633371926e-03
-6.222301364697619720e-03
-7.414408819167266941e-03
-6.285477729633170106e-03
-8.748280640722718576e-03
-1.398199938117718373e-02
-1.762978232999320993e-02
-2.541596343100654964e-02
-3.343005772816692867e-02
-4.660589780029923690e-02
-6.023688977195296168e-02
-6.656930278909817256e-02
-7.846744195657107124e-02
-8.770048481715753130e-02
-9.329179219877667406e-02
-1.026984635815712255e-01
-1.074309981243244394e-01
-1.130366416441669630e-01
-1.202671211120726752e-01
-1.244752455922006062e-01
-1.303855060809326893e-01
-1.370395378045092816e-01
-1.407870581045097547e-01
-1.443488993322358249e-01
-1.473763231260201978e-01
-1.491617056253466966e-01
-1.507519683813540734e-01
-1.513398108985495594e-01
-1.517512521565562156e-01
-1.505721967317149024e-01
-1.494553140690815518e-01
-1.466002126015887586e-01
-1.408358114561172880e-01
-1.334136010877342571e-01
-1.225847316041306367e-01
-1.111476477477127828e-01
-9.796932478417295920e-02
-8.819511646158556539e-02
-6.839943334990514212e-02
-5.932160713700848631e-02
-4.525878149058901179e-02
-3.397142003118940046e-02
-2.869746263382273732e-02
-1.630530866678571791e-02
-1.315830873467784511e-02
-9.928478280932157007e-03
-6.669955116436567834e-03
-3.974830224262448398e-03
-5.362411641452358331e-03
-3.427478754728142257e-03
2.648694553160680504e-03
2.538516358588240041e-03
3.625537840752221172e-03
1.902432211804437178e-03
4.657562022613044974e-04
2.125690599305862707e-03
-9.453113847736522874e-05
3.963814324637267121e-03
5.520808085509413231e-03
-2.555318829578837481e-03
-1.268071761738391937e-03
3.850683146970696174e-03
2.287495553255581172e-03
2.755951399598291929e-03
3.392040132984213297e-03
2.657720587117082950e-03
2.188823870814970811e-03
1.665431491565125613e-03
1.174466581987870534e-03
-2.056161110843227752e-03
-2.824812833943190007e-03
-4.998074604398231036e-03
-7.213224804269194497e-03
-8.307652677051170775e-03
-1.131510822535637326e-02
-1.403774489249954259e-02
-1.572877382827779502e-02
-2.275368457958109811e-02
-2.512482211078656200e-02
-3.136578296707485947e-02
-4.768787193121803991e-02
-5.213713997108451736e-02
-7.278537827545744632e-02
-7.772397943643144513e-02
-8.458056145364323264e-02
-9.312501751254945170e-02
-9.364426048979657136e-02
-1.005686449814343353e-01
-1.028835653555543739e-01
-1.020858464758891276e-01
-1.022096758187988341e-01
-1.026785063672654846e-01
-1.048617242154523538e-01
-1.101296508245643152e-01
-1.083458941701581774e-01
-1.047837980500119226e-01
-1.037834357854844902e-01
-9.300253965694310621e-02
-8.661531630737387411e-02
-7.668433084064410488e-02
-6.130234526080497598e-02
-4.557047714546887118e-02
-3.285946578100686077e-02
-2.516261712456413155e-02
-1.244729568884599819e-02
-8.344302507626844695e-03
-6.373373613211985199e-04
1.043737656619268296e-02
1.128202478499589975e-02
2.625264652835379228e-02
2.881711364094269312e-02
3.610650279377118632e-02
4.606586417579955350e-02
4.713585954628774638e-02
5.928991441903780357e-02
6.689488783332023236e-02
7.188159712114067235e-02
8.918361003957471500e-02
9.218018008304570965e-02
1.019632673099663822e-01
1.110447253894722569e-01
1.116567538722879060e-01
1.214317684919448692e-01
1.229807792440649195e-01
1.269936726213854450e-01
1.290569603910037833e-01
1.251798309127590270e-01
1.231987174866482210e-01
1.092257161199716720e-01
9.226995122978456920e-02
6.381529891560359935e-02
4.322144449854750659e-02
3.643700038560759163e-02
1.873966523966121359e-02
1.605510402505854611e-02
1.078614643604934413e-02
6.990184642269521402e-03
1.520991822252053521e-03
-7.301319735660575985e-04
-2.922080647692310018e-03
-7.233874671492794908e-03
-5.465949173462725415e-03
-1.101997384993333440e-02
-1.118507525537055375e-02
-1.564132247983877899e-02
-3.291567451175366615e-02
-3.676909761335227927e-02
-4.766577302865716154e-02
-5.440001166079574957e-02
-5.704366851439277020e-02
-6.843174548684034797e-02
-7.060963443174253507e-02
-8.018239135773667925e-02
-8.682107753377535375e-02
-9.454026843418357473e-02
-1.044795285357195680e-01
-1.067215958259372516e-01
-1.101378768216539350e-01
-1.119457546408923199e-01
-1.101756618236175017e-01
-1.119680322112868165e-01
-1.053610661176738600e-01
-1.026496506276044357e-01
-9.710544728537000292e-02
-8.439601196947292550e-02
-7.789417949589287626e-02
-7.246139391374813166e-02
-6.836382863671812415e-02
-7.132062003092841385e-02
-7.093568819471703091e-02
-7.278744909050675893e-02
-7.645430774864669932e-02
-7.318468373387437831e-02
-7.392346469774585538e-02
-6.887627126405716782e-02
-6.351399364468474085e-02
-6.074895318805143690e-02
-5.497827228925415005e-02
-5.248943941071404495e-02
-4.592599829528336286e-02
-4.080775378258977987e-02
-3.604607662055889228e-02
-2.763616248456705893e-02
-2.469628288057671567e-02
-1.736688750547798338e-02
-1.431482651104387660e-02
-1.288369294735760250e-02
-9.857212399108843809e-03
-8.505702059225829503e-03
-8.474527219457607397e-03
-8.370998872028152099e-03
-9.254311861599083186e-03
-1.332084314855033758e-02
-1.889603434823749345e-02
-2.456504549082880184e-02
-3.013721334435285823e-02
-3.709755125826123129e-02
-4.109808902796682761e-02
-5.230013262612911301e-02
-5.566698792131272167e-02
-6.354665743475125528e-02
-6.760280429024520532e-02
-6.810906993325741010e-02
-7.334384437896432352e-02
-7.322742317979559490e-02
-7.463201090838580964e-02
-7.740810274266443636e-02
-7.535519432398911366e-02
-7.759636327892664720e-02
-7.706084481925826180e-02
-7.385964009799120267e-02
-7.532261581829131913e-02
-7.190590984410229203e-02
-7.147277017695820300e-02
-7.226170636691671423e-02
-6.902724540429769351e-02
-7.067984067714842833e-02
-6.544637696256079551e-02
-6.334664399809916691e-02
-5.814870344620348686e-02
-4.967050090256476536e-02
-3.737432386845872256e-02
-2.155083931910682302e-02
-1.583424450884530696e-02
-7.837667869812705787e-03
-7.528429675601989394e-04
-4.103936143393855550e-05
4.498288851041074878e-03
6.444339376461875879e-03
8.249491395930822271e-03
1.174891556125549907e-02
1.260195577814602827e-02
1.547098239393247289e-02
1.781537526583982373e-02
1.815305727949867790e-02
2.269817539175195825e-02
2.248932093597127285e-02
2.444608367349476036e-02
3.131889830176604744e-02
3.134571502370385454e-02
3.568059127333428338e-02
3.329216173889607694e-02
3.522808970716436588e-02
3.222402492340015190e-02
2.351990484111340235e-02
2.178193224355471497e-02
5.624342960156568892e-03
2.839925970024260223e-03
-9.164203898135633028e-04
-4.675048029916798430e-03
-6.227219174188334747e-03
-8.267804118940439220e-03
-2.577227649330128371e-03
-2.244044842333363810e-03
-1.142844381165380356e-03
7.479066978705358869e-04
9.818925749609994352e-04
1.854534751373355808e-03
2.776030657084001003e-03
3.270558230597040393e-03
3.834934193085522743e-03
5.538349578194716634e-03
5.636220636609554080e-03
7.494504066922370346e-03
1.150703465197570365e-02
1.321461944281652513e-02
1.933548216172761500e-02
2.150996213647323949e-02
2.417084790735943983e-02
2.666940504071779391e-02
2.939434578354252134e-02
3.031051754396719630e-02
3.281570787555190827e-02
3.384664853125941841e-02
3.474189872095313075e-02
3.591187666065186884e-02
3.610668956248480610e-02
3.649052182332367111e-02
3.669875694172280295e-02
3.614173369217069803e-02
3.601795412970801996e-02
3.527480095554847567e-02
3.386695992230508850e-02
3.350459374303009497e-02
3.117251614536267063e-02
3.011840339245119499e-02
2.886704719942536496e-02
2.701373542013685985e-02
2.502849579900053023e-02
2.426731887392143475e-02
2.058468667339222180e-02
1.987687428814999963e-02
1.889257654702851397e-02
1.706682684182647333e-02
1.611268453374901932e-02
1.548109117983506762e-02
1.244526311488255640e-02
1.220324796905770601e-02
1.134754351623815279e-02
1.045758092172792073e-02
1.011025058677271320e-02
9.603216730920075689e-03
9.312899090193419924e-03
9.121634641097484120e-03
8.918271226058854112e-03
8.812860348006858191e-03
8.717726546336356658e-03
8.642553376625740011e-03
8.597610708099645213e-03
8.555752626947335862e-03
8.527505684639342942e-03
8.506896664758506824e-03
8.490255972277560917e-03
8.477861638185845913e-03
8.468765862754461249e-03
8.462738882854398126e-03
8.453334852681534603e-03
8.453170168850193678e-03
8.446956259223618521e-03
8.435104236414926390e-03
8.450729283181688742e-03
8.418809502030699318e-03
8.422455449425776675e-03
8.453578050274478811e-03
8.333796631808415567e-03
8.463541262821906372e-03
8.385974575966501088e-03
8.153469979563277709e-03
8.702388589240248745e-03
7.869975891093849291e-03
8.087550138261748178e-03
8.589945715931347064e-03
