-5.327732596376444493e-04
-4.913229957895303519e-04
-9.526894449336031434e-04
-1.036228782331054471e-03
-4.977451877833717099e-04
-6.145110958281590867e-04
-4.046432207140457761e-04
-3.108355863730387489e-04
-3.125199171891903001e-04
-2.309642508301552638e-04
-2.207735068296610395e-04
-2.053385150631646769e-04
-1.745920013681980334e-04
-1.826018786382604649e-04
-1.590450612125844459e-04
-1.391484407097789630e-04
-1.782079952236612910e-04
-7.704275210932154405e-05
-1.278716093293362510e-04
-1.611918272500464954e-04
2.466377167175628658e-04
2.175711379448572321e-04
6.735929327065694064e-04
6.627875812669083806e-04
8.314304938268379016e-04
1.235938334337036365e-03
7.809160930225586116e-04
1.809793632241661230e-03
1.807968007253724823e-03
1.031331428323720156e-03
5.974760451284915654e-03
7.140152485483044695e-03
6.694583964492930445e-03
7.012686483184532929e-03
5.392643702469454049e-03
-1.430028694631532270e-03
-2.768624631034149325e-03
-7.294484298574736500e-03
-1.080821127689699304e-02
-1.186265478144111693e-02
-1.389286975552820984e-02
-1.377015862674174987e-02
-1.301578296443990992e-02
-1.419639477641088283e-02
-1.244468092785848065e-02
-1.391887862375322180e-02
-1.351317083475873232e-02
-9.169160107894994138e-03
-8.759912259393275863e-03
-3.202157299775938194e-03
-3.638915502291565490e-03
-3.742530198474333311e-04
1.158366447037973996e-03
-4.448563233595450271e-03
-1.623767671154486940e-03
-1.494776211495139288e-03
-6.190741874063628372e-04
4.971366378653357433e-03
8.044185992462303883e-03
5.172585552879981757e-03
-2.014422852616850040e-03
-5.444326011561234809e-03
-1.337885072529381922e-02
-1.800895728826848452e-02
-1.898587043903993826e-02
-2.078329828095151766e-02
-2.260192917079457964e-02
-1.722692301641505497e-02
-2.095176910883186916e-02
-1.954039161079445738e-02
-2.708738382793670491e-02
-4.064131864000246341e-02
-4.249331430238633550e-02
-4.688876435459433945e-02
-4.941087897549604341e-02
-4.649350483138885159e-02
-4.861773437018813981e-02
-4.505523383317057429e-02
-4.461306402528978504e-02
-4.230994139837573886e-02
-3.526649318887807583e-02
-2.962497792364881047e-02
-2.273942614227897688e-02
-1.575202543363413837e-02
-1.130542300297676661e-02
-9.857177277554260778e-03
-5.348225505778672270e-03
-5.136663534761016364e-03
-2.723471449927594625e-03
-2.730014102837547080e-04
3.440737591596727037e-04
4.181985601992270311e-03
4.478345543216326850e-03
4.030928939418098461e-03
6.645770840393138389e-03
5.257556006635894126e-03
7.602577571678605615e-03
7.587527446731620606e-03
3.210972456198677664e-03
3.181161926737324092e-03
4.931925599568244209e-03
4.365032985335873250e-03
2.222456081910434856e-03
1.142435397254847529e-03
-4.237510362925720614e-03
-6.317270947752235029e-03
-8.790621077816262313e-03
-1.522705581870828842e-02
-1.682652917858303010e-02
-2.150664905850969977e-02
-2.341344975584927837e-02
-2.767506775677777350e-02
-2.789637981215294452e-02
-2.999800998168673793e-02
-3.007194004067072213e-02
-2.851267640604731451e-02
-3.029533778696216414e-02
-3.007520592248673352e-02
-3.660230499517073965e-02
-3.545437203215921762e-02
-3.419287767202686817e-02
-3.256890719937683559e-02
-2.771497576383882139e-02
-2.718075047259341584e-02
-2.140381054553179910e-02
-2.302877613341616087e-02
-3.006372419999611342e-02
-2.794845069460626455e-02
-2.924367022766523327e-02
-2.566047982614404893e-02
-2.014792491653662893e-02
-1.741519994374123720e-02
-1.987951718369377480e-02
-1.902166130569607136e-02
-2.027432474074723767e-02
-2.010934328329621809e-02
-2.034537888320827811e-02
-2.045065485291571589e-02
-1.993910693615543947e-02
-2.095541450597673133e-02
-1.902909486973993272e-02
-1.987031386546971382e-02
-2.020242217926974948e-02
-1.322096967703376841e-02
-1.157533053246866464e-02
-8.488034594055006779e-03
-4.761857955186263834e-03
-3.411161422497450448e-03
-7.611430318140922219e-03
-1.085942156507016879e-02
-1.489667223792223022e-02
-2.611502914900712402e-02
-2.978043985224242129e-02
-2.961303104896946536e-02
-3.765468762218575349e-02
-3.498010476602467222e-02
-3.532682766525370444e-02
-3.659422326957698091e-02
-3.245707944509831216e-02
-3.876404111914313194e-02
-3.426019429504120750e-02
-3.226800757948947856e-02
-3.480381720779925775e-02
-3.558262037707335401e-02
-3.879492933202412230e-02
-4.406356727674137774e-02
-4.130844076706177703e-02
-4.019227487969742607e-02
-3.872218654448367214e-02
-2.844112346178799544e-02
-2.658284639045026959e-02
-2.796267606038197254e-02
-2.803173905047113765e-02
-2.797076925402477293e-02
-1.959807265456601361e-02
-1.539601329702256979e-02
1.510658087811905977e-04
1.105242810101333441e-02
2.488139442827745976e-02
2.564044469686587585e-02
2.653128939108471279e-02
2.734095108218739800e-02
2.312065197002291517e-02
2.162360468968128543e-02
2.139574510206835797e-02
1.460148629723016789e-02
1.262269343501466398e-02
5.785504073399904551e-03
-1.181943016859107395e-02
-1.564366236462238699e-02
-2.594006380529542688e-02
-2.991247792344335632e-02
-2.923826889887169711e-02
-3.049175173655106763e-02
-2.806812309898199659e-02
-2.475304396413943731e-02
-2.148883460450823346e-02
-1.791562260683783603e-02
-1.096413295426778949e-02
-6.104072252663872780e-03
4.112562692497329607e-03
6.680850658846384897e-03
1.150446703162659977e-02
1.424356185686385425e-02
1.244828463073112922e-02
1.429843673227368557e-02
1.157136502498582950e-02
8.767345365757434061e-03
6.701793845950685530e-03
-4.770783819664005734e-03
-1.036698960704269916e-02
-1.710400185420914154e-02
-1.435238837780608394e-02
-2.120349995399898810e-02
-2.112079603263430569e-02
-1.622010831983942622e-02
-1.680751628177684295e-02
-1.166084835506569356e-02
-9.580504835572999783e-03
-4.089155518037446840e-03
-2.092344599621951372e-03
-6.493727639395980526e-04
1.057099081822789142e-03
-4.224892904974100923e-03
-3.115964170981501673e-03
-6.780521626563383933e-03
-1.747287221142795541e-02
-1.984386478508297011e-02
-2.822494517499375341e-02
-3.057664178249906023e-02
-3.573457659381615303e-02
-3.606957001884201347e-02
-3.979053215295830226e-02
-4.534187099076551763e-02
-4.753265397806138298e-02
-5.479438595502414411e-02
-5.765857192745008075e-02
-6.226930959943567656e-02
-6.415305560112165295e-02
-6.226956039809404542e-02
-6.570583660080142607e-02
-6.397604834398290530e-02
-6.249143451754154283e-02
-6.333187386533162266e-02
-5.831864054248635243e-02
-5.743167586800204671e-02
-5.660575124941408243e-02
-4.998414370174899396e-02
-5.080225308583451171e-02
-4.463831594463713026e-02
-3.471449973580621046e-02
-3.069159649061872774e-02
-1.927644169331352991e-02
-1.533935052038162654e-02
-1.250532797294992560e-02
-7.572281460019061189e-03
-7.005901437889505180e-03
-3.730261991649513713e-03
-2.747029851301293138e-03
-4.222538476460390095e-04
1.098882988221087887e-03
1.224452804922608173e-03
4.039921354624039472e-03
5.554637429895068618e-03
5.860888160356940262e-03
1.557253166266637373e-02
1.672589074384541602e-02
2.016176525234074715e-02
2.399436834977276140e-02
2.571457633402209064e-02
2.662086887939253688e-02
3.173336093109420386e-02
3.118610395547853978e-02
2.990925053588894961e-02
2.760330532094366907e-02
1.081232197736998676e-02
1.094485123350412425e-02
1.020008974973772922e-02
5.663038567520097336e-03
4.121843541617004752e-03
3.879174869204098444e-03
3.304125182045291372e-03
7.104938735236648352e-03
7.569354605522155346e-03
1.026449736949255551e-03
-4.647741338066606331e-03
-1.181169460846340225e-02
-2.090422904345871913e-02
-2.820179026754771751e-02
-3.474671984000168856e-02
-3.924642487739445074e-02
-4.074926826832400706e-02
-4.031798231708776797e-02
-3.642193022961003751e-02
-3.561104065404535612e-02
-3.479006087975638345e-02
-2.840573384428405138e-02
-2.591884883282427610e-02
-2.570063496183544113e-02
-6.123881805517289445e-03
-4.716601449857953793e-03
-8.868406451108494862e-03
-3.184677131971135750e-04
-1.047567724769924574e-02
-1.446314347887466510e-02
-2.682142326833092047e-02
-4.773948196258778059e-02
-5.273649077688604553e-02
-6.365351938025337608e-02
-6.863803110613134195e-02
-6.697998365087137751e-02
-6.889209640635146625e-02
-6.694763738986300727e-02
-6.606324226747173345e-02
-6.649373938822414343e-02
-6.389851817052392968e-02
-6.496912406651636496e-02
-6.334804293618037652e-02
-6.197844900776546678e-02
-6.347449334508825647e-02
-5.907178479491333872e-02
-6.035278168021016715e-02
-5.775737383854895324e-02
-4.964746975352856556e-02
-4.764181216259142509e-02
-3.855841255998701533e-02
-3.323872410952373457e-02
-2.895683371564018380e-02
-1.872681713444754315e-02
-1.644009201649636320e-02
-8.438971361208150168e-03
-3.313812293904902333e-03
-8.529389246180744261e-03
-5.410171930626437968e-03
-1.052436696806333463e-02
-1.769507395203933492e-02
-1.854289350184947296e-02
-2.552594353701683957e-02
-2.789587576956615092e-02
-2.882426769520771148e-02
-3.097044366200803547e-02
-1.967525815989744700e-02
-1.288206750397555278e-02
-8.652727122572582974e-03
-4.462380956918317321e-03
-2.443137373268973629e-03
8.221315532321712624e-04
2.439773017999010384e-03
7.705777777380543210e-03
1.095018891915855268e-02
1.051692857200401364e-02
1.545207837018630972e-02
1.819886412160911723e-02
1.889628848445718684e-02
2.429023702379413951e-02
3.100402291375933123e-02
3.287213045271565603e-02
4.277794713621679845e-02
3.477428667431416848e-02
3.544831829362504738e-02
2.749836544448806472e-02
-2.379364719061511854e-03
-1.436612922621698790e-02
-4.064089631936175506e-02
-6.203327777421308725e-02
-6.183382499799698617e-02
-7.859912392514678547e-02
-7.606634807137567511e-02
-8.050619131370602422e-02
-8.513800200590478096e-02
-8.027113977484306995e-02
-8.318547018090170775e-02
-8.375766987225946592e-02
-8.234795182257156898e-02
-8.628275955032006783e-02
-8.684970716275056124e-02
-8.825551773203946238e-02
-9.312144388310927834e-02
-9.306750808542529896e-02
-9.575205066829453604e-02
-9.736449371689687160e-02
-9.748361553498978427e-02
-9.935178614219081217e-02
-9.918362478955508599e-02
-9.981475323121427601e-02
-9.997028410610676874e-02
-9.963650019351533160e-02
-9.972431925369848460e-02
-9.859773328278223503e-02
-9.852620616941980269e-02
-9.685650124031308650e-02
-9.557222754636046647e-02
-9.459146489731423690e-02
-9.085804460012042449e-02
-9.000605672484876529e-02
-8.574138196744394980e-02
-8.106850435538265343e-02
-7.901297634710216511e-02
-6.942335647572502044e-02
-6.540197019855503724e-02
-6.078755199555238575e-02
-5.324203220532350983e-02
-5.053798477381948873e-02
-4.577173290750922302e-02
-3.638349608452507572e-02
-3.351291797948213746e-02
-2.237858183546597227e-02
-1.870219570735704231e-02
-1.473780559009161412e-02
-1.044385747126068929e-02
-6.593255495596212629e-03
-5.180160949227261523e-03
-1.647181674142577865e-03
-1.748729725902751619e-03
-6.610797770959301028e-04
4.123075621651785521e-05
1.266638684608602499e-04
6.440066365931198253e-04
7.519411487305185720e-04
1.163234983585602908e-03
1.303953699612086852e-03
1.669967210843475124e-03
2.646934970878014794e-03
2.358835606328934641e-03
4.660348815893469027e-03
5.994273225491430698e-03
6.099077088151371243e-03
1.572956165903615158e-02
1.641348569197692564e-02
2.014988700229896831e-02
2.337710502140242022e-02
2.452525295546283818e-02
2.663577873932432283e-02
2.887218135379689132e-02
3.039727884120602477e-02
3.204418702728725754e-02
3.671853908176651166e-02
3.670236503433756126e-02
4.002048672434457832e-02
3.468328485997795863e-02
2.529477673217181422e-02
3.006538180789190828e-02
2.434256917664870401e-02
2.307515354659911075e-02
2.285449780319395024e-02
1.989663480180949712e-02
1.895371819280601208e-02
1.722986782107806258e-02
1.530498716876883998e-02
1.237028549411170117e-02
1.081105071651056009e-02
6.672058016562186326e-03
1.358825345434406043e-03
4.043457146670452343e-04
-1.164700993016098279e-02
-1.189582385402421921e-02
-1.212141452399322430e-02
-1.397919508808138228e-02
-1.325519234202326285e-02
-1.120762436978213310e-02
-8.973956680452066167e-03
-8.106220021163483211e-03
3.119828151859889084e-03
3.365583212956709674e-03
3.948947563301223769e-03
6.786757937936467242e-03
6.165913851732902386e-03
7.040437341527170344e-03
7.318750363169065735e-03
6.795807042415656120e-03
7.225710289121100964e-03
5.994581801837178814e-03
5.396900294944699354e-03
5.159691156152905814e-03
2.295165366372068153e-04
-1.417577388962433765e-04
-4.019861506991656672e-04
-1.510223399054367449e-03
-1.300230886990920692e-03
-1.604284135648640416e-03
-1.796074815227268005e-03
-1.770533179418459823e-03
-1.899635813491309250e-03
-1.922105692048655919e-03
-1.939600423833688506e-03
-1.976232547959640845e-03
-1.979509254102929626e-03
-1.991855660191240059e-03
-2.000161193541249299e-03
-2.002672414735872861e-03
-2.007521734435615580e-03
-2.009430095350275836e-03
-2.012512512986229171e-03
-2.012831092408146321e-03
-2.015810072259492051e-03
-2.020322422935170569e-03
-2.014965426650056068e-03
-2.031695396516193172e-03
-2.029073897552324292e-03
-2.021440126489180457e-03
-2.087125992924545540e-03
-2.017917360768747490e-03
-2.090527724975994612e-03
-2.227646665637535335e-03
-1.914677840092897636e-03
-2.584623419633878295e-03
-2.804671740853380280e-03
