-3.389826926411977637e-02
-3.536095118773227575e-02
-6.948944065698392514e-02
-7.275115922032927840e-02
-7.184679624339206094e-02
-7.813565162696436972e-02
-7.179099037015498896e-02
-7.362635748274388992e-02
-7.353865203287383856e-02
-7.198129222744152622e-02
-7.280404044519714346e-02
-7.218442686332363079e-02
-7.192751504174471622e-02
-7.203504819563706640e-02
-7.161999564925351780e-02
-7.142727235429148502e-02
-7.135457766206186603e-02
-7.066419595963960298e-02
-7.042619524890959826e-02
-7.006151535073169845e-02
-6.808883991190478602e-02
-6.783792220523507388e-02
-6.633128744202898552e-02
-6.557865372262081105e-02
-6.451720341619489318e-02
-6.188484581343034474e-02
-6.210535340732394743e-02
-5.724060086845705886e-02
-5.413734317276041458e-02
-5.415085087295568034e-02
-3.744112031384019129e-02
-3.833116314061498636e-02
-3.210740837170972251e-02
-2.269806843974125563e-02
-2.043974986976112435e-02
1.351326242311396905e-02
1.872722639520795276e-02
3.430920179187567365e-02
4.932564640416133017e-02
5.322540076690374100e-02
6.639169003044857742e-02
6.973339146890725204e-02
7.280291321259385606e-02
7.857311539920623644e-02
7.854525243123758327e-02
8.329023412030056583e-02
8.416045519214292170e-02
8.211048298899839559e-02
7.765235750438786999e-02
6.718982508096675577e-02
5.698521706229737332e-02
4.650719236320600275e-02
3.849314694172939477e-02
1.158032016082437103e-02
4.577526556097558791e-03
-1.499671674805790750e-02
-2.646924507381161196e-02
-2.646529109095454094e-02
-2.265292167527151873e-02
-8.885517119848260550e-03
2.997025153424785759e-02
3.937637385866542966e-02
4.830755379296759050e-02
6.467631395621638302e-02
4.269615448398297181e-02
1.250814001419297758e-02
-3.154140675411001155e-02
-8.037167650809046160e-02
-1.202752569800068505e-01
-1.754790043855849468e-01
-1.706885322429416707e-01
-1.889078411325253448e-01
-1.856779491798507820e-01
-1.728936382643035397e-01
-1.795877845890730684e-01
-1.656055337332022759e-01
-1.658443982951420259e-01
-1.738288048394205365e-01
-1.649432601810743859e-01
-1.750429585515878017e-01
-1.750911336162253862e-01
-1.719005296079309797e-01
-1.759837928361255854e-01
-1.678080621523756200e-01
-1.684272852710726465e-01
-1.549239012316218078e-01
-1.374668760762860764e-01
-1.260573939451678505e-01
-9.117934700184501806e-02
-7.504136717111611898e-02
-5.709451155174699588e-02
-3.989905545350496546e-02
-3.446901360537651254e-02
-3.711554748522351288e-02
-3.399777507111974295e-02
-2.771712218108397449e-02
-3.286672374532367130e-02
-3.258896256287541898e-02
-1.511138419225288923e-02
-2.810641906085826688e-02
-2.211628087265162315e-02
-2.528726360463987716e-02
-5.389581828913740658e-02
-5.737036710057887706e-02
-1.000986108524807294e-01
-1.158807040744463529e-01
-1.416703384797413090e-01
-1.975753090695455128e-01
-2.150686386810989892e-01
-2.419828044112573295e-01
-2.626664578022345764e-01
-2.797414255228343749e-01
-2.841447021563550668e-01
-2.897580620043078703e-01
-2.772462002872052578e-01
-2.696841324179358734e-01
-2.834017161371057414e-01
-2.833997449208580655e-01
-3.205493275801940545e-01
-3.074774477886359492e-01
-3.003130500248473722e-01
-2.917789716749741302e-01
-2.343080482713000845e-01
-2.225264935941368982e-01
-1.903259159050400551e-01
-1.444702638740638645e-01
-1.291658829695655208e-01
-7.408085984338962093e-02
-4.222209398228560923e-02
-8.913402746959458653e-03
3.064350696551139397e-02
5.042954632455731029e-02
6.073816786573670023e-02
6.764305577594119379e-02
7.111313925930727586e-02
7.562629362544906475e-02
7.816919215643740315e-02
7.860845701679869402e-02
7.962535548474797276e-02
8.014686666401028836e-02
7.555304861885742129e-02
7.717235242256682837e-02
7.156245192196626637e-02
5.988068084414632092e-02
5.604359699192478644e-02
2.474954571943810064e-02
1.110846340278887588e-02
-8.377013407928143515e-03
-7.310622641564615276e-02
-1.128339342052812194e-01
-1.440252824387875108e-01
-1.798163212369483510e-01
-1.901839155938314097e-01
-2.100176781374445412e-01
-2.204620554016630263e-01
-2.314537288224056133e-01
-2.359766421147261317e-01
-2.394911971460080558e-01
-2.297944638343800694e-01
-2.210887805349226465e-01
-2.006574935937086024e-01
-2.065167512160836494e-01
-2.143226712500172215e-01
-2.258732938842787641e-01
-2.305781152855518323e-01
-2.301502081359222962e-01
-2.371491267769541000e-01
-2.422440599918850301e-01
-2.472617409819544421e-01
-2.640307667544817827e-01
-2.744143421704098307e-01
-2.865340360229453598e-01
-3.073168354593278639e-01
-3.212006084692614616e-01
-3.380537092092001372e-01
-3.578353717077345508e-01
-3.289366168501181020e-01
-3.138834459031498714e-01
-2.699475438598796240e-01
-2.525386662297224305e-01
-2.382173380315506517e-01
-2.195279245774086063e-01
-2.239653649001430435e-01
-2.168232200755941252e-01
-2.063021072640445763e-01
-2.170459481101693622e-01
-2.099455308846265023e-01
-2.138288989056850997e-01
-2.399233130226048338e-01
-2.319879304867822623e-01
-2.256206754474601450e-01
-2.229915712023923524e-01
-2.072885230054072880e-01
-2.112471058916554068e-01
-2.043365933542062862e-01
-2.058171206641823403e-01
-2.105852082475254683e-01
-2.015081920411876670e-01
-2.150284879592834764e-01
-2.048473773198412340e-01
-1.766992596554222972e-01
-1.365370448762378841e-01
-1.159072957070132887e-01
-8.938505922465014852e-02
-7.778288094405710895e-02
-6.525067441151957692e-02
-5.393925459518937593e-02
-5.046718182657308066e-02
-4.344114320916373645e-02
-6.227931700962086731e-02
-6.696283211045021833e-02
-8.477864590506256626e-02
-6.755036191757485264e-02
-5.514400108717563281e-02
-5.194101224624207702e-02
-4.220454377287233966e-02
-4.497640838336736807e-02
-4.334100063554827825e-02
-4.953282723853524860e-02
-6.090403766984579109e-02
-6.674745415803245985e-02
-9.676370222230774865e-02
-1.036143280286975776e-01
-1.199698376852707388e-01
-1.326450143616416943e-01
-1.495385532719250565e-01
-1.725085986502147284e-01
-1.984526630482820464e-01
-2.366810017770006325e-01
-2.614965340251489412e-01
-3.132317634910547488e-01
-3.424363041191608725e-01
-3.560429968423864389e-01
-3.828147696917613141e-01
-3.856346816560708990e-01
-3.684072412666490881e-01
-3.520002813957276988e-01
-3.158673088844195509e-01
-3.176200509658270166e-01
-3.037261444952083500e-01
-2.961180249015551436e-01
-2.892341276624713076e-01
-2.727131268528070751e-01
-2.573634814642941082e-01
-2.559372485130866348e-01
-2.399630730872598094e-01
-2.342764420088779831e-01
-2.294108371781408418e-01
-2.156903729963277339e-01
-2.144082098717921825e-01
-2.066184922382663380e-01
-1.991878349291250905e-01
-1.968064042758486676e-01
-1.879397569570476212e-01
-1.625393161887176696e-01
-1.509081519207432776e-01
-1.145027488818733397e-01
-8.942915887333886815e-02
-7.604336027423774791e-02
-6.082461969818556136e-02
-6.043490485292175168e-02
-6.741713500019576311e-02
-6.420827573970359914e-02
-7.284202097038246226e-02
-7.341550917854507141e-02
-7.981952996913331544e-02
-7.987748996390842127e-02
-7.073884491813843545e-02
-6.910962714811137719e-02
-6.477604832941857849e-02
-5.587843071790812854e-02
-4.733385641910695801e-02
-4.362447764960539903e-02
-2.030416208420498733e-02
-2.188001999945533155e-02
-3.502984235740955188e-02
-3.197004886359396114e-02
-3.159068080258678468e-02
-3.983462233361967364e-02
-4.184084995470620238e-02
-4.042732854056484831e-02
-5.551049744594697966e-02
-4.609698446593266108e-02
-6.544620923034745463e-02
-1.351996079041845322e-01
-1.851714941212651844e-01
-2.336614038856382469e-01
-2.814925245715083624e-01
-2.990412946611729073e-01
-2.893737001681567778e-01
-2.998272609067990646e-01
-2.883345299750200708e-01
-2.749529266222403012e-01
-2.674959036821742409e-01
-2.283115473288588326e-01
-2.093594209252788996e-01
-1.788286847084255560e-01
-1.405745302733716062e-01
-1.396845551868837465e-01
-8.353164980160794617e-02
-8.812973750381362936e-02
-1.358911440087700595e-01
-1.421987870229390882e-01
-2.108054012384965592e-01
-2.777488720828096280e-01
-3.183359307141866990e-01
-3.641453370354295616e-01
-3.855092283157850463e-01
-4.080867339268256511e-01
-4.217547918757333369e-01
-4.311087215075033452e-01
-4.313463133371325253e-01
-4.494247277369158855e-01
-4.495770009984191296e-01
-4.560080530294309265e-01
-4.632445067566128838e-01
-4.595840097425032411e-01
-4.643856287520364834e-01
-4.608986726828872005e-01
-4.566773690400163233e-01
-4.545024505102747137e-01
-4.451922842859334928e-01
-4.398840576791527845e-01
-4.316547904010302750e-01
-4.246848753136636678e-01
-4.003613304612314017e-01
-3.903141233447293690e-01
-3.658362470899006458e-01
-3.389839149236325566e-01
-3.272892186466802023e-01
-2.900088632840209235e-01
-2.834388429830214662e-01
-2.535683121555835084e-01
-2.193960189384199511e-01
-2.028958921077733402e-01
-1.390812370060799941e-01
-1.194576087246385226e-01
-9.040308613719864883e-02
-5.459931014460046167e-02
-4.554921396203062689e-02
-1.846890243370753748e-02
-2.297613046282103149e-03
2.062877956168545149e-02
3.826855784494018198e-02
4.564236806990901868e-02
5.006881782627345401e-02
4.838692262350188789e-02
4.642610563536929413e-02
3.855207487417949830e-02
3.533595776986519360e-02
2.172641543314079299e-02
2.130279349850039070e-02
-1.140034731891842804e-02
-4.719308391814334980e-02
-6.521308805264275366e-02
-1.563447805510155830e-01
-1.669864231786489239e-01
-1.892405126647447866e-01
-2.069218563261166766e-01
-2.022088451518020136e-01
-2.142564626787932525e-01
-2.047502211189276000e-01
-2.030674182773565262e-01
-2.146424735919398030e-01
-2.101280721563571485e-01
-2.202502153446792843e-01
-2.289636193132672526e-01
-2.296768555574217052e-01
-2.419921680076105308e-01
-2.413546269357533802e-01
-2.436352189588175676e-01
-2.443552226985944986e-01
-2.379534485613415684e-01
-2.380315193306821731e-01
-2.327892628309372880e-01
-2.270082522406126069e-01
-2.253179959704861013e-01
-2.180582625802121310e-01
-2.160382855479371922e-01
-2.132356380052662648e-01
-2.086450377637213971e-01
-2.078454561811051149e-01
-2.040065563846159280e-01
-2.016577994139178986e-01
-2.001067610412348707e-01
-1.963424170257827284e-01
-1.951304452139780987e-01
-1.922216778778227386e-01
-1.892004232655632723e-01
-1.878626564484615069e-01
-1.835779621222066726e-01
-1.815920712147069960e-01
-1.786310939633498907e-01
-1.736028555653062466e-01
-1.722337655030389547e-01
-1.660361817556928188e-01
-1.618047536377549556e-01
-1.587822986479972276e-01
-1.488546548656389801e-01
-1.464965112340652631e-01
-1.378334364298685333e-01
-1.324333868664714364e-01
-1.316428055050763157e-01
-1.230521795973821553e-01
-1.236471137410252302e-01
-1.178716875248382867e-01
-8.985433399956203881e-02
-8.719633371951769629e-02
-6.686278817348173531e-02
-5.950734673696513738e-02
-4.415491992588929659e-02
-3.453118138583386593e-02
-3.871169575360902670e-02
-3.637286255087357478e-02
-4.524804548352995281e-02
-4.600429521596954147e-02
-4.802716154240158769e-02
-5.158539583467149081e-02
-5.203211170575000599e-02
-5.450211756266912927e-02
-5.653217898413679526e-02
-5.769477351068144633e-02
-6.140155230326179575e-02
-6.345483173666292831e-02
-6.675645563802759530e-02
-7.422049673885548760e-02
-7.553506878839655325e-02
-8.571516658081597406e-02
-8.580192833948081799e-02
-8.015778588075724020e-02
-8.263303034118722745e-02
-7.988297971437102740e-02
-7.893182578557436657e-02
-7.607618567436258417e-02
-7.690721075283568631e-02
-7.206413178445468526e-02
-6.745328010881304626e-02
-7.333658839429479936e-02
-5.363843696363363583e-02
-7.050071095576136704e-02
-8.460279072725732097e-02
-6.210115443627108045e-02
-7.521170407857061257e-02
-6.921592610760674003e-02
-6.340013448340683921e-02
-6.656783857569595342e-02
-5.840855017382267506e-02
-5.562194340636271439e-02
-5.234313386134562679e-02
-4.179443732747562673e-02
-3.870659852447429217e-02
-2.773789167619651608e-02
-1.206777715995203948e-02
-1.034520592441381601e-02
1.927321485647573440e-02
1.964922791932450716e-02
2.048295713903951557e-02
2.505293225157170442e-02
2.374837646735876787e-02
1.678121392068051762e-02
1.119590337157591077e-02
9.840352098125719482e-03
-2.315639171622648623e-02
-2.466705121232082645e-02
-3.477020353737582392e-02
-4.551392337382008380e-02
-4.652412035703457766e-02
-5.370946546952852507e-02
-5.615206718107104006e-02
-5.809049318319397387e-02
-6.198331628982418212e-02
-6.100700890095533957e-02
-6.474874700987474918e-02
-6.497776424203081935e-02
-6.101142808192563938e-02
-6.195522940163267211e-02
-6.010698969004030917e-02
-6.615592472805409407e-02
-6.624685473892322207e-02
-6.737582893722829369e-02
-6.912439897859982973e-02
-6.909896746025732950e-02
-6.991164155465803831e-02
-7.029854519547235059e-02
-7.042006745778051080e-02
-7.075116799174936688e-02
-7.083201608392995785e-02
-7.093663794749620333e-02
-7.103017977325983001e-02
-7.104655666710986417e-02
-7.109785019894136748e-02
-7.107534681837916757e-02
-7.107812105250876922e-02
-7.106673952489535318e-02
-7.092176756655235725e-02
-7.098557399654861766e-02
-7.074762187383892842e-02
-7.049463605960686052e-02
-7.072389204160765830e-02
-6.961353708182296818e-02
-6.984416784694835734e-02
-6.967697209596625252e-02
-6.645919802271588184e-02
-6.965334315603392834e-02
-6.444167882192219921e-02
-5.962371394108792466e-02
-6.310042852915329070e-02
