-5.295881412433596719e-04
-6.075546374557655319e-04
-1.767712780206026797e-03
-1.483374669851834134e-03
-2.207141555159934220e-03
-2.711883604839732120e-03
-3.333130205316356919e-03
-3.642978640732548023e-03
-3.912786701192647043e-03
-4.131885167318818594e-03
-4.237683783184248258e-03
-4.345466763674285353e-03
-4.373947876633359211e-03
-4.380054310529309276e-03
-4.376809992553027349e-03
-4.237977487869760626e-03
-4.203346158633844074e-03
-3.999733672317610546e-03
-3.626961333982403959e-03
-3.644739764856265701e-03
-2.798381979176723169e-03
-2.925862650778627162e-03
-2.335242927153850616e-03
-2.314402634925363713e-03
-2.123526715836054207e-03
-1.466207201593232312e-03
-2.260299951900529222e-03
-7.287501158701464995e-04
-8.338156476549176636e-04
-2.220715336535770013e-03
4.306652656601712460e-03
4.498014274519933527e-03
3.760541450369316984e-03
3.312338730488524879e-03
-8.181052703496797781e-04
-1.224603758658872809e-03
-8.028012365613906506e-03
-1.138211131021900011e-02
-1.593298833669719652e-02
-2.192493894165212925e-02
-2.353340901160994036e-02
-2.997317232946042354e-02
-3.114270741487929969e-02
-3.096386959076899772e-02
-3.251888759855972588e-02
-3.174737531929624351e-02
-2.975949225690218553e-02
-2.879244637399594117e-02
-2.616050168478533874e-02
-1.936020447063983851e-02
-1.335669455181244525e-02
-8.769037476059107425e-03
2.258006679317406482e-03
7.176902265831389648e-03
1.350564333527419850e-02
2.439397618995454292e-02
2.683624989857159165e-02
4.520688710918564779e-02
5.247520835027578989e-02
5.742461355707649540e-02
7.451593037411441411e-02
8.051845813641070326e-02
9.814880710564735655e-02
1.198590901988869639e-01
1.201898231295699393e-01
1.435623940553617250e-01
1.634348325397128321e-01
1.730292371211122338e-01
2.021764508698883356e-01
2.060660254223964927e-01
2.215530576141188646e-01
2.275755449561731314e-01
2.242307161369788138e-01
2.330836948797336272e-01
2.259257363363283977e-01
2.239910342364982432e-01
2.240476751359828100e-01
2.106170056315750660e-01
2.128076362012505385e-01
1.997135200991640991e-01
1.931330218348750460e-01
1.891048022943509488e-01
1.702583480635380120e-01
1.671435924357325964e-01
1.570929385051877403e-01
1.466820612161517379e-01
1.466910439961374713e-01
1.312162638847348406e-01
1.305014699734786676e-01
1.195224105246850688e-01
9.096455342646794784e-02
8.740647644603419253e-02
5.395579691053931093e-02
3.678623085295945616e-02
3.358121749679264523e-02
7.534909447180881958e-03
7.023763531451391283e-03
1.873158591989043491e-03
-1.637244726335344890e-03
-4.896931017854395897e-04
-2.957680141688494996e-03
-9.196546506555087477e-04
-7.211528320655032943e-03
-7.600139759010749764e-03
-5.392305210619958988e-03
-7.875657770272551789e-03
-8.110954732423823060e-03
-1.293081077204401297e-02
-1.885990455066671040e-02
-2.756823684053275741e-02
-3.541180782467662214e-02
-3.685633568198980192e-02
-3.678443020016387149e-02
-4.034029978560887963e-02
-4.177456912839531966e-02
-4.536264399173078193e-02
-4.805681985539872469e-02
-4.253997995207917104e-02
-3.722352975438952133e-02
-2.927079294603853604e-02
-1.336030231819661761e-02
-6.539644066532441721e-03
-3.092742869815531988e-03
5.214437398461608045e-03
4.678638843278107654e-03
5.768591708183456318e-03
3.943450728632691762e-04
-2.683169507332898353e-03
-6.201481102617181253e-03
-8.958288427466166645e-03
-1.448679548654342036e-02
-1.577880478571612455e-02
-1.855228295635210842e-02
-1.864968306807425827e-02
-2.107346161922443381e-02
-2.161229950857707430e-02
-1.833618545780042741e-02
-2.592533518481684313e-02
-1.684078302299774413e-02
-2.016454517507170613e-02
-4.120075170667941711e-02
-4.021308181431736128e-02
-4.397615103795723263e-02
-4.239125291831224995e-02
-3.512662128976234976e-02
-2.608647964573508615e-02
-1.704017077677594597e-02
1.847677957492407019e-03
4.395673149967875906e-03
1.024736992462103868e-02
1.845220962545500790e-02
1.894917840287431085e-02
2.822914785628685003e-02
3.972793210439876793e-02
4.375641945595547255e-02
4.656399664154748513e-02
4.391956879691732291e-02
4.014701710180093586e-02
3.165965985035510549e-02
1.586622943569630448e-02
3.866820882762202725e-03
-7.710859027580815699e-03
-2.142025405375687364e-02
-3.299255191959772626e-02
-4.424620946975330732e-02
-5.387273196212884196e-02
-6.321708181417040606e-02
-7.165144464590615658e-02
-7.325024550765169007e-02
-7.473052938872165596e-02
-6.590376644283735263e-02
-7.144007572697122499e-02
-6.690060484478016489e-02
-6.792947214749894824e-02
-7.739076368633265868e-02
-7.134240752035281297e-02
-7.986833404715146245e-02
-8.007909140995803088e-02
-6.813384103637054601e-02
-6.643890710805039346e-02
-5.120711261362616978e-02
-3.395094919825876467e-02
-3.075614355858118446e-02
-1.246380894519636372e-02
-1.147638674664096942e-02
-8.295626916632740586e-03
-4.303928616654444789e-03
-3.635167298045249851e-03
-2.745447255439120628e-03
-1.668084165261435629e-03
-1.773705523335292840e-03
-6.076655037619469422e-03
-4.913661011639080048e-03
-1.607893412102847069e-03
-2.783662304954563019e-03
6.063562108644114310e-03
1.140783935265364188e-02
8.619336758189372408e-03
1.592024877193090257e-02
1.159611967310678927e-02
-6.602536285138269978e-04
1.083399518399463411e-03
1.141723458629550440e-03
1.905906851594953849e-02
2.187097687287768016e-02
2.319065846022568683e-02
2.822105712148906959e-02
2.360311980864616271e-02
2.848649223728554752e-02
2.544666071014253100e-02
2.680339431661580077e-02
3.195905636094991537e-02
2.539303018906200610e-02
1.713950144112481172e-02
1.386111618223980803e-02
-5.076225970855559322e-03
-6.873682269024755914e-04
-2.935055555490891782e-03
-4.110113005498910988e-04
6.478166155883563482e-03
3.033212395600861939e-03
-3.005795513295671500e-03
-1.658587711474265348e-03
-1.031606978852982713e-02
-1.133434762602844592e-02
-1.148813744944965007e-02
-1.630248572894883730e-02
-1.588817619128393699e-02
-1.774613453922331205e-02
-2.074862265284110885e-02
-1.954943626341485927e-02
-2.225761803279122791e-02
-2.069136857745961303e-02
-1.940762835140778450e-02
-1.977129011789255722e-02
-1.755720009316529343e-02
-1.628523156275664754e-02
-1.622468968853215884e-02
-1.108726882462724404e-02
-1.089046850180993946e-02
-8.589924347131055321e-03
-7.897835585968172173e-03
-5.927727596778099850e-03
-7.437764703946774490e-03
-6.793093946020211001e-03
-7.939490857261713441e-03
-1.836271590060285785e-02
-1.929645838685574780e-02
-2.803449449344240854e-02
-3.574602237596376936e-02
-3.319069720778847904e-02
-3.397555149879101510e-02
-3.614522722027554286e-02
-3.411562016148448478e-02
-3.953568326280573753e-02
-3.823092004756680623e-02
-3.048032909510405356e-02
-2.731343381748937635e-02
-1.443243011079741941e-02
-1.148015778285155046e-02
-6.063826382836713961e-04
2.263301798169412623e-03
3.080541104577707179e-03
7.621421165797139657e-03
7.934946415712677836e-03
1.092471290133727353e-02
1.177111148055373126e-02
1.062642504961955336e-02
1.317050908078017807e-02
1.190285718110237548e-02
1.779074680774030484e-02
3.570293216165225381e-02
3.740439910212021296e-02
5.426629407482738698e-02
6.701495007024912964e-02
7.226652467116501111e-02
8.565821153683411682e-02
9.142540446651155339e-02
1.089041708776073841e-01
1.217627779069459099e-01
1.284191534266209689e-01
1.430991416436877273e-01
1.476485057006678703e-01
1.505874097877743512e-01
1.566984322320151002e-01
1.509322265295804100e-01
1.550496247670382910e-01
1.504883731229164634e-01
1.445470463292655994e-01
1.449696543205819810e-01
1.317147601312458616e-01
1.296819735427480746e-01
1.227057532919593325e-01
1.147073628468333467e-01
1.130786130273508244e-01
1.054873680892133986e-01
1.011978672239503552e-01
9.883430724511869936e-02
9.053815908145168567e-02
8.873255723538246709e-02
8.280026112117398751e-02
7.145561767451411028e-02
6.568426255760548282e-02
4.960931454251127359e-02
4.048630970409301810e-02
3.038847755113650156e-02
1.799798025455784031e-02
9.523017858276043926e-03
3.963232266354566567e-03
-5.756566878681062226e-03
-1.592749867750509543e-02
-2.104256547425931503e-02
-4.125097175120103626e-02
-4.400238187980544391e-02
-4.845583887266578793e-02
-5.723638880832418452e-02
-5.465947829122808771e-02
-5.835920979751287735e-02
-5.911824415877095507e-02
-5.110255514715592029e-02
-5.037521501262426371e-02
-4.486235222477507473e-02
-3.922223471502406938e-02
-3.508799528463933670e-02
-3.203789252262580212e-02
-2.381234328464200412e-02
-2.231275260404324071e-02
-1.573077689474979002e-02
-1.049367999061166443e-02
-1.074801995044225196e-02
-1.037777815557744962e-03
-3.602075582161281576e-03
-5.726578386507920684e-03
-5.491836655227683682e-03
-1.667673550316916761e-02
-1.977150936583792901e-02
-3.004927893511467538e-02
-3.310722357890324291e-02
-4.359435715013735418e-02
-4.486064210141323810e-02
-3.681828507941090761e-02
-3.910895757126217620e-02
-2.581615251473325795e-02
-2.029605334822281656e-02
-1.001770533541572299e-02
7.451216571515696836e-03
1.014464263283599774e-02
2.959741456311453661e-02
3.167840331563701733e-02
3.741527688085110465e-02
3.790752482869131496e-02
3.226397867329660468e-02
3.289044473150207898e-02
2.460624991557474120e-02
2.022331163173663252e-02
1.396221401901065126e-02
2.766096976099876280e-03
-1.877183743375199004e-03
-1.571637279754754118e-02
-2.312074551164521388e-02
-2.622887402565888745e-02
-3.644895352661197546e-02
-3.830214849841957064e-02
-4.283827011479721808e-02
-4.947185550594365017e-02
-4.911279284702400189e-02
-5.520905442676349306e-02
-5.879675702116498454e-02
-5.949231029181852037e-02
-7.429531383750373474e-02
-7.356582880585960105e-02
-7.425289057554496086e-02
-8.137570369722242625e-02
-7.325578670006573090e-02
-6.256165472335085964e-02
-5.790738140890335645e-02
-3.833246484263562459e-02
-3.518725872446598624e-02
-1.527087997911850611e-02
-1.269328859122126861e-02
-1.157507016228036950e-02
-5.164020763443418795e-03
-5.114602737002397689e-03
-3.127553600178083811e-03
-1.156667887958203605e-03
-8.168538431165000982e-04
1.454933703469316270e-04
1.725421527073371045e-03
1.358793228098191226e-03
2.743075734323403066e-03
5.964095741636768477e-03
7.612579400008562258e-03
1.163210270138992017e-02
1.481388205837598677e-02
1.904398803255874864e-02
2.145131156819900242e-02
2.910143744392304846e-02
3.133053655726782127e-02
3.305862907129217959e-02
3.693998701877828500e-02
3.724142841329902004e-02
3.911163518952964074e-02
4.046183357888899490e-02
3.978080274051750548e-02
4.132380528012792598e-02
4.026630039991197646e-02
3.902184539481678982e-02
4.041721937339498583e-02
3.547654647410312251e-02
3.631465655781884044e-02
3.574423679656701242e-02
2.974335725095895305e-02
2.949299088462585886e-02
9.782959980788267368e-03
8.298438403881263498e-03
5.483578685044617623e-03
-8.768309991328496894e-04
-7.422035471634392135e-04
-3.720591524235824978e-03
-4.748304663578707674e-03
-5.398947129156056804e-03
-6.635008513538174189e-03
-4.987152454671310922e-03
-5.259093035199663771e-03
-5.074382297335598528e-03
-4.732075126491083750e-03
-4.857100133050835586e-03
-4.858617089409775561e-03
-5.001213079600023634e-03
-4.993680364766142112e-03
-5.722579503102484359e-03
-5.713474508614722024e-03
-5.901375853345850950e-03
-6.097630786826346849e-03
-6.107459261504363281e-03
-6.217364818875458291e-03
-6.262297053537928433e-03
-6.285670626292778201e-03
-6.327742383453700999e-03
-6.340183548432258044e-03
-6.355214776742426110e-03
-6.367844161855523016e-03
-6.372885789251201728e-03
-6.375926727626565413e-03
-6.379607811661295279e-03
-6.378113310778138825e-03
-6.369333934355471058e-03
-6.375366609632259970e-03
-6.352061201017861203e-03
-6.338897200718795338e-03
-6.350478514056378740e-03
-6.256641486487549315e-03
-6.296167787123824536e-03
-6.243456550364232145e-03
-6.015594864292852541e-03
-6.293228686921549693e-03
-5.764675767464982545e-03
-5.613480299172158954e-03
-5.974891170616229881e-03
