-6.676012084033353111e-02
-6.234580625005044924e-02
7.396881163538600312e-03
6.761252664111899735e-03
-1.410913143085681075e-02
-1.386203178379040793e-02
-9.906532491084052774e-03
-1.189989704572061435e-02
-1.176431508483386651e-02
-1.135535879936637807e-02
-1.139866801028033803e-02
-1.139866801027889301e-02
-1.139866801027826851e-02
-1.139866801028101111e-02
-1.139866801028105274e-02
-1.139866801027981068e-02
-1.139866801027965282e-02
-1.139866801027969098e-02
-1.139866801028016109e-02
-1.139866801027496039e-02
-1.139866801028118284e-02
-1.139866801027936485e-02
-1.139866801027967363e-02
-1.139866801028298696e-02
-1.139866801027936832e-02
-1.139866801028010732e-02
-1.139866801027925904e-02
-1.139866801028311533e-02
-1.139866801027792156e-02
-1.140013451168328702e-02
-1.139360409984353090e-02
-1.130550210544620758e-02
-1.149514975927267389e-02
-1.151202013601677031e-02
-1.056095689577816674e-02
-1.560808272229403937e-02
-1.529688628182783276e-02
-1.703081547988182648e-02
-1.798890512420139864e-02
-1.429058296509692905e-02
-1.390486740704172629e-02
-2.742182794158503842e-02
-2.895373181555042572e-02
-3.061253444826877654e-02
-2.192016151910752830e-02
-2.598558857919223974e-02
-2.288867325430837471e-02
-2.448430865975125686e-02
-5.565253401530872307e-02
-4.658152287124565916e-02
1.695465278339630157e-03
6.767689489763017985e-02
6.998829787212436371e-02
-6.225312010317411195e-04
-2.429297709449977291e-02
-4.406886461272101208e-02
-4.709459087005920391e-02
-5.954258682936493935e-02
-4.672997844088213476e-02
-7.632001121382617215e-02
-2.996400812463542729e-01
-3.135143087125628059e-01
-1.174669440425011868e-01
-9.568657270151344207e-02
-6.449021601415802496e-02
4.087555144258394474e-02
3.744236937736872273e-02
8.004129810375514020e-02
1.419285710500284847e-01
1.003247450022878018e-01
8.500364054165382433e-02
9.162862258506930535e-02
7.025294874761932318e-02
9.971575602930390914e-02
1.572070975383260127e-01
1.466571859346778028e-01
1.309831148334721362e-01
1.034341800541265649e-01
1.383810968406652409e-01
1.810923153560138332e-01
9.177272557214011250e-02
9.728490051039227759e-03
5.313494195337443299e-02
1.498028788545823498e-01
1.970483229141130055e-01
1.087809182625876780e-01
1.346836547441227494e-01
8.465981107764398994e-02
-6.684253257381714275e-03
-8.892449536221086470e-02
8.321886169538046663e-02
1.168421601017830269e-01
1.060779102888151637e-01
1.206113775916428515e-01
1.103369673121848693e-01
-8.537396530217785523e-03
-1.047502570872759289e-02
-3.212041617574539799e-03
-5.573150000041904653e-03
-7.020333683709844078e-03
-7.025843692491708092e-02
-7.565841214985669083e-02
2.036630656283849525e-02
3.358934054831145405e-02
6.075553190885887855e-03
-2.286035760783835732e-02
-4.634163757571947012e-02
-6.788389467456084833e-03
-5.891916096074437115e-03
2.100974484937349895e-02
9.682289263956854464e-02
1.129489625836385125e-01
2.420199303843794530e-02
-1.280700181459228371e-01
-1.566307286826771061e-01
6.994645306981646382e-02
1.623033933433643550e-01
2.839505573903604030e-01
2.181387360810266574e-01
1.001700664225246840e-01
1.327792233352975693e-02
-9.605416844930228515e-02
-1.628664268344517663e-01
-9.788053658521538025e-02
-7.885481485582057637e-02
-2.181422368760869979e-02
-8.462799388986525298e-03
1.405074812697104832e-02
1.622703059583784080e-02
-5.383469937764312485e-03
-5.512546172967471188e-03
-6.702682606892198559e-03
-2.255049203342371356e-02
-3.018229704770490282e-02
-1.684324960697494017e-02
-2.909338614307688947e-04
1.437704178678395235e-02
7.169431568785609998e-02
7.167742372598349954e-02
9.047904715748886217e-02
1.144079215915144443e-01
1.640789551822836034e-01
1.533253050474290835e-01
1.601398809633434450e-01
1.391366925626660589e-01
-6.388586700816661912e-02
-9.876325339169673978e-02
-8.375283106871009298e-02
-1.055866589924676080e-01
-1.616259378688186255e-01
-1.484133194136837142e-01
-1.887478301735350805e-01
-2.279937048662043497e-01
-1.987621595193123369e-01
-1.956270903076781364e-01
-1.971159293494708920e-01
-1.971159293494732234e-01
-1.971159293494722520e-01
-1.809719736711714044e-01
-1.930527335741542005e-01
-2.794962628349470513e-01
-2.521098356801411144e-01
-1.844254729156040717e-01
-1.819493133924214578e-01
-1.384694044283306391e-01
-1.636494641654386295e-01
-3.619602389288115174e-02
6.293789552844930579e-03
1.906672905807126756e-02
1.700660020256327537e-02
2.797943273059026563e-03
8.750347555246864445e-03
-7.530799784918256606e-03
3.116250341684297705e-03
-3.625483548565144876e-02
-1.873720623844138747e-02
-4.036923636142937533e-02
-6.365177008641281775e-03
-3.026231459644260213e-02
-1.464942377439206259e-02
7.413898694918798216e-03
-5.354514233927171879e-02
-8.883493878045994885e-02
-1.285436452913069627e-01
-7.277390508437800443e-02
1.280438726256261268e-02
4.367981342428264163e-02
-2.096595398710501823e-03
1.886409913491281665e-03
-3.746858256158958761e-02
-3.797363086680663469e-02
-6.097157515845218201e-02
-3.574755959278949624e-02
-1.725491247870835146e-02
-2.027288586302230383e-02
-1.876196938094404007e-02
-1.939141098597004995e-02
-1.822936706508648114e-02
-3.274289968361183967e-02
-3.145752387447842829e-02
1.789042927602108209e-03
1.050638259597170068e-02
2.007447516838254883e-02
1.460207762829174652e-02
2.197339576751286896e-03
-2.386877080683172305e-03
1.606091394990303732e-03
7.813488004404707012e-04
1.679162039387615884e-03
1.520922233184479611e-03
2.914372306688315512e-03
2.056040931241401998e-02
2.094699058560283572e-02
1.831024310822131768e-02
1.912564902476358852e-02
1.883643884255494297e-02
1.818882081416984056e-02
2.059856574339654842e-02
2.539255258733320864e-02
1.908350311626741749e-02
6.935670442199001751e-02
7.964784165248271763e-02
-7.703739874714210512e-02
-1.051523888931400197e-01
-1.155941536636872768e-01
-5.698329580523065624e-02
9.820278984672847766e-02
1.385247858355202755e-01
3.522218754024276921e-02
1.436119783484463841e-01
-4.771067905146257615e-02
-2.031874096712306954e-01
-2.615353954324324826e-01
-8.165851400250434544e-02
-4.915341972106468393e-03
1.759442947063387663e-01
2.123273989497650172e-01
2.038870855092284606e-01
2.365373914445648151e-01
1.296466364303045238e-01
6.199305613033575385e-02
-5.474875280180140080e-02
-1.496893387436193379e-01
-2.060409606045260356e-01
-1.074295300006143511e-01
-3.602840988398849781e-02
5.082712475755436429e-03
5.393123459540713482e-02
3.078613588671676518e-02
-8.778064211658381799e-02
-1.193832314465116395e-01
-1.876289687127573047e-01
-1.577995579418682293e-01
2.272606029953398027e-02
6.595412641582254487e-02
2.752240024813283961e-02
5.647996877001855431e-02
8.667483047945784280e-02
8.127353383909872997e-02
1.144785525041144558e-01
9.747307550553108157e-02
1.020929767164551610e-01
1.449776021106319868e-01
1.357488160287808610e-01
1.929324012867979776e-01
1.409748014577407171e-01
7.317224903410292358e-02
1.167881224320857225e-01
1.435723838019636878e-01
9.429752025218514355e-02
-3.480214121281603387e-03
2.661856187867257806e-02
1.291728651408400042e-01
-3.370004821167550679e-02
-2.006147751332753304e-01
-1.174835950880656621e-01
-4.919312945862946984e-02
-1.784021103997743551e-01
-2.249483691045202072e-01
-2.818561524188241685e-01
-1.297963257444926244e-01
-5.034938138603794328e-02
-7.067902621346286440e-02
-1.255108879716023383e-02
2.167182131535239781e-02
6.996977039612443244e-04
-3.114329027462340096e-02
-2.336501625199005963e-02
-2.769265436923900453e-02
-2.173794494793791429e-02
-2.668163338457045161e-02
-2.224333183861059923e-02
-1.655185789027130774e-02
-1.360430985165768554e-02
-8.610518797423812043e-03
3.478352494188632210e-02
2.719415573834074382e-02
-4.858298987213886810e-02
-5.698404378967689837e-02
-5.558019432187184111e-02
-3.628983367321573367e-02
-3.923587376650627262e-02
-2.919680388999760720e-02
-4.815753539271598604e-02
-1.355436122502980470e-02
9.102422758729794561e-02
9.751555060644852280e-02
-1.271145649543435618e-02
-3.176720516218201062e-02
-7.081865446987135881e-02
-8.980783285411148009e-02
-6.274081542700325753e-02
-4.348777320458131063e-02
-1.505492540731289894e-02
-1.208092023945758417e-02
-4.737628808941753145e-02
-4.405676121753459434e-02
3.119852954617055932e-02
1.400668955139097727e-01
1.641495184061056434e-01
1.356332037558938830e-01
1.086855440814775836e-01
6.253652463285802598e-02
3.736046462629166037e-02
-1.906305601521009543e-02
-7.099272066726929759e-03
-2.121158841025902464e-02
-2.750925859946577734e-02
1.552088480511734647e-02
-5.096530010656574738e-03
-1.429884194562756339e-01
-1.598793917071943405e-01
-1.178527602700838034e-01
-6.812435917110019890e-02
1.142161721818955866e-02
6.726231490836107052e-03
-1.672937223802447790e-02
-2.985854794739158102e-02
-4.643189592792080350e-02
-6.172786472058060248e-02
-6.860332295625740096e-02
-6.510113734162467636e-02
-8.329358599423089538e-02
-9.620325036590690604e-02
-9.586254770132301983e-02
-1.349655602602862492e-01
-7.061065815784273170e-02
2.124303401775982231e-02
1.620763435234487959e-01
-1.296796785316953748e-01
-3.354514648720556269e-01
-2.813754900278473414e-01
-1.326709014927646701e-01
1.529974626368690860e-02
4.980401679292886102e-02
9.655340131406026094e-02
9.910552542765958817e-02
4.294761749667967698e-02
-2.832771500305128476e-02
-4.892082240504705415e-03
-5.538727731809442445e-02
6.222729264506503266e-03
4.070641182963862653e-02
7.733113201184782515e-02
7.504333452865367959e-02
3.632597984948589265e-02
5.046325995352632376e-02
1.545221151442821572e-02
-8.495705132500516732e-02
-1.255951704236314692e-01
-4.340342016608145920e-02
-4.274995877753806628e-02
-9.559792245907659802e-03
-3.412158676135563368e-02
-3.826556317953018482e-02
-5.283068673569524254e-02
-7.334831020921819822e-02
-8.350394920873387139e-02
-2.898376345971136539e-02
-9.382816877365165315e-03
2.468783005871662620e-02
1.961607579996535108e-02
-2.599516065530131301e-02
-2.919852894527854778e-02
-1.414978553968482614e-02
-1.669851364441012412e-02
-1.124440120360972392e-02
-2.526234573758091156e-02
-3.641432472476741761e-02
6.104163243802669149e-04
5.450333180602426157e-03
2.638594078781305446e-02
3.126128297921104693e-02
2.112736349543569564e-02
3.403384874906306701e-02
1.048960894877653677e-01
1.013246761577265148e-01
5.854828816094363730e-02
-5.874446324180689072e-02
-1.475182520373325423e-01
1.475204209943063727e-02
1.701252783154298953e-01
2.557796486498022381e-01
2.246284501330599037e-01
7.227278892569471980e-02
-4.954514116412436081e-02
-1.121899044354369990e-01
-1.378643088394342353e-01
-1.284510576282790195e-01
-1.424214355107189800e-01
-1.376726305561757069e-01
-7.800699580309698733e-02
-3.366745372805667047e-02
-4.251342554737354285e-02
3.612831776789817199e-04
3.186649198442040309e-03
1.909205400173086264e-03
-3.183376473500772880e-02
-6.365955031279461884e-02
-5.442626629307495412e-02
1.378309555445177310e-02
2.419871265942362404e-03
8.378407240831337033e-02
1.586386249863497022e-01
2.270273659010460798e-01
1.196943617691372114e-01
8.325089785329843617e-02
3.377597725690979075e-02
6.099885340048304128e-02
5.315380907954510986e-02
6.859821307788924183e-02
7.868946917657224094e-02
7.809192273105922122e-02
9.371344374274495626e-02
6.584397516994748567e-02
-9.260941921123838627e-03
-1.444210423383350539e-02
-2.642768118958453705e-02
8.134814019616715131e-03
-1.484155244284069142e-01
-3.139415276087500484e-01
-1.166735245513318975e-01
4.175112094501201576e-02
1.881889223226684837e-03
-4.901029234472564777e-02
-3.435954817805687844e-02
3.208711807286011158e-02
9.370057831942457671e-02
7.109593487430498904e-02
3.614320257281353199e-02
5.742353982538156432e-02
5.549473587066548752e-02
2.918975063331906428e-02
-1.260661129711639593e-02
-4.139964223047849778e-02
-7.757121429091504150e-02
-7.234628384143246271e-02
-9.996413675408574728e-02
-1.183140509765573667e-01
-9.548117005466244533e-02
-9.921285068455784617e-02
-1.357541115983058322e-01
-1.771383966837188906e-01
-1.443128189124127381e-01
-1.252463642211820716e-01
-1.474155549735104431e-01
-1.946035217001512718e-01
-2.035653252170290806e-01
-1.518367268986555163e-01
-1.246286552742978809e-01
-1.611513474401009838e-01
-2.328461578456480496e-01
-1.566748885713395434e-01
-4.914633276193799971e-02
-5.430574879990170134e-02
-7.282877529970471775e-02
-7.175002229017615751e-02
7.983001734979414121e-03
1.501397164284307140e-02
-2.634686939299677247e-02
-2.650197659811639322e-02
-9.308967471742915500e-02
-7.691455013290993126e-02
-1.518258607267243543e-02
1.143032085601686535e-03
6.710432013516037797e-02
6.870617594529777883e-02
2.897157757205221298e-03
-1.046015593969648605e-03
2.489824605908468654e-03
-2.310724589148195965e-02
-2.855274096579883680e-02
-3.347321143778889119e-02
-3.552124461926056687e-02
-6.797997202423006202e-02
-8.068050000275057976e-02
-9.794320413195538311e-02
-8.418469795024174918e-02
-5.576401358202864866e-02
-5.613476645892925138e-02
-5.435694758859953291e-02
-5.390897801179400650e-02
-5.132355347461292627e-02
-5.440593314018003085e-02
-5.261548498787149697e-02
1.256782045256872420e-02
1.443718983556182417e-02
1.191493329578171244e-02
1.478064641215568083e-02
1.489940027548545057e-02
1.573799985743716545e-02
1.501439266001356604e-02
3.056697526261643177e-02
3.411541988114522722e-02
1.736663934391504890e-02
1.052563351868581951e-02
1.347338764058330068e-03
3.165893417912749030e-04
-5.762300219039210095e-04
-1.213895101030583847e-03
-8.558832121154506291e-04
-4.900352322624833279e-03
-5.429690509733438655e-03
5.589655767510590470e-05
1.864642294311304183e-03
3.456805272942966266e-03
3.813089430051176502e-03
3.956281123129507318e-03
4.008319200185225806e-03
4.000288424823365135e-03
4.000288424822532468e-03
4.000288424823202939e-03
4.000288424823545547e-03
4.000288424823133550e-03
4.000288424822400629e-03
4.000288424822625276e-03
4.000288424822513386e-03
4.000288424822923648e-03
4.000288424822751043e-03
4.000288424822639154e-03
4.000288424822806554e-03
4.000288424822376343e-03
4.000288424823150030e-03
4.000288424822738033e-03
4.000288424823560292e-03
4.000288424822208075e-03
4.000288424823137019e-03
4.000288424822822167e-03
4.000288424822953139e-03
4.000288424822270525e-03
4.000288424822739768e-03
3.997306468657257916e-03
4.015887699732535038e-03
4.120808412276329505e-03
3.895769222894899034e-03
4.191378788201275893e-03
5.358615069915206169e-03
-5.819441611547623155e-04
-2.047202954361423358e-03
