-1.380695270140519168e-02
-1.456459470346162417e-02
-2.626172818484371826e-02
-3.260555919449980439e-02
-2.751464019495900720e-02
-2.177396752806587399e-02
-1.664915659389936201e-02
-1.664289031182326212e-02
-1.663607364536542205e-02
-1.663324829563188334e-02
-1.663362809889363386e-02
-1.663362568776337660e-02
-1.663362524863026826e-02
-1.663362543990824435e-02
-1.663362576256796274e-02
-1.663357076435322685e-02
-1.663389216278823857e-02
-1.663589879220009685e-02
-1.664078678651032678e-02
-1.741438906857326399e-02
-1.972804380054099874e-02
-1.972679103106936629e-02
-1.817901811981434412e-02
-1.818114179590151966e-02
-1.817923298053655823e-02
-1.818031097948306571e-02
-1.818217701085271532e-02
-1.816217660024301711e-02
-2.048689548930815452e-02
-1.659875646292970769e-02
4.016233575724340726e-03
1.634830687693809978e-04
-3.238499471005875513e-02
-3.158754491471129494e-02
-1.219573652031716304e-02
-9.502729942465214935e-03
-4.801848818981963897e-03
-9.463598530202158368e-03
-1.490089677229044889e-02
-1.920029072010917548e-02
-1.947653674715702637e-02
-1.447898772278680482e-02
-1.233024770222403664e-02
-1.178106415230708442e-02
-1.178114150794441414e-02
-1.178601927810089996e-02
-1.178324376643251695e-02
-1.972683953665377299e-02
-2.143740812011855901e-02
-1.546935514427735976e-02
-1.149132702339249017e-02
-8.067870252446155549e-03
4.813310760930080562e-03
8.409861200286706737e-03
-4.879803444410527741e-03
-1.017580676870330318e-02
-1.044085056590102895e-02
3.212007324887085347e-02
2.739353644402912208e-02
-4.642533304391301130e-02
-6.829976447515485882e-02
-8.695670438714174499e-02
-1.041728647467500962e-01
-9.079606411534776877e-02
-5.498257272390012079e-02
-1.073015143285705082e-02
-7.745993735286414716e-03
-8.031777981601005917e-04
4.747251016648307807e-03
-1.236772091168175311e-02
-7.783995200164794959e-02
-1.084833788020354017e-01
-7.455346641365037663e-02
-7.487475853451305841e-02
-7.482772051077143938e-02
-1.018970709463924429e-01
-1.090152233795700504e-01
-1.256413893462774989e-01
-1.120525419120926569e-01
-9.784617212951327025e-02
-7.291026028353921051e-02
-8.085127177119541542e-02
-1.200557904088901257e-01
-1.326144573895670087e-01
-1.167991500024207069e-01
-1.168145261527682582e-01
-1.581307759246713684e-01
-1.600260284025890600e-01
-1.119692384309338290e-01
-9.125251122328213726e-02
-6.875624652241836554e-02
-6.324177880392581330e-02
-2.375843645723999670e-02
-3.297926521504670333e-02
-4.389228612916472316e-02
-6.427128362351555713e-02
-6.312556025343364630e-02
-5.246899408528502007e-02
-4.226029318132057400e-02
-3.560713870353118815e-02
-2.578068895553022391e-02
5.562530765875315931e-05
-4.617900755208674546e-03
-2.027121967383693768e-02
-2.562102586866767118e-02
-1.642981707101420774e-02
-4.554345697637923567e-03
2.540897008968528645e-02
1.926632121067194114e-02
-3.911717429113156091e-02
-5.298878761909493057e-02
-5.497027554652326314e-02
-5.372364376108611228e-02
-7.093974768567225253e-02
-7.452250922948708278e-02
-6.764573952501030940e-02
-5.691878878049554114e-02
-4.933505580122697631e-02
-4.672950704050227166e-02
-3.543291399754579935e-02
-1.285560151311275490e-02
1.106128476863456821e-04
-2.284033857894732927e-02
-4.346374491016995190e-02
-4.858241665977231644e-02
-2.590940253803341101e-02
1.967709132198114039e-02
2.001375707618572794e-02
1.567080838737223286e-02
1.628748585761943465e-02
1.128753524539628100e-02
5.670652838449017664e-03
4.482060060355410290e-03
4.478673404616295185e-03
4.480779732641390102e-03
4.467409041768928037e-03
8.418336253077347495e-03
7.827147364006914465e-03
-2.094431404426731758e-02
-3.386766201783567715e-02
-3.422791894116418432e-02
8.316531673879232200e-03
1.626954289826552102e-01
1.645120995152188070e-01
-9.268664480993215118e-03
-4.820386208344541040e-02
-5.062220114973659587e-04
7.189523918608972664e-02
8.072661470763908831e-02
2.037749936109567797e-02
-3.829725960303035845e-03
-5.021416353350300482e-02
-5.771983668940883910e-02
-6.967307696130980998e-02
-5.212874742590525856e-02
-3.719831954931140244e-02
-3.714104764941603826e-02
-3.356175158033249811e-02
-2.731405884213842367e-02
-1.930646409884088747e-03
-3.763674948235553284e-03
-3.721116260749321013e-03
-2.089093566538470156e-02
-6.253417820859093201e-02
-7.808107824500268301e-02
-2.796436918512049466e-02
-5.402408683549844368e-03
1.827859988008368949e-02
-1.229112022012566162e-02
-6.496624235684742010e-02
-9.073367685474920119e-02
-1.075984308988493510e-01
-7.876403046056544566e-02
-7.445621202722411958e-02
-3.239738296784139965e-02
-2.739907196322393171e-02
-3.652817053318765939e-02
-6.388412716952576731e-02
-5.372092009070228436e-02
-2.106902939113301093e-02
-1.140218118457001287e-02
-5.173718340036580383e-03
-3.138848538492537091e-03
-2.816129091464739456e-02
-3.320196094726440145e-02
-3.723439988785594290e-02
-4.608224980382887720e-02
-4.808352226081952924e-02
-2.329672737043432529e-02
-1.635051952844225262e-02
-1.062067522239378177e-02
1.185227899993760749e-02
1.059549592185086639e-02
5.783924441715781323e-03
8.990540958390613388e-03
1.093920355852111628e-02
2.310945102967854048e-02
1.618763767013798802e-02
-1.704600009970627661e-02
-3.376465743524580815e-02
-3.437464679126695649e-02
3.376326979609320378e-02
1.018382583450042483e-01
8.738555504772653471e-02
7.566587954617949412e-03
-1.915998337439239751e-02
-3.042947291501139906e-02
1.659255426558741905e-02
3.237564915503936269e-02
7.323314678274704670e-02
8.139867008517771840e-03
-1.815217922716234888e-01
-2.393185529604822392e-01
-8.487944310074395371e-02
4.543802159339165730e-02
-5.194613316132516700e-03
-2.255570093386657232e-02
-2.179726003048938071e-02
-1.481841274102786059e-03
4.182056512672915373e-03
2.193336847228802462e-03
-5.430107513973434115e-03
-6.407224711932312140e-03
-1.548606417754947416e-02
-2.040427177431937411e-02
-1.845133851252455520e-02
-1.846333344658633926e-02
-1.847215392329385614e-02
-1.846545679976668852e-02
-2.956794951594271872e-02
-3.230699437851131811e-02
-1.913055788749890018e-02
-4.468919288243311180e-03
1.621422632296989257e-03
-6.019695210045657337e-03
-1.056321632645125172e-02
-1.340381714330676072e-02
-1.289914816998098332e-02
-3.234117108651227233e-03
-2.405742126055840455e-03
-3.425352593564535628e-03
-3.407314537078592366e-03
-6.601870241327436467e-03
9.677066982634541454e-04
1.461720893970140309e-02
1.859488470289468939e-02
5.481259994387883494e-04
1.953340303619255196e-03
-4.390991299828194555e-02
-5.301947654729830678e-02
-5.499161080821839825e-02
-5.371520312545463582e-02
-7.090493601698190373e-02
-7.448557038210636139e-02
-5.076654025997964087e-02
-3.591045349269583742e-02
-2.030961763559745517e-02
-1.814770769897632724e-02
-3.857710075418076257e-02
-3.522271432038984185e-02
-2.015650865669288416e-02
-1.610032226903952354e-02
-2.151825386722045624e-02
-2.236775061311923815e-02
-2.461583205958123646e-02
-1.093353105817061396e-02
4.150232461625698310e-02
9.519562171306526766e-02
4.980883816633931843e-02
7.905715112361183516e-03
-3.498744260822290314e-02
-6.664756198427855549e-02
-7.426499101345750142e-02
-7.149636104633388944e-02
-9.252357117747141146e-02
-7.529584644099260315e-02
-5.487121987332056056e-02
-1.051269991972169672e-02
-7.838279437134759026e-03
8.168451179227305403e-02
3.874171000752091570e-03
-1.275076530964066035e-01
-2.105261394666826935e-01
-1.564089286539655788e-01
-5.255737686132175290e-02
-3.149682640197577765e-02
-5.189273652581498364e-02
-5.211182766146997547e-02
-2.865112598502543573e-02
-4.076829091579060177e-02
-2.290491547288553420e-01
-2.410804835848695815e-01
-2.174190927566611031e-01
-2.178782064971395427e-01
-2.176294525042975769e-01
-2.175209775029130765e-01
-2.176068182450398569e-01
-2.179068175832353793e-01
-2.177318593327187968e-01
-2.570180674752713390e-01
-2.831901734329994036e-01
-1.700481941753261284e-01
-1.503884100671208091e-01
-9.749537473191076387e-02
-1.077427572334380967e-01
-9.090598115645383281e-02
-5.105957682108192355e-03
1.686613777246645865e-02
-4.376847677757224157e-03
1.788617490001253099e-02
1.304660570152033593e-02
-1.528967356662485483e-02
-2.420948347294993308e-02
-2.600143289735607627e-02
-1.886606438630244326e-02
-1.887362249360116304e-02
-1.886327585085339348e-02
-2.368827452921103832e-02
-2.383560672099641412e-02
-1.078645094040080361e-02
-8.379768070195744295e-03
1.039441089441066638e-03
1.637310502874444237e-03
-1.080474589058340665e-02
-1.132173733655328189e-02
-7.565761538779937172e-03
-5.164782608194278500e-03
-1.329695587115364494e-02
-2.346904817842669318e-04
-1.317630554895786107e-02
-1.089574544362337666e-01
-1.076908579986583098e-01
5.794797207959669419e-03
2.613679633218183446e-02
1.146574474996797655e-02
4.304444359660920122e-03
5.284944282248155156e-03
3.874083460702902430e-03
-2.402609724666239857e-02
-3.044438147680188222e-02
-2.765947289786536978e-02
-2.766874480869164349e-02
-2.768070682777892463e-02
-2.215473881770953224e-02
-2.561408220600534455e-02
-5.661713860774851559e-02
-5.939629959073821491e-02
-5.063510426648137885e-02
-5.539186695323793791e-02
-7.041404303679044130e-02
-7.135279658224069621e-02
-6.191316164168711444e-02
-6.191562899210029808e-02
-6.192319596110561208e-02
-6.195804783809262528e-02
-6.196745106737815145e-02
-8.656815672284691454e-02
-8.420635789484900990e-02
-8.619807313232800972e-02
-7.393797955686061407e-02
-7.857305923549723348e-02
-7.850071398180022419e-02
-7.853953419778511580e-02
-7.877983999880208699e-02
-7.860250192196166497e-02
-1.027905658524151666e-01
-1.055396956872660524e-01
-2.294621462478677737e-02
3.770399966966336120e-04
4.079459268597511977e-03
-5.963470163918881736e-04
-3.008761871705212254e-02
-1.898633601790924302e-02
-2.211558101323763195e-02
-7.967030022754133592e-03
-7.967237369580376996e-03
-3.533441630126924610e-03
-1.227314770061260817e-03
-1.320222653466330762e-02
-1.541141735457712131e-02
-2.001795214365329964e-02
-2.002557835298583375e-02
-2.002896820008294790e-02
-2.003154459887908009e-02
-2.003168404381945253e-02
-2.002779015582557831e-02
-2.002243448476166351e-02
-2.004370175374758575e-02
-1.382360400946719761e-02
-1.582898936570300424e-02
-4.596397724957863862e-02
-4.300464664270450821e-02
-1.433061198224123284e-02
-1.495890153423887724e-02
-3.440335612507160190e-02
-4.085194878377554351e-02
-1.265004002996831904e-02
-9.021507956204256190e-03
3.948966450546130720e-03
3.965118252218159667e-03
3.972040106271806925e-03
3.978815963089807686e-03
3.977178578106086056e-03
3.977174359836757600e-03
3.978413727737872656e-03
3.972094655798013782e-03
3.960287985999145881e-03
4.007178633172889248e-03
-5.672643490591476080e-03
1.509960003448260635e-03
7.621592727531943667e-02
8.896042759866751304e-02
6.928728212241416773e-02
-1.302953387474136901e-02
-1.700082766167947471e-02
-6.323603242671923044e-03
-6.376663660249875035e-03
-6.363844556128924607e-03
-6.355553588610742509e-03
-6.360224172721766836e-03
-4.387482379796875213e-03
-4.674476793051051370e-03
-9.941814655030998399e-03
-1.092773529783627046e-02
-1.035641155514831560e-02
-1.036100011939047882e-02
-1.036115793131254896e-02
-1.036110045293872628e-02
-1.087863162804799701e-02
-1.093777794238531484e-02
-1.167220919116649172e-02
-1.141384555394587934e-02
-1.129491076707779713e-02
-1.129522415975980909e-02
-1.129491862631118275e-02
-1.129486422353405753e-02
-1.129487386961112311e-02
-1.129487376404112418e-02
-1.129487376275825454e-02
-1.129487376704863336e-02
-1.129487376673002537e-02
-1.129487376672955526e-02
-1.129487376672963332e-02
-1.129487376672989873e-02
-1.129487376672969751e-02
-1.129487376672982414e-02
-1.129487376672973567e-02
-1.129487376715255544e-02
-1.129487376034872884e-02
-1.129487377099300943e-02
-1.129487399292193953e-02
-1.129486058237313094e-02
-1.129496579351682573e-02
-1.129536321355044913e-02
-1.129268337743503416e-02
-1.145084788914210207e-02
-1.137994999827470106e-02
-7.269726737241629516e-03
-7.128169360535408124e-03
