1.141255819902532893e-02
1.102498979961981374e-02
7.042615066499252618e-03
9.345600916615242823e-03
9.518287007041058984e-03
7.721155991160759749e-03
4.949023329633549066e-03
4.948355699365336244e-03
4.944422861771102795e-03
4.942333375027553426e-03
4.942592672601487519e-03
4.942590747769372642e-03
4.942590330480399301e-03
4.942590485170484695e-03
4.942590475903773165e-03
4.942590475903584947e-03
4.942590475903924085e-03
4.942590475904956246e-03
4.942590475904363838e-03
4.942590475902406202e-03
4.942590475904157406e-03
4.942590475901974256e-03
4.942590475904396798e-03
4.942590475903814798e-03
4.942590475903887656e-03
4.942590475904313531e-03
4.942590480386686337e-03
4.942590399897043608e-03
4.942590712062245283e-03
4.942591121090984113e-03
4.942465403362499704e-03
4.943637800249059584e-03
4.943823752052814956e-03
4.945442962388786265e-03
6.289996277049050323e-03
5.453393325543929443e-03
8.867287068731223576e-03
8.194869947310647051e-03
9.868548132791626210e-03
9.873022856613762957e-03
9.858060150104515709e-03
9.828705508057252599e-03
9.864894960446766309e-03
-7.143375457998730506e-03
-1.427530860843635903e-02
2.484672849299610076e-02
3.334621521754315560e-02
4.767599432095392248e-02
4.770870743089995064e-02
4.772603226246797947e-02
4.777702207332603507e-02
5.312143191011065024e-02
6.574861214666048725e-02
1.141860231205169829e-01
1.115712659058315931e-01
5.250596436226226404e-02
9.269507936924462066e-02
6.466343475929577089e-02
8.572995229914630311e-02
1.116156016261695277e-01
4.158950197121568521e-02
-5.585301205523211798e-02
-9.510323604853058999e-02
-3.622762079831371579e-02
-1.128560624914270831e-02
-1.015566961650345157e-02
8.105359500596461333e-03
3.480961639275218650e-02
4.224468493185032369e-02
9.056076324893939586e-03
-7.265520958583455806e-03
-9.290928542471776214e-03
1.409569122575488010e-03
1.399233331501292940e-03
1.407798899439212598e-03
1.408965984757227455e-03
1.396949382361915761e-03
1.396660283711562145e-03
-8.769915473958710475e-03
-1.527425030286220890e-02
-1.181634661107986047e-02
-6.742929139362309823e-03
6.299805986339564179e-03
5.955243527947440794e-03
8.906723841028335587e-03
1.854815858661390190e-02
1.042724368750412405e-02
6.347379521890926524e-02
4.894479936048448665e-02
8.710603528936561313e-02
1.888804578581135540e-01
2.016722916830366585e-01
1.591104213911280207e-01
1.591680539276427997e-01
2.154001037839821941e-01
2.286923406619098820e-01
1.113683568448428918e-01
6.410469534452827023e-02
-9.841316070161618829e-03
1.771241067673143298e-04
3.670195223914989036e-02
2.730945765152411730e-03
-9.235563699879369148e-02
-6.328821298404993523e-02
-9.058561992489320459e-04
-8.868867678955534919e-04
3.095792230896359659e-02
3.528570715845889827e-02
1.425086045918495976e-02
-9.434450647603723206e-02
-5.739206963764290764e-02
1.004065256183980653e-01
1.872747437883581501e-01
9.689137117869850435e-02
-6.381836663036081006e-03
-5.284338039400927889e-02
1.814733290148798708e-02
3.804625771517144983e-02
-1.339458456574276791e-02
-6.247853340912283560e-02
-1.056012516841752930e-01
-1.222277646772190474e-01
-1.097924508620553435e-01
-5.935346232769259101e-02
-5.926857491828709662e-02
-9.066659900164010522e-02
-9.082854075363853974e-02
-8.190922096806108055e-02
-1.255871541559319127e-01
-1.383427771750479485e-01
-7.674184814324803983e-02
-2.660615091245967234e-03
4.395065706389564980e-02
4.268441908549976821e-02
3.080409156249029959e-02
3.470725715714155502e-02
3.519630146843474167e-02
2.157036889354543158e-02
1.375657744644218777e-02
1.795510225300787216e-02
1.606433391407976682e-02
-7.967390973199093770e-03
-1.007275128889085526e-02
-6.324150975504704529e-03
-6.346127321653260468e-03
-6.350597920695230485e-03
-6.335747079550550255e-03
-1.616160422436061644e-02
-1.591244421876840051e-02
2.024673379891830504e-03
6.945754819403631916e-03
6.450854958564419470e-03
1.736629988812163350e-02
1.944603591992685732e-02
9.886718539119996110e-03
2.496636469995561908e-02
1.434581665879865187e-02
-7.011081978853969665e-02
-1.171040928868651437e-01
-9.785150110485224539e-02
-2.648490023732400292e-02
-1.357424961083961677e-02
-3.618931115939675452e-02
-4.594345423637057058e-02
-2.071830405252664264e-02
-3.387604743677832819e-02
-1.076768679815822138e-01
-1.114965499502243579e-01
-4.365528958535497966e-02
-9.475057831399434638e-02
-1.002652193182254209e-01
6.499998574393797170e-03
1.224054130077663199e-01
1.275851895715351403e-01
9.974600182985066121e-02
5.882877195526604180e-02
4.356542082775072267e-02
4.354605091402738437e-02
-1.460912070705452969e-03
3.480430291778170921e-04
7.724091958724879636e-02
9.997019199770719455e-02
9.650611973254544229e-02
1.615069577163750492e-01
1.584623442465016019e-01
1.056448377470534383e-01
7.329106780097952023e-02
7.900242193384841849e-02
7.007093463637288633e-02
1.003989336984923986e-01
1.065776503515358520e-01
1.109767733760372438e-01
7.839750322928194792e-02
7.018163782721166533e-02
2.936337439939255486e-02
1.523217996360912672e-02
3.160289197200921024e-02
3.137218207056694658e-02
3.133703687116842773e-02
3.131982939988482012e-02
-1.137730443389770550e-02
-1.305460467875375376e-02
-3.997832769266460723e-02
-1.877423181456391171e-02
-1.517927427628400910e-02
-1.509974135583296538e-02
-1.513261909788617306e-02
2.986322985939190554e-03
-1.416567299751126004e-02
-5.559860401345914638e-02
-8.280896549508497129e-02
-5.170660405799902548e-02
-3.972408244717097470e-02
-3.556209893607908956e-02
-3.110707386974795666e-02
-2.897669594861897180e-02
-2.570570390805303196e-02
-1.463758767196747697e-02
-3.044021837872351241e-02
-2.419251631621050294e-02
1.117829295388333456e-02
3.629113381011835754e-02
2.723961667847557902e-02
7.959604159390239186e-02
7.762698164748056684e-02
5.922601249105735599e-02
1.456093417825770481e-02
-1.003511113950638911e-01
-2.568399454412564897e-01
-1.980903803209898562e-01
-6.264114309368401523e-02
8.369258644567272032e-02
1.256309698248996853e-01
1.454880142642178964e-01
1.081705708335827520e-01
4.331240287881191198e-02
5.709497391359698998e-02
5.590145780854025026e-02
5.856526155140939771e-02
5.816695826516136980e-02
7.921493605197942045e-02
1.183887668361281315e-01
9.858214846022789191e-02
-1.322547916299732750e-02
-4.396858420717084104e-02
-4.363057592989717792e-02
-5.196946020010798778e-02
-2.811786257335979755e-02
8.214811054550527972e-03
2.777096250198529681e-02
3.885866966084038088e-02
6.671233683936196590e-02
4.928766378918874452e-02
-1.653884486143012214e-02
-1.339518747528415168e-02
1.608060402928114530e-02
1.678546373894196364e-02
1.607750165005555898e-02
1.139822171810069527e-02
-7.967261539289918065e-03
-1.008586721342269107e-02
-6.324873995311074831e-03
-1.135325056954442254e-02
-1.200253513517872579e-02
7.258872487169908128e-03
1.303322689167158918e-02
1.700282938833128088e-02
1.272449931358980713e-02
1.453811515841996194e-02
7.387170176989177849e-03
-2.606356590446353913e-03
-4.333598458880530066e-03
-6.161305790310293937e-04
-6.267340315284574640e-04
-6.339382077520291361e-04
-6.135872987968741437e-04
-8.528076558600033302e-03
-9.190406829945299907e-03
2.281371187690871966e-02
2.760971509348127823e-02
1.262998597672158711e-02
1.197676656503098187e-02
3.066929623383464476e-02
3.162410700964880805e-02
2.875584064893411951e-02
1.704965389539140480e-02
1.303169581818629762e-02
1.560569133348532408e-02
4.176804133024221433e-02
5.400221731689678478e-02
-3.424031296414802028e-02
-4.438575901528852424e-02
-5.268561240785676197e-02
-4.795721997881556564e-02
-5.032746653197132242e-02
-4.642518395878333926e-02
-4.942469907514314420e-02
-3.124105372449314730e-02
-2.554775077194100866e-02
-4.679049340211195035e-02
-8.561628694803796735e-02
-1.116597236034679586e-01
-1.111276000671684583e-01
-1.279683520482674808e-01
-9.789305656777567977e-02
1.151501868192177092e-02
9.263100937076537700e-02
8.345299737903055792e-02
5.901567518210901891e-02
-1.504851071461141450e-02
-4.085896582576068609e-02
9.147509129727889737e-03
1.766461862229317878e-02
-1.384768344825806734e-02
-2.386351853506890608e-02
-1.434457965343070678e-02
-1.742705977110348484e-02
1.844257113321140637e-03
2.978330261804930726e-02
3.757019672815646583e-02
1.739399769612328187e-02
6.853201329013844552e-03
3.707876968356067782e-03
1.081835803389720983e-02
8.861241484838080010e-03
1.029987429803551693e-02
3.066317255211686507e-02
3.163905565129603720e-02
2.877338861704072798e-02
2.878897691395948880e-02
2.877819940155551884e-02
2.876492057071314279e-02
2.876466304389904000e-02
1.704067644301389753e-02
1.301623303461810731e-02
1.566536802988319210e-02
3.687761250063368440e-02
5.926348647121562618e-02
7.048882824489671739e-02
3.819282899231662975e-02
-7.422085296527339282e-02
-7.258750442641595524e-02
8.909228223170084782e-02
1.039363451341862588e-01
8.884331492532628050e-03
-1.216121873993732949e-01
-8.411941392507241155e-02
1.542950277251152122e-02
6.691134999280665130e-02
1.243561529398603260e-01
1.496369599347716073e-01
1.157053687863072722e-01
6.895981268367738781e-02
1.849797112021952378e-02
1.808561456401434550e-02
3.918323749403772316e-02
2.382004478758114815e-02
-2.953945455965749714e-02
-4.789826904060297957e-02
-5.915258559640666769e-02
-5.904234320382687612e-02
2.674279381465931998e-02
1.144587536486077334e-01
2.059648049058906971e-02
-7.147347972132053751e-02
-6.974718039421420879e-02
-1.666839577949332518e-01
-1.569629765932193943e-01
-1.045875607189058892e-01
-1.046467289865229966e-01
-1.261682514118888654e-01
-1.137297188096967754e-01
-6.281416167251896443e-02
-5.172578722846775390e-02
-7.650950675633215459e-02
-6.216441781213041806e-02
-9.322760175733264820e-02
-1.655820424347008157e-01
-1.926751595881080470e-01
-7.088859227773695870e-02
4.260903464484705472e-02
2.827333455002671928e-02
-2.954589798721059257e-02
1.211651021299103154e-02
7.805697267688239960e-02
3.159329922521154216e-02
-1.486736759393821571e-02
-2.351576539206950284e-02
9.771701856844286320e-04
2.136737706000241006e-03
3.511145596438771527e-02
3.505094972323622576e-02
1.175149937919655295e-02
9.834521766004708163e-03
2.620249717836462683e-02
2.618481122435762851e-02
2.619761991101052928e-02
2.620698618219071199e-02
2.620479119528102210e-02
2.620479729420024939e-02
2.620479800666180789e-02
2.620479763652824867e-02
2.620479751825560352e-02
2.620479164640198561e-02
2.620611143490972350e-02
2.620041620607060917e-02
2.618767830903123706e-02
2.622049540350475036e-02
1.642535647604811619e-02
1.820432685260958694e-02
7.252381740092569973e-02
7.742181596423318435e-02
7.389878185564967283e-02
7.396229166832028745e-02
7.395841196830388320e-02
9.907687769166437231e-02
1.108331578717164645e-01
1.080985371772933690e-01
9.556525437667565126e-02
7.200604683091724190e-02
7.200469621267897857e-02
7.194230796635313341e-02
7.519196426793156585e-02
6.836183280736876644e-02
1.859633349162148619e-02
1.695304301619251011e-02
3.061130609684085263e-02
3.055878661378251190e-02
3.056237719303453448e-02
3.056005820689250765e-02
1.638356797112039756e-02
1.342588236586964197e-02
-5.304965180132860045e-03
1.767068724478735361e-03
7.697828031067837848e-03
7.783181056365559916e-03
7.761500095573805116e-03
6.224896405048373693e-04
5.730701588382477443e-04
6.418433587212009784e-04
6.358677409853707475e-04
6.366145939632831532e-04
6.366777372058259965e-04
6.366687544782116334e-04
6.366692416303717161e-04
6.366692314971037934e-04
6.366692265347891630e-04
6.366692268264449684e-04
6.366692268260044571e-04
6.366692268270231735e-04
6.366692268266191997e-04
6.366692268261083237e-04
6.366692268254834980e-04
6.366692268264689293e-04
6.366692268268556642e-04
6.366692268254877263e-04
6.366692268266442448e-04
6.366692268263893489e-04
6.366692268263505344e-04
6.366692268256205411e-04
6.366692268265827705e-04
6.366692268260275506e-04
6.366692268267712049e-04
6.366692268262854823e-04
6.366692268260533546e-04
6.366692285913375625e-04
6.366692004042968618e-04
6.366692835308241163e-04
6.366694585566630990e-04
6.366239457601687544e-04
6.369837670748869363e-04
6.373372440280625955e-04
6.390359874967051039e-04
1.095266899488159642e-03
1.270879530315982033e-03
3.291068905179565275e-03
2.943812323566582460e-03
