-2.158147927925280554e-02
-2.126867260609109633e-02
-2.776514051190076549e-02
-2.897988581252143245e-02
-2.438978672508877038e-02
-2.573470891936476684e-02
-2.593291244163063725e-02
-2.507152791940149908e-02
-2.565040376277769735e-02
-2.540896850005949087e-02
-2.534771647405341388e-02
-2.546239853047669796e-02
-2.536240833760086688e-02
-2.538949160395402582e-02
-2.539358892730605999e-02
-2.537182298738326069e-02
-2.538429366466603276e-02
-2.537857895330360158e-02
-2.537685538484393474e-02
-2.538010193616857882e-02
-2.537818737098942318e-02
-2.538022831872139076e-02
-2.538255212639160124e-02
-2.538343586166034310e-02
-2.539001019190860464e-02
-2.539414978959542157e-02
-2.540022435743431381e-02
-2.542146227699796507e-02
-2.542396908983301715e-02
-2.545862259123662236e-02
-2.550991617057929428e-02
-2.550040261305423772e-02
-2.566991984969096974e-02
-2.571412028553270168e-02
-2.576323757004991832e-02
-2.644493982954921468e-02
-2.672007677250208546e-02
-2.666219382051675940e-02
-2.731911090941377060e-02
-2.760577272449617897e-02
-2.743459308398818464e-02
-2.971698146292375137e-02
-2.971889912006604392e-02
-3.020878590191834745e-02
-3.028161097849789429e-02
-3.045965154503262398e-02
-2.785443835643562280e-02
-2.441866823571488265e-02
-2.053771489418842328e-02
-2.219170003620832970e-02
-2.054766964820446337e-02
-1.539938808217659882e-02
-1.478192679321237851e-02
-9.695744275870259860e-03
-2.361222125017109486e-02
-6.435296624798866882e-02
-7.966387971062327544e-02
-1.091317502229514069e-01
-1.283017254556612641e-01
-1.531370076189080831e-01
-1.751287025640358430e-01
-2.006043393566252220e-01
-2.284823763602999991e-01
-2.269702128943200392e-01
-2.320843253394005989e-01
-2.288458805219864001e-01
-2.199448627187647054e-01
-2.188887172008725790e-01
-2.085999484373201318e-01
-1.997793823748177655e-01
-1.953721866470969348e-01
-1.810692663346234466e-01
-1.760332031242156092e-01
-1.783446560819016147e-01
-1.695224593233104204e-01
-1.734280893704288617e-01
-1.721014899027652756e-01
-1.678717747116839909e-01
-1.742327738767911194e-01
-1.697836390805246842e-01
-1.730521641608590566e-01
-1.666719392329110427e-01
-1.568925311068047335e-01
-1.500366525773687010e-01
-1.259974367092252245e-01
-1.002383505542623343e-01
-7.353623341184281625e-02
-5.099364558549168702e-02
-3.204844832824852580e-02
-2.856463291344972510e-02
-2.712145430786724876e-02
-2.239793612144225232e-02
-2.176144263765471959e-02
-1.647098787297925082e-02
-1.095074413285728951e-02
-8.736861277631124967e-03
-1.931420239229365149e-02
-4.967084370007192329e-02
-6.324873847380367564e-02
-8.865309001377220943e-02
-1.393411252325039151e-01
-1.550040801740217855e-01
-1.570226925491141068e-01
-1.473756154001898966e-01
-1.409877274945280923e-01
-1.290258941855144670e-01
-1.275883715223105619e-01
-1.211906360449295367e-01
-1.164679572135893376e-01
-1.136818664601955964e-01
-1.108412004783819738e-01
-1.116080362479612287e-01
-1.160199287466001650e-01
-1.231435925726000052e-01
-1.273786533280590605e-01
-1.399452227713789965e-01
-1.536445770973204339e-01
-1.583418120992634015e-01
-1.774384579429599262e-01
-1.762591312256059917e-01
-1.910591484940084572e-01
-2.021081723681540654e-01
-1.960415841352863286e-01
-2.155972188575933368e-01
-2.072916972028728266e-01
-2.053576467593828669e-01
-2.106437981625013389e-01
-1.979290952237983403e-01
-2.152327839214296934e-01
-2.057082023591645381e-01
-2.055706616461803193e-01
-2.195072827669788118e-01
-2.053902249611585795e-01
-2.091763700870349352e-01
-2.039679436739304796e-01
-1.671270607618107196e-01
-1.633902784259620711e-01
-1.443798252416200467e-01
-1.166755056892920805e-01
-1.144123275341689672e-01
-6.542993712914844939e-02
-5.562504663580208203e-02
-4.917025641203788544e-02
-2.909021760628554762e-02
-2.323564475899069295e-02
-7.106980831766511290e-03
-8.004998422658086629e-03
-1.260620118007711905e-02
-1.123477379512157273e-02
-1.334479727096375690e-02
-1.414034453657699378e-02
-4.780606041633521028e-03
-1.872111427002779577e-02
-1.439026181143752449e-02
-2.964415961580364398e-02
-7.436757123613811638e-02
-7.308323450956316636e-02
-6.033546512870845147e-02
-4.984198086543756290e-02
-3.589315117420781298e-02
-3.008469670172473492e-02
-1.910162687730341743e-02
-2.413307709543276169e-02
-2.680841014856458204e-02
-3.896198964819912181e-02
-6.400290024236637842e-02
-8.258424069329978190e-02
-9.447710822068260128e-02
-1.101665682208826380e-01
-1.178537023195393857e-01
-1.183552798989687543e-01
-1.218311226411131071e-01
-1.194266046991680486e-01
-1.123401851901022763e-01
-1.135779301577489603e-01
-1.237566303762098890e-01
-1.282240160363010695e-01
-1.492526737509531354e-01
-1.662733015821399041e-01
-1.715158562381031149e-01
-1.904756599160434549e-01
-2.010389800010837225e-01
-2.082566003181367809e-01
-2.138629532283425894e-01
-2.149431626435924780e-01
-2.119046389554001264e-01
-2.074704166869043298e-01
-2.147902839257824492e-01
-2.104497434960556079e-01
-2.150187379388548148e-01
-2.167553213728380945e-01
-2.097004876621169078e-01
-2.161932852576801123e-01
-2.109112284234155033e-01
-2.111890786320492763e-01
-2.195313644107275419e-01
-2.174196169075059415e-01
-2.247531075466555062e-01
-2.296472597275753813e-01
-2.270086810331950478e-01
-2.354772942603319263e-01
-2.314070611498623142e-01
-2.256593721307570410e-01
-2.237093246874035102e-01
-2.130845682940582242e-01
-2.080002333571984718e-01
-2.015797901674656334e-01
-1.899120673435071849e-01
-1.854458147356444764e-01
-1.737867380582602816e-01
-1.622877669402527090e-01
-1.554598136862007651e-01
-1.372027757036630990e-01
-1.272121919972405424e-01
-1.270955372939567840e-01
-1.137423035902331292e-01
-1.165251909617787129e-01
-1.185619818991324737e-01
-1.162754134970672149e-01
-1.201249008105506888e-01
-1.177182708526883365e-01
-1.116794358093377154e-01
-1.077353370359058343e-01
-8.767131543901696134e-02
-7.938626347960336949e-02
-4.951851056536261952e-02
-2.348792760924130890e-02
-2.085642694760218505e-02
-9.013146121054747481e-03
-8.196410938882986441e-03
-1.113507825846554895e-02
-8.679952861842763281e-03
-1.308384896695235708e-02
-2.841165935546784496e-02
-3.830168184404025844e-02
-3.497818664340411610e-02
-5.107103077194436597e-02
-8.425775929071593895e-02
-9.329116120390251732e-02
-1.119566647332350118e-01
-1.046895797311108572e-01
-1.313884624462221262e-01
-1.318958589548898108e-01
-1.048319021383653099e-01
-1.128863800525945760e-01
-8.945515417406343928e-02
-9.953127528486380160e-02
-1.366782681644721498e-01
-1.443833552671580367e-01
-1.538147680784433813e-01
-1.669458619999757143e-01
-1.589805048300407531e-01
-1.652944915452923547e-01
-1.611380144582709728e-01
-1.575011550591237375e-01
-1.596988605286393526e-01
-1.535519804842537805e-01
-1.513907145778496388e-01
-1.524810699504975942e-01
-1.472800531511892774e-01
-1.469231592936200703e-01
-1.458140624511070627e-01
-1.407848617788231560e-01
-1.413469309850005629e-01
-1.288362213874817974e-01
-1.210357329377678426e-01
-1.125366698564584100e-01
-1.243881460673038619e-01
-1.262515543739737289e-01
-1.307992447261003277e-01
-1.424263337322492218e-01
-1.404765275958960724e-01
-1.458709347692751512e-01
-1.513571527073550027e-01
-1.412155140147898225e-01
-1.482618781357802062e-01
-1.420400418898308814e-01
-1.295601732285929508e-01
-1.367515035767297715e-01
-1.184612229186508547e-01
-1.249365180317950075e-01
-1.342859439458683191e-01
-1.257966117323019994e-01
-1.498608926950963371e-01
-1.393307590554535569e-01
-1.277726742943795790e-01
-1.212861626435972617e-01
-9.371399483280576370e-02
-9.191006857023449605e-02
-7.973235470386236257e-02
-8.313769304340504207e-02
-1.109538521947863177e-01
-1.167029362880647736e-01
-1.520100652012528197e-01
-1.700589732308896151e-01
-1.680964531686195973e-01
-1.935458398747964548e-01
-1.895471009465685697e-01
-1.956474276678080715e-01
-2.078949802455029583e-01
-1.978979681683166458e-01
-2.086523435804446547e-01
-2.047008519117853309e-01
-1.926150710884295125e-01
-1.932189727491633868e-01
-1.825179117028243037e-01
-1.757100814547212508e-01
-1.746687263251850974e-01
-1.636363794529104854e-01
-1.542582992156222854e-01
-1.511115970109317419e-01
-1.399008789617629533e-01
-1.390271166295774241e-01
-1.293553790800055503e-01
-1.155521631144402206e-01
-1.041545617087646786e-01
-8.255302586148760557e-02
-7.542539084348301448e-02
-3.507277364496677596e-02
-3.212119187165689282e-02
-3.102767195891815294e-02
-2.060945129948856674e-02
-2.028626035102995204e-02
-1.624276753569862605e-02
-1.233426825374485218e-02
-5.534914348307225229e-03
-4.551226685254001342e-03
-1.715259816261987917e-03
-9.128766300414311446e-03
-3.237067066755340561e-02
-4.460562059825129433e-02
-5.173288290745422374e-02
-7.236931055080898789e-02
-7.619085461502447809e-02
-7.891867627569826293e-02
-7.903768443460637561e-02
-6.654035579146488910e-02
-6.652467504468685677e-02
-6.200410106484602335e-02
-5.696867676218822507e-02
-5.314712268839253545e-02
-5.025702218652868675e-02
-4.211783290079856162e-02
-4.135258667094422053e-02
-4.282623223105094801e-02
-4.024652658283792844e-02
-4.070487010926581578e-02
-4.114440680546806173e-02
-3.958538165934201436e-02
-4.036373834324288867e-02
-4.218763329086481356e-02
-4.257050373546282518e-02
-4.237759603784388429e-02
-4.264085445770954275e-02
-4.248952437476992416e-02
-4.220472563869046706e-02
-4.140592164726097230e-02
-4.145918400278389426e-02
-3.949014670796536369e-02
-3.804031963339830902e-02
-3.793779427536145277e-02
-3.021441785475086073e-02
-3.049237625755567629e-02
-2.951643932215138044e-02
-2.766976889838222708e-02
-2.934643445216438690e-02
-2.871993775473630911e-02
-2.851876980678771240e-02
-2.885113707109300540e-02
-2.857261883494883678e-02
-2.864289546800028591e-02
-2.865843221897094312e-02
-2.859533748414724158e-02
-2.862947704761433301e-02
-2.861320452743645881e-02
-2.860600504363080068e-02
-2.861308125119355061e-02
-2.860444297382031681e-02
-2.860435914941889674e-02
-2.860478824672587836e-02
-2.859624039343032151e-02
-2.859834020949048039e-02
-2.859309764918888108e-02
-2.857248076214924729e-02
-2.859126668233436322e-02
-2.854421238551977866e-02
-2.851991731254623422e-02
-2.857632241353222705e-02
-2.834075178402235828e-02
-2.848135649690982513e-02
-2.841317376570923550e-02
-2.769560369015269113e-02
-2.874703720891893383e-02
-2.711308833179332592e-02
-2.622032488673049430e-02
-2.711926718337263897e-02
