1.947341857806903290e-02
2.049373149667826216e-02
3.413376514555151869e-02
3.759817164609392109e-02
3.789706592891543130e-02
3.523543110256152633e-02
3.147723101737399248e-02
3.088665109191393587e-02
3.019638172737754492e-02
2.996679944006425469e-02
2.999739184344141912e-02
2.999552325177040624e-02
2.999529468534803053e-02
2.999542208146086311e-02
2.999541371426674499e-02
2.999541371426881972e-02
2.999541371426598865e-02
2.999541371426698438e-02
2.999541371426694969e-02
2.999541371426714745e-02
2.999541371426752562e-02
2.999541371426840339e-02
2.999541371427142528e-02
2.999541371426652295e-02
2.999541371426887176e-02
2.999541371426664438e-02
2.999541636346772164e-02
2.999537699230822585e-02
2.999542367234966228e-02
2.999622732643636436e-02
2.998619156370294081e-02
3.005335111901952586e-02
3.034207811209541777e-02
3.024042691714673783e-02
3.103508592758015203e-02
3.279394668770400229e-02
2.922686663097980031e-02
2.919990151320582192e-02
2.499064145321097316e-02
2.470552043393099348e-02
2.481214782900173499e-02
2.587288502208508201e-02
2.376237285159255030e-02
2.809201051228017373e-02
3.278135055269928294e-02
2.986261613355929451e-03
1.026988256458542283e-03
-1.192502363641186232e-02
-1.219556270670098252e-02
-9.146149795137312882e-03
-1.316467896341077908e-02
1.380084428701405103e-02
2.152168231509845805e-02
-4.595116429537274283e-02
-5.897961737423565443e-02
-1.096250070714900465e-01
-1.343167253134760764e-01
-1.571275992422528356e-01
-1.433908841596567008e-01
-1.409546633847491015e-01
-1.023630332839844254e-01
-8.128679222104825963e-02
-5.935661949413801458e-02
-1.086426251219820976e-01
-1.577822299704056963e-01
-2.200827261191262985e-01
-1.522079690127882690e-01
-5.997943911125166311e-02
1.623677668452809184e-02
-2.123256929902718124e-02
1.606226221626742140e-02
-6.373933434897045489e-03
-2.231842284008168920e-02
-2.128063283692925578e-02
-2.387124349473986745e-02
-2.359665583637597999e-02
-2.197197471603725902e-02
-2.526479583887111108e-02
-1.259686639484631533e-02
-1.390608029957168118e-02
-6.801501107864714457e-02
-7.454711607560364495e-02
-7.674051128958286894e-02
-8.398676074323405127e-02
-8.599806378967878029e-02
-1.071113968911582698e-01
-6.266010999731991271e-02
-2.319627585439391210e-02
3.679310830720778497e-02
-2.218839382893856432e-02
-9.259844850121051740e-02
-1.259834588448096593e-01
-2.048043273365020567e-01
-2.602420339721418507e-01
-2.655703747667041981e-01
-2.339574254603254688e-01
-2.110600606690976322e-01
-2.078978785305514998e-01
-1.103176592334163403e-01
-7.555887739761278643e-02
-4.980006489964956123e-02
-4.110978790156716994e-02
-1.567502489119021111e-02
3.896441241072557543e-02
5.573120835340487911e-02
6.316636774399402021e-02
5.487917310435375118e-02
-1.121066412410698723e-02
-3.101279225104554976e-02
-4.516069858644346929e-02
-1.022190720911107104e-01
-1.047781705302336802e-01
-1.145120020144438228e-01
-1.329473708690989686e-01
-1.690126637263530129e-01
-9.102911810951348770e-02
-8.923584609214738061e-02
-6.144884806818934342e-02
9.563711282690286891e-03
2.791586640971180366e-02
8.665965312683722443e-02
1.257886558003633026e-01
1.483578444893130233e-01
1.277346142248476646e-01
1.313195321905949176e-01
1.461020838070777872e-01
1.261074469249915120e-01
9.346780207133388585e-02
6.810220468798632021e-02
-2.480505976214603548e-03
-6.616661439935521416e-02
-6.610958977248171387e-02
-9.394262608293736661e-02
-8.265376886862868533e-02
-6.845150238728363312e-02
-5.771891436218853227e-02
-3.288992059052855271e-02
-3.157065189993660259e-02
-5.325821339424766793e-02
-5.222201831417755402e-02
-5.188228707752313290e-02
-3.514639601865662127e-02
-3.407367796407268640e-02
-3.848561407250732785e-02
-3.660233066013635767e-02
-3.612858329943799407e-02
-3.781174763804898836e-02
-2.549581171791065123e-02
-2.696767936006310221e-02
-4.698104495237055700e-02
-5.441462154165833953e-02
-5.275427521779406381e-02
-6.762126704350000794e-02
-8.119353220791142300e-02
-6.972146000830548029e-02
-8.704379868679279486e-02
-5.399113340173321979e-02
2.422538163675039269e-02
5.477424138608750354e-02
5.489943271138376935e-02
5.911530720667763222e-02
4.977576271516060552e-02
3.875149336960781454e-02
4.463623936684110727e-02
5.775534937362386545e-02
5.704586323038433882e-02
7.836448483734950732e-02
9.827830378513170706e-02
1.155495662275753989e-02
6.251918002738342250e-02
-1.896705262127147337e-02
-1.539291492100028080e-01
-2.618274362071633665e-01
-2.198478537116634324e-01
-2.841987091102568530e-01
-2.112847854540361725e-01
-7.182511728325191580e-02
-2.344526997615629590e-02
-2.755907629130883649e-02
-6.026646043255370899e-02
-6.157451177840313900e-02
-1.073642960387754947e-01
-2.183549323409694209e-01
-3.555537915077019995e-01
-3.645425061723394089e-01
-4.056175704513410585e-01
-4.316686168155564052e-01
-2.697921051105010015e-01
-2.349371964758331377e-01
-1.416693659978721653e-01
1.316393974210054024e-02
5.148866254454268626e-03
-1.152570869088580946e-02
7.059892959957539578e-03
-9.961414908872415208e-02
-1.271964255531428389e-01
-1.447864710804595556e-01
-1.720449909520119225e-01
-1.845569061204184458e-01
-1.788915166988148675e-01
-1.876999266198914607e-01
-1.844859583527256319e-01
-1.374595968073396290e-01
-1.456776181358229449e-01
-1.205158644237363103e-01
-1.043691810044127810e-01
-6.635688029455059922e-02
-2.333476899451345996e-02
-1.203955128094604844e-02
4.358807769151651032e-04
3.831932160876550669e-02
3.654421142828434121e-03
-1.650474938627064306e-02
-5.332513977112293690e-02
-7.562799422634787494e-02
-1.488758236094909204e-01
-1.386808918203495944e-01
-8.712881196416413093e-03
3.737717184368052892e-02
3.426028598530985597e-02
3.057980686325012520e-03
3.589122191957550695e-02
3.823982448362829578e-03
-1.692955931194094904e-02
-5.102798777853780748e-02
-7.375219120592187150e-02
-7.808884020956065319e-02
-1.374771630600176986e-01
-1.938877311405058923e-01
-2.032518997295366392e-01
-1.565336217925528406e-01
-1.346130044932595249e-01
-8.419226458952369652e-02
-5.302967080084652896e-02
-3.955105291336123013e-02
-4.528964129151000217e-02
-4.623387682506539809e-02
-5.665662302478281787e-02
-6.373050408985947435e-02
-6.595581753610833819e-02
-4.936229100417594690e-02
-5.464677235658110810e-02
-4.348096096755456330e-02
-2.734684724760892346e-02
-3.563344280554196775e-02
-2.422785598914344030e-02
-2.090779247617668979e-02
1.314525301911349461e-02
5.732477690574989959e-02
1.124632839445327964e-01
6.963349527404594230e-02
-7.726133366752225423e-03
-4.170867854876925129e-02
-6.003896192158882095e-02
-5.189686370717167679e-02
-4.937138254806026222e-02
-4.621217898959906895e-02
-4.847310433885625158e-02
-5.239792469163845334e-02
-3.447165381360966369e-02
-3.505555803719237473e-02
-4.007052868529426687e-02
-4.717176611477751774e-02
-4.960597608865901370e-02
-5.219882927435926662e-02
-2.330741408643653700e-02
-1.198727636238919314e-02
-2.684966518173475050e-02
-4.690114509509964169e-02
-5.596451271538684102e-02
-7.274979647395909965e-02
-6.975264526119048791e-02
-6.618784843518921157e-02
-6.759413239010814145e-02
-6.865746417884170671e-02
-6.812702847717497234e-02
-8.652601134622782408e-02
-8.976813779821357642e-02
-7.258795370736871588e-02
-5.783655146932711877e-02
-7.009771844446227931e-03
-8.696961681747480966e-03
-4.292916418462179584e-02
-4.428127566905191992e-02
-4.367202155392245488e-02
-4.425856764093318713e-02
-4.149292361898664766e-02
-3.607512801632985211e-02
-3.436933755112153016e-02
-4.370933894593706515e-02
-1.648447533337100146e-01
-1.713336337825868416e-01
-1.520360003259076664e-01
-1.847546550668262566e-01
-1.713413073129065878e-01
-8.056934873240603756e-02
-6.964041229137288291e-02
-6.151196007618329326e-02
-7.509018405286259357e-02
-6.023593460461005439e-02
-7.772555546052226094e-02
-9.284424904234314657e-02
-7.580104820222961781e-02
-8.511392045961259367e-02
-8.143574634215612618e-02
-2.885994922383447112e-02
-1.192731464764295972e-02
6.917047857469629801e-02
8.835019336139841861e-02
1.071732384843925440e-01
4.244658263108633950e-02
-1.943273514609261373e-03
-3.788849416942217246e-02
-4.463069742165851755e-02
-6.112754844056401266e-02
-1.093684296167988373e-01
-1.645430607321948235e-01
-1.029217727931419496e-01
-5.408594618842661045e-02
2.273781651937544293e-02
-2.196878490065147082e-03
4.794565132725765039e-03
-1.594248226633307453e-02
-2.941189226616316640e-02
-2.221157256827542212e-02
-2.560932611024183472e-02
-4.307864678766444577e-02
-4.697075724220774878e-02
-4.522163994152544192e-02
-4.652652824935107900e-02
-4.639608726275516043e-02
-4.621809457976405744e-02
-4.548591875572337989e-02
-4.421642969031384235e-02
-4.279481215995126209e-02
-2.884211982151897724e-02
-2.416859744441386335e-02
-2.042598904477047408e-02
-2.891328247571494856e-03
-1.733505193101200596e-03
-7.403565917037610578e-02
-1.112421070846012910e-01
-2.047482858117608828e-01
-2.484115848787280256e-01
-2.124648099058596418e-01
-2.642163738667518413e-01
-2.360151837923531171e-01
-2.071216355793949193e-01
-1.705787210792783504e-01
-9.692131457883214340e-02
-7.585342289745254651e-02
-6.690276783701645802e-02
-3.252879153862257844e-02
1.149498819488182361e-02
-3.543012980740064405e-02
-1.910755366349326800e-01
-1.849594856066295034e-01
-9.506796143762627493e-02
-7.263400264662725481e-02
-1.571430827269319208e-01
-1.981256290825317290e-01
-7.807446891216714147e-02
1.693356807806974118e-02
-8.761378473548301488e-03
1.679853518712991212e-02
3.183406768495259352e-04
2.547084405050407951e-02
2.317045288716680987e-02
1.314305991548039322e-02
3.093058043216926831e-02
3.064996620103428715e-02
2.306874924805335167e-02
4.176559886834421004e-02
3.632030001714833117e-02
3.122562194591649992e-02
4.141007202746769394e-02
2.984460188053881385e-02
2.684801769311831454e-02
4.974308632740401942e-02
7.583077369890141306e-02
9.283310143452133678e-02
9.322948023251521887e-02
-4.334839807872872125e-02
-1.105820127911044809e-01
-8.116430629643464623e-02
-6.500227848881674764e-02
-6.339459636369915163e-02
-3.786699007341935708e-02
-9.753696327574715164e-02
-1.365467990523330510e-01
-4.432379912202323580e-02
-1.141679169016476293e-02
-4.537446972584741750e-02
-5.169721872400217383e-02
-5.176579464192844482e-02
-5.448129902760106419e-02
-5.466925646816886419e-02
-5.453856743886253272e-02
-5.454661597584196941e-02
-5.454587229845086344e-02
-5.454562956125368067e-02
-5.454566626613040203e-02
-5.454566982200116654e-02
-5.454575867618734891e-02
-5.454248354885948141e-02
-5.455675660491070972e-02
-5.459198908515643794e-02
-5.454473034746928212e-02
-5.481474711829325414e-02
-5.494727702733103597e-02
-5.403055130651247123e-02
-5.374649908478397464e-02
-5.430771168022603679e-02
-5.585858993707292636e-02
-5.285888020781805835e-02
-6.792762970012183876e-02
-6.939851913960129459e-02
-1.362575333181806000e-02
-6.908301052696425720e-03
4.595925969351803090e-04
5.877824772397497767e-03
3.937701492857026940e-03
2.360002960698889124e-02
2.354587825934380957e-02
-5.081262826422279152e-03
-1.361018227120132547e-02
-1.652702178677043984e-02
-1.978074128162548087e-02
-2.128933480397951147e-02
-1.830393169729206682e-02
-2.498122219062643562e-02
-2.415475217081784060e-02
1.573931637784500848e-02
1.940178847080725050e-02
1.934238303460001154e-02
2.792059844516321665e-02
2.721910979481358128e-02
2.600365444757046438e-02
2.381667221100457893e-02
2.377074729644660517e-02
2.345050402091551980e-02
2.326201896117750453e-02
2.329056666713575849e-02
2.328912861042604920e-02
2.328889100316824945e-02
2.328900221546041302e-02
2.328899357137451803e-02
2.328899366257637660e-02
2.328899366257514494e-02
2.328899366257617884e-02
2.328899366257729600e-02
2.328899366257642517e-02
2.328899366257593945e-02
2.328899366257696293e-02
2.328899366257600190e-02
2.328899366257423595e-02
2.328899366257704620e-02
2.328899366257573128e-02
2.328899366257446840e-02
2.328899366257681375e-02
2.328899366257678252e-02
2.328899366257411105e-02
2.328899366257469739e-02
2.328899366257730641e-02
2.328899366257496106e-02
2.328899421521503019e-02
2.328898585967336884e-02
2.328900034808435715e-02
2.328918716690405247e-02
2.328682118635416048e-02
2.330155105637756255e-02
2.334761562501819904e-02
2.314336561372090303e-02
2.331643772384372690e-02
2.329189305693113096e-02
2.059693848204630431e-02
2.055033006620934910e-02
