-6.162933712169010392e-04
-6.366645514106341686e-04
-7.484337764416438166e-05
1.838698705522549012e-04
-6.935320416865415477e-04
-8.681632106671158342e-04
-1.860901183777868015e-03
-2.109183966288025441e-03
-2.400959316892261816e-03
-2.743647258455087293e-03
-2.841662078357763861e-03
-3.012809832473043598e-03
-3.120666169620882682e-03
-3.179075988179764969e-03
-3.253258292695627909e-03
-3.290049074021875186e-03
-3.321217121395656988e-03
-3.347822982815007193e-03
-3.361297235582616418e-03
-3.372397720925253591e-03
-3.378245551869859913e-03
-3.379375547458956207e-03
-3.374261742793236568e-03
-3.369067161586656711e-03
-3.354305122592378223e-03
-3.330592628345733358e-03
-3.314873692696869781e-03
-3.260754177101340360e-03
-3.217599349773371965e-03
-3.170436623185170569e-03
-3.017343600094590361e-03
-2.983430395667860911e-03
-2.781055953536525939e-03
-2.464093385457583919e-03
-2.511876955525490021e-03
-1.718702260226517321e-03
-1.774045478041984605e-03
-1.574305349905441229e-03
-1.292642440711354443e-03
-1.433517413313149802e-03
-1.202899524948948789e-03
-1.032241214240603704e-03
-1.200568546727579389e-03
-3.589014999303819344e-04
-8.611976918042545765e-04
-6.966935355758452483e-04
1.217394315949614026e-03
9.016502412621511418e-04
1.567111136592409196e-03
1.981829376387119444e-03
2.781981444868497394e-04
-4.322437697273675801e-04
-5.307488171832808362e-04
-2.402865833658696885e-03
-1.848313886028769750e-03
-4.114016176272149833e-04
-3.205798797829772996e-04
1.827394214482477332e-03
5.439260911305507200e-03
5.554979033580976361e-03
1.207460288155905691e-02
1.329005015912262770e-02
1.230307122996876848e-02
1.975981394816089462e-02
2.307006278035356878e-02
2.707389601301737544e-02
3.021315021980252799e-02
2.891846369893506796e-02
3.222369800896587172e-02
3.198741172782049863e-02
3.299518467312746728e-02
3.501804770154323676e-02
3.459150987465885174e-02
3.722349246855365806e-02
3.727648988303308014e-02
3.862107224444814163e-02
4.077824191351259175e-02
3.995417252187541401e-02
4.371306826412751922e-02
4.357296257398347861e-02
4.253258114640511012e-02
4.421392065366817892e-02
4.028846605979843898e-02
3.896411407029936463e-02
3.691687243453561917e-02
2.887948835793455182e-02
2.576000677634526781e-02
1.938890302698097548e-02
1.179438835572559248e-02
1.097245219359268414e-02
2.945733487828041709e-03
-1.137511755168191556e-03
-1.036642497256600858e-03
-3.424015774100489743e-03
-4.094505282316983179e-03
3.118575056360493696e-03
2.678597172452200966e-03
1.797690547043554127e-03
3.435306798418828397e-03
2.167958385585179015e-03
-1.428510683046276680e-03
-1.052813901811778348e-03
-4.656188900149077145e-03
-5.298299000717679626e-03
-5.012932901651036277e-03
-6.598148653548061016e-03
-5.871655362126528346e-03
-6.739042769350147601e-03
-7.785555951716358926e-03
-7.049985890615518766e-03
-1.070370926937687719e-02
-9.155699086877187517e-03
-7.938454383256380795e-03
-8.488721770564273267e-03
-9.218264461558912937e-03
-1.039501959013590555e-02
-7.410488669624079941e-03
-6.661233536716498413e-03
-6.992148574814659526e-03
-2.513465949929781854e-03
-3.572154589973781328e-03
-2.979520185516821781e-03
-1.859649985706352806e-03
-4.871734250243908021e-03
-2.866877273572316157e-03
-2.995934269501075546e-03
-3.484131584781858040e-03
8.434337806952423803e-04
5.125611039428763609e-04
5.592223345712519491e-04
1.994086450088978189e-03
6.094622164013679217e-04
8.131865945018917560e-04
1.167669325070180928e-03
-3.753948619085202814e-03
-5.242902392276498416e-03
-3.894437557744975797e-03
-6.519953881190132354e-03
1.624804758206902303e-03
6.942238449123098835e-03
1.078933674225450966e-02
3.414991148643354429e-02
4.142117067964737331e-02
6.218537366624792007e-02
7.450457272563669464e-02
8.746974563695204818e-02
9.362336806074916806e-02
1.019671115401513117e-01
1.057196520309861137e-01
1.062629712324492937e-01
1.075393517779485719e-01
1.088567762024195418e-01
1.091301327948734357e-01
1.105223098086391270e-01
1.114317405960177365e-01
1.120332176868398394e-01
1.136183083408650180e-01
1.143442360025749421e-01
1.153255228356941109e-01
1.171973851791312526e-01
1.175371812225788765e-01
1.194376507613313099e-01
1.211130923574691987e-01
1.212408401868403374e-01
1.246495181918912121e-01
1.246643698819575319e-01
1.224848076954674903e-01
1.214842050669897311e-01
1.173418842307106524e-01
1.109423239974755004e-01
1.066617097448036566e-01
9.712910045404979376e-02
8.747637452951440018e-02
8.035469612489784530e-02
6.435086792705288494e-02
5.630554737770725876e-02
4.775023349667697342e-02
3.654288534840648833e-02
3.183402320786872519e-02
2.570283269852446928e-02
2.094311556290264636e-02
1.599782486664946130e-02
1.022396783091070356e-02
6.041575580428318673e-03
3.186912173175792794e-03
-1.279576420422005954e-03
-4.722561319334840808e-03
-7.952661794383216950e-03
-1.512661232805706177e-02
-1.780485656541069134e-02
-1.949852868859134475e-02
-2.073936997771288343e-02
-2.448575341497066446e-02
-2.785728508387610297e-02
-2.907132256936973899e-02
-3.072540785905380697e-02
-3.109592309189208176e-02
-2.864265322621164025e-02
-2.896768549159172562e-02
-2.448938396144881985e-02
-1.993816009665482294e-02
-2.047777218482979555e-02
-3.160331550290364656e-03
-1.117260452210245940e-03
-7.083889865699056175e-03
-2.222976673827131017e-03
-2.663075932686447597e-03
-3.288998877535777993e-03
-1.246416689808079120e-03
-2.284710454867062111e-03
-1.722469993458999654e-03
-9.711647811981072341e-04
-8.231493875025708458e-04
-6.633658825636439953e-06
7.870970286589424637e-04
1.080385025682115401e-03
1.992774459633965545e-03
3.579478543306693992e-03
3.242710635516076172e-03
6.487407022592910771e-03
8.078927765618120621e-03
7.679016502268827538e-03
1.837084733431665687e-02
1.804714261821233068e-02
1.941289676556213345e-02
2.408562672225363771e-02
2.109835070565871731e-02
2.762176316400669768e-02
2.942314947075387599e-02
3.240214725035487492e-02
4.457634956620577793e-02
4.987014074305435446e-02
7.356671302745959595e-02
8.913163081825535572e-02
9.195387995202511378e-02
1.063335196180157649e-01
1.024747124050902070e-01
1.035367084468502008e-01
1.047797061492805604e-01
9.370550519139031476e-02
9.094175614384493456e-02
7.381283047985995327e-02
5.783067948401314495e-02
3.340530130330994496e-02
2.426775690249732484e-02
1.258145862801300294e-02
5.233953967095094501e-03
2.576092875341004420e-03
-1.627681170754888057e-03
-4.428077212063024140e-03
-4.846388117993800579e-03
-6.578715322428345044e-03
-5.962730991306388825e-03
-2.899191344259119656e-03
-2.708850839645016335e-03
-1.696377622871053344e-04
6.502446760087133258e-04
2.384490261897832808e-03
4.194178411030534924e-03
3.252357669079376096e-03
4.352436198287475307e-03
5.369453411581509052e-03
5.308994455306583274e-03
7.949124664979649590e-03
9.433232944392645411e-03
1.075899865022571233e-02
1.588849217187558727e-02
1.712395462422042908e-02
2.009731010234112186e-02
2.308871629921677160e-02
2.391439992158763544e-02
2.660784035801744274e-02
2.786872286615251632e-02
2.851444198013934617e-02
3.048099517380516849e-02
3.033493599844482372e-02
3.074004022704580549e-02
3.133660595262582893e-02
2.842317938642738989e-02
2.877025292510789270e-02
2.641157786490549303e-02
2.295882078095069778e-02
2.168560453883604244e-02
1.839163347900009057e-02
1.697612469703842220e-02
1.516111412972252596e-02
1.347216589369338267e-02
1.098581248866341460e-02
9.701789086391613207e-03
7.366856699815508246e-03
5.565238552027533189e-03
5.377679521016426843e-03
3.017969110309645653e-03
1.616973695212926354e-03
1.958886261580466016e-03
-1.252392153279423184e-03
-2.578241068459858113e-04
5.260205156203095599e-04
3.429100357807410900e-04
2.860261216947749055e-03
2.958746775996247240e-03
4.129121014446997771e-03
4.983354505182342742e-03
4.297671062860348307e-03
3.737935770974909304e-03
-2.906196783704255351e-03
-4.324874928593568611e-03
-6.243832745397499308e-03
-8.377846967921726701e-03
-7.102339666879874287e-03
-7.836608889784992329e-03
-8.242863746677438208e-03
-6.104590378767212923e-03
-4.833964628079795260e-03
-1.844065225312898747e-03
1.956996106664085026e-03
5.276041075084085194e-03
1.165444459905617437e-02
1.628134529321336593e-02
2.050754223694886691e-02
2.442747292093652017e-02
2.673768640986963832e-02
2.854694641600898433e-02
3.011845966895503393e-02
3.257621480084754717e-02
3.451442868010314718e-02
3.457875509836839945e-02
3.754119582234101415e-02
4.085664846001467454e-02
4.462865298655281643e-02
5.307764578433342428e-02
5.827946494962917001e-02
6.621189904903558576e-02
7.063826945368653631e-02
8.013797852058932025e-02
8.500007659187423792e-02
8.721488131998704485e-02
9.144236203359022708e-02
8.978032832032124821e-02
8.839775726975174219e-02
8.848076446222062630e-02
8.081324992307989397e-02
7.652877890883375001e-02
6.773548358112665979e-02
4.621685075971160295e-02
3.718285445274864542e-02
2.134294506473967054e-02
1.328548454313050430e-02
9.579235368403809375e-03
7.545312096526327929e-03
9.452007560374179468e-03
1.525042277014630049e-02
1.520381267434220592e-02
1.345334983459999315e-02
1.483924777009434752e-02
1.155470607703739175e-02
1.258028387260821251e-02
1.098865095021130112e-02
9.237115883515965853e-03
1.136552025070853948e-02
7.631585770443858642e-03
6.397297709183163289e-03
5.498856131958611455e-03
1.132640723057454051e-03
2.211352250707253764e-03
-1.901812300095409797e-03
-5.005905801579667823e-03
-7.170063978280425375e-03
-1.891120921200473495e-02
-2.213393474726529572e-02
-2.597969206640695847e-02
-3.344350751181735665e-02
-3.411914033785010125e-02
-3.841973575958318454e-02
-4.060938034038732991e-02
-4.341573769833516339e-02
-4.618167870750584936e-02
-4.671915203069386402e-02
-5.027781659015808507e-02
-4.816672829784657967e-02
-4.998698707389934159e-02
-4.935697078043899122e-02
-3.992322780759322010e-02
-4.032965657227269990e-02
-3.537143573055004375e-02
-3.310285887844224839e-02
-3.059439661389411549e-02
-2.687929286527558984e-02
-2.294672583852691572e-02
-1.309104815232283413e-02
-1.101872791729979588e-02
-9.076222878097820260e-03
-6.568396407909650285e-03
-6.418987285047610646e-03
-4.673000848647025987e-03
-7.931036890237221429e-03
-8.384659883386854154e-03
-5.889533503038070147e-03
-4.271356307676085588e-03
-7.866976921181734542e-03
-6.765397579202952344e-03
-5.015297815539250005e-03
-5.475980225537928694e-03
-2.918852848766352766e-03
-2.318972863067126754e-03
-1.579005203909400728e-03
-1.530700884386395353e-03
-2.240195946028560123e-03
-1.385719968914114189e-03
-1.927108510388599082e-03
-1.367437698379601755e-03
-3.018042319565086601e-04
6.795424242506236659e-04
9.045370224494085057e-04
-7.144444820920395258e-04
-1.038711990385475341e-03
2.560545706003654852e-04
4.272249526934608459e-03
9.917799230762273585e-03
1.721303588849647237e-02
2.849564550277717753e-02
4.385777024867396068e-02
5.015280426149217041e-02
6.908986898991799352e-02
7.397087101291643929e-02
8.055850846025079670e-02
9.111499758669418247e-02
9.131383181776701885e-02
9.652906367158230194e-02
9.763359843072216826e-02
9.687047933653998577e-02
9.802884508396672580e-02
9.315337643498351750e-02
9.233977538163684606e-02
8.600370512221877650e-02
7.855412507652762000e-02
7.523179342209673770e-02
5.901024641956985339e-02
5.522467032005683868e-02
4.877713942237798389e-02
4.062557879096162505e-02
3.921859675167512632e-02
3.374587506780142576e-02
3.057226994004051332e-02
2.886024012297186067e-02
2.467146840777489913e-02
2.334840267269275293e-02
2.228647414376571864e-02
2.064598570586341150e-02
2.138075660227313837e-02
2.207434816229120536e-02
2.256578766025486155e-02
2.670682848430875819e-02
3.034084867217357734e-02
3.101334185514773370e-02
3.624839068903177447e-02
3.409646436148217746e-02
3.423460737288110817e-02
3.412969344092637441e-02
2.953294372167943743e-02
2.975897466812082656e-02
2.411152660658846814e-02
2.020723063104459122e-02
1.733412729260015370e-02
6.900472880687664665e-03
3.665665840570706598e-03
-2.206864566601929659e-03
-7.753890375506105638e-03
-9.837460350766833242e-03
-1.476782277780653262e-02
-1.624433201321307321e-02
-1.888080207086271362e-02
-2.063926521607601511e-02
-2.079308907061672498e-02
-2.277620908836038363e-02
-2.028472379907790904e-02
-1.975397623354964785e-02
-2.169625954515714411e-02
-1.906219681946109620e-02
-2.022865006511946617e-02
-1.899036631457441324e-02
-1.074031607575268686e-02
-1.214535602308716190e-02
-7.095886675303933466e-03
-6.946231610936338605e-03
-9.605351731967751855e-03
-7.727625901161831908e-03
-1.219763999501206030e-02
-1.218249297927782339e-02
-9.436190568179471036e-03
-7.019835459976924916e-03
-4.816470520381006294e-03
-6.793445043986749525e-03
-6.088120438473462216e-03
-6.070626031843290998e-03
-6.854762349878469434e-03
-8.990404767574892986e-03
-9.539611087043943158e-03
-9.656050862902509219e-03
-1.033401736535580033e-02
-1.013211960341643160e-02
-1.053646659287116837e-02
-9.941684378257925961e-03
-9.938679373548588505e-03
-9.960420398236165609e-03
-7.438333106789502686e-03
-7.298451852612959471e-03
-6.446006939446794447e-03
-5.724052764314691705e-03
-5.497616435884239601e-03
-4.960826558660464888e-03
-4.796555017855187036e-03
-4.252839269469118472e-03
-4.139052250249225691e-03
-4.002377591209289528e-03
-4.056282027433687730e-03
-4.168282926205131404e-03
-4.163600130810463963e-03
-4.309104724404113317e-03
-4.351928687000872556e-03
-4.492834454522157996e-03
-4.742796002767632989e-03
-4.739743348120732148e-03
-5.294522389226992941e-03
-5.283513991696707490e-03
-5.369555122472263915e-03
-5.523120821517595556e-03
-5.512966582866803654e-03
-5.583315933168245086e-03
-5.617177598862111050e-03
-5.626260214502709980e-03
-5.656370932491365348e-03
-5.664170435305759810e-03
-5.673771797974426316e-03
-5.683976111976139604e-03
-5.687255290708460344e-03
-5.692907509085592781e-03
-5.696314491169763780e-03
-5.698622730692722883e-03
-5.702186044143914799e-03
-5.703329206334427880e-03
-5.706652209381066730e-03
-5.709938287009330704e-03
-5.709925356386868177e-03
-5.719528909512515413e-03
-5.719728561190914363e-03
-5.723875506192125338e-03
-5.749130231486412369e-03
-5.730673412531308089e-03
-5.772646918150523693e-03
-5.805233712913971701e-03
-5.745360622732973398e-03
-5.942798017088591830e-03
-5.847058790191358990e-03
-5.854105017037584957e-03
-6.403412385749165069e-03
-5.659181637400555187e-03
-6.589693192528585722e-03
-6.933420412247638838e-03
