4.618258341814025954e-03
5.284588636573685043e-03
2.019063246741803486e-02
1.945355538652081620e-02
2.367644151696216004e-02
2.731556662489368834e-02
2.716897360498399597e-02
2.943610696731079751e-02
3.013324520655187924e-02
3.056752315077858675e-02
3.140679131138606611e-02
3.161180746659757873e-02
3.199317973689659589e-02
3.228834920995918289e-02
3.248356898771931345e-02
3.281088121234781996e-02
3.296174243834804757e-02
3.339689731178944326e-02
3.376991268027830506e-02
3.400407675384202466e-02
3.524995453429413672e-02
3.523621710590416761e-02
3.603383613632697019e-02
3.645355361387637994e-02
3.663830046056183731e-02
3.881506637257256531e-02
3.777439594276759544e-02
4.064478369307519129e-02
4.408959126947328833e-02
3.989781676768554275e-02
5.464424784893179982e-02
5.348903393618082563e-02
4.012222876971340696e-02
4.229989197647951449e-02
3.881302080524705322e-02
3.639006142887941941e-02
3.963492657231183075e-02
3.639971815172557412e-02
3.722078642601022586e-02
3.729477577503737679e-02
3.352659149578423453e-02
3.356898287559414995e-02
3.178590621853828735e-02
3.043901597038574380e-02
2.999203224563040671e-02
2.890204855794235861e-02
2.803595366165241229e-02
2.753328355203136374e-02
2.623675498682066787e-02
2.546404647360804921e-02
2.434263066879719176e-02
2.221305757061473041e-02
1.965154356354449974e-02
1.826404964742921883e-02
1.761192730514481511e-02
1.658757816095293020e-02
1.985307146007285126e-02
1.685262987118418473e-02
1.873231121989307746e-02
1.071835595055672767e-02
-1.297475630994228760e-02
-1.881243943430723278e-02
-2.255362739679103029e-02
-3.545754242547961843e-02
-3.064803894941533005e-02
-5.026140525463838882e-02
-5.638065894866146205e-02
-1.019402016681261319e-01
-1.585051175810856527e-01
-2.159703660245081702e-01
-2.336667288858467195e-01
-2.604724263757752789e-01
-2.669215085265653209e-01
-2.784363688356052413e-01
-2.902828299038976434e-01
-2.874035035347698996e-01
-2.902206414577613858e-01
-2.962350839399129354e-01
-2.901566485627518066e-01
-2.995241871386090660e-01
-3.063520236469616242e-01
-3.084130879114198587e-01
-3.146343061797517437e-01
-3.017205856693651600e-01
-2.916080468402375558e-01
-2.735568052814014717e-01
-2.293743142868258089e-01
-2.056580009141107945e-01
-1.533663858014312764e-01
-9.701324773716134275e-02
-7.903233731692013708e-02
-1.205808210921940730e-02
-5.106585443335115437e-03
-3.743205888555000294e-03
2.028599795766887481e-02
1.355645854513995961e-02
1.142584049467145098e-02
1.369147416753487174e-02
-1.482507462440796342e-02
-1.803027062107781520e-02
-1.535630294933447264e-02
-2.618463063849295683e-02
-2.078130994938962722e-02
-2.308133317433996509e-02
-4.758208656994915298e-02
-4.349361533156029247e-02
-6.106279670401083826e-02
-9.075379265096115977e-02
-9.611675651082887684e-02
-1.159627774222344171e-01
-1.214241176085119889e-01
-1.253711606037373749e-01
-1.286441398802202762e-01
-1.342615004657901623e-01
-1.467435077435303437e-01
-1.567555937741551553e-01
-1.670618981726279539e-01
-1.757931756416560298e-01
-1.901727337090610703e-01
-1.881451518291983593e-01
-2.038807180460431023e-01
-2.026120912665967944e-01
-1.931521272245246557e-01
-1.924702427818265060e-01
-1.670211166287853544e-01
-1.536989115711561160e-01
-1.418728333271608577e-01
-1.141491665273354633e-01
-9.673729369694451796e-02
-4.818438896985345610e-02
-2.600778807190555920e-03
3.863148968375141462e-02
4.889348537084295399e-02
6.408718706301536061e-02
6.860219911661251391e-02
7.008976694251026207e-02
7.546544179871178537e-02
7.453620682309869405e-02
7.293835264421377751e-02
7.349976965076301938e-02
6.683610816170332258e-02
6.156666340780361790e-02
5.883247898811832383e-02
4.110938093638948077e-02
4.092472988086365282e-02
2.973540955340838593e-02
2.428718880326485169e-02
1.926125813365098943e-02
-2.202742003181702886e-03
-1.896061463335739494e-02
-4.344345904348786980e-02
-6.593175107078677599e-02
-7.374846702453205505e-02
-8.300263399476449921e-02
-8.982332578730416184e-02
-8.757055963689661104e-02
-8.804668354171160671e-02
-9.346935526644649384e-02
-9.126925592022509803e-02
-9.913683765492883881e-02
-1.028638834550276437e-01
-1.114087777795026851e-01
-1.127314876958667306e-01
-1.296282052685336084e-01
-1.348116822212555854e-01
-1.435776671843300434e-01
-1.510026434015849239e-01
-1.499193388499359403e-01
-1.572120914550197979e-01
-1.565221510939037164e-01
-1.551898626994036856e-01
-1.563006366369155131e-01
-1.474378797590989998e-01
-1.422671998801888493e-01
-1.368572113902415954e-01
-1.275748862107579928e-01
-1.186226556884288769e-01
-1.085166985648485932e-01
-9.283156174864728993e-02
-9.076363100084626490e-02
-8.674836625546422653e-02
-8.793034729449764053e-02
-9.124519450670963427e-02
-9.336364706517552570e-02
-9.833035543075203944e-02
-1.031697803317939283e-01
-1.113222344138890263e-01
-1.202593624250760940e-01
-1.266272048563709673e-01
-1.358511578643890327e-01
-1.420865475841252556e-01
-1.456810522921127282e-01
-1.563347296053235747e-01
-1.565640768165720842e-01
-1.540981115747543650e-01
-1.562857762578994114e-01
-1.450969531480251484e-01
-1.424379283639991833e-01
-1.296164143999387619e-01
-1.055726277082893044e-01
-7.629067070448974919e-02
-4.983801776013121326e-02
-5.774750490008569159e-02
-5.532117605906917285e-02
-6.755306319663918757e-02
-6.905830105726595836e-02
-7.228774116019992535e-02
-8.259730797536703195e-02
-7.948807397556340026e-02
-8.754286222634127812e-02
-8.759563371024184364e-02
-8.708922639506798402e-02
-8.716683854879229976e-02
-8.707401186212619659e-02
-9.096900770904883804e-02
-8.537703241512635544e-02
-8.568034002117795589e-02
-9.145608007056532651e-02
-9.506090924912601048e-02
-8.900701335573253659e-02
-9.040172035456806032e-02
-1.061444257811981207e-01
-1.060150691934504813e-01
-1.124225891693096668e-01
-1.174419450151412275e-01
-1.179165587938767606e-01
-1.183166577066890462e-01
-1.185837241432582678e-01
-1.199343564470122248e-01
-1.223745215183597995e-01
-1.216465005457462861e-01
-1.260616820176297392e-01
-1.290788097300767379e-01
-1.297699492475023753e-01
-1.382936030439738118e-01
-1.404216755455444943e-01
-1.512490041962598064e-01
-1.668645135514007227e-01
-1.772585586537578639e-01
-1.955741080622581674e-01
-2.103063251445549675e-01
-1.993720654045949003e-01
-2.177080292134773443e-01
-2.107968579777234897e-01
-2.186222638745360103e-01
-2.358510660847064899e-01
-2.275637923106179350e-01
-2.502734382484228526e-01
-2.568656579385775185e-01
-2.562149118179757323e-01
-2.885253785816458416e-01
-2.811605343982347405e-01
-2.688836914397503275e-01
-2.751580786668977874e-01
-2.176131127005077881e-01
-2.038380484547756832e-01
-1.602138494571268279e-01
-9.988168509998456013e-02
-8.764550735655901592e-02
-3.583397092166850512e-02
-2.649754088912350397e-02
-2.391734815352108620e-02
-1.224069396696975771e-03
1.300383312150978250e-03
7.735813984913801795e-03
3.446886983006931804e-02
3.658341868219035925e-02
4.795498340720110581e-02
5.926748988766991633e-02
6.033680170858410352e-02
6.633039407508799223e-02
7.495972776593876064e-02
6.763148443577583768e-02
7.576392334585090038e-02
6.926636043304548740e-02
2.276558442663972198e-02
2.106184499799573090e-02
1.357899833674815898e-02
-1.782096087487328086e-03
-1.124971335865414084e-02
-1.732621567711041186e-02
-3.374193227982717064e-02
-4.845370279419479453e-02
-5.264086028437640202e-02
-7.693382297422310390e-02
-7.704018115454502880e-02
-9.324360249837160275e-02
-1.286079328105564912e-01
-1.309105589512011836e-01
-1.444207030301102312e-01
-1.420363430132153271e-01
-1.330972182539872373e-01
-1.326687126920090554e-01
-1.190521575749147742e-01
-1.221542732978882495e-01
-1.312160330680210707e-01
-1.065345566305588992e-01
-1.121168354658849953e-01
-1.054062016576390592e-01
-5.275395568193358420e-02
-5.394267731320252779e-02
-3.727328560033328630e-02
-3.400091241070755943e-02
-4.786567234064995763e-02
-3.585776830953976008e-02
-3.449426272938840160e-02
-4.216504721922434418e-02
-3.705622491767316534e-02
-3.860474651476584335e-02
-4.034548260011609766e-02
-4.050984745915198193e-02
-4.486192579352110688e-02
-5.140404498750224954e-02
-5.706697238027063496e-02
-6.398793657806010893e-02
-7.322505857846864363e-02
-8.100214030502971008e-02
-8.977190256381054057e-02
-1.028911959160807715e-01
-1.102635230209755707e-01
-1.247184356972540764e-01
-1.391408352401998783e-01
-1.475512819072733461e-01
-1.708867314885372246e-01
-1.814247675063628829e-01
-1.818521538529927206e-01
-1.973070628129929838e-01
-1.907860347400792689e-01
-1.909067675722592727e-01
-1.954067647298474153e-01
-1.761645599992774647e-01
-1.807054079097273058e-01
-1.671923757977076819e-01
-1.460522362258650231e-01
-1.443926992573161816e-01
-1.149629088154633660e-01
-1.105058274775737037e-01
-1.094277692752121250e-01
-9.260157005833158372e-02
-1.045527347847053506e-01
-9.852012542374702364e-02
-6.874302496842607524e-02
-6.638700704191552449e-02
-4.485018517100212293e-02
-2.377724899768977537e-02
-2.217770456202905471e-02
-5.838173318756003684e-03
-5.124737715138751905e-03
-5.423421227277507896e-03
-1.928133938849330804e-03
-1.062949672212546576e-02
3.572088669045748229e-03
-1.575376262182534570e-02
-3.034913617188419316e-02
-2.526426105713098016e-02
-9.264709592503624080e-02
-8.543765247640186522e-02
-7.252668581203962350e-02
-8.108088418513625939e-02
-5.155218054951706680e-02
-5.127962547870342641e-02
-5.334522309570487869e-02
-4.505961420252422439e-02
-4.640237459339476012e-02
-4.741391424581675729e-02
-3.648390532770295902e-02
-3.457243413282566624e-02
-2.605070674776811118e-02
-1.540745753962464472e-02
-1.327861379420768387e-02
-5.247804957318439809e-03
-3.808062384167454871e-03
-5.185365318842745548e-03
-1.691469385871187132e-03
-4.078984733364348324e-03
-3.879031615771153917e-03
-3.187021052974640684e-03
-5.318960898023138671e-03
-4.052892683221279678e-03
-5.022403488340933600e-03
-5.860937131488861557e-03
-5.120081090187762057e-03
-6.994305762470914671e-03
-6.810920396180478002e-03
-7.484495399460252066e-03
-9.288475084659891107e-03
-8.859794487823145423e-03
-1.117317027222789437e-02
-1.211914960382928785e-02
-1.268292160982189935e-02
-1.614035854602717535e-02
-1.599808468298488315e-02
-1.910364358550224392e-02
-2.221680366900755793e-02
-2.228076585034976381e-02
-2.879403771226626829e-02
-2.989326766577733718e-02
-3.391272079390598992e-02
-4.292949206796914385e-02
-4.398898047214374468e-02
-4.932498216096863064e-02
-4.885724524193987839e-02
-4.580383730450682950e-02
-4.671107025173796418e-02
-3.279460706673326120e-02
-2.780486340453254546e-02
-8.951360871142424042e-03
-3.888071075829541319e-03
6.073118529343018816e-03
1.001524234181572909e-02
1.363690639114419588e-02
1.819489502821286173e-02
7.256741224084104283e-03
8.385781354008954233e-03
5.527208003152197721e-03
2.499703082690701763e-03
3.298081965631334024e-03
1.819515697774286549e-03
1.571262272024907293e-03
2.921823975959126057e-03
2.633679273195533351e-03
4.171717154501587872e-03
7.716613120822206177e-03
7.243283592018181540e-03
1.477863545808891232e-02
1.985378161165710781e-02
2.111704622369998952e-02
4.668887953069825875e-02
4.933709141294598255e-02
5.980380961706877052e-02
7.122909664914064964e-02
7.360275276872034478e-02
8.207759601693687124e-02
8.950963399398065290e-02
9.008955612456931439e-02
1.011472264456493159e-01
1.059567865840562312e-01
1.045998907440658099e-01
1.267096164019346771e-01
1.070277122839495137e-01
9.517735252991596506e-02
1.089940921506969140e-01
9.437763981528310420e-02
9.577002355568231540e-02
9.479885344429325733e-02
8.813579405146201862e-02
8.708209636376869345e-02
8.273541332223395550e-02
7.805344719265623621e-02
7.217395733725283369e-02
6.854373918581130321e-02
5.878280412659050297e-02
5.036804635392404250e-02
4.669654264376932318e-02
2.233558322951880934e-02
1.814226029665921489e-02
1.035075922979630456e-02
-1.789103422334972445e-04
-3.984136510803860248e-03
-8.899161414550906674e-03
-1.750499722026678528e-02
-1.948311445697326408e-02
-2.061488394030381796e-02
-2.088839766966724132e-02
-1.504935079393114258e-02
-1.546405708003575387e-02
-1.276592490818772088e-02
-1.036157083017851671e-02
-9.403884678355962923e-03
-5.373981130774079830e-03
-3.709116506687772184e-03
4.363516127593166727e-04
7.336017229136784432e-03
8.774913066398640563e-03
2.213003809914051989e-02
2.407720075852766428e-02
2.341485192201137738e-02
2.838048200355330550e-02
2.728418053395432682e-02
2.807270462459892507e-02
2.913731828052299952e-02
2.878758493936860174e-02
2.936889148267945657e-02
2.950084410688497139e-02
2.951424696219643110e-02
2.972573088095923841e-02
2.972855879377841321e-02
2.978640943028236163e-02
2.983891464608090516e-02
2.984236224749579197e-02
2.987466710347155829e-02
2.987313242584726386e-02
2.988705572204465935e-02
2.988802531175870081e-02
2.985791952071149835e-02
2.990538337009297776e-02
2.981922164712226542e-02
2.981187455842649117e-02
2.990447290608813299e-02
2.953795221302787585e-02
2.986478581826800677e-02
2.966678240176268827e-02
2.884692185614450011e-02
3.043793257837061964e-02
2.797685982359323850e-02
2.807292167201141594e-02
2.947338283225500039e-02
