1.506266082948502089e-02
1.588245151200952388e-02
6.105202126071341412e-02
6.142878355662614170e-02
6.058589698106293941e-02
6.910914167019360788e-02
5.754225938328312584e-02
5.522635582619663669e-02
5.329896698311125530e-02
5.150936697129585018e-02
5.127008672482245843e-02
5.103365231160880700e-02
5.096844982323753270e-02
5.096611722486748403e-02
5.101853246385992802e-02
5.120053388250414561e-02
5.121811013376873639e-02
5.228216326151905596e-02
5.355256842548000024e-02
5.351272358373784094e-02
5.921707818437491749e-02
5.895279149832634291e-02
5.908554289715917118e-02
5.991124960014911072e-02
6.006525761380006323e-02
6.048214385241130336e-02
5.856193567668171313e-02
6.584879671680551882e-02
6.968772611023756058e-02
5.950622236497936368e-02
9.544624940690109305e-02
9.182045507953552621e-02
1.390045965330578316e-02
1.161161896205851682e-04
-2.287860772176141672e-05
-2.719587600939498209e-02
-1.533654701304429033e-02
-1.518000755585727397e-02
-9.714861163623435963e-03
-7.700584014220768561e-03
-5.336314204609079667e-03
-7.410358088005484546e-03
-9.950926515523560167e-03
-9.884356373911815097e-03
-1.118926905597616636e-02
-1.159065330173679291e-02
-1.167434034842906344e-02
-1.379905809064259706e-02
-1.465415058093419605e-02
-1.316763538193939723e-02
-1.354101435260709335e-02
-2.045998705247848576e-02
-2.824517648116568053e-02
-2.811166180586458299e-02
-2.073768030897675183e-02
-7.214539467766920532e-03
1.612033426266461927e-02
3.731908001501350880e-02
6.377887534419707238e-02
2.898367297305626256e-02
-7.119203022785010326e-02
-9.484288915073031678e-02
-5.784392623274212802e-02
-6.110643146136991027e-02
2.633948243644022164e-02
4.026191434818264525e-02
1.178467378769474938e-01
-1.347963904803292819e-02
-1.686335846639824554e-01
-2.875515055138864740e-01
-2.682635257028340159e-01
-2.780473251622292419e-01
-2.464966663970433736e-01
-2.503385523241188904e-01
-2.387512957107288392e-01
-2.139820836211242250e-01
-2.132652052204689064e-01
-1.939599740353505908e-01
-1.748554633093011568e-01
-1.973265005816770001e-01
-1.653869911179827179e-01
-1.997042080766402161e-01
-1.991103787793705449e-01
-1.849811963556200756e-01
-1.918799934272631680e-01
-1.651184877072447432e-01
-9.737853903440722714e-02
-7.995986828020978932e-02
-6.914473672800428017e-02
-2.921525997870715041e-02
-1.494562093048155613e-02
8.675232342893547666e-02
8.735374421141689494e-02
6.051335998654949755e-02
1.164040756901164458e-01
8.787419566638551838e-02
6.319043434752681654e-02
5.839821513056405594e-02
-8.168350228705344163e-02
-9.650845568691018839e-02
-7.807677158401299389e-02
-8.143038524499365827e-02
-2.983952543594613552e-02
-1.125904180100894408e-02
-7.582286374216144764e-02
-4.052741058515640232e-02
-7.772498866451507671e-02
-1.767098662352662441e-01
-1.805485699538031119e-01
-1.822337446056202515e-01
-1.615686343845694484e-01
-1.117208794792779875e-01
-6.764564809986518823e-02
-5.332755156364664406e-02
-7.086823663022295827e-02
-8.894868921787310589e-02
-1.254134228076857205e-01
-1.893725186668966942e-01
-2.472206677160988242e-01
-2.535892226728090892e-01
-3.171731426076601634e-01
-2.995746324793172044e-01
-2.823117819570491460e-01
-2.851099359246581644e-01
-2.036239534262012096e-01
-1.914191377609326117e-01
-1.610973061517468885e-01
-1.536248309876687979e-01
-1.663090953070744671e-01
-7.012529507301266951e-02
6.814218368994423569e-02
1.554047482716305051e-01
1.056453671431931002e-01
1.054584932740364606e-01
7.418125820152546290e-02
5.800378747344190483e-02
5.306694340404298493e-02
4.755309927012936477e-02
4.491555624244004952e-02
4.372810889095572057e-02
3.772353754483273591e-02
2.482157353501255811e-02
2.379345429725800848e-02
-1.478549230848797552e-02
-2.474756198504382033e-03
-3.111741340896707030e-03
2.107141424339706651e-02
3.795291529036463885e-02
-3.238579055551412105e-03
-2.820628218146710789e-02
-9.562262586199996028e-02
-1.628113718571599922e-01
-1.694284962877006806e-01
-1.615034644701116573e-01
-1.583544854440223637e-01
-1.320708057052808748e-01
-7.662465567888902818e-02
-1.019850541210061134e-01
-4.812006895938139572e-02
-7.401151725962966388e-02
-6.230013806412422472e-02
-7.377071985609144622e-02
-7.488262023285428837e-02
-1.103713871517917888e-01
-1.342523073849165582e-01
-1.515111294561194977e-01
-1.669405588926512196e-01
-1.767762388286682751e-01
-1.793239596705120398e-01
-1.753494281620139594e-01
-1.744247826287526892e-01
-1.498927679245196376e-01
-1.398137907968904081e-01
-1.288183666286241980e-01
-1.125092318929219182e-01
-1.039893930805351890e-01
-7.373192650876295162e-02
-4.614807336332502063e-02
2.561072517740280510e-03
1.069392841818394418e-02
1.158074841986880474e-02
1.074322654279049293e-02
-7.675499338086577521e-03
-2.014775963098554973e-02
-3.483726486038183495e-02
-5.965745722918808225e-02
-7.031165576494723124e-02
-9.788696910239640114e-02
-1.070772813516118055e-01
-1.252461217589075637e-01
-1.564543135039031529e-01
-1.630699820434458325e-01
-2.043704884875864602e-01
-2.249563803887514313e-01
-2.244311735869319868e-01
-2.701435548467011061e-01
-2.345913261509706693e-01
-2.147082307018488567e-01
-1.670213936560245305e-01
-7.723014112912149343e-02
6.204610428402482919e-02
1.481563911616972928e-01
9.400259211615281940e-02
8.563062567422272120e-02
1.855733456998290981e-02
-1.510388285291365887e-02
-3.882425152125815182e-02
-8.519427356481699964e-02
-8.520008143572753434e-02
-8.850115906523978171e-02
-9.072893599393387631e-02
-9.783549878774980280e-02
-8.318946763158228952e-02
-1.132909012060792225e-01
-1.224748143272841872e-01
-9.341900059039064119e-02
-9.649874019156716443e-02
-9.413684888364542980e-02
-1.053546790827085966e-01
-6.792175595415002320e-02
-5.813823636784191951e-02
-1.471926156120406393e-01
-1.443173621788249872e-01
-1.682072003529136717e-01
-1.959289998121564458e-01
-1.895975507961705220e-01
-2.250111144435417709e-01
-2.020373322095713187e-01
-1.897216273269031195e-01
-1.955582522968856984e-01
-1.169650012350664514e-01
-1.201850183706391489e-01
-8.105443081135411953e-02
-4.702416113396395286e-02
-3.311643045060594370e-02
-1.656097859545277440e-02
-4.815260527437882632e-02
-4.101539374694561368e-02
-1.177866593609653428e-01
-1.370767450035235979e-01
-1.385738160876828218e-01
-1.689204881770156597e-01
-1.162958263206973764e-01
-7.250996480476545880e-02
-8.688465086085246647e-02
-4.715275874035861764e-02
-6.263739817289686040e-02
-1.019252952947772572e-01
-1.227878808890080081e-01
-1.719824496743356246e-01
-2.258153617465898655e-01
-2.467758775453036679e-01
-2.246561609449087005e-01
-2.387604089699467413e-01
-1.204463167070055490e-01
-7.521052837019556736e-02
-7.668200568253911997e-02
-1.716119957005432864e-02
-6.845064360075456961e-03
7.605984527603857834e-03
-3.296786683094332735e-03
-3.862796454987137140e-02
-2.796751710725292606e-02
-3.750868292157665679e-02
-4.443737903715499343e-02
2.211962287604156766e-02
2.316602682784083683e-02
3.669996420937185477e-02
4.835122393856060991e-02
5.182288735936300267e-02
6.350753889581221834e-02
8.125983456650794079e-02
8.955055969867616039e-02
1.250332975305324390e-01
1.009998534137136750e-01
-6.801043974231177347e-02
-6.730363549750612018e-02
-3.356864634563837269e-02
-4.907433532062736858e-02
-5.751718618818543044e-02
-4.106743478220951232e-02
-7.352237947246711980e-02
-9.667328866471705529e-02
-8.983866296602810442e-02
-1.294466784414278482e-01
-8.373412245061842563e-02
-1.193172487800186476e-01
-2.145835588450995812e-01
-2.232816442220849629e-01
-2.279384821847588449e-01
-1.853523843058252074e-01
-1.657664432128139187e-01
-1.178695028975897396e-01
-5.241321911215013341e-02
-1.183229196781148962e-01
-1.736940090674848614e-01
-1.517210095696351069e-01
-2.250885180422830256e-01
-2.140974779447870346e-01
-5.273122725928827692e-02
-3.782228249937853726e-02
-3.937329315072417638e-03
-3.544981731420063925e-02
-8.838754747442989501e-02
-7.031391223069942409e-02
-6.025543789834739844e-02
-8.540481992554957436e-02
-6.074223840923170109e-02
-3.544677256672743026e-02
-4.040629794503641792e-02
-1.635225632008340674e-02
-1.012939360462098912e-02
-2.359990331775015451e-02
-1.028486049265297034e-02
-2.381231494322172057e-02
-3.231369120666067324e-02
-2.216712131995266649e-02
-3.367023567517742760e-02
-4.066544946589968623e-02
-3.486729155768051452e-02
-6.490862488887597093e-02
-8.616491944623969057e-02
-9.666163911560517186e-02
-1.443488788227461905e-01
-1.590432687515757615e-01
-1.462820134775078551e-01
-1.770515684880216156e-01
-1.537651147760783488e-01
-1.524486971090764087e-01
-1.724887059827459046e-01
-1.439829606915835336e-01
-1.529688439365715080e-01
-1.315510226190499121e-01
-1.024652466433128434e-01
-8.970965928908271325e-02
-5.494116536910701593e-02
-6.553801958156983687e-02
-8.367560957859866699e-02
-9.648625460504756113e-02
-1.455929923102711465e-01
-1.857528325574524797e-01
-9.127276408351116255e-02
-7.301030939230877814e-02
-4.507410988791009376e-02
-1.294754542065550823e-03
-1.459038894714070368e-03
9.060271422270203129e-03
1.177384994894076220e-02
-1.487232593632122415e-02
-2.684731388668192692e-02
-4.259340034473087060e-03
3.530627059215603325e-02
8.331037828495153896e-03
1.309831768969471621e-02
-8.449892702333447123e-03
-2.425352154729349952e-01
-2.315952243272123845e-01
-1.314376504188851102e-01
-1.363284970136144914e-01
-6.093231296340943792e-02
-2.661028609949362550e-02
-9.238853817668926660e-02
-9.636613504378206685e-02
-1.105624977289912658e-01
-1.504511422569278223e-01
-1.111740736381745531e-01
-1.058389784792133081e-01
-8.908426856574369612e-02
-3.294424301927292159e-02
-2.995660687709261055e-02
-4.309421452464341079e-03
4.032497712356856133e-03
-1.534116576590255007e-02
-9.538233280314833973e-03
-1.026133837044219954e-02
-1.021648321927237646e-02
-2.988698011933403620e-02
-6.129483085988281232e-02
-4.469690326139855174e-02
-1.804284457275651121e-02
-3.343942106522837521e-02
-6.100729012481948682e-02
-6.107039147764325993e-02
-2.814969349340206220e-02
-3.503520346640585925e-02
-7.351269988060084304e-02
-4.462387061251759518e-02
1.513053445589722379e-02
-1.164019241821414447e-02
-1.123202349159884983e-01
-1.157081237447773192e-01
3.057186343888330937e-02
6.774222923440491317e-02
-9.071310025519314924e-02
-1.866659315314460332e-01
-1.016823050653980209e-01
-8.990560349297849196e-03
-6.568249042239840407e-02
-1.671737328115014132e-01
-1.635321206922739079e-01
-1.707468311637715119e-01
-1.575704241569780284e-01
-1.415651775313504224e-01
-1.443281109593402278e-01
-7.344938047317912944e-02
-4.305599118424333765e-02
-2.576312490838816166e-02
-1.236247521325893085e-02
-1.030015082253243723e-02
-1.371002612567468089e-02
2.251034442980155877e-03
4.749014506383520372e-03
-2.336136722092932438e-02
-2.727504087066883603e-02
-3.839999058010444555e-02
-4.311132343684214580e-02
-4.464499805595013165e-02
-4.616737019666359437e-02
-4.614319016982244837e-02
-4.622598605153831891e-02
-4.672886990865673246e-02
-4.613064881137463741e-02
-4.653072319377881544e-02
-5.066264444328440891e-02
-4.093577894276357459e-02
-4.192101413255794329e-02
-4.447697571447015163e-02
2.128386908745906123e-02
2.300344105356590466e-02
3.614931190829006463e-02
4.584318854023466255e-02
4.558058479138432650e-02
4.746962531740975266e-02
4.861784869511263929e-02
5.437948454586118141e-02
6.395023376237254920e-02
7.229588741816428410e-02
9.754816905160595963e-02
1.213405573404905125e-01
7.654827114986460790e-02
6.100554130672463521e-03
5.738716199576333887e-02
3.527506398586639780e-02
3.379873481128001234e-02
4.103743480488136058e-02
3.861933669177720907e-02
3.916444474138985887e-02
3.974145490903615435e-02
3.902413751263427572e-02
3.889574026623082714e-02
4.085464259437243673e-02
2.943773532451400207e-02
2.550907593366792334e-02
2.609955540168488325e-02
-4.779649705884568556e-02
-4.805293130574022492e-02
-5.454345434074642923e-02
-7.117695880834437605e-02
-7.576802791146715343e-02
-7.781211860674917824e-02
-1.074822238841856015e-01
-1.139751758292001788e-01
-1.138613442332712111e-01
-1.078615245555852725e-01
-8.004459106148170688e-02
-7.998854838193236727e-02
-7.296272629053737746e-02
-6.873719946551212767e-02
-6.880046476579911030e-02
-6.541589729433276712e-02
-6.357632860429870969e-02
-5.271251866057399815e-02
-3.144220506727893327e-02
-2.699847225012626598e-02
3.729646932518185937e-02
4.188666432164330627e-02
2.986733225158411109e-02
5.447533780604802561e-02
4.607912276803487195e-02
4.473269177429371052e-02
4.745097865544795068e-02
4.571825598729210849e-02
4.570740299372754584e-02
4.582401471525630182e-02
4.569367163654243502e-02
4.570167122290846179e-02
4.570450698343286183e-02
4.570027375380752988e-02
4.570087566264020851e-02
4.570094397638491124e-02
4.570088178147263536e-02
4.570089235212353163e-02
4.570090417604152216e-02
4.570089908625602632e-02
4.570076152382369916e-02
4.570155718557299129e-02
4.570085643777418993e-02
4.569748245567300388e-02
4.571890842708287855e-02
4.567697669083718715e-02
4.563753363779503996e-02
4.584486504521838313e-02
4.501313850479066181e-02
4.513544790621676350e-02
4.501568532956621432e-02
3.989619758986831521e-02
3.978716514755035322e-02
