-2.981017768897392781e-04
-4.960991738901846898e-05
7.797408164234902184e-03
7.878694010313432722e-03
7.965172734141058239e-03
9.155606268943395493e-03
7.802565867878069779e-03
8.216357224687312680e-03
8.154058231970032211e-03
7.896266212462949019e-03
8.054316409145136774e-03
7.961492674676742126e-03
7.978203267723828901e-03
8.021668366015668322e-03
8.034376644063749573e-03
8.155597658187503304e-03
8.174587445953977391e-03
8.406372051184787808e-03
8.649867668270635329e-03
8.687358157132819836e-03
9.669192818036017462e-03
9.587143278695586801e-03
9.803087021965788822e-03
9.998721441773565990e-03
9.841138312503359270e-03
1.051953776607330616e-02
9.876047362672200208e-03
1.043240418424180860e-02
1.164836565650894697e-02
8.736002802989452365e-03
1.405404912093665207e-02
1.322083013307287676e-02
-1.230645874442362533e-03
-3.150061461066022174e-03
-4.948023313766789638e-03
-1.233957601599703843e-02
-1.008648729051974183e-02
-1.250375101373868945e-02
-1.226420913949284944e-02
-1.211334580326814576e-02
-1.181099427275354372e-02
-1.218567353804452316e-02
-1.266522640428700136e-02
-1.265139246595869266e-02
-1.309632419285150680e-02
-1.326973376905577796e-02
-1.339343220744134387e-02
-1.419132447250746713e-02
-1.424360247931599072e-02
-1.433769256761719540e-02
-1.420384177677747398e-02
-1.475013964707700895e-02
-1.582561907150200828e-02
-1.436947087958825864e-02
-1.329487923584294490e-02
-1.171039327861299155e-02
-7.579895173352368606e-03
-4.993852243285408325e-03
-1.644548501593187575e-03
-6.473098438705733246e-03
-2.531230073651630913e-02
-2.774882494492837692e-02
-2.671994332452239801e-02
-3.172021463541441211e-02
-2.039789307750364614e-02
-2.753270385268365150e-02
-2.134723001735109454e-02
-4.839416206299405887e-02
-8.286813132512735325e-02
-1.129540108833540085e-01
-1.164136515846717346e-01
-1.258582162571497409e-01
-1.225603832098684232e-01
-1.272446090557970977e-01
-1.295321222040804465e-01
-1.244225246020432274e-01
-1.249359572273046060e-01
-1.222990426310328754e-01
-1.160477884097986523e-01
-1.205621067394986867e-01
-1.179492485908274074e-01
-1.237415898002705572e-01
-1.240042933163616051e-01
-1.161528822285765039e-01
-1.135808619155268262e-01
-1.044874768099369466e-01
-8.423176560197706553e-02
-7.553474300976056877e-02
-5.812291587925706021e-02
-3.607972457172106684e-02
-3.100660531216684751e-02
4.631634431469551093e-04
2.166355317845180747e-03
-1.796781533448075976e-03
1.137122193996768435e-02
4.799157347767892684e-03
1.788363739087610186e-03
1.963023861024603984e-03
-2.550536184647711133e-02
-2.808735832259394438e-02
-2.679990956984527883e-02
-3.327137813329836963e-02
-2.680113068638758506e-02
-2.719666576501209715e-02
-4.299883354610113673e-02
-3.781492871094700725e-02
-4.754313424694896900e-02
-6.742474734816128468e-02
-6.862650723361665706e-02
-7.661322410941902306e-02
-7.703304368312156869e-02
-7.367553978064853015e-02
-7.157231014573023353e-02
-7.304633715023085838e-02
-7.993098794488462389e-02
-8.589224533750024204e-02
-9.269191336187006247e-02
-1.016775034911477915e-01
-1.123620406647470316e-01
-1.115812344356525987e-01
-1.259981639788717300e-01
-1.251442115079984541e-01
-1.197321019380715446e-01
-1.202779335243325531e-01
-1.032671515687911268e-01
-9.757799471219073817e-02
-9.185897012133409367e-02
-7.957885885027793371e-02
-7.374635207323851360e-02
-4.611069137645742999e-02
-1.622244673748393304e-02
6.913626561246498901e-03
5.798543317784170259e-03
1.270353817076251730e-02
1.028773452829086048e-02
9.023679648912810367e-03
1.014624846486702515e-02
8.016022654409791365e-03
6.718311638419336741e-03
6.241560328743635776e-03
2.888579878119620914e-03
-9.571652478994025317e-05
-1.094631194736398437e-03
-1.044893318397484283e-02
-8.731095247873440005e-03
-1.325660484822248179e-02
-1.346582046627105810e-02
-1.335837042699784816e-02
-2.713542289016632192e-02
-3.522757999343615470e-02
-5.003001733390417816e-02
-6.352180304370666497e-02
-6.655891786356163409e-02
-6.802335488919619699e-02
-7.080052197372617429e-02
-6.565828861717573628e-02
-6.116788066209237484e-02
-6.450636096590441071e-02
-5.769184189678614599e-02
-6.296414612773587605e-02
-6.202891100678863123e-02
-6.487691466855444178e-02
-6.515944075404471458e-02
-7.379708532489798190e-02
-7.811550074782759590e-02
-8.344641839448602161e-02
-8.697796030706707315e-02
-8.737041277045323739e-02
-9.045855899328768268e-02
-8.952702050080371676e-02
-8.879706502982245842e-02
-8.649612327555900038e-02
-8.134771307894561598e-02
-7.710423947030922709e-02
-7.313453865006526444e-02
-6.864330699560561300e-02
-6.147358387824300441e-02
-5.448380218920118034e-02
-4.316224069125805529e-02
-4.153612942158753374e-02
-4.030715599199599652e-02
-4.085537221017736254e-02
-4.446234074244411610e-02
-4.654635078576441903e-02
-4.942132484968738554e-02
-5.419876400103046388e-02
-5.939564067536580450e-02
-6.633283985152083062e-02
-7.101081886677523825e-02
-7.682695543477766065e-02
-8.349724741066205658e-02
-8.635772316889228639e-02
-9.481158519143190189e-02
-9.672338753060624739e-02
-9.497342971212022200e-02
-9.807705736841303146e-02
-9.038226485321979031e-02
-8.920435616687533154e-02
-8.063846873881613808e-02
-6.138038268188938940e-02
-3.620398683358656833e-02
-1.729807946061482499e-02
-2.580936848805204242e-02
-2.612332179994752285e-02
-3.717047960146561969e-02
-3.953927107463913598e-02
-4.316862898131788862e-02
-5.154026129401692580e-02
-5.032715268915132628e-02
-5.651921210073347634e-02
-5.758364343734469898e-02
-5.888489097941527334e-02
-5.822541645180365211e-02
-6.080600032746279193e-02
-6.323670196215469552e-02
-5.840518986677545321e-02
-5.935783069026930731e-02
-6.165973569994274983e-02
-6.488607953162262021e-02
-5.917945384570426348e-02
-5.863532154986435957e-02
-7.312362093178512157e-02
-7.185226149309292820e-02
-7.667755210511281727e-02
-8.083445764852803528e-02
-7.892694014511945910e-02
-8.056882350589400499e-02
-7.721020504153973396e-02
-7.558168481159602270e-02
-7.440888387460242726e-02
-6.599967392659800147e-02
-6.679182427734174643e-02
-6.270841263233103979e-02
-6.010307812779773495e-02
-5.961140850944925129e-02
-5.595075680896680059e-02
-6.154194741049594242e-02
-6.275000446809497756e-02
-7.315446135454378718e-02
-8.154390217850590594e-02
-8.438452393696582732e-02
-8.342507025026317524e-02
-8.064092848643228395e-02
-7.582688117089407542e-02
-8.128025599279485591e-02
-8.223008823647080801e-02
-8.257937751726987519e-02
-9.252722527097545502e-02
-9.500367170605109046e-02
-1.008527838537537358e-01
-1.180584352186201669e-01
-1.203020876245920329e-01
-1.119889483720376555e-01
-1.148469963668277971e-01
-8.837665100748953728e-02
-7.973758953769878588e-02
-6.734664831598217993e-02
-4.186037782532917723e-02
-3.851483623704137632e-02
-2.019725054947307807e-02
-1.846663548789270054e-02
-2.201506561717525567e-02
-1.439328640654535980e-02
-1.533459614616324365e-02
-1.466644062553927770e-02
-1.879006686269105685e-03
-1.669314084677691375e-03
2.690856672769334317e-03
7.175059081732275586e-03
7.665935844522219975e-03
9.798520796512184133e-03
1.426627827435266067e-02
1.183214350782829660e-02
1.507096790057530465e-02
1.129647731986021045e-02
-2.075218834706949594e-02
-2.157315718294225068e-02
-2.100355604862626235e-02
-2.883443510742570229e-02
-3.215246928463273007e-02
-3.246493337745287588e-02
-4.168105726839544528e-02
-4.920564462014941076e-02
-4.956532982680122990e-02
-6.304829192936417526e-02
-5.789229009682612948e-02
-6.719013812298824107e-02
-9.011058907137932394e-02
-9.129528718523377551e-02
-9.962401867803888367e-02
-9.466845306914478675e-02
-8.750050585184274143e-02
-8.388400434397381977e-02
-7.294897726843342645e-02
-7.988879077907504178e-02
-8.788604616212272735e-02
-7.420985769271648547e-02
-8.272172998617355333e-02
-7.937087408858171933e-02
-4.252927166740923248e-02
-4.297457071446110499e-02
-3.225957465622298487e-02
-3.281137918504326706e-02
-4.389708456064815578e-02
-3.607518069520273402e-02
-3.414583178694166610e-02
-4.022866272513309083e-02
-3.577936635888451927e-02
-3.463229735019587863e-02
-3.475397836850344091e-02
-3.192339340857965058e-02
-3.251441376529978777e-02
-3.599211617018958226e-02
-3.633658579393989063e-02
-3.911857509747418415e-02
-4.253477545028519491e-02
-4.415162672184842763e-02
-4.779169485648852161e-02
-5.280008018094570210e-02
-5.480780032141759073e-02
-6.217487261339704058e-02
-6.847847933398702736e-02
-7.272742181481214874e-02
-8.695511406228283169e-02
-9.211520462839624390e-02
-9.030744017106263899e-02
-9.875102034150047559e-02
-9.449671946292495517e-02
-9.462523185231826173e-02
-9.806349054692042877e-02
-8.859016698457043704e-02
-9.297282294312846085e-02
-8.623137000333744306e-02
-7.518025534310006364e-02
-7.417695999780156424e-02
-6.070065758051972071e-02
-6.028100273943930165e-02
-6.269017582144180423e-02
-5.813029283929011665e-02
-6.870643678017890332e-02
-7.068522571090221640e-02
-5.198948629362548646e-02
-5.131221332375306837e-02
-4.186168052055811578e-02
-2.935436534379507606e-02
-2.970485570090836136e-02
-2.251412677739342977e-02
-2.204796438338094827e-02
-2.444722623128438993e-02
-2.452881291113349557e-02
-2.724928918754448981e-02
-1.822242917249261573e-02
-3.033680695016765030e-02
-3.763752577324223220e-02
-3.635097700262550358e-02
-8.659889478215174186e-02
-8.243126282002023741e-02
-7.040099363008950339e-02
-7.453546214552195237e-02
-5.223957264443884752e-02
-5.036432351563195631e-02
-5.454851605181769425e-02
-4.989495354757388090e-02
-5.160888474414122851e-02
-5.528645807834933756e-02
-4.654158647702250073e-02
-4.641282274973485000e-02
-4.019569502825871832e-02
-3.143255463903137786e-02
-3.049153466283089850e-02
-2.322062618890986807e-02
-2.244889730283482904e-02
-2.418290660174045315e-02
-2.120773554605314554e-02
-2.374706540428917281e-02
-2.381569075463338403e-02
-2.332995895029002162e-02
-2.540587408478349116e-02
-2.432795060978414775e-02
-2.517461260180293980e-02
-2.588735682832793775e-02
-2.516231549005094187e-02
-2.661165520469940468e-02
-2.634560032586816952e-02
-2.668321038892282684e-02
-2.797294003508826732e-02
-2.742195747313426468e-02
-2.899656447009447968e-02
-2.958065424039039992e-02
-2.972472193391633224e-02
-3.226251081823033190e-02
-3.196466698444672822e-02
-3.414063306821697730e-02
-3.661805400596318538e-02
-3.645002539509571704e-02
-4.171602756167446663e-02
-4.283032142422824040e-02
-4.608482128797847244e-02
-5.424746157676525737e-02
-5.561318676937067329e-02
-5.996835039112478893e-02
-6.046271130482217676e-02
-5.858305238592131231e-02
-5.990747297505089747e-02
-4.958284379823071908e-02
-4.599577647995191365e-02
-3.745484043133838481e-02
-3.269373129045732851e-02
-2.859786394101367438e-02
-2.566379076882606761e-02
-1.961174809671541869e-02
-1.826657730688820841e-02
-1.746470167201893964e-02
-1.762783855644038666e-02
-1.875239334552269987e-02
-1.862132024811424813e-02
-1.892062016700985644e-02
-1.907915703377941266e-02
-1.905624549356667655e-02
-1.879791377778848235e-02
-1.889301486417503326e-02
-1.844565490047956127e-02
-1.744443059512617786e-02
-1.802537733797534431e-02
-1.508895261505480319e-02
-1.413054937152937764e-02
-1.393117348790351429e-02
-2.079389986516785426e-03
-1.267578627714899698e-03
2.956465820960236558e-03
6.799638237347628740e-03
7.582446150691664506e-03
1.034740713506344945e-02
1.236707975367183979e-02
1.334116234598534470e-02
1.667597893100768863e-02
1.905417219038877882e-02
2.061449891948330393e-02
2.715772769623492344e-02
1.888220755283912325e-02
6.164476392947671260e-03
1.643974767183287167e-02
9.011331416161299027e-03
8.785000135884948533e-03
9.929107775937296571e-03
6.898644361110058305e-03
6.915476302946972458e-03
6.019255758672891268e-03
4.330705110522403527e-03
2.495481895079060264e-03
1.850919802002887627e-03
-2.492347987652221084e-03
-5.506713150371671597e-03
-6.469454547109200308e-03
-2.067381858896831862e-02
-2.212763045816226043e-02
-2.520406649482399494e-02
-3.017413604310598130e-02
-3.191345625602131503e-02
-3.311931692004358579e-02
-3.834927365374209834e-02
-3.934519670364965832e-02
-3.718866187296288039e-02
-3.677082368852922084e-02
-3.109505586209207126e-02
-3.060666271329107527e-02
-2.860442469849842212e-02
-2.661954867229655852e-02
-2.589013587033410502e-02
-2.314617134276718280e-02
-2.199441684662205646e-02
-1.891518089816793952e-02
-1.352868558172281264e-02
-1.249116343544264159e-02
-6.163523152410908508e-04
9.941399720199647384e-04
-4.387316542457273050e-07
5.312244928563445573e-03
4.193876355166006875e-03
4.913863373933025254e-03
5.931094091211608181e-03
5.591088278773474925e-03
6.074220454793933383e-03
6.185205804275862099e-03
6.178697555826107718e-03
6.335614279892208198e-03
6.334769364094442606e-03
6.367673859120921015e-03
6.403586900485041741e-03
6.403151758998187372e-03
6.419953500015430047e-03
6.424616982762508706e-03
6.425924749122082467e-03
6.430588692250029104e-03
6.424007728910097886e-03
6.426852080146315191e-03
6.418426339942910272e-03
6.398521598686985300e-03
6.413213364187571666e-03
6.351652839276653549e-03
6.336863015585053951e-03
6.358181303824020705e-03
6.102735557692325237e-03
6.268405943987097155e-03
6.023861839884288132e-03
5.290988669507672333e-03
5.413389923070346943e-03
