-2.008387738805772482e-02
-1.832403596849008914e-02
3.052185367301914545e-02
3.902575462068449963e-02
3.191257927630772318e-02
2.788779028650347977e-02
1.840377435378768092e-02
1.730969403235996240e-02
1.637675784491813766e-02
1.603627660748102937e-02
1.608533070722967945e-02
1.608533070723115396e-02
1.608533070722896821e-02
1.608533070723032130e-02
1.608533070723100478e-02
1.608533070723115396e-02
1.608533070723116090e-02
1.608533070722970720e-02
1.608533070722967598e-02
1.608533070723289909e-02
1.608533070723142111e-02
1.608533070723037334e-02
1.608533070723099090e-02
1.608533070723085559e-02
1.608533070723067171e-02
1.608533070723141070e-02
1.608533070722869066e-02
1.608533070723089375e-02
1.608533070723050518e-02
1.607821635524162712e-02
1.613600881912159724e-02
1.617062636872254947e-02
1.650056584392907422e-02
1.805169809238616266e-02
1.804724529801729135e-02
2.488264900486996181e-02
2.434388956280587185e-02
2.469399520761365527e-02
2.283149753300836235e-02
2.261196439441447159e-02
2.149038543953671332e-02
-1.726892839750297434e-02
-1.776922940852296989e-02
-1.452450756226766546e-02
-1.481414130951354963e-02
-1.357725798272942271e-02
1.098632857572361642e-02
1.142375781037204691e-02
3.334432168198931800e-03
4.817041079929823381e-03
2.025565798024169320e-02
1.411181697160086151e-02
8.054890378993047328e-04
-9.842178331705398429e-04
-3.477234008167389562e-02
-3.307511176951791892e-02
6.799179919958217577e-02
9.214750373898089597e-02
1.331001695537045448e-01
2.325780575325666621e-01
2.841670388617328347e-01
3.432740157970716188e-01
2.970486798252633398e-01
1.671221826795288856e-01
1.414850620181911656e-01
1.830134982950736358e-02
-1.913081304219806447e-02
2.624832818010507107e-02
1.220256945974277502e-03
3.084913251690206415e-02
3.147730083373050103e-02
3.784463198394629607e-02
3.033414104811760909e-02
4.654753017676338533e-02
8.761271467764486509e-02
5.380764664412526765e-02
1.137907679403659389e-01
3.354540179908380854e-02
-8.809633433154429039e-02
-1.488645266945624879e-01
-2.597310469202707695e-01
-2.761158084792696421e-01
-1.226711924049456032e-01
-7.308205377058502039e-02
-5.427465798587030599e-02
-3.669079733148371270e-02
-1.866352297281533013e-02
4.125634992526278771e-02
3.703254830602996373e-02
4.903335077796245126e-03
1.340967969954312555e-02
1.088712790535904459e-02
4.065795918071601206e-02
3.884259757209661268e-02
2.099194177622072319e-02
2.399345171552970044e-02
2.934047444397251680e-02
2.451530635567227348e-02
8.319142926917280634e-03
6.419990418270083050e-03
2.657797635055837021e-02
4.449531626161055270e-02
5.768288372655518831e-02
6.155848123292406021e-02
-4.552839477996294820e-03
-9.680100074000630439e-02
-1.660983520352075360e-01
-1.397593305128889962e-01
-5.411741759367863502e-02
9.190990247442147598e-02
1.345436472032257857e-01
3.918589340239955754e-02
-1.272784544186589956e-02
-9.685186906006586216e-02
-4.306402362506456943e-02
-2.605101129871000704e-02
-4.537487066105371641e-02
-7.183158985106544159e-02
-9.649365730427574006e-02
-1.200478381127348809e-01
-1.269082177021790270e-01
-7.433604247049475922e-02
-3.357460301314405676e-02
-1.838717346337225694e-02
7.160168797533952682e-03
1.059032338524442535e-02
-2.629797159870366635e-02
-6.524048714674163252e-02
-3.134467486665083041e-02
3.854772338463052783e-02
9.183356121947887363e-02
3.351618410554754734e-02
-1.097455773739236529e-03
-3.948324724433795868e-02
-1.185584016375771516e-01
-1.152906519163971188e-01
-1.714826840489349635e-01
-2.798607717775964954e-01
-1.546815963235490254e-01
-1.099457829309899021e-01
-9.149543853312715191e-02
-2.727983761520633155e-02
-2.023832289637136905e-03
5.803349314647095192e-02
1.131170533005025208e-01
7.595877291599407999e-02
2.046181864220101426e-02
1.053950312076079067e-03
-3.601146367590549180e-02
-1.457239375787418301e-01
-1.563394989812218749e-01
-8.309987716474963315e-02
-1.194088848012206105e-01
-1.039755340984106768e-01
4.587229413946715406e-03
2.120546561583116357e-02
2.423017442891868978e-03
7.453254507924047742e-03
3.789247435212624027e-02
3.649463334572489864e-02
3.422072313276426636e-02
1.835235070287187520e-02
1.576451036332818592e-02
1.377215584428777111e-02
1.123693586329460765e-02
1.462335845429189700e-02
-1.204124302957010686e-02
-1.114421715733487049e-02
7.321807834726307140e-02
9.175740083326043572e-02
6.818600629434699856e-02
5.220368044224698439e-02
3.566632073784919976e-02
2.770611169063167539e-02
-1.918617242341815517e-03
-1.927197692207263321e-02
-2.576470354402283364e-02
5.935987556264425355e-03
7.628002885204755029e-03
5.891069295558285651e-02
1.259190975352473263e-01
1.434563274166472391e-01
7.111753603624512698e-02
5.292499554464948769e-02
-1.069250153744191745e-03
-2.405988214355802082e-02
-2.731659703084842600e-02
-1.633137793926078135e-02
2.788380782275262995e-02
3.015466287654757632e-02
2.850201309388213436e-02
7.372739691422083852e-02
6.311686215015856194e-02
-5.629884240974604437e-02
-6.872375216904860751e-02
-1.043552382219545271e-01
-9.771034444464751778e-02
-4.631147132481619466e-02
-3.227169433548176397e-02
-2.812831803245662704e-02
-3.077484664605143611e-04
-1.244400717704306422e-02
-3.586027046440732474e-02
4.371509565507230438e-04
3.856960623642594066e-02
-1.521015608463279628e-02
-3.691811402157843536e-02
-5.541600110169621340e-02
-1.520222478912759689e-02
-9.578662925263477235e-02
-1.898288446092832871e-01
-1.433225089637598093e-01
-5.931137004124142909e-02
2.137547137368335515e-02
5.450331637654445838e-02
1.290521337800920876e-01
1.601585991607869519e-01
1.950445329058973776e-01
1.986916646951664978e-01
1.383097938785378955e-01
5.425447094180790852e-02
-1.561850450674466539e-03
-7.135277631708068780e-02
-1.363391994699836018e-01
-1.913297055679126779e-01
-1.619193689682100756e-01
-9.151363975838977538e-02
-6.668009829320739601e-02
4.448846942606283356e-02
8.297540030737673988e-02
3.553202724296024989e-02
1.202980079467094038e-01
1.117991535053615149e-01
-1.061120714752551882e-02
-3.545561103086033311e-02
-4.547754625947913326e-02
-6.927111454829507076e-02
-7.601419562570028987e-02
-5.571704858069190247e-02
-4.660921196875064676e-02
-3.659912586847237359e-02
-4.710398280115652564e-02
-1.958380466052676849e-02
-1.257694729859899427e-02
-4.364606597801656829e-02
1.381577494546926133e-06
2.728862212523424854e-02
9.724527979824207358e-02
1.669583840038793912e-02
-4.580442582320305711e-02
-1.282084998099344841e-01
-1.017365634131509183e-01
-5.309237370751412888e-02
-4.806287097265505431e-02
-2.885697902647391469e-02
-8.970812394396254774e-02
-1.410584510165112382e-01
-2.232850311369746765e-01
-2.196976212850650645e-01
-1.210437427637855723e-01
1.405963538766514739e-02
5.827235911964884912e-02
-2.167895515587300176e-02
2.480867535078899733e-02
3.497300962829000964e-02
4.559220077932762266e-02
5.561598984987618094e-02
3.930021513573904446e-02
-1.629151127106655550e-01
-1.634012243913541829e-01
-4.705102019276389408e-02
8.300045640991546292e-02
1.219488080202669883e-01
4.394025471674561228e-02
-1.795839872521630409e-02
-8.943122876260395371e-02
4.356979237342625821e-02
5.981577501475651010e-02
3.727341387170883535e-02
6.308642808158562709e-02
-6.185819046299369239e-04
-2.033742328014639250e-02
-1.163991466656254421e-02
-2.075463252263196751e-02
-5.756507854788467382e-02
-5.855273120026121408e-02
-5.426523668390683536e-02
-4.147224318935984616e-02
4.635944002598473869e-03
1.963625720285149326e-02
8.204977920357625631e-02
1.166014441000574053e-01
1.641900637661978801e-01
9.480337029388508086e-02
4.783601121441133364e-02
1.312878106917367282e-02
4.382096769714392132e-02
4.301547966042287841e-02
3.421014748838367703e-02
6.400818132275352956e-03
-4.861170968811084903e-02
-1.445154645409598218e-02
-6.237137403411370518e-02
-6.421985120813487879e-02
7.216244874021377972e-03
3.508363223153079802e-03
2.989646842867836607e-02
1.262577289219226073e-01
1.494495157725763690e-01
3.253385306093319052e-02
-6.416969525512628003e-03
-6.277620496202293565e-02
-7.964040996394700089e-02
-1.063894138089863106e-02
-6.169750895265251056e-02
-5.645842457734948083e-02
-2.171237820887403705e-02
1.894045568392523603e-03
2.362324049732340055e-03
4.559229993549590403e-03
3.730348521787033717e-02
3.676449547897393116e-02
3.422072313276622313e-02
1.835235070287287093e-02
1.576451036333009065e-02
1.377215584428714140e-02
1.123693586329364662e-02
1.462335845429145118e-02
-1.204124302957073483e-02
-1.114421715733454263e-02
7.321807834726398734e-02
9.175740083326122676e-02
6.818600629434620752e-02
5.204349562868978291e-02
3.617118939416373580e-02
2.979323811098181368e-02
-8.272199404251840381e-04
1.251266707165118357e-03
3.875719275218221169e-03
2.047052666186542288e-03
1.863350927838390916e-02
5.989362413440131767e-03
-7.717353666658232671e-03
-3.805640643725497277e-04
1.708536859890680878e-03
2.629145697970293807e-02
4.843012451824109388e-02
5.794411260477832365e-02
7.429102906091411551e-02
1.147645950912768581e-01
2.404241492043174278e-01
2.855796227620153727e-01
1.999999614967547523e-01
1.278582805638502906e-01
8.756389064566524882e-02
9.404777099960863473e-02
2.696203077533140379e-03
5.093851951882055751e-03
-3.378523901318753603e-02
-9.239760522592690983e-02
-6.604187605456050825e-02
-3.386535600859882228e-02
7.239085588214080880e-03
8.158716474297915411e-02
1.664042576075241975e-01
7.517262892872360325e-02
1.922976687430806575e-02
-7.849233873980424048e-02
-1.517516077777228134e-01
-1.963640142476583694e-01
-6.246978186242140713e-02
-9.425805582863128196e-03
4.297587330742553419e-02
1.866883773426012555e-02
1.805865337465774670e-02
5.940732942872818667e-03
-9.150518171027646752e-02
-1.881047810166928125e-01
-2.364943474262509726e-01
-1.179395538315450020e-01
-7.414703383238238632e-02
9.849403159608922931e-03
3.584499264223821313e-02
7.708099860077535781e-02
5.456607556321640268e-02
2.216614089256185513e-02
3.371786984061932169e-02
3.149560505836901392e-02
2.799288109263899094e-02
2.922103304146586936e-02
2.895126755094667298e-02
2.693751151352333922e-02
3.687342208850687142e-02
2.509344228075732069e-02
1.075773233274630869e-02
5.298246150687885292e-02
1.363998404362140593e-01
1.257686482532594241e-01
1.349548237023061870e-01
1.219216005095771355e-01
3.099370903336276864e-02
-3.096232243027554829e-02
5.944189806740982074e-03
7.366882983873092317e-02
1.065161323394607923e-01
1.096693346739882197e-01
8.409594199232067746e-02
-8.770903386094786383e-03
-5.657037826913457329e-02
-5.084648394267141103e-02
-6.598750889222966542e-02
-6.268818400118057743e-02
5.566328327908005164e-03
-3.408486053189852677e-02
-3.197697405737570664e-02
-1.234078222048061099e-02
3.215330003234108391e-02
-3.349175861645592445e-02
-5.110185419155129777e-02
-8.797708057151182315e-02
-1.384451818250706512e-01
-1.776359693784939631e-01
-1.496227710340558015e-01
-1.562939318512296949e-01
-1.208328731713319837e-01
-8.721903174833925410e-02
-7.957463693139715799e-02
-9.954733903762753855e-02
-1.098282361785721251e-01
-1.073442125453628743e-01
-1.118488809247992072e-01
-1.044770596671465157e-01
-1.053797370182480708e-01
-1.113471577717157768e-01
-9.319949321755309490e-02
-1.301756841021274314e-01
-1.101237358720590642e-01
-7.735058649573541001e-02
-5.966576436534096889e-02
-7.390170276613057532e-02
-2.200617837601215668e-02
-5.199449292606938763e-03
-4.696718592501144401e-02
-3.368735463813961328e-02
-9.306401068290365286e-02
-7.792480180621218222e-02
1.509065704195033941e-01
1.607346201761285509e-01
2.271289603067485063e-01
2.624629779488521497e-01
1.458753478575361973e-01
1.024007599435130533e-01
3.591423851703152981e-02
-5.448739559313685310e-02
-5.638259021849219288e-02
-1.938017087903265434e-02
-2.361829375874450326e-02
-1.866411183747914218e-02
-3.279972045902756345e-02
-2.989621976595457573e-02
2.557569124644933078e-02
3.347821741930787076e-02
2.849964620303738552e-02
3.156136329486470410e-02
3.209880420451570460e-02
3.155400367831316666e-02
4.525273138928221500e-02
4.982087152903510313e-02
4.220180375360327307e-02
3.627717661869941934e-02
2.556289993683273989e-02
2.509948070024394309e-02
2.436963948956148707e-02
2.397740184466333122e-02
2.408690380740478865e-02
2.386915532630409786e-02
2.350206869320344699e-02
2.287684044905314434e-02
1.638042859459505618e-02
1.292450404819733660e-02
1.027174807455849851e-03
3.922914369919171251e-03
1.133395718524827546e-02
1.831288996149846304e-02
1.887011679303342987e-02
1.945300094790265721e-02
1.978443784843408187e-02
1.972915870735797092e-02
1.972058480381172832e-02
1.972165510724811777e-02
1.972165510724741000e-02
1.972165510724825654e-02
1.972165510724815246e-02
1.972165510724767715e-02
1.972165510724807613e-02
1.972165510724799981e-02
1.972165510724781592e-02
1.972165510724823226e-02
1.972165510724741694e-02
1.972165510724699367e-02
1.972165510724706652e-02
1.972165510724889492e-02
1.972165510724741694e-02
1.972165510724776388e-02
1.972165510724687223e-02
1.971513206148928221e-02
1.976621709101790067e-02
1.981932088710877324e-02
1.971166177543804895e-02
2.075372142747877041e-02
2.034609601971468923e-02
1.888097806230067122e-02
1.885647148573648541e-02
