-5.379358930604308557e-04
-3.808982214016997194e-04
4.091772085336786713e-03
4.220971989519685386e-03
4.551637557580813856e-03
5.202446831721880063e-03
4.237225374853056427e-03
4.545153440632940418e-03
4.439612009483931768e-03
4.262501289167035939e-03
4.355191320890612269e-03
4.269790585316127901e-03
4.257683056912292541e-03
4.266183990309381155e-03
4.238693673396859082e-03
4.242424896810486831e-03
4.238182153399460729e-03
4.232642193198283762e-03
4.234109052001519199e-03
4.232362497613394864e-03
4.232364949997356567e-03
4.233697857482203106e-03
4.235846196524301749e-03
4.237471760349556353e-03
4.243358313433391246e-03
4.250490921699302815e-03
4.254837184855854611e-03
4.278395694952656994e-03
4.288795040998609649e-03
4.311961549228061907e-03
4.386362730147354456e-03
4.378967979156985629e-03
4.519137528325330860e-03
4.670740441593405554e-03
4.606446212877776322e-03
5.214708077920783731e-03
4.699283754514758243e-03
4.923210761168270687e-03
4.100821835737878361e-03
3.302586273113123413e-03
3.492955353180527203e-03
-7.325868787040034627e-04
-6.767699520822594104e-04
-6.277007395521005733e-04
-9.408361963688474140e-04
-6.468442614425926615e-04
1.940406349307668716e-03
2.153023679124359616e-03
2.746092731700271010e-03
3.048758145219180368e-03
5.335857578420349218e-03
6.934337648635107917e-03
5.805511045815879914e-03
1.179932621668536817e-02
1.344988517871250483e-02
1.563335562620779204e-02
3.370953523576727257e-02
3.825708317210552156e-02
4.694980318039952694e-02
6.322353956960155563e-02
6.577949511581648867e-02
7.116947034873269406e-02
6.824190150956811751e-02
4.928700983533441937e-02
4.656996724875874655e-02
3.328694924752761269e-02
2.542591278648487912e-02
2.590133388987348600e-02
2.014229451794311010e-02
2.218087706441304249e-02
1.761147709479764234e-02
1.766080530427379530e-02
1.537048016063582295e-02
1.148684680918301768e-02
1.301039569081251582e-02
2.813086293920421220e-03
1.841922254647038659e-03
-1.271060014719639295e-02
-3.214105912974138390e-02
-3.975758672628385004e-02
-5.565655297516253208e-02
-6.400124321670046246e-02
-5.044423857991781751e-02
-5.229472885195145249e-02
-3.467888544150251467e-02
-2.318818350738768852e-02
-1.892427581575692810e-02
-1.569104362167272068e-03
-1.404126239160230797e-03
-1.991643839490665757e-03
3.013679202644576477e-03
2.005889811737547688e-03
5.721214246410335352e-03
6.271741570202705313e-03
6.067239768116690357e-03
7.332809758977869297e-03
7.825677944588953563e-03
7.857596344210619754e-03
6.483382992098741041e-03
5.797302793146550011e-03
6.980037078240240375e-03
6.464487578987933650e-03
5.752460355077065011e-03
1.517352160604157818e-03
-6.901330474156543680e-03
-1.852732125170345259e-02
-2.586489769999296764e-02
-2.208409666583771233e-02
-2.153675046691821970e-02
-7.094298822567685590e-03
-7.783952094346391175e-03
-1.547654713725484486e-02
-1.580993486005418877e-02
-2.957418504006788934e-02
-2.729917510652427395e-02
-3.106642605096849447e-02
-3.842451512737392327e-02
-3.959733679746406387e-02
-4.585556600334952937e-02
-4.716340346870581679e-02
-4.698446124397397811e-02
-4.134035663540992084e-02
-3.440682135158948385e-02
-3.057854161035776508e-02
-2.515865933456259973e-02
-2.103117514022834200e-02
-2.240509322234967432e-02
-2.174793619703238937e-02
-1.749781242131674686e-02
-1.630308245962132363e-02
-1.158899307440333648e-02
-1.800954434946773139e-02
-2.342434867979337546e-02
-2.453600044259099389e-02
-3.851946266070144231e-02
-3.821573349112190876e-02
-3.733082763517810154e-02
-4.390216229117328839e-02
-3.508772598580355007e-02
-3.828583895894550893e-02
-3.375679810874139541e-02
-2.104541857362549756e-02
-1.947201279157179457e-02
-1.298489812598157753e-02
-1.004850512758547962e-02
-1.186098326604326236e-02
-1.226346779921873818e-02
-2.244045748186001762e-02
-2.501575204001997219e-02
-3.924691721236278630e-02
-4.752875580203579781e-02
-3.345436361035132589e-02
-3.722262916057038351e-02
-3.264317879660724037e-02
-8.746947952489859263e-03
-7.467879626201861382e-03
-4.380972034147763948e-03
1.565131193991702247e-03
4.377822803355455039e-03
5.775457939672451295e-03
9.816970648299094479e-03
7.473643908590777568e-03
8.981843157391306356e-03
1.050319652889394884e-02
8.100524549233633839e-03
1.244943406548451245e-02
1.168218759136201851e-02
9.967435379263214767e-03
2.412254262391955173e-02
2.387640007774149281e-02
1.944381590991317230e-02
1.933762772610599437e-02
1.357039912559591943e-02
1.167162465817388195e-02
6.399959300810061091e-03
4.654687942586290504e-03
3.253704354559724520e-03
6.601207305953869439e-03
8.837035904073461956e-03
1.179424915964591772e-02
2.217628013490592631e-02
2.352622065729114906e-02
1.690453834282339488e-02
1.824739183466835349e-02
8.761852315862420082e-03
5.897835317947780660e-03
6.137780090775972475e-03
2.367844119100342461e-03
1.013737011667422902e-02
1.020737317585542273e-02
6.099972107297137701e-03
9.847706312914233928e-03
5.710937425522977229e-03
-1.063649023387557187e-02
-9.940430194591089869e-03
-1.679855814517750706e-02
-1.793314779476310600e-02
-1.357895102348789448e-02
-1.276905632130780760e-02
-1.317950668371691350e-02
-1.095934726210208085e-02
-1.107153013853816835e-02
-1.151210588078512183e-02
-9.857777357937750479e-03
-1.057845874127490496e-02
-1.168685897433396036e-02
-9.330662901071436199e-03
-1.353461489812687012e-02
-1.432206779049932828e-02
-1.655538034804932696e-02
-1.384273652117938569e-02
-8.928833736475419447e-03
-8.599279103620393119e-03
8.246988399836767012e-04
1.184696131390019364e-02
2.074607742400529781e-02
2.167170386452915709e-02
2.333171223904978442e-02
2.588117951230978903e-02
1.897759807626404199e-02
9.747057758628413504e-03
-2.361637675306511430e-03
-1.637383944539383407e-02
-2.434885734610041375e-02
-4.039879893252265597e-02
-4.358023800749334653e-02
-2.401611292394159602e-02
-2.742732911233479801e-02
-1.523587274875265853e-03
8.074415560354658225e-03
-6.051196235359022641e-04
1.373438362987332122e-02
9.996880962909550361e-03
-6.132470661955067258e-03
-5.865589481762987188e-03
-1.511618274637068285e-02
-2.105653479593927110e-02
-2.181663216142495920e-02
-2.415347297121797285e-02
-2.313178282772757749e-02
-2.015618441398434393e-02
-2.286618616604391141e-02
-1.621397040933966749e-02
-1.659802955338416861e-02
-1.766011592983224299e-02
-1.503917968336143662e-02
-1.674589518801241489e-02
-1.374466830880543070e-02
-2.326789705838696459e-02
-3.010648806576702446e-02
-4.234317954355966418e-02
-4.704993078635688608e-02
-4.971889616163330250e-02
-5.448309285391603196e-02
-5.436617174021896037e-02
-6.217659476886010228e-02
-6.458218268573634457e-02
-6.968641724598390041e-02
-6.441101442923448384e-02
-4.832257059824977830e-02
-2.836610909984240911e-02
-1.342537846741159724e-02
-1.744775786257465530e-02
-4.652823093311810043e-03
-7.864598887069957842e-04
-1.271194885390358265e-03
-3.506140318642198277e-04
5.198589461847507708e-04
-1.975584254038732432e-02
-1.258974380329814548e-02
-8.477891059355077696e-03
3.957639804029168540e-03
7.340772475471291428e-03
2.603255994427860869e-03
5.035500516071662880e-03
-3.712390210985207044e-03
8.406470685451992997e-03
8.812280864620929133e-03
3.657171028743171765e-03
9.361592881717497802e-03
6.390761827648283686e-04
-6.186077098809543782e-06
9.063640130457763710e-04
-2.797591770822155984e-03
-3.321963945222255760e-03
-3.060953846486782082e-03
-1.554492071730692116e-03
3.098797505845536388e-03
8.961842053275239500e-03
1.329833659587526841e-02
1.994256875864956063e-02
2.448405598117653348e-02
2.937628883849364644e-02
2.558842418186001513e-02
2.172486209576736382e-02
1.699500582748830063e-02
1.965389511810776771e-02
1.678846209689722341e-02
1.210811567796080297e-02
9.353867634303687784e-03
2.149811823492519137e-03
5.802967226144147700e-03
4.306609870684830962e-03
2.985354753969395990e-03
8.013558546258885834e-03
7.462738165754720723e-03
9.618728338131911360e-03
1.785402540360520388e-02
1.838053495041551064e-02
6.845415395601663067e-03
5.886900046732025833e-03
-7.032977586931288445e-03
-1.401931659507089922e-02
-3.503308721837407672e-03
-1.541373201777792440e-02
-1.109286865453752713e-02
-4.588780054705402303e-03
-2.836403530839288253e-03
1.797426064578615376e-04
2.076811374666619366e-03
6.457592999304594648e-03
6.643359857397160805e-03
1.020943466656731337e-02
8.364097352980890202e-03
9.201758413865730735e-03
1.086292131383512216e-02
8.409054655157115199e-03
1.263364524400615099e-02
1.190202776379393687e-02
1.015268544057450553e-02
2.442147950895649788e-02
2.396915221291145287e-02
1.992516309267554353e-02
1.968237696360181782e-02
1.376314744056494899e-02
1.311603579917584687e-02
6.369738950505650539e-03
6.083969800512253542e-03
5.882351735516207908e-03
3.751856503820178313e-03
6.532714748591166715e-03
5.631105464615079013e-03
5.524969725804643184e-03
1.050773516015395849e-02
1.158549572173343638e-02
1.834953534473651379e-02
2.479139089096444454e-02
3.224065289483985658e-02
4.287359066106193051e-02
4.865782120337819316e-02
7.025483395145688814e-02
7.334761411965769196e-02
6.323231989301153488e-02
4.857406462326217811e-02
3.554050373913832800e-02
3.105409424361423726e-02
1.658609888059699167e-02
1.139342249839564794e-02
6.819845889242663606e-03
2.174473159737791309e-04
1.565000328676244843e-03
1.165322865449098340e-03
2.892234930111517791e-03
6.890205745483225439e-03
9.665472419938887089e-03
-2.269157709945108885e-05
-7.452934102988689226e-03
-1.787997795323348349e-02
-2.885758166311912232e-02
-3.532455184129654202e-02
-2.712000936689610078e-02
-2.753442851889509324e-02
-2.357294759226403330e-02
-2.652943021023874970e-02
-2.966605762060687754e-02
-3.146627961760209424e-02
-4.030111302881952962e-02
-5.006160313088039299e-02
-5.201422631347109998e-02
-3.775212174886018179e-02
-3.055068848997608000e-02
-1.179115693323259939e-02
-4.227492294016781636e-03
5.833495111207365538e-03
7.994436731657211109e-03
5.948939684751449429e-03
1.100205302511448983e-02
1.064626815782696891e-02
1.119281428397332114e-02
1.288913722086741306e-02
1.333985650391179834e-02
1.389603437206035630e-02
1.591184236283781778e-02
1.710115943203409372e-02
1.732117518155815508e-02
2.169099903791734535e-02
3.043869183191525579e-02
2.724467842335225737e-02
2.805105471967362860e-02
2.706640972546553447e-02
1.683250194174062617e-02
1.226097633310403202e-02
1.346135708869652774e-02
1.843844706754611124e-02
1.892623793445259717e-02
1.682270807379038918e-02
1.308319869899155982e-02
-9.745660908151645855e-04
-1.134744298348284129e-02
-1.363438060372022635e-02
-2.114548490100455480e-02
-2.498912552360053885e-02
-2.342869238028423909e-02
-2.824492672175234198e-02
-2.773898246482965277e-02
-3.379694108282286363e-02
-3.960778013145099113e-02
-4.432060851248724453e-02
-5.019743425921085328e-02
-5.699636154715335273e-02
-6.964822222471052371e-02
-7.975433623627069257e-02
-8.002673082619017608e-02
-8.327324913143292762e-02
-8.177855125559911620e-02
-8.331976296278847949e-02
-8.398884806968352768e-02
-8.349982775239912780e-02
-8.526498771585697134e-02
-8.431221193779181444e-02
-8.439679647839180843e-02
-8.325798242996923504e-02
-8.040851424548768611e-02
-8.061686118290192771e-02
-7.664455383620634443e-02
-7.470601294063634878e-02
-6.807154112359917186e-02
-5.379778139214736604e-02
-4.197589249582567988e-02
-4.092031365504269352e-02
-1.986283254213148247e-02
-1.447770124795560304e-02
-1.788968371636283014e-02
-6.179539069557564955e-03
-8.096530790869607003e-03
-4.452527319217568572e-03
1.660071655946815730e-02
1.645081449920068190e-02
2.340915297114566293e-02
2.794176973960832769e-02
2.244286910042800690e-02
2.038871724843750732e-02
1.257434324442613556e-02
1.129390724906404733e-03
-1.181569711308448492e-03
1.902524979627028586e-04
-4.260260636616492250e-03
-9.153507643432363776e-04
-1.503967050655698103e-03
-1.660815467373390805e-03
7.615614841903766905e-03
8.205302449388102506e-03
9.532070943290874357e-03
1.243311716564406318e-02
1.293253619926750843e-02
1.334936438641458160e-02
1.534035447201762339e-02
1.558913398777091869e-02
1.351128649171841681e-02
1.336478595829244075e-02
1.135807860925864415e-02
1.083171809620987920e-02
1.025573380819647974e-02
9.449210621649672265e-03
9.200947213631432975e-03
8.465771489646375936e-03
8.006958876903384759e-03
7.443508294677153928e-03
6.021436944559435678e-03
5.802656680869688541e-03
3.843052429627122086e-03
4.036538876718359474e-03
4.469474995948886052e-03
4.541189393221238720e-03
4.773357578656392541e-03
4.845809551085230801e-03
4.901002483511866618e-03
4.969851659376752807e-03
4.988835029142345279e-03
5.015554480252812537e-03
5.033558932098072813e-03
5.041262246131041243e-03
5.051024926021837648e-03
5.055974539739204257e-03
5.059133512539262280e-03
5.062287132672584240e-03
5.064249388343174292e-03
5.064389548366393830e-03
5.066807741233295657e-03
5.067111344747068577e-03
5.064424494799611536e-03
5.072584559245669512e-03
5.063414025927547892e-03
5.065064015522147134e-03
5.086272982973760737e-03
5.036047556669530009e-03
5.096902455105763348e-03
5.090075452842873771e-03
4.953742017313907814e-03
5.280483105008481823e-03
4.886316311297079183e-03
4.846527379722439036e-03
5.065221566492819627e-03
