-9.867890536349768760e-02
-9.863662370519135636e-02
-1.046578879535229323e-01
-1.168589855635935038e-01
-6.037784567046220602e-02
-5.127272092857417668e-02
-4.494567349144161506e-02
-3.772779229581960797e-02
-3.722499627785110649e-02
-3.640293232011288654e-02
-3.591253101846068191e-02
-3.592103407509525392e-02
-3.585875665422821185e-02
-3.583995068175620247e-02
-3.584311846064398843e-02
-3.584003001215303047e-02
-3.583978222608393688e-02
-3.583998307227804353e-02
-3.583986647833240641e-02
-3.583987836982847897e-02
-3.583988373623170354e-02
-3.583987902166881762e-02
-3.583990998009042861e-02
-3.583989748288880783e-02
-3.584003896497487546e-02
-3.584073731833568172e-02
-3.584099299171933373e-02
-3.584633056995511352e-02
-3.585716948629825290e-02
-3.587154662871592375e-02
-3.596558875630670449e-02
-3.607523664764515636e-02
-3.636029466237408053e-02
-3.724515510821361369e-02
-3.788162185052740272e-02
-4.026954635867955462e-02
-3.993750823964423158e-02
-4.056684060420275018e-02
-3.436585598417583182e-02
-3.640763498492050054e-02
-3.537086269319358184e-02
2.622524885838692019e-02
3.056795788396275693e-02
2.922073075407409862e-02
3.776741348101526202e-02
4.509574117652120212e-02
1.312873822142558711e-02
1.182330226793790878e-03
-3.026828313604241170e-03
-7.459505464105624546e-03
-3.149513220561501320e-02
-3.343950254945270845e-02
-2.783189909629044459e-02
-3.975000128857390271e-03
2.619062274672724275e-02
-5.836606929211826666e-03
-1.462025422567905623e-02
-5.495678051853711277e-02
-7.090115459325266323e-02
-9.810973128507353980e-02
-1.027648005235920758e-01
-2.740233347221187055e-01
-3.134442860270351683e-01
-3.333237583478633193e-01
-4.537724341915904125e-01
-4.536731156913648699e-01
-4.725047179512040230e-01
-5.550475984321043832e-01
-4.747901039445115989e-01
-4.875090162860009069e-01
-4.564099293412942626e-01
-3.375815007918395172e-01
-3.238227261660810430e-01
-2.044242089676452101e-01
-1.285790017484293168e-01
-8.429150390801549986e-02
-1.626513702256128470e-03
5.189611960929119833e-02
1.086242376365571249e-01
1.424665100111760230e-01
1.947519576812918041e-01
1.366050892932698657e-01
1.344708545144321366e-01
7.469619732164115011e-02
2.823508084856368727e-02
2.427733741649466814e-02
1.009026092424238422e-02
4.907997340950050885e-02
9.447660403922333167e-03
5.210359115956392402e-04
-3.730463920979452692e-03
-7.729813252429591428e-03
-3.184481393321478282e-02
-3.543180393054976007e-02
-2.951019155780719785e-02
-9.926909808916825270e-03
8.533983731959475863e-03
-1.645884194062090938e-02
-3.440707147916056974e-02
-1.563479385360435903e-01
-1.610386790204388630e-01
-1.159720004815331523e-01
-3.146130101151083797e-02
-5.050574788342965249e-02
-2.367591296029973591e-02
-1.846554706523152040e-02
-1.567611265237946194e-02
1.038383461113833589e-02
4.379081481824783489e-02
4.876505841477161290e-02
4.477478835378809197e-02
4.590830396973394345e-02
-5.220730920065843640e-03
-2.854410738186541341e-03
1.079739370760230896e-02
1.887863797871503629e-02
3.737556772832963115e-02
4.884184348251987412e-02
-1.940430996596210350e-02
-3.260458481654146534e-02
-1.435018179777472203e-01
-6.893543021791838366e-02
-7.706977666402861638e-02
-7.882153886117859720e-02
-5.072566397390144977e-02
-9.673453844665025336e-02
-1.206623107676371015e-01
-1.043527868573901340e-01
-1.177286019472575940e-01
-1.148776885809766196e-01
-9.638056647272752464e-02
-1.051826820540330415e-01
-8.821763196477701297e-02
-8.948277114691949308e-02
-9.019581948281700512e-02
-8.597890943568639588e-02
-1.053462445451669449e-01
-1.042090225411748255e-01
-1.158200384164006502e-01
-1.186173996064952968e-01
-4.736637999292957896e-02
-4.075781263654194159e-02
-3.883549204278690520e-02
-2.756238475632861312e-02
-6.413417679973207330e-02
-5.218339026120120960e-02
-5.424657977889640881e-02
-6.287648914487599383e-02
-5.696692670516512180e-02
-5.482780685359855272e-02
-4.265579177727103072e-02
4.351916200832542381e-03
-1.970111008266635030e-02
-5.157484454696618231e-02
-8.029975918816402436e-02
-2.757329900805549627e-01
-1.653081113104371003e-01
-2.205075066891239444e-01
-2.515353983945505245e-01
-2.239783453738230790e-01
-3.282496179406217407e-01
-3.914857653630532952e-01
-4.173978267553170030e-01
-4.363052261353487782e-01
-4.075805890623132588e-01
-3.769448468755357551e-01
-3.019876236838314187e-01
-2.832527329472887545e-01
-2.211794968037472109e-01
-1.511437870072140643e-01
-1.130785603678912260e-01
-1.879088544398921368e-02
3.098360317791468491e-02
7.983048710652554392e-02
1.480911100209557907e-01
1.134911328841499562e-01
1.337723980090214371e-01
1.118303246730470990e-01
-1.206387100492396086e-02
-3.937734560458778371e-02
-1.636791523728638453e-01
-3.043692063512026258e-01
-3.524436417004239708e-01
-4.015667890081129343e-01
-4.354288294120922664e-01
-3.429173557335241096e-01
-3.044342105897749340e-01
-2.727992101512941581e-01
-2.687323048301705208e-01
-3.368362355262882746e-01
-3.305433666554068450e-01
-3.635444624303492134e-01
-3.911425870953932904e-01
-3.563217082767207167e-01
-3.729515082778980806e-01
-3.469730182874016799e-01
-3.275884023390744360e-01
-3.014129474343425485e-01
-2.764837502533898927e-01
-2.505852148496786058e-01
-2.076338404060595610e-01
-1.933185506320910518e-01
-1.497350409587048237e-01
-1.323538799986367920e-01
-1.159756823093087419e-01
-7.236868055899992047e-02
-8.207126665976552382e-02
-5.907597627696770104e-02
-3.747232990882761600e-02
-5.237947868235662968e-02
-2.879562496958426587e-02
-4.225324846910833571e-02
-5.196283615519069199e-02
-4.726657276852001821e-02
-1.014159128852687858e-01
-1.173518424343103911e-01
-1.437265831807646166e-01
-1.869153241155393219e-01
-1.860266142878415907e-01
-1.576156187460192870e-01
-1.658126626898986655e-01
-8.746373547403191173e-02
-5.196111259528130022e-02
-1.184681076476094266e-03
3.125291530053203592e-02
5.066683971211860538e-02
6.693121813688221455e-02
2.623331951451144534e-02
-1.609589687419644023e-03
-1.406134198037432489e-02
-2.293991437265354913e-02
-5.190549553805598459e-02
-6.076804336710402848e-02
-2.352350938040358944e-03
1.067019342977159474e-02
-4.133500368827584814e-02
-6.185457707698020086e-02
1.962939530556489717e-02
-8.383859864378416515e-02
-2.262162680177184915e-02
-2.424952213404689069e-02
-3.398577718211046039e-01
-2.959476615756913009e-01
-1.202419642284559137e-01
-1.365364711513386564e-01
-5.868191704361980926e-02
-6.407644235110744602e-02
-1.689399315220343478e-01
-1.909112259900023201e-01
-2.468625186708406916e-01
-2.649984483697089832e-01
-2.275351227133657339e-01
-1.338834786176910374e-01
1.926815416294921229e-02
1.534579062315482023e-01
1.335564094090184450e-01
1.474378166123022360e-01
1.154837819747401156e-01
1.216710957844713559e-01
1.203314931119270348e-01
1.207661635307340497e-01
1.502776390332017376e-01
1.534441072690523045e-01
1.944753307930831288e-01
1.708258031303603874e-01
1.457774058830458574e-01
6.578158680739541742e-02
4.219695932208396977e-02
-5.339610699414556495e-03
3.687521950210653071e-02
-6.150035848138390993e-04
3.844135046370778658e-02
1.024960271418376700e-01
1.180658422146386582e-01
1.441777669792803640e-01
1.319865138921735292e-01
1.574009268835134256e-01
1.948578985403983665e-01
9.069951222920336065e-02
1.615435857237168260e-01
-2.947580796039098346e-03
-2.967644785362865689e-01
-3.530144343507117255e-01
-4.579670798543445387e-01
-4.477829677474046699e-01
-2.772359773579154418e-01
-1.589196442092177530e-01
-1.057514360714473522e-01
6.103391727545995349e-03
3.124246629367528200e-02
2.409472092246021588e-02
-4.796739243601562050e-03
-3.873196805419228811e-02
-8.823949295440099150e-02
-1.172017062046861735e-01
-1.416595192128102254e-01
-1.845204287976302260e-01
-1.881832292147570529e-01
-2.264889562447207905e-01
-2.460069794020256218e-01
-2.705643016203429507e-01
-3.190382632223254800e-01
-3.073333786142971036e-01
-3.408269193452262424e-01
-3.296036768186717536e-01
-2.987334282506938776e-01
-3.086415976136322459e-01
-2.142723278569315937e-01
-1.740734978748924855e-01
-6.559379407659746142e-02
1.627735651786288429e-02
-9.685233748339197590e-03
3.616870003412333417e-02
7.774432573340922872e-03
-1.422002702133201742e-02
-1.136922948375514338e-02
1.765222828036420132e-03
1.162341378864246121e-02
3.538905081270807274e-02
3.159555570776107630e-02
8.967224180404104183e-03
1.415053584538199585e-02
1.878661277485939654e-02
8.870923040971536236e-03
4.977172649779628560e-02
5.689881281778673416e-02
-3.445758462222150986e-02
-5.337430127931429291e-02
-9.693113894674909581e-02
-1.288844843052731615e-01
-1.371238122809166349e-01
-1.197038971357815285e-01
-1.549672424478902022e-01
-1.595677439766537975e-01
-1.371274433289519923e-01
-1.243409366049097048e-01
-9.740789056791150646e-02
-9.454498785200975142e-02
-9.151087238701217930e-02
-8.817758443160202131e-02
-8.912508636902041759e-02
-8.957763628354190044e-02
-7.658371318088494362e-02
-7.624902652721268770e-02
-7.360637302817166217e-02
-7.224738999447383181e-02
-7.286416876051579616e-02
-7.024179133787833429e-02
-6.903975308847784542e-02
-7.005619238073215738e-02
-4.255849908658187325e-02
-4.284585597935727103e-02
-3.943694402765317297e-02
-3.689530969903510871e-02
-3.708285996898991188e-02
-3.660307330251204305e-02
-3.570644371748445817e-02
-3.524910234621661531e-02
-3.295001136088472615e-02
-2.515947870863379301e-02
-2.395177610445419630e-02
-4.423165877080171247e-04
-5.509972295108522822e-03
-1.315918342813239550e-02
-1.073319501708427937e-02
-3.866786901541818117e-02
-3.790080255108406460e-02
-3.907761140576278963e-02
-4.179346127712243314e-02
-4.129904222098131766e-02
-4.156554853245413711e-02
-4.170424400877675852e-02
-4.165046054408557547e-02
-4.167613780249371236e-02
-4.167819590199216967e-02
-4.167500663726147331e-02
-4.167654143879381129e-02
-4.167634311630666333e-02
-4.167624426588720926e-02
-4.167631280899849328e-02
-4.167626240378958374e-02
-4.167635564983525331e-02
-4.167634797782301254e-02
-4.167571782841567735e-02
-4.167807728183973992e-02
-4.167493104217460942e-02
-4.166851441958239338e-02
-4.170270010941662386e-02
-4.161196419192660784e-02
-4.161006789465963168e-02
-4.185234375925401401e-02
-4.048286390283673680e-02
-4.138971762959251649e-02
-4.057154997240160210e-02
-2.804185637266645714e-02
-2.868404168277764038e-02
