-2.725089544335714074e-03
-2.927873466166101488e-03
-7.291475842910913330e-03
-7.487325252878283821e-03
-7.794489848158236284e-03
-8.462069959366491645e-03
-7.889995805690479952e-03
-8.163412762509827947e-03
-8.161450708551324165e-03
-8.067192969349053222e-03
-8.157574939534353864e-03
-8.119953240332534322e-03
-8.121368857022550486e-03
-8.137318397514834573e-03
-8.124790974637231822e-03
-8.131174746092853858e-03
-8.131949008563552073e-03
-8.130369984133221234e-03
-8.133150098437335121e-03
-8.133803867530774862e-03
-8.135164855262203357e-03
-8.137825632816557408e-03
-8.141808876581418941e-03
-8.144865784808216075e-03
-8.153662149133471954e-03
-8.164048788706548127e-03
-8.172083758594812092e-03
-8.204831615334111025e-03
-8.221722684374129300e-03
-8.259011453527130911e-03
-8.360593054645034522e-03
-8.364126838542713938e-03
-8.566151649847609031e-03
-8.777605641506491113e-03
-8.748714543980729702e-03
-9.643205781246621394e-03
-9.521358031102640160e-03
-9.791837517505133648e-03
-9.846531342390546851e-03
-9.700964289742571370e-03
-1.000575662742801165e-02
-9.135147935079270670e-03
-8.629062889085216750e-03
-1.149426392039329045e-02
-1.155340748904072970e-02
-1.178433355277514437e-02
-2.165477752273889736e-02
-2.193940851297117994e-02
-2.605625598414880451e-02
-2.918033068108196598e-02
-2.970514166627720443e-02
-3.367917579196377798e-02
-3.355407740067384292e-02
-3.480674967688851540e-02
-3.718109262309523405e-02
-3.487890651932303715e-02
-4.054636504931173613e-02
-3.660855346597926413e-02
-3.536171509672820373e-02
-3.992313600480318359e-02
-3.876343606783924645e-02
-4.559469831040502408e-02
-4.858565296627239544e-02
-5.734040959662152492e-02
-6.208172989409999065e-02
-6.409537454673448764e-02
-7.071470263216687868e-02
-7.196887172200928939e-02
-7.554639211753617911e-02
-7.944354308420356614e-02
-7.547342734843222323e-02
-7.664086249486112834e-02
-7.263862982761139231e-02
-6.177974967732974276e-02
-5.684821918025545484e-02
-4.944707921224132663e-02
-4.301331638614960817e-02
-4.153680694284079405e-02
-3.726362271354134725e-02
-3.306327805309901974e-02
-3.312588160433597995e-02
-3.143558911638112685e-02
-3.254795752116335789e-02
-3.296692995601726434e-02
-3.190029756402940064e-02
-3.311446493048164630e-02
-3.191476055753146579e-02
-3.019664352699403392e-02
-2.976636499187921767e-02
-3.015090533739388928e-02
-3.179272245887838216e-02
-3.486102680015625011e-02
-3.374854422883286076e-02
-3.587313985631462171e-02
-3.520095975455023174e-02
-2.305909766270766714e-02
-2.222625811393620296e-02
-2.056300402394208721e-02
-1.504270018017150531e-02
-1.578275036312063936e-02
-1.139790889188295117e-02
-1.108866724807149734e-02
-1.197027439880114438e-02
-9.877650178091734040e-03
-1.062191989322622786e-02
-1.297316409006963808e-02
-1.346126094443057808e-02
-1.464419051088350701e-02
-1.555299833872129597e-02
-1.854107587744333735e-02
-1.987708456061662576e-02
-2.165268539041450765e-02
-2.471944713974466926e-02
-2.552407862880876760e-02
-2.402560837032085422e-02
-2.528567783775205469e-02
-2.357413377646275926e-02
-2.291637009477508896e-02
-2.454863907186205160e-02
-2.599865502936560963e-02
-3.373294825550000181e-02
-4.280192067271292033e-02
-4.752044321154730300e-02
-5.327851310699933951e-02
-5.598888484837712121e-02
-5.383127344490352961e-02
-5.783597644501552865e-02
-5.552765021779854093e-02
-5.779696503493415849e-02
-5.769308680356560748e-02
-5.487001386702937411e-02
-5.345211323689474242e-02
-5.034049093709185019e-02
-4.743987613855510377e-02
-4.210659371958690167e-02
-4.102947410910895432e-02
-3.428494576286224282e-02
-3.406876840725711619e-02
-3.810257705092533198e-02
-3.672867753333400320e-02
-4.051653503591021166e-02
-4.242592311005592698e-02
-4.132248133903473897e-02
-4.374704372227027072e-02
-4.746568431047548664e-02
-4.762948000303952878e-02
-5.105276773382465272e-02
-5.436434223363471874e-02
-5.110744884721157844e-02
-5.644669624267957542e-02
-5.939023763784262444e-02
-5.287409976836321412e-02
-5.767131210456767632e-02
-4.930708840093443734e-02
-3.640830042909706105e-02
-3.308396680757032249e-02
-2.317330646375543451e-02
-2.303189116693564464e-02
-1.834612514168155670e-02
-1.636728171480201707e-02
-1.771511176504762808e-02
-1.663937692515573066e-02
-1.807259755354451852e-02
-1.792256795348402126e-02
-1.744819806730934370e-02
-2.134265137768932147e-02
-2.155811594820689070e-02
-1.904268068507137743e-02
-1.932676937411936108e-02
-1.795857951049899606e-02
-1.678929934685734898e-02
-1.826281844407171007e-02
-1.430458152035672496e-02
-1.593055468797810459e-02
-1.761475960969722046e-02
-1.787043544372290613e-02
-2.336753270658851328e-02
-2.269706230740865111e-02
-2.630582381796375824e-02
-2.727633366809537052e-02
-1.999002346368443719e-02
-2.203698142147884204e-02
-2.056637791064169773e-02
-2.142193380110338913e-02
-2.864590437653122962e-02
-2.960134737668396535e-02
-3.904270529981868076e-02
-4.238714467494963251e-02
-4.351571225054677583e-02
-4.865910270210910271e-02
-4.451389649224765654e-02
-4.107781680494394794e-02
-2.719720408494065086e-02
-2.125591715607866652e-02
-1.185180416259735796e-02
-1.158553927281874042e-02
-1.157951832092745173e-02
-9.695112587415595853e-03
-1.241446943357495114e-02
-1.201615888722857087e-02
-1.179608055841752622e-02
-1.198085938842850112e-02
-1.247673592801887624e-02
-1.508910363697347351e-02
-1.472473174577235144e-02
-1.942856553355162136e-02
-2.162168481072514539e-02
-2.541916003535464250e-02
-3.739852729461432684e-02
-3.689367084804212604e-02
-3.502968309769342176e-02
-2.948831863701710868e-02
-2.856998625650278290e-02
-3.509081423040055769e-02
-3.691976389688249316e-02
-4.009578587651776993e-02
-4.412801221931025170e-02
-4.408171238853476892e-02
-4.409292434186977416e-02
-4.449565415602817903e-02
-4.240733046885474672e-02
-4.122233436761376518e-02
-3.955791531028710062e-02
-3.664629971182864487e-02
-3.784142882972578448e-02
-3.592869561011997198e-02
-3.562397785640965958e-02
-3.550840970231845806e-02
-3.250937478022754290e-02
-3.003658441555546316e-02
-2.042671566384111903e-02
-2.505292534332919513e-02
-1.979114986801685377e-02
-1.866194724064130367e-02
-1.851841940626822863e-02
-1.953729408796221756e-02
-1.478496415725407548e-02
-1.405343670006414802e-02
-7.560701091841927693e-03
3.407138698968529850e-03
5.981135088889666732e-03
2.706748839675283264e-02
2.830769447489571086e-02
3.413658179880932342e-02
4.058745892964122498e-02
3.964771205661153652e-02
4.241976846390103917e-02
4.254579519186410530e-02
4.142485340896850943e-02
3.875135994904618797e-02
3.774089520753270283e-02
3.096832192109855164e-02
2.394465215836813834e-02
1.977514805413609772e-02
-3.350518365010509911e-04
-5.668262194734745123e-03
-1.557937234721185754e-02
-2.651761775726291931e-02
-2.968673619924027188e-02
-3.726532402395391769e-02
-4.235619319820782547e-02
-4.500629198919139234e-02
-4.994261239032966870e-02
-4.912183283330112671e-02
-4.749292506766070177e-02
-4.670409911624157084e-02
-5.183046733166227910e-02
-5.277019140432164662e-02
-5.332404539936819177e-02
-5.549371405881893538e-02
-5.284807838518228162e-02
-4.005031310285207813e-02
-3.830044739041954527e-02
-2.994883273828615952e-02
-2.550341571965182574e-02
-2.517320899446758020e-02
-2.221372667459970557e-02
-2.289954854325354505e-02
-2.388741652486325515e-02
-2.546513540606736015e-02
-2.675043937610191089e-02
-2.454069306197600303e-02
-2.531549880305593997e-02
-2.415128315332009529e-02
-2.214685741859893919e-02
-2.366257451764866224e-02
-2.465736393477505756e-02
-2.797727512229063185e-02
-3.288380960365289152e-02
-3.120210564988040031e-02
-3.539752946429992886e-02
-3.574143561421327941e-02
-3.519285380143169495e-02
-3.808617868995302358e-02
-3.662556614862960691e-02
-3.795401421456046087e-02
-3.933346795833765619e-02
-3.778408136780873894e-02
-4.100393192416468963e-02
-4.049393631458318710e-02
-4.114676655452403908e-02
-4.673757831439202814e-02
-4.620815390706282944e-02
-4.638417959922133682e-02
-4.521163223417736660e-02
-3.803350773470513813e-02
-3.258775232068833461e-02
-2.739596399069445937e-02
-1.660584549301501872e-02
-1.000785216242420714e-02
-1.073994787898571376e-02
-4.722503272291535964e-03
-6.034345043975567965e-03
-4.051850574535548546e-03
-2.602764013854916379e-03
-2.716971062594501947e-03
9.069521408625901872e-04
-7.217101867448383161e-04
2.503694785311022693e-03
1.650723719760639318e-04
-7.219869961553430047e-03
-6.626469481880939948e-03
-1.666335255334274942e-02
-7.467441410594929593e-03
-1.044103309943619773e-02
-1.058540770704233594e-02
-9.301296436169802229e-03
-1.109965009145201693e-02
-1.139050019023250815e-02
-1.405321473853135723e-02
-1.447324680326188620e-02
-1.899212882618948883e-02
-1.886704380099917325e-02
-1.994172216347216489e-02
-2.140609317706140477e-02
-2.219117055936739927e-02
-2.149727453153152043e-02
-1.882214702010764559e-02
-1.785220640783853965e-02
-1.278813265348178151e-02
-1.142108377008354755e-02
-1.026615467126656966e-02
-1.817534980828065111e-02
-2.044249982521897935e-02
-1.814053667888208127e-02
-2.295893443538281689e-02
-2.093813055780360463e-02
-1.991331827677705890e-02
-3.742969648022489298e-02
-3.439677612875648161e-02
-4.523337840815816469e-02
-5.872866396162118585e-02
-5.765207195721026856e-02
-6.113542967610442747e-02
-5.856822258149737420e-02
-4.806533810686701436e-02
-4.365642959163074793e-02
-4.457438333397017310e-02
-4.151039057440294305e-02
-4.218344232057442272e-02
-4.451446923296108193e-02
-4.912630502378330377e-02
-5.439515926476339719e-02
-5.628835839509944983e-02
-6.051207564652588689e-02
-5.855159515873910314e-02
-5.645485404920873307e-02
-5.063191264308291445e-02
-3.412066470815636188e-02
-3.648088135872345344e-02
-3.170950559872456886e-02
-3.391434779085093776e-02
-3.970023788447879509e-02
-3.845277149955028673e-02
-4.444428913668450193e-02
-4.153363471657410544e-02
-4.088749830771121196e-02
-4.023493233377531397e-02
-3.719603504367750835e-02
-3.769473239321050051e-02
-3.450970564806764285e-02
-3.340202225649831214e-02
-3.247535188001800244e-02
-2.776342590910577113e-02
-2.859010787305324430e-02
-2.323525280448987540e-02
-1.988115324126213390e-02
-2.060238992859334331e-02
-8.727573509753639228e-03
-8.345345603025392314e-03
-1.727358254640640189e-02
-1.694891425794640624e-02
-1.898068938727325711e-02
-2.268120612969602365e-02
-2.207880302061808117e-02
-2.356594280455215351e-02
-2.296429916076717787e-02
-1.891206759048210881e-02
-1.927810598476218523e-02
-1.687373688447181552e-02
-1.651278780919637063e-02
-1.706195143307230253e-02
-1.627478445844327340e-02
-1.647911242879013596e-02
-1.641370708329583858e-02
-1.627569717615716394e-02
-1.628164225315955824e-02
-1.629491728835898504e-02
-1.627708639802886992e-02
-1.608060121111241220e-02
-1.652317743474089606e-02
-1.601243331283193697e-02
-1.614326866383028469e-02
-1.768678311228580671e-02
-1.804365884911422052e-02
-1.775286330343890315e-02
-1.824281315142516069e-02
-1.781702456885815231e-02
-1.684495788779563977e-02
-1.733763685874887064e-02
-1.518544320369858217e-02
-1.559179484671397407e-02
-1.750422995331468723e-02
-1.773022796303512852e-02
-1.909993683007868079e-02
-2.324767575402578168e-02
-2.319457395429901092e-02
-2.703656482671129568e-02
-2.625304683859876545e-02
-2.399228378463813885e-02
-2.471222985245497342e-02
-2.220089996103740207e-02
-2.163741044631623672e-02
-1.962648804422487125e-02
-1.621744134862339315e-02
-1.573934431945696322e-02
-8.374429382784535913e-03
-8.161084241629984123e-03
-8.144230736063760856e-03
-6.258651110327625132e-03
-6.531822255877324165e-03
-5.780797773887104418e-03
-5.776878629774903282e-03
-5.030429518486703548e-03
-4.869831440470422101e-03
-6.007138628423560993e-03
-6.282476748970450275e-03
-6.525133531716311407e-03
-6.835693694478595615e-03
-6.926613707831618706e-03
-6.453873358957167537e-03
-6.511338036264593086e-03
-6.401199235397478197e-03
-6.304278159177128041e-03
-6.313030152249644172e-03
-6.260540116007361905e-03
-6.245755372502868365e-03
-6.239639827900014118e-03
-6.223689593605396739e-03
-6.220605201669037083e-03
-6.218217085285190210e-03
-6.212702508286248662e-03
-6.212170155442464821e-03
-6.218101168198510859e-03
-6.205407721650831564e-03
-6.221607575606520439e-03
-6.228788900639390183e-03
-6.189898513598722680e-03
-6.288613571749906289e-03
-6.210395207192522318e-03
-6.197986188515100178e-03
-6.521895871631100405e-03
-5.959889912156056749e-03
-6.596595037184905565e-03
-6.927091931271146807e-03
