4.831130836274107575e-03
5.567159233392595524e-03
2.089518248659760769e-02
2.016294758572843154e-02
2.445172402968426653e-02
2.807364159836574571e-02
2.798979821751427371e-02
3.023569619496935257e-02
3.092343435418400122e-02
3.134315905502944866e-02
3.214038825153266860e-02
3.231373930754861956e-02
3.261540870879944820e-02
3.285122505596362041e-02
3.293713147653352935e-02
3.307398490121099544e-02
3.314116771070163558e-02
3.318705681347038083e-02
3.323472331479272734e-02
3.325020252806731857e-02
3.326757858206291080e-02
3.327164301933774326e-02
3.325908691343861662e-02
3.325828710930509025e-02
3.321484114343944277e-02
3.317961236872983555e-02
3.315141752797040597e-02
3.299629404544350553e-02
3.298026879511816584e-02
3.279974323020531934e-02
3.243333866975866425e-02
3.256943970101496694e-02
3.165636962800140453e-02
3.130546862727101587e-02
3.147252789817274465e-02
2.807475048527936778e-02
2.873660625386555492e-02
2.756224769139190706e-02
2.771574245921545193e-02
2.885240828460425289e-02
2.810682286042096023e-02
3.231339661973905986e-02
3.269400236584892039e-02
3.246874444491072015e-02
3.676115049450852379e-02
3.469042082295424601e-02
3.499017514488556024e-02
2.919942440237208864e-02
2.584835049444155972e-02
2.813525114163319824e-02
2.794025711804430656e-02
3.752596419715675813e-02
4.102993044648393234e-02
4.416926975418497547e-02
5.509016198793224850e-02
5.551492530055122249e-02
5.933410392309888814e-02
6.181127320426903216e-02
6.275445205851540309e-02
6.530539611484584284e-02
6.284764950582924503e-02
6.696443085843978293e-02
6.025618616414403494e-02
5.575118381571353421e-02
5.156098979791018388e-02
3.345375996824184739e-02
2.662289944856811516e-02
1.556867929538279308e-02
3.720749032134651468e-03
-4.586426421743547421e-03
-1.733551522321361005e-02
-2.558533609515978302e-02
-3.726572068613240307e-02
-5.018320582899073179e-02
-5.928858525589025125e-02
-7.617943428079546053e-02
-8.576254789211297525e-02
-9.296462999611543321e-02
-1.039001009453433821e-01
-1.074819916119345020e-01
-1.159619782826718792e-01
-1.194963569269214126e-01
-1.304309627412136297e-01
-1.302937401435698139e-01
-1.314230008773522307e-01
-1.393045733733545288e-01
-1.341750488958863285e-01
-1.320758793027325684e-01
-1.330675389831021682e-01
-1.304769866922195765e-01
-1.387527338850828018e-01
-1.413741522621176083e-01
-1.423164011181262401e-01
-1.579645757186250443e-01
-1.597880477466183391e-01
-1.666261921071097718e-01
-1.752020660435940069e-01
-1.718475064924390172e-01
-1.756673845043171256e-01
-1.726408404642091332e-01
-1.582581198358308516e-01
-1.651159516237304115e-01
-1.496081237065157166e-01
-1.480773794433928314e-01
-1.491067897748877269e-01
-1.351526568067613066e-01
-1.401378635850852872e-01
-1.071104874175125843e-01
-1.057395805802964217e-01
-1.027162013593982959e-01
-8.689459015254429042e-02
-1.019833308652734888e-01
-8.532660225018928735e-02
-9.562113589145374015e-02
-1.116607615721799535e-01
-1.120127603881322376e-01
-1.315740749673570409e-01
-1.294555266941235516e-01
-1.270043354478098407e-01
-1.255622307232801549e-01
-1.127842461048143285e-01
-9.291372308544926240e-02
-5.493913754961390894e-02
-2.264330766001217132e-02
-2.211222264620888237e-03
4.046320138727419261e-03
6.214309352111941492e-03
5.106248796678938828e-03
4.019275618602938076e-03
-1.449427963389558760e-03
1.730932016965681594e-03
9.855438177097235533e-03
7.760052026951190333e-03
2.822390442858549800e-02
3.074111071428459185e-02
2.564274657730690465e-02
3.034882410987378015e-02
2.375604219461172062e-02
1.034958284753797510e-02
8.652477431753234291e-03
-1.315559278176563554e-02
-3.926895633891187148e-02
-5.090846694858222610e-02
-1.034857187992799799e-01
-1.140846709327438813e-01
-1.449769058449050241e-01
-1.666097721044938473e-01
-1.697378693818759887e-01
-1.931828736905342736e-01
-1.924592790199686210e-01
-1.958483146856262180e-01
-2.122670327886159169e-01
-2.114969101177198718e-01
-2.282281428359118902e-01
-2.436103921813704831e-01
-2.460161784761582537e-01
-2.655015181052471362e-01
-2.606450819341997738e-01
-2.594375445427728466e-01
-2.566863259725358781e-01
-2.230776028972294434e-01
-2.232780582313044215e-01
-1.977663440600883615e-01
-1.838564279181631456e-01
-1.937304613148049803e-01
-1.689419883075089779e-01
-1.732948628124598989e-01
-1.635696577091027004e-01
-1.324433516858349869e-01
-1.337128266344657090e-01
-9.999246563578870206e-02
-8.365517021116089524e-02
-6.881875953877404639e-02
-4.668042851522322123e-02
-3.357699863899978043e-02
-2.341137041530770221e-02
-1.868207659928801390e-02
-1.800239791993764327e-02
-2.228097996651257073e-02
-3.192672684152866869e-02
-4.118537658020894610e-02
-5.662524893416118199e-02
-6.280280756879008663e-02
-6.439892498316715508e-02
-7.178258068801898761e-02
-8.344527004936072578e-02
-9.633941459020406439e-02
-1.101381824416844124e-01
-1.165263835330027364e-01
-1.234221231922352918e-01
-1.291629360626375955e-01
-1.376540407163794333e-01
-1.452750695123539992e-01
-1.531604986225360010e-01
-1.586866832905908797e-01
-1.675805221143118195e-01
-1.759612297481708554e-01
-1.784511678206476548e-01
-1.888340423476858043e-01
-1.911404316591630292e-01
-2.041005060891785683e-01
-2.135630812173517912e-01
-2.188586604150683512e-01
-2.118362915333852625e-01
-2.017484884090221531e-01
-1.895882200927144767e-01
-1.672986012884705165e-01
-1.792815887818686726e-01
-1.803244368663349806e-01
-1.894975243910000939e-01
-2.040950008840681229e-01
-2.028635224521927460e-01
-2.109097630216575647e-01
-2.107111303927653445e-01
-2.014273755171819558e-01
-2.020002125768883272e-01
-1.851913260945540207e-01
-1.686787725422589368e-01
-1.508444974569266850e-01
-5.949431144287343348e-02
-5.366139983615864778e-02
2.308340293244708769e-03
1.188856696672715464e-02
8.205222321472971370e-03
2.910482640245687716e-02
2.432416119431481810e-02
2.446374630469358089e-02
2.478413870661339696e-02
1.884924079108980452e-02
1.996362444901775279e-02
1.672618847234080483e-02
1.423707476592052726e-02
1.440201299477692799e-02
6.031826561187284691e-03
5.659119675372878064e-03
-2.605416671902817394e-03
-1.910562560411171659e-02
-2.567332612962791583e-02
-4.802928133159105328e-02
-6.437830694482730987e-02
-6.696982568619982978e-02
-7.509757754147576569e-02
-8.821150216795818622e-02
-7.668573529483746487e-02
-8.471598506267855044e-02
-8.659704767982617790e-02
-8.027417104212274113e-02
-8.965726821938549418e-02
-7.730046661526512874e-02
-8.097917414144890913e-02
-7.539786101226178539e-02
-4.520805276170216519e-02
-4.141713563698808109e-02
-2.338689353718871600e-03
6.797478887411527101e-03
2.389349403786933390e-02
2.635157351033413226e-02
2.659939773647044745e-02
3.131113888402930340e-02
1.301160391220702178e-02
1.242876541021425280e-02
5.027521702129473559e-03
-2.254007510913362978e-03
6.887846699725056962e-03
-7.326309515541550021e-03
-5.369533861728614799e-03
2.736058263570355191e-03
8.636643680395425168e-04
1.212551110469273913e-02
1.306423094556748848e-02
1.748990548021683855e-02
2.248058520537010718e-02
2.566546741737108644e-02
2.898796352572172857e-02
3.396668364520655237e-02
3.940402488112776380e-02
4.067380116401791285e-02
5.254544543114084143e-02
5.102109918901369390e-02
5.077435336521826659e-02
5.721005879698191215e-02
4.597437371034838322e-02
4.933260118277262019e-02
6.189724839564550440e-02
6.691337003865986677e-02
6.881612452804292124e-02
7.236129457634982165e-02
7.094347276953669179e-02
6.909263381902533419e-02
6.665872970362415884e-02
6.303054462507877431e-02
5.557757892432627772e-02
5.088696866515168143e-02
4.087164036226468428e-02
1.559151572552073574e-02
5.165955641372520918e-03
-2.155229257135648363e-02
-3.980517789635450859e-02
-4.434472757167296636e-02
-6.438891939377419660e-02
-7.945935693928619925e-02
-8.791805206677544282e-02
-1.023108300804637938e-01
-1.063909005259268126e-01
-1.115301805014622255e-01
-1.200650200849338878e-01
-1.165975713074152431e-01
-1.106823553010627681e-01
-1.106507471221079286e-01
-1.078838053130891650e-01
-1.050459348835692253e-01
-9.672945618653495947e-02
-4.953560259676714067e-02
-4.488375434984536588e-02
6.902698907674277400e-03
1.007807270776279150e-02
1.389649972827379162e-02
2.497597647736210166e-02
1.694560939693122090e-02
1.615886790355927638e-02
4.018212395342730080e-03
-6.697123034197538169e-03
-9.209858342056828628e-03
-2.313977258674682763e-02
-3.334529533278986907e-02
-4.701979709986050388e-02
-7.574999994404624237e-02
-8.435042519271401806e-02
-1.232611283910504535e-01
-1.329315621659905022e-01
-1.384926280915049490e-01
-1.532015552800023439e-01
-1.467655297094843658e-01
-1.494847208692559326e-01
-1.566520412810678831e-01
-1.471397907277356421e-01
-1.549929326548610542e-01
-1.538150587202774811e-01
-1.496782929273677010e-01
-1.595632612071076206e-01
-1.497150881087032648e-01
-1.349984042718447852e-01
-1.280928099384262553e-01
-1.011465131365995584e-01
-8.800282312032156606e-02
-4.646201561187743301e-02
-4.334822940708131511e-02
-2.609093255417439805e-02
-1.887174675649335581e-02
-1.808161124645894097e-02
-5.954148590337551665e-03
-4.798304437317541318e-03
-6.285016061610007934e-04
-1.232783238701743410e-02
-2.735115727908074557e-02
-2.521956849760448663e-02
-4.776741756493172592e-02
-5.115277493054434799e-02
-5.676649428380561163e-02
-6.308124253987271168e-02
-5.103044554938614835e-02
-4.806395948735878165e-02
-3.799838700512052359e-02
-3.138621619077904684e-02
-2.592352483054912587e-02
-1.832488084425251337e-02
-1.259772197911955202e-02
-7.677384289933426864e-03
-6.904002209172810378e-03
-5.590228004570792567e-04
1.302211149729771283e-03
1.237862063963591965e-03
1.968196415190841264e-02
1.494341204810503698e-02
5.886352270856669636e-03
1.453258636261119119e-03
-1.492675140195719348e-02
-2.188268838756554646e-02
-3.535316072637188084e-02
-4.554430648281831973e-02
-4.863099422494950030e-02
-5.959309906663702583e-02
-6.540322304556855926e-02
-7.076759663381435028e-02
-8.201573914481166683e-02
-8.771829138427195138e-02
-9.661337658487312297e-02
-1.101981757719352473e-01
-1.149041088606529287e-01
-1.277269212775875296e-01
-1.328695887099582973e-01
-1.338013402211012115e-01
-1.398460787175082043e-01
-1.392994284703437669e-01
-1.384310015124946558e-01
-1.403317483150727241e-01
-1.366002881987760653e-01
-1.335836368973636057e-01
-1.344734156498199606e-01
-1.274555034045861956e-01
-1.290798789917811107e-01
-1.389879584657148504e-01
-1.375807657692950658e-01
-1.516968685032046849e-01
-1.606116734792246703e-01
-1.669728634550024515e-01
-1.902743920314244330e-01
-1.952482221503837601e-01
-2.035119949161479092e-01
-2.126543523452255613e-01
-2.110840911676775677e-01
-2.159978488258670060e-01
-2.119423967556615662e-01
-2.091747153203376286e-01
-2.026267252826970955e-01
-1.916318705178326476e-01
-1.512270375272293244e-01
-8.706018660205683268e-02
-3.942787839099771985e-02
-2.315259661599426352e-02
-2.804230241432059678e-03
-1.757550990668229826e-03
1.411772082012970574e-03
7.374064641453860133e-03
7.286970606247580168e-03
1.048483132421251622e-02
1.215286102554254122e-02
1.268524687762882103e-02
1.433879794969405985e-02
1.486693747121284326e-02
1.672802267088016950e-02
1.708625377836648154e-02
1.972622287883848968e-02
2.189363111406423743e-02
2.189425521420367005e-02
3.039337000377875103e-02
3.062282841871299260e-02
3.536821266307321743e-02
3.798053897601667839e-02
3.919208575616245360e-02
4.162712749960930519e-02
4.266763664325243233e-02
4.388027819740181884e-02
4.508696696322713610e-02
4.589872598003476301e-02
4.699822955456151724e-02
4.783287865143906470e-02
4.896586923396516189e-02
5.021551834428683581e-02
5.120133579151650571e-02
5.349702079160392060e-02
5.487425598309603192e-02
5.711834905870398493e-02
6.186300564358916676e-02
6.241160546301139506e-02
7.012028981402135264e-02
7.678899181473022861e-02
7.607654403049884939e-02
1.011388640822958318e-01
1.007439853879516234e-01
1.046930191525805992e-01
1.132681155473230089e-01
1.069246038756979100e-01
1.052722631512610085e-01
1.064942121932969665e-01
8.719716699413633532e-02
8.617041896882228491e-02
7.994022325880811852e-02
7.030956645187702581e-02
6.591579272430587999e-02
6.183497576092108344e-02
4.499577282335619210e-02
4.393686771686008963e-02
4.030396212071730988e-02
3.522965365150899225e-02
3.543730134884438138e-02
3.238125961032827654e-02
3.146273378119436581e-02
3.229772325423176799e-02
3.167134033272631100e-02
3.159622823387266827e-02
3.169654271479063756e-02
3.146427857419931140e-02
3.150977643752297247e-02
3.147372346660963494e-02
3.142027532121974276e-02
3.143523962638922892e-02
3.140793170238614929e-02
3.139998069693897970e-02
3.139948831952928121e-02
3.138889643759482095e-02
3.138748160073385335e-02
3.138633196951501336e-02
3.138040175341172411e-02
3.138101289695959667e-02
3.138187721062000307e-02
3.136967019708444826e-02
3.138328045115296172e-02
3.137185920647884291e-02
3.135160492354203965e-02
3.140646378241405273e-02
3.131382493579779047e-02
3.135768053209113393e-02
3.144410132576033051e-02
3.110009802938494550e-02
3.157619303532861049e-02
3.125857231265512237e-02
3.069152799320241237e-02
3.250451933379874120e-02
2.963274691842574665e-02
3.110699828006713991e-02
3.283874846553087173e-02
