-2.876308357990583291e-05
1.997581786432293198e-05
2.091533323336630060e-03
2.222605840925855319e-03
2.161600739633722391e-03
2.521511343574201792e-03
1.603722455146837887e-03
1.768954866756663937e-03
1.593088749979333944e-03
1.354502952860843013e-03
1.421088537700465572e-03
1.284855639095112880e-03
1.270010947995490721e-03
1.284805454027282976e-03
1.243779073863056925e-03
1.325047804685685476e-03
1.329056527298984759e-03
1.395611059732650844e-03
1.588100809663930144e-03
1.528116689797102837e-03
1.878287021912188829e-03
1.824254645000288836e-03
1.951041501691140167e-03
1.966803337623580610e-03
1.969364584542683712e-03
1.898816831992854604e-03
1.795622749349486515e-03
1.791544779883217633e-03
1.320132669634237069e-03
1.335027097219144542e-03
9.031470819644037747e-04
-6.040189160086148826e-04
1.048054236869409800e-05
-3.628172366021544925e-03
-8.791255948302973897e-03
-9.478155876561221438e-03
-2.071223116217901436e-02
-2.391012833229868781e-02
-2.560317989977017525e-02
-3.293520118330640900e-02
-3.339188777583375345e-02
-3.503392493253489060e-02
-3.667375932181549114e-02
-3.654971481375814124e-02
-3.802780426842335137e-02
-3.818026941987563705e-02
-3.845870813801711974e-02
-3.941660269390148685e-02
-3.852324292769289393e-02
-3.948221627303530323e-02
-3.856737199129210703e-02
-3.379049378375768159e-02
-3.136559485770173961e-02
-2.801860817811783338e-02
-1.997999994511506089e-02
-1.652771171097113315e-02
-1.157297288353601947e-02
-4.333856070862571533e-03
-7.516193938151853517e-04
3.357699883932531350e-03
6.965503835418048600e-03
9.701046707531777585e-03
1.155022825538270376e-02
1.713520777018184491e-02
2.110158531468821902e-02
2.511883231180101622e-02
3.036044031737906296e-02
3.217948332200405714e-02
3.921148471924247592e-02
4.152174283002281474e-02
4.235940594718524271e-02
4.478208342149035681e-02
4.367689285005230126e-02
4.434870475851424021e-02
4.616022304126816966e-02
4.571504459540305654e-02
4.744463107017562326e-02
5.136874945952400739e-02
5.280218888116498116e-02
5.612481187651381653e-02
5.859900849599332384e-02
5.953351655980216456e-02
6.113388277473028043e-02
6.030340135264789653e-02
5.900954676448871145e-02
5.698913116325685785e-02
5.442670979345978766e-02
5.135787776793350468e-02
4.560410053146270182e-02
4.138270396099104353e-02
3.619971619537450808e-02
3.205772492183880246e-02
2.589085444733432717e-02
2.202030568371878341e-02
1.870042797838102414e-02
1.489010263713371786e-02
1.257449735980114419e-02
1.170209502242084906e-02
1.005688926648167641e-02
8.378105983451396982e-03
8.110897673464671775e-03
4.354221803517038629e-03
1.772408431949226010e-03
3.173777021468734473e-04
-2.175131931420808823e-03
-3.878440866588673576e-03
-6.194009031820566467e-03
-9.590227462581483314e-03
-1.075040827926563095e-02
-8.479985387744200243e-03
3.111264552931282228e-03
6.550642903434154493e-03
1.645064427158287809e-02
1.787342716955458641e-02
1.709772928417261501e-02
1.754979660001251829e-02
1.262172695789258968e-02
1.625066874001216202e-02
1.453711630307998395e-02
1.247581232631111287e-02
1.401484891796013488e-02
1.144062598766246684e-02
1.194943868597298821e-02
1.134918368187629728e-02
1.109577052568382072e-02
1.075199536931057721e-02
1.118707390201282778e-02
9.755816336622660789e-03
1.377243930749643373e-02
1.740447967249987571e-02
2.106866393874725490e-02
2.881883776769583044e-02
3.175662849587986003e-02
3.842314462324333824e-02
4.384247246492127548e-02
4.261511784059310304e-02
4.198919175125477576e-02
4.071362125094525608e-02
3.399255870038676158e-02
3.274770651953978762e-02
3.181927607297391908e-02
2.724433530958423472e-02
2.740292345357787582e-02
2.484956289204053731e-02
2.317641507302570236e-02
2.263592112641121465e-02
2.052506985389986743e-02
2.019634929455655162e-02
1.864483372623887761e-02
1.772446708477745658e-02
1.695758797705004123e-02
1.492688606841986038e-02
1.555468387324481644e-02
1.357405517841638216e-02
1.236807685639466220e-02
1.234657703464162037e-02
7.629003094574407853e-03
7.180132874206397904e-03
5.828946728512199131e-03
4.282465425795313994e-03
4.073838928344308309e-03
5.590528160845162700e-03
4.241488761221413883e-03
3.456988921826103546e-03
1.930681342978255452e-03
-2.070105363506305333e-04
-5.278111765882356711e-04
-7.475975741071554971e-03
-8.642390838593649177e-03
-1.014084889759401045e-02
-1.312726638110148572e-02
-1.352209281766451714e-02
-1.353004996089071134e-02
-1.565513369533534302e-02
-1.380335165257786170e-02
-1.208212837303614638e-02
-1.044856904650275434e-02
-3.603853640356566128e-03
-2.729899007344749849e-03
4.168243034230144080e-04
2.627401755793317382e-03
3.813767153294133055e-03
4.526046020707272417e-03
5.470190959810702913e-03
6.244899959236914662e-03
6.422068867360879695e-03
8.004378756115263643e-03
8.124290888198383923e-03
9.094226922507983590e-03
8.660750472781347103e-03
5.884855632882226260e-03
7.175186359432885429e-03
8.292585949198238993e-03
1.056131817051986742e-02
1.739413774657525003e-02
2.155779168415129787e-02
3.093108885033237984e-02
3.866195541153866211e-02
4.092042262424633314e-02
4.480804988072720207e-02
4.692227402053454621e-02
4.727443786651108759e-02
4.827640843561896433e-02
4.626713996155536884e-02
4.433045650098266233e-02
4.230558721340942768e-02
3.885236576952587340e-02
3.729366404191756385e-02
3.194666007512407535e-02
2.999752470514786828e-02
2.807860878011526895e-02
2.505539404835574468e-02
2.434443231878357164e-02
2.242407774422013750e-02
2.085363861579896463e-02
2.027635983702356925e-02
1.845855529514714433e-02
1.753800314761725862e-02
1.680134225035048029e-02
1.486596542646632414e-02
1.489740673103088012e-02
1.373162049671538751e-02
1.331569386080488568e-02
1.354412841038100598e-02
1.239048090399173102e-02
1.339829213719180567e-02
1.257316199004505398e-02
1.066748474230322201e-02
7.996710415586021081e-03
7.094173216310306965e-03
2.011493346983942495e-03
2.320541492757968727e-03
8.858631637025538713e-04
7.375088409205617275e-05
-2.470787955546742973e-04
-3.820990154257395723e-03
-4.537287949165825889e-03
-6.468872315678896728e-03
-7.938338706196045730e-03
-6.678899577487797459e-03
-8.433055309011625381e-03
-9.956585879013289675e-03
-4.000399063326523681e-03
-8.234223580667670780e-03
1.283941127176964521e-03
2.682282769258415890e-03
-7.421472703321515749e-03
-3.591588253350920263e-03
-1.803888904326390958e-05
-1.252488389556539539e-03
9.266760812838364079e-04
1.518984311047476537e-03
1.692577457738871126e-03
2.787814637621401428e-03
3.055848504463871615e-03
3.493906765759545799e-03
3.972467340816190733e-03
4.240445077583695349e-03
4.700306062878385240e-03
5.202466785430842101e-03
5.653111816681936214e-03
6.140730877979409287e-03
7.160487393306655575e-03
7.570125076825819609e-03
8.817772146890993923e-03
1.059275987231567129e-02
1.077593187503294268e-02
1.466618839034299418e-02
1.589022679708991526e-02
1.571896237115654599e-02
1.772679414846707602e-02
1.771279446913733013e-02
1.721014516492231847e-02
1.985863798786585699e-02
1.850481943094726967e-02
2.005801423406573109e-02
2.343417218095625656e-02
2.921634030166093965e-02
2.975702510785904753e-02
3.186434260714807870e-02
3.140677690054089616e-02
3.091713456490608261e-02
3.353659757686319048e-02
3.141756354980259486e-02
3.361254849418654489e-02
3.324358000749815661e-02
2.903799971276401284e-02
3.010586856823882149e-02
2.619663828213108711e-02
2.737212650419590040e-02
2.861395262728978067e-02
2.877055056552972959e-02
3.125681551212657755e-02
3.386620567824824568e-02
4.154821086812180569e-02
4.758028255423968345e-02
5.810638988587605441e-02
6.407274453094459477e-02
7.744164866306144090e-02
8.384423279131435203e-02
8.768241217867553394e-02
9.456567029985908646e-02
9.763258136063375503e-02
9.973032427368884456e-02
1.016710767587712116e-01
1.004582086164324817e-01
1.009486140452457159e-01
9.935116097788328215e-02
9.762812366433877564e-02
9.488426586519874140e-02
9.185902081102111094e-02
8.757615755777434230e-02
8.214063360008880266e-02
7.788652139855709033e-02
6.947563281916589728e-02
6.349921535927766092e-02
5.631315399006758815e-02
4.516763241369955995e-02
3.743695906185502686e-02
2.796156112950552719e-02
2.058194935030805209e-02
1.786563432048230912e-02
1.429401066651882213e-02
1.285069547285615059e-02
1.081383284274650171e-02
9.696438517565506010e-03
9.296764241138597701e-03
7.781572273773948445e-03
9.855197171749140519e-03
1.026518520113246617e-02
9.461906278002842063e-03
9.605005041072539260e-03
7.298915612271628800e-03
8.664852114771944350e-03
9.095396345585900558e-03
6.737165584050082423e-03
1.011091633959765486e-02
5.799766174530226678e-03
5.725501760393859885e-03
7.638182942862398704e-03
6.053906419219193605e-03
5.663520383249216229e-03
3.927486217109439799e-03
2.169154244738463830e-03
2.103820485450905338e-03
2.500637702105694437e-04
-3.070769684977811987e-04
-1.380903830864322170e-03
-2.715649040824105048e-03
-4.050852979481016879e-03
-7.348959396717062373e-03
-1.069342130743393578e-02
-1.180803659666001398e-02
-1.427835889330531308e-02
-1.476532047638107366e-02
-1.531209253714875713e-02
-1.652035813648896137e-02
-1.727695249991459403e-02
-1.936792368736709596e-02
-1.228195023321481706e-02
-8.068826967295323130e-03
9.435271700486487674e-04
7.282234587343200394e-03
1.270935702605114834e-02
1.198853931932868620e-02
8.171230135656116361e-03
7.176666220300952775e-03
6.934416213082234687e-03
6.271407192309113622e-03
7.054467756544919622e-03
7.347625035053181701e-03
7.861331398818192928e-03
8.957481205818977957e-03
8.907749049458586060e-03
7.917000842591635779e-03
8.661834945855871257e-03
4.360977507174224749e-03
1.582191544478103815e-03
-2.466434753632902599e-03
-4.607850660513309986e-03
-3.136719308667981418e-03
-3.288861984189123989e-03
1.208470797882766701e-03
5.428401837975050694e-03
7.277388953611054791e-03
1.131811733094480535e-02
1.282221379507842741e-02
1.385462566199299576e-02
1.491195223389601802e-02
1.443725413506359925e-02
1.493286694938097958e-02
1.493754260416697323e-02
1.484896638048479461e-02
1.483859837742282535e-02
1.494359604258327888e-02
1.468808911575880498e-02
1.443341260488171032e-02
1.476306388519022135e-02
1.340251772737288856e-02
1.369787274407073194e-02
1.245496894277678575e-02
1.045379954428679592e-02
9.910885079670745182e-03
4.908447955817835280e-03
3.763895468973082331e-03
5.832911760855073909e-04
-7.453125516968084341e-03
-1.173168835383038913e-02
-3.281177128943446597e-02
-4.192180564763370310e-02
-5.252338175558813466e-02
-6.233774266561583483e-02
-6.843068975118256347e-02
-7.690171933051880016e-02
-8.149176734024854429e-02
-8.645606704753765193e-02
-9.124008330688999913e-02
-9.535982054116505513e-02
-9.822148421300024024e-02
-1.019102110679650647e-01
-1.052519700126032520e-01
-1.051873746337163851e-01
-1.108305928768370113e-01
-1.100220768561572249e-01
-1.097677882890878004e-01
-1.195946364616012197e-01
-1.133159097933154474e-01
-1.128847104432734311e-01
-1.048167361435771022e-01
-9.384610602001787483e-02
-8.858105856110273790e-02
-6.132266369276461598e-02
-5.672114895866849082e-02
-3.732076119005180159e-02
-2.603369115586949903e-02
-2.302644153997664145e-02
-1.318762148987248466e-02
-7.835904316693851138e-03
-4.295243491507499435e-03
-2.467971822263053446e-03
-1.512760264811302807e-03
-1.542143630275134977e-03
-8.263407643335592872e-04
-6.479379454455244007e-04
-3.561585823722052298e-04
-1.183380791369810438e-04
1.468366274788317129e-04
5.668339450208565843e-04
5.176352667029829541e-04
1.531456923753010332e-03
1.657694367018609219e-03
1.619233446209071082e-03
2.872232907703096885e-03
4.742055435098042025e-03
7.502290344928923965e-03
1.080830238261176399e-02
1.226283895762809648e-02
1.862964566432436658e-02
1.972500082523600054e-02
2.079793054127563809e-02
2.311984895929440273e-02
2.289510730276007530e-02
2.387852437627953350e-02
2.375240134390493515e-02
2.332525797735974724e-02
2.319492084602591334e-02
2.121688848308752803e-02
2.093387811502110327e-02
1.832111356548580400e-02
1.504635101870120326e-02
1.495056490462833530e-02
6.855570646692722876e-03
6.918740953255146306e-03
4.665884174242090725e-03
1.930444638555487260e-03
2.720780842810501410e-03
6.513405057019925780e-04
3.540320483180705744e-04
-4.774704733551730592e-04
-1.328482688623687123e-03
-1.339364161936107325e-03
-2.501968166870124303e-03
-2.665345162491436059e-03
-2.488926347882751498e-03
-2.682006848116249773e-03
-2.345383069734312004e-03
-2.356073026495803142e-03
-2.851001354019891236e-03
-2.803450640437182752e-03
-2.993102712164731789e-03
-3.120620493413010267e-03
-3.134778789176219122e-03
-3.234823550257264618e-03
-3.264436665420043619e-03
-3.292320093324174399e-03
-3.330155640706847393e-03
-3.340954034250607704e-03
-3.359166526280033677e-03
-3.371060167674934643e-03
-3.377200499524331961e-03
-3.384804921222048235e-03
-3.386927460529181710e-03
-3.390475445664175701e-03
-3.389212209840678208e-03
-3.387402093537241615e-03
-3.388584939263198075e-03
-3.374330604009654396e-03
-3.376523793127142719e-03
-3.365476783758820055e-03
-3.331386233747356523e-03
-3.357204030453623481e-03
-3.283808499188795808e-03
-3.258770556824872912e-03
-3.312553017757963701e-03
-3.043723440917546312e-03
-3.219533507099416395e-03
-3.073202548929239442e-03
-2.418288522142141364e-03
-2.492157240006599283e-03
