6.842683688935656799e-04
8.337602663939325340e-04
1.860942894553489421e-03
1.593121947432473047e-03
3.129676806662152512e-03
3.501908812548290128e-03
4.112819246575363623e-03
4.612539875668042987e-03
4.795293626742113888e-03
5.078833241020206876e-03
5.227946441475061178e-03
5.329135007246505948e-03
5.436330099022324697e-03
5.488385378310484640e-03
5.537319812345627146e-03
5.574615876669343668e-03
5.596031310639992470e-03
5.616504399811011149e-03
5.629229132099641472e-03
5.638092465022964510e-03
5.645472742202116076e-03
5.648757927260037760e-03
5.651659784548755672e-03
5.652394512196222756e-03
5.649869686142610682e-03
5.650109975246772609e-03
5.642278509814947773e-03
5.634914158751246072e-03
5.632343926205282333e-03
5.601602240877619730e-03
5.599151436894751407e-03
5.572659545909783296e-03
5.492706647300281061e-03
5.533552236354870313e-03
5.367041150821309781e-03
5.276675369005900257e-03
5.442024110013741339e-03
5.260049585134623194e-03
5.599508115533410532e-03
5.391382039484204219e-03
5.141876245973398853e-03
5.391739517519084438e-03
4.296129740128263458e-03
4.282159906501164723e-03
4.036987248956343081e-03
2.686251588470528451e-04
-2.250433697979620749e-04
-4.851134066006329744e-03
-7.944389141503714613e-03
-9.173707077195780712e-03
-1.646211752727683858e-02
-1.839574641688816736e-02
-2.289476746322444134e-02
-3.796125075618445033e-02
-3.922673150638942424e-02
-5.320355302102281608e-02
-5.746519156682557833e-02
-6.135248851917111945e-02
-6.910653272101607847e-02
-6.963090436790253523e-02
-7.214393641553470959e-02
-7.069850917757999897e-02
-6.814916878870444505e-02
-6.658329124273235089e-02
-6.069840711187337451e-02
-5.694410428521156503e-02
-4.052124843057036685e-02
-2.944989133583412674e-02
-1.905349267990991829e-02
-2.300040845668525902e-02
-2.058435062010811889e-02
-2.136443691802919487e-02
-2.119413391309007966e-02
-2.030285327302643050e-02
-2.142798320904794329e-02
-2.199983420021974639e-02
-2.156835502790167836e-02
-2.482094875695173980e-02
-2.491881550638280415e-02
-2.597432933015578899e-02
-3.388792491240921745e-02
-3.316209659606514371e-02
-4.130622909273950344e-02
-4.563714005648923655e-02
-4.427947921832489642e-02
-5.807817353220301460e-02
-5.411267771042846397e-02
-4.525331694759771040e-02
-4.196303182030462070e-02
-5.001210716075327190e-02
-5.996526745329851249e-02
-7.427973419362057794e-02
-7.678492813092641089e-02
-8.771962960758897254e-02
-9.711945494628451692e-02
-9.679681188547735460e-02
-1.076673203913120352e-01
-1.023147402217439161e-01
-9.981581978704739955e-02
-1.007109925334339628e-01
-8.347871856803455726e-02
-8.349338701453354328e-02
-6.917809964701501779e-02
-6.351413284401749570e-02
-6.671814493588087980e-02
-5.621029166476664701e-02
-5.923476415431078862e-02
-5.272319746148769470e-02
-4.908042322714788186e-02
-4.789869979381564807e-02
-4.344529835924740291e-02
-4.251199847214815614e-02
-3.656277454292869433e-02
-2.436670243396549251e-02
-1.123427786085863522e-02
5.787191032773968125e-03
2.254193570304530506e-02
3.975968340718501193e-02
6.319417304872265717e-02
8.496835303123892458e-02
1.030103281358130118e-01
1.221484249224420726e-01
1.286836203142884272e-01
1.420884902037073960e-01
1.460175968156589010e-01
1.473914725486328015e-01
1.529795212209373312e-01
1.399949729052595293e-01
1.351643320636727319e-01
1.143337106004471415e-01
8.272445537452516318e-02
6.692828044269442944e-02
4.659273517248267715e-02
3.253962044340059229e-02
3.710822752825525955e-02
2.689854639651634641e-02
2.392344762826514523e-02
2.279478913945247667e-02
1.222151859499870721e-02
1.189102730326265824e-02
7.944588386260671709e-03
3.785904758809635444e-03
3.129810587630797985e-03
2.114504482848488746e-03
1.930541310922159574e-03
1.102241416605782539e-03
3.695321811150457242e-03
3.631512666327791055e-03
4.593263509344306522e-03
1.391257523973646153e-02
1.629161916872028798e-02
2.451540901354296725e-02
3.257821722979178936e-02
3.552382812995979328e-02
4.600367660641340589e-02
5.333113792891745752e-02
5.512164821594953135e-02
7.075707276904873166e-02
7.237026704561085044e-02
8.080197963134774786e-02
1.004496004607391690e-01
1.035708495055816247e-01
1.146799511968336766e-01
1.120075883314437803e-01
1.101935793303097100e-01
1.020940374157104646e-01
8.721841446838041190e-02
6.734538238456626302e-02
3.325255986989808510e-02
4.256177233482494432e-06
-3.168521624599369979e-02
-6.334437102576298551e-02
-9.390341533389659490e-02
-1.059183663534970510e-01
-1.223111118406840364e-01
-1.289904699361904827e-01
-1.362880026188062199e-01
-1.420823339317702216e-01
-1.473824870763811024e-01
-1.501558855869803977e-01
-1.472060956789837394e-01
-1.433704942066524324e-01
-1.435180380853417481e-01
-1.375419011059691998e-01
-1.387938793788789094e-01
-1.424949792542086757e-01
-1.484696951725065772e-01
-1.464896607085295899e-01
-1.537459888098080540e-01
-1.534061124630566875e-01
-1.456901252293567872e-01
-1.482677285703691838e-01
-1.466137794700844710e-01
-1.479235719480367917e-01
-1.604559964926210447e-01
-1.662009131261603379e-01
-1.682279154549129463e-01
-1.785589503967657532e-01
-1.800450482322325241e-01
-1.837662888692311314e-01
-1.925052606712651659e-01
-1.893883675885302265e-01
-1.941663000434711017e-01
-1.924947887964329474e-01
-1.899897015312010107e-01
-1.914637015743414494e-01
-1.851901022129405494e-01
-1.809582383544484363e-01
-1.786681840021444034e-01
-1.669333407148433368e-01
-1.634233713002912758e-01
-1.532572582078821355e-01
-1.384474931138474640e-01
-1.347296546955803476e-01
-1.154748239057845488e-01
-1.017159780393560448e-01
-9.143896747872096165e-02
-5.310878507296956652e-02
-4.464339851321598440e-02
-3.153410579463680058e-02
-1.600496012965139936e-02
-4.901038482128515852e-03
-3.344639429807810382e-03
6.914888387654977674e-03
5.018097167584303214e-03
4.254403480067290959e-03
6.263373089090328895e-03
-3.669790483782240428e-03
-8.210702989965699972e-03
-1.291135912420539149e-02
-2.863104719435279749e-02
-4.351266884143512037e-02
-5.197894610587900505e-02
-7.358759717634104358e-02
-8.412615431327893911e-02
-8.414538301720200786e-02
-9.884686763630844142e-02
-9.436705765485306485e-02
-9.077955382823768571e-02
-9.161438250122860838e-02
-7.949357275349923369e-02
-7.798545237701569321e-02
-7.038296954744439893e-02
-6.005883945224391174e-02
-5.753815374250647457e-02
-4.125294568869154049e-02
-3.170114876649289537e-02
-1.712356778862208009e-02
-1.300374861120775138e-03
4.688690955828181059e-03
7.298156657944795955e-03
-2.399398388053516689e-04
3.130648419598625574e-04
-4.581900251139613307e-03
-9.537771033608755111e-03
-3.839300185814471366e-04
-3.272476462963868054e-03
-3.821926336790955597e-03
-2.032783246098991258e-03
-7.329927266707215311e-03
-6.154381391453907918e-03
-6.491051823840395495e-03
-8.051067401813969543e-03
-6.550890682199439485e-03
-7.982472455152512039e-03
-5.528045758222246801e-03
-4.323416641671805165e-03
1.157981335740255460e-03
5.946320732896308477e-03
1.218149356704871164e-02
2.191252632811625106e-02
2.652813802350043743e-02
2.947561319572923610e-02
3.354909679065086470e-02
3.639529205839522885e-02
3.673103716234446536e-02
3.797489056411861019e-02
3.979463663406704321e-02
3.400039599842650390e-02
3.571147170542966071e-02
3.204654872826118855e-02
3.112447697923570455e-02
3.566613133540617875e-02
3.490304089399288989e-02
3.977629686053946179e-02
4.490892007656673013e-02
4.649899302728367073e-02
5.730496671054427504e-02
6.644073512414690186e-02
6.537306760783850867e-02
9.096178998218600043e-02
9.303862531262749314e-02
9.910369431682353181e-02
1.060432072062648112e-01
1.084777803046696187e-01
1.005185186825942323e-01
1.067964332143443440e-01
1.115242989281926972e-01
1.149414618968297164e-01
1.249828604608222843e-01
1.289287713150125136e-01
1.346291411400727389e-01
1.401965162014243149e-01
1.428619351404680771e-01
1.476248844709734942e-01
1.485583570989104651e-01
1.485917713501045678e-01
1.312017356654584521e-01
1.166583033671806102e-01
9.768230532826849277e-02
7.975827922522953084e-02
6.999493204994672313e-02
5.352354852253225076e-02
4.096172137233641125e-02
3.140289144572391833e-02
1.895511983776374323e-02
1.112294752566211561e-02
1.905368443920155835e-02
2.314809982107413761e-02
3.508122137347934044e-02
3.162727958295338121e-02
3.278033913433812258e-02
3.084713692695174522e-02
2.829053438250991176e-02
2.831235757453482924e-02
2.638925975739061722e-02
2.672808921702068616e-02
2.586497338489005329e-02
2.698313638328012423e-02
2.631057391180284533e-02
2.579717196186663217e-02
2.626544641656332682e-02
2.372224178535027941e-02
2.395262342951259837e-02
2.272588976550842313e-02
1.655896619999813746e-02
2.050864205053764752e-02
3.462406058844529847e-03
-5.912058704883106294e-03
-1.686323933444829754e-02
-5.709832450655151492e-02
-6.345096797300449343e-02
-8.852169867779210999e-02
-9.699897478313662669e-02
-9.538568743213517165e-02
-1.020812811279562526e-01
-1.033900723263245780e-01
-1.050252594452177890e-01
-1.006881921128307822e-01
-9.603831725937048147e-02
-8.642002921713626273e-02
-6.750920954314887368e-02
-5.651701041398440872e-02
-4.457033710572284174e-02
-3.650293079393738399e-02
-2.867951544837123515e-02
-2.114238905875101202e-02
-2.835463143701303160e-02
-2.559954928432203389e-02
-1.840667929629898752e-02
-1.602331058149582613e-02
-1.951905187775862874e-03
9.806544781498836502e-03
2.206608030496422235e-02
4.562535227108585612e-02
5.651164550314958374e-02
6.621658456014839489e-02
6.809415019214132281e-02
7.005374004827806533e-02
6.736015537685356713e-02
6.239883355959228300e-02
5.847525973355485046e-02
4.504839853131491906e-02
3.827924994862100944e-02
2.695693697239675765e-02
1.453281081825660501e-02
7.757143563490626753e-03
-6.368070320412755336e-03
-1.399572991207282714e-02
-4.572286774172859558e-03
-3.278792323525506723e-03
-1.145696749719543042e-03
-6.471109188852182219e-03
-1.429652404393927899e-02
-1.976241618635753497e-02
-1.923114776906700157e-02
-2.134003060640606020e-02
-2.243630624338261922e-02
-3.007346251698699013e-02
-3.165506636720438055e-02
-2.396266760514944097e-02
-1.652758131427686100e-02
-3.486965337434669299e-02
-3.173200139114738111e-02
-3.876579747648222635e-02
-4.539812739285639664e-02
-4.572668419134348627e-02
-5.224348098553151937e-02
-5.469210804015214172e-02
-5.780751642844787069e-02
-6.264403875534162169e-02
-6.465243212052323996e-02
-7.004948128088382686e-02
-7.377293655226380142e-02
-7.732882683164353510e-02
-8.601676974523965458e-02
-8.767364737378774420e-02
-9.762380233178588607e-02
-1.083881371196024068e-01
-1.075271547452540111e-01
-1.342534008311022653e-01
-1.330171045463895974e-01
-1.314175868351277754e-01
-1.416597399866202367e-01
-1.276371634581610348e-01
-1.254165562890726671e-01
-1.227100204574237963e-01
-9.253427305993199015e-02
-9.071001485746264803e-02
-7.376646871788090920e-02
-6.228094900598857980e-02
-5.431985236164473679e-02
-3.848338467107938199e-02
-3.429061352614673486e-02
-1.470410322063986190e-02
-1.062405019693675630e-02
-8.237233650591806178e-03
-1.214239594303421132e-03
-2.386613092781692750e-04
1.668843157497802926e-03
5.097710893037767088e-03
5.291850642755454616e-03
4.769164154410023178e-03
4.714177410691717564e-03
4.023178792912523484e-03
3.659186578067997152e-03
3.529874742395989855e-03
3.153251354697938266e-03
3.184449322767534708e-03
3.081126307106440542e-03
2.997359393132941353e-03
2.997201309482809724e-03
2.944906135473607332e-03
2.929093625442369571e-03
2.918962410474018263e-03
2.900964715156040957e-03
2.896970963698514666e-03
2.890134099287175202e-03
2.884910324079174165e-03
2.882947180685136411e-03
2.879901196519095950e-03
2.878339979960176966e-03
2.877241260367787226e-03
2.876039128328471053e-03
2.875409295091566411e-03
2.874815874959466607e-03
2.874107842073172787e-03
2.873751999373268078e-03
2.873150444077360918e-03
2.872152514053925507e-03
2.872062925332708773e-03
2.870149588487431753e-03
2.868751055100103413e-03
2.868701682243449645e-03
2.861831887819759127e-03
2.862967565575656737e-03
2.857783897634672346e-03
2.840262655431318242e-03
2.855191483736640567e-03
2.815300633666445451e-03
2.799602837161686321e-03
2.836991067036790694e-03
2.665868726235200506e-03
2.776155246951232235e-03
2.694885544446337135e-03
2.186809912570161427e-03
2.190221770165884634e-03
