6.492828151178975382e-02
7.005191910963362578e-02
1.422920757074271625e-01
1.474572502259493267e-01
1.460217964196000029e-01
1.583316824666279876e-01
1.498138056826451570e-01
1.532240874049675683e-01
1.541326996840146346e-01
1.521447351228690514e-01
1.539070358318646303e-01
1.533818820417601758e-01
1.535020090677018390e-01
1.539141699142431152e-01
1.539973192924408429e-01
1.545158072977529662e-01
1.544914421954035888e-01
1.559453893956726511e-01
1.560005105577891016e-01
1.569287793498984895e-01
1.615318531277649128e-01
1.622482189502576777e-01
1.708864199108259541e-01
1.721768934173698584e-01
1.790957647509808237e-01
1.905162365721450035e-01
1.896770341044197727e-01
2.160126381313631494e-01
2.259117299557683034e-01
2.388762912517851666e-01
3.169468149307668736e-01
3.343871153890640158e-01
4.079400224980365142e-01
4.858409077954505273e-01
5.332835431345586130e-01
6.092373551012008059e-01
6.354828434464441234e-01
6.246248644850219689e-01
6.469526382756383143e-01
6.423209960680928976e-01
5.964269296706811163e-01
5.995498994033444662e-01
5.921370334995255114e-01
5.780277406486008518e-01
5.856499565972057564e-01
5.820847193175971990e-01
5.767197836676575262e-01
5.957531700841175448e-01
5.724689425933955356e-01
5.640576197733205843e-01
5.577705065540710105e-01
4.903935002950101651e-01
4.687845293228726784e-01
4.477801465379170898e-01
4.212837706838264973e-01
3.970261998606564591e-01
3.839294285620993286e-01
3.262346650003823401e-01
3.040226317781541954e-01
3.042147284531196427e-01
2.686480516343922598e-01
2.769655148723317861e-01
3.041496110640420358e-01
3.116825668262570015e-01
3.422954547701849148e-01
3.229222057573570837e-01
2.994754030988712179e-01
2.235116775935950539e-01
1.507073942908464803e-01
7.409113653138248157e-02
3.906242560043570594e-02
-2.756553237288416475e-02
-4.817631069909643349e-02
-9.402544981602463381e-02
-1.235869077697700213e-01
-1.392967974576997392e-01
-1.682056790640984734e-01
-1.745814338482534200e-01
-1.896095510576916165e-01
-2.026552233419429971e-01
-2.015452570379295261e-01
-2.132795611551844828e-01
-2.193615000993559827e-01
-2.219265533650728039e-01
-2.346215031986667865e-01
-2.310601263807568195e-01
-2.305563052951443426e-01
-2.319270938109702362e-01
-1.504046954037519812e-01
-1.135013369273844552e-01
-8.320767413851797023e-02
4.415705244520990586e-02
5.051070178130803029e-02
7.872896030549356161e-02
1.283860215016914552e-01
1.191047564987598728e-01
1.683595964403996614e-01
1.770437374211850934e-01
1.218219715426544086e-01
1.198953345982822771e-01
1.610026289772164276e-01
1.402193866879644091e-01
1.224970695185367831e-01
1.191745451212926771e-01
1.572528385453413752e-02
1.156220469830129827e-02
-5.250555481850378153e-02
-1.422548494554814469e-01
-1.641418392309250129e-01
-2.083130881783670507e-01
-2.263099951027259249e-01
-2.375082318568150774e-01
-2.417128482986407034e-01
-2.710663341282072425e-01
-2.863759091999106277e-01
-3.023783336454979875e-01
-2.745781325203214829e-01
-2.284856931899302557e-01
-1.729113417682310305e-01
-1.107036908967061750e-01
-1.226835282093237563e-02
4.361896369733017642e-02
6.166394246361951714e-02
1.105740863347477593e-01
1.513369803861211171e-01
1.949386995558687052e-01
2.570097212039078038e-01
3.131102728400418922e-01
3.802006535757533889e-01
4.787237354156000935e-01
5.487054292768477337e-01
6.368139524664185869e-01
6.437296227400275406e-01
6.555084670507916877e-01
6.598143515358522171e-01
6.436908430919143775e-01
6.489725849096418253e-01
6.408810411387069195e-01
6.328142260601365976e-01
6.339931909411384847e-01
6.169150487383955328e-01
6.124787562568784205e-01
6.042904508959900944e-01
5.666394524739966077e-01
5.688811571527118138e-01
5.068555466614430571e-01
4.778234054479825743e-01
4.583420848423995220e-01
3.170186893835970632e-01
2.822359316410645302e-01
1.736167234413541482e-01
2.075538401300892205e-02
-2.175716920003261182e-02
-1.258170218700405962e-01
-1.734343369384997169e-01
-1.924017374745773667e-01
-2.216686143912602880e-01
-2.219476903943712331e-01
-2.015364532516953078e-01
-1.772875119647556175e-01
-1.287958350847734079e-01
-6.459150770631326421e-02
5.971653548455301691e-02
1.592371194333221107e-01
1.494410891820850684e-01
1.969721875711589743e-01
1.613819843199866266e-01
1.662119375053716375e-01
1.658971469913346486e-01
1.106046827246109920e-01
1.139476319801947662e-01
6.983659773777230184e-02
2.974770147257920286e-02
-7.445982573038177101e-03
-7.989487099530054315e-02
-1.240697806659391694e-01
-1.198293475060800972e-01
-1.356473657604292948e-01
-1.152862582524419588e-01
-1.368961416450611424e-01
-1.368007726766736765e-01
-1.496113247918139655e-01
-1.465502725574064635e-01
-1.451171442921890820e-01
-1.517065413494015635e-01
-1.322468871827316150e-01
-1.354592287139761986e-01
-1.099959032884635368e-01
-5.415006021406602171e-02
-3.112264576851312206e-02
8.858536203089599492e-02
1.168992613222210736e-01
1.365617839005718592e-01
1.857419729544502740e-01
1.503007792062699410e-01
1.751777629780127965e-01
1.643392424648578154e-01
1.305194090978490373e-01
1.408644698220201386e-01
7.154136141641408153e-02
-4.121218972646679274e-02
-1.384610048218098688e-01
-1.455134817223181221e-01
-1.789352262344688360e-01
-1.759041072551784379e-01
-1.841987695691138793e-01
-1.976411961478608259e-01
-1.898223282964592862e-01
-1.975675551981505018e-01
-1.831245353341868776e-01
-1.563664719172013773e-01
-1.036777605738828378e-01
-5.515958197446404337e-02
4.709156100010537110e-02
1.069104150723552693e-01
1.448689258692580917e-01
1.972202518134320015e-01
2.071824362665253549e-01
2.048924384916249175e-01
2.357150999613916165e-01
2.092637320965614334e-01
1.594322941247862391e-01
1.318747308440344768e-01
7.072551027483177377e-02
2.664059012553531350e-02
-1.507849426406810377e-02
-7.803628240422681717e-02
-9.942483955324514511e-02
-1.323737557739949888e-01
-1.507095754459012726e-01
-1.612357419039296136e-01
-1.684086845778109409e-01
-1.876194613619940055e-01
-1.947035270572569920e-01
-2.011604804375179689e-01
-2.179623171326714737e-01
-2.178978310304972299e-01
-2.337471317506175650e-01
-2.239640138928118418e-01
-2.080289293001972017e-01
-2.121471988471599623e-01
-1.950204050737696371e-01
-2.012844065690095607e-01
-2.038093674815509015e-01
-1.932041875440519141e-01
-2.047555815301917159e-01
-1.976611986155389078e-01
-1.993985062235607009e-01
-2.063235583198929635e-01
-1.988240105579934802e-01
-2.092892195157958490e-01
-2.069220496450347169e-01
-2.131686932246874833e-01
-2.214146796504640469e-01
-2.091280173601233194e-01
-2.130462397367697547e-01
-1.330835245512660414e-01
-8.455932956065607964e-02
-5.245652070624015617e-02
6.251428596268190918e-02
7.935972232887501809e-02
1.042337625289508490e-01
1.486747976558610018e-01
1.639539467329667322e-01
1.830609732074575113e-01
2.129323198185545940e-01
2.121023987690807966e-01
2.248212883646197036e-01
2.407203359301284262e-01
2.331937764078950148e-01
2.600689204900823448e-01
2.658815572815199646e-01
2.604961810234031616e-01
3.351798332731008578e-01
3.247428035351201947e-01
2.892604544065927596e-01
2.919684934689908973e-01
2.447881554325084252e-01
2.412711558392113265e-01
2.174952431921100826e-01
2.127322821966875777e-01
2.241282694072460890e-01
2.114445925702848339e-01
2.239683144362233091e-01
2.053992276073030865e-01
1.601162998234776924e-01
1.186575910249756949e-01
1.006563858069082079e-01
5.911265951996302198e-02
5.503912006842793386e-02
2.008143198175616276e-02
-2.264120433127199752e-02
-5.081208637177135612e-02
-9.387407027968119877e-02
-1.442019814964232427e-01
-1.899866276963171341e-01
-1.618718856533706008e-01
-1.852031547972792513e-01
-1.701188619239326905e-01
-7.785385061069290125e-02
-6.076807560448794360e-02
-8.829412850503216489e-03
4.139966427583144370e-03
-3.535066573781503463e-02
-1.344854663777065584e-01
-1.751656379648750816e-01
-1.822688234256664430e-01
-2.131200455683880113e-01
-2.080487502302968972e-01
-2.176919808027677206e-01
-2.423155377744323768e-01
-2.462548570918909607e-01
-2.644341618651226411e-01
-2.773752697294467051e-01
-2.838481465283380079e-01
-2.934837237787104036e-01
-3.034572540217046477e-01
-3.034885895665893618e-01
-3.092336551992886373e-01
-3.166852114042955080e-01
-3.028410104921296919e-01
-3.132136743374624999e-01
-2.965753365750131154e-01
-2.639133554570964324e-01
-2.471528610842736728e-01
-1.784719745191455376e-01
-1.437619434164296439e-01
-1.050600604077140399e-01
-3.803291095899093838e-02
-3.184949444877308716e-02
2.050042349757001756e-03
-1.078061903699475797e-04
3.490006647796483480e-02
7.047912531813452230e-02
1.008700267248102272e-01
1.934700238342260681e-01
2.321507045045841655e-01
2.806958865894727539e-01
3.413728157263732910e-01
3.703933684470748777e-01
4.177258096464551151e-01
4.517356291907284049e-01
5.070033828389594044e-01
5.432957306720866963e-01
5.661007020955017843e-01
5.634259697504577780e-01
5.416753789217265691e-01
5.276788916289658626e-01
4.367607779387666089e-01
3.605921536457602494e-01
2.957148314927049437e-01
1.650329824442897386e-01
7.872204757037405687e-02
-7.445604947889014440e-03
-1.036349245893589677e-01
-2.641150312270307832e-01
-2.875427969519727123e-01
-3.645264763527563123e-01
-3.364134662492522798e-01
-3.547615750726853534e-01
-3.390747325492180497e-01
-1.877526698996535015e-01
-1.577065806664482150e-01
-1.088532381997094067e-01
-3.735304135003142401e-02
-3.715658541190577230e-02
1.925646401960360091e-02
2.408390770178580470e-02
2.907267124054937688e-02
4.763113668856534810e-02
3.555528884755752156e-02
4.289822282218770655e-02
4.891394711767121234e-02
4.258991455927250980e-02
5.121671562643458769e-02
4.917167636983651308e-02
4.761735638391390718e-02
4.895542842883467138e-02
4.213340562579347831e-02
4.163123228861716901e-02
3.893472142335684116e-02
3.426554739216702145e-02
3.518689584659551867e-02
3.118146335738715066e-02
3.018580631980145521e-02
3.082691955469741077e-02
2.729282333960044230e-02
2.953510490750737433e-02
2.866435294122503252e-02
2.749423054040595060e-02
3.158111095233891163e-02
2.899010149395655003e-02
3.237514008960833828e-02
3.568760534221972203e-02
3.367400434208843440e-02
4.280063780989656896e-02
4.294342508450654794e-02
4.796001495262704195e-02
6.182280817986206267e-02
6.320392640831676290e-02
7.854182889781732846e-02
7.719437055702371708e-02
7.261646319193025556e-02
7.738422876209206935e-02
5.077840623363892580e-02
4.582459259839628818e-02
6.026526554991536166e-02
5.275240123218458144e-02
5.803446065435989565e-02
7.270862433703555172e-02
7.316981145275558429e-02
8.276105069797810854e-02
1.175179222803188900e-01
1.223772291152465524e-01
1.347924205021373001e-01
1.474927901621975457e-01
1.498207368557537833e-01
1.595699172595286264e-01
1.635567556125674393e-01
1.679489000905947937e-01
1.750939599256297330e-01
1.771230735850465865e-01
1.861390606803118297e-01
1.916232991032484345e-01
1.971221758072174146e-01
2.147401953155553267e-01
2.153360117548276942e-01
2.319403482984485065e-01
2.314050775291299766e-01
2.334275528264181387e-01
2.414547266247152324e-01
2.389103577424029345e-01
2.489515489579156304e-01
2.524054117664941144e-01
2.543284123095789218e-01
2.773746821215631320e-01
2.709186449194933566e-01
2.996245261901847590e-01
3.387604875146756900e-01
3.436821791883881150e-01
3.351718424802673235e-01
3.613081149840307593e-01
3.552765513267325259e-01
3.610188659849314363e-01
3.675709265743770104e-01
3.649534809125457024e-01
3.692381903531195553e-01
3.696326417300625500e-01
3.694195475696349096e-01
3.703049215034711072e-01
3.701481043310938523e-01
3.689996848183719758e-01
3.681828734689674421e-01
3.679820752750395108e-01
3.624754503744642142e-01
3.619704282580209487e-01
3.584264885667052813e-01
3.524112239447856898e-01
3.530584947982570165e-01
3.423297681438318696e-01
3.347812227893509629e-01
3.343574388393331098e-01
2.976237530691709376e-01
2.961815875826424582e-01
2.757739670295277223e-01
2.636600983796280606e-01
2.583620806069731324e-01
2.466290007413870222e-01
2.416997906459823764e-01
2.331951088937729566e-01
2.274624174968704060e-01
2.182531210065259131e-01
2.077699782925795102e-01
2.017986858290900520e-01
1.777704600762349818e-01
1.690508988770907661e-01
1.681569615206000845e-01
1.602678198725596692e-01
1.616309115304017385e-01
1.601411122425689393e-01
1.584525540410227085e-01
1.589061962979881615e-01
1.579182930778973981e-01
1.577056357703020828e-01
1.576487744142627268e-01
1.572912605962300814e-01
1.572737480180984304e-01
1.571710939619755387e-01
1.570552291518269028e-01
1.570218854154829535e-01
1.569759832858058368e-01
1.568515708234840267e-01
1.568451043232048925e-01
1.567744705618184797e-01
1.564802618358428765e-01
1.566793937384125257e-01
1.561518897667777128e-01
1.557869911084309722e-01
1.563585657784513083e-01
1.540165755772183176e-01
1.550935342591303057e-01
1.544530191800187469e-01
1.483181551418157607e-01
1.560164314831066767e-01
1.435120125921904577e-01
1.374054547735632237e-01
1.455044614963777738e-01
