2.039683846693844411e-03
2.374780879912460983e-03
7.310239259509567974e-03
6.985716962616542354e-03
8.725254272082325416e-03
9.987411274996513266e-03
1.043215800986695835e-02
1.128942876136152310e-02
1.166483668860352624e-02
1.197000260208063924e-02
1.229320884309532264e-02
1.243703074753904105e-02
1.259580233444739482e-02
1.270950714448874051e-02
1.277682075353686782e-02
1.284504385818185240e-02
1.288578671251778239e-02
1.291584201131707431e-02
1.293993388785334708e-02
1.295292159271194295e-02
1.295995578124957241e-02
1.296265644612467141e-02
1.295851962472061372e-02
1.294526202412643254e-02
1.293346440013807414e-02
1.290267113886307999e-02
1.286372106411921845e-02
1.283039958148530016e-02
1.273222196521506429e-02
1.266750107728427388e-02
1.255777276657540908e-02
1.230612305154040777e-02
1.224908238300746743e-02
1.181433217759202473e-02
1.136563267748432957e-02
1.131230965130758902e-02
9.779002400247054430e-03
9.742264591808786484e-03
9.553392943455175923e-03
9.087212504898216012e-03
9.130535587429450955e-03
9.005555805099074371e-03
8.737748644419146560e-03
8.935191685988209259e-03
8.717485650122648935e-03
8.184838252399847386e-03
7.713736644586106396e-03
5.190611374119809274e-03
3.375334236542906589e-03
2.270129220856728809e-03
-2.024174775987580728e-03
-4.587497637506477571e-03
-6.973732420576125857e-03
-1.750739444800660308e-02
-2.089370781872336436e-02
-2.674817160781862296e-02
-3.310778964645672007e-02
-3.691229599374395987e-02
-3.847624921544016280e-02
-3.966488046245082721e-02
-3.900850078245717695e-02
-3.655642230347101729e-02
-3.734731815645634528e-02
-4.027988580006543196e-02
-3.484268713601302442e-02
-3.487886155500761337e-02
-2.692847457406261774e-02
-1.880071369548223445e-02
-1.206420842554792143e-02
-1.173875731110662554e-02
-3.412133183173544828e-03
-3.543987210759465614e-03
-3.898299615928851360e-03
-1.834588081981664356e-03
-4.482759553616439373e-03
-7.514927622938308814e-03
-8.145857333402001590e-03
-1.515092956360514394e-02
-2.063363514261277662e-02
-2.296541584719758583e-02
-3.980053752942391831e-02
-4.534272282864357240e-02
-4.680692259691920931e-02
-5.721919283821601948e-02
-5.786094586468022022e-02
-5.237339024789873509e-02
-5.546399945325353187e-02
-5.367110861426466206e-02
-6.075147651357698519e-02
-6.541030725225693843e-02
-7.216708504281606207e-02
-7.645703714095830605e-02
-7.779682534801990457e-02
-8.290006753473999623e-02
-8.345399777806132569e-02
-8.557607891759946850e-02
-8.838231158675616261e-02
-8.571360213115664095e-02
-8.730992346049556985e-02
-8.395663319429902405e-02
-7.277326525549922265e-02
-6.937895325407580915e-02
-5.936420531380203619e-02
-5.745304835199008253e-02
-5.354437489036455167e-02
-5.068621129781306078e-02
-5.057071011485437390e-02
-4.015079376251026733e-02
-3.902815062157714843e-02
-2.636601383192133455e-02
-2.375573320382363268e-02
-2.981231627339992613e-02
-2.640646078462520474e-02
-2.635378163881711699e-02
-2.479409815213406976e-02
-1.818591297115931815e-02
-1.534661478788364695e-02
-9.864074136569591159e-03
-5.985704305086568533e-03
-1.188090250475516349e-03
-1.548790390233547058e-03
-5.608565280617786421e-04
-1.953429195171851786e-03
-1.347943563636868182e-03
-4.476190588174366642e-04
-2.652521255779790275e-03
-3.652439863842132537e-04
5.552523404207489926e-04
2.169873187631398814e-03
5.356923900821560988e-03
3.743799100568953250e-03
4.223489161821737843e-03
6.369874353426781960e-03
5.129298490611657220e-03
6.474177726838876643e-03
6.680606314309520642e-03
4.814443744871063115e-03
4.692465581572554702e-03
1.760849124487224443e-03
1.069737512732378413e-04
-5.742903374463235750e-04
-2.280418313323836696e-03
-2.248507152003910610e-03
-2.156175330250012859e-03
-2.281027093882131377e-03
-2.177994238005106879e-03
-1.082017420362138115e-03
-9.974924185827600299e-04
-2.305891314039313939e-04
2.812165922499670120e-03
3.286086066432708855e-03
6.621824536722549330e-03
8.760287849462262966e-03
9.751282796260319838e-03
1.506840157606204045e-02
1.615536650504904859e-02
2.072096181523835901e-02
2.722868376266154161e-02
3.027153223078644234e-02
2.834550161522166045e-02
1.931184596226811698e-02
1.466835677340267742e-02
3.713988723603845778e-03
-2.037264771800048353e-03
-6.706557567224012695e-03
-1.558831172721560077e-02
-1.914275483118656196e-02
-2.548194298231581598e-02
-3.556777487313359659e-02
-4.074687449152737673e-02
-5.206640129058288935e-02
-6.272473940805559089e-02
-7.545458155135401079e-02
-7.740076233070308787e-02
-8.045529868396203432e-02
-8.011745992359453616e-02
-8.039882194509953561e-02
-8.152705021463194091e-02
-8.066450382117619500e-02
-8.177025495055792459e-02
-8.238544042385520516e-02
-8.278891985105452100e-02
-8.321628174294715130e-02
-8.414950528395445661e-02
-8.440530769508805542e-02
-8.632464118290487931e-02
-8.756925566700464458e-02
-8.839013280373679560e-02
-8.881025974735179407e-02
-9.002298709634720675e-02
-8.683337695520315647e-02
-8.804579627385947238e-02
-8.707316958992514233e-02
-8.554074815596962589e-02
-8.818642406040648474e-02
-8.500313763505448761e-02
-8.430983271426967240e-02
-8.137946056724040811e-02
-7.739601758044367674e-02
-7.409433135950835303e-02
-6.681755911985748364e-02
-6.333110285762745539e-02
-5.534072792490647708e-02
-5.134374878633805872e-02
-4.838138351935054871e-02
-4.320483823654628491e-02
-4.067833408758381175e-02
-3.699884635041553876e-02
-3.393377286715835994e-02
-3.102015662756884423e-02
-2.966214092297328464e-02
-3.156683982470608746e-02
-3.354443627720259113e-02
-3.740628088703316922e-02
-3.281131005373884996e-02
-3.491172149705505656e-02
-3.205448165585263187e-02
-1.580620001558312449e-02
-1.159991404736658918e-02
-9.117692417674834113e-03
-5.736327284701627990e-03
-4.929799778217692878e-03
-1.073296394333060622e-02
-1.051323142447686994e-02
-1.774630858860687388e-02
-3.386038407454233790e-02
-4.431364355952892992e-02
-7.114576461506023908e-02
-9.954583756509040315e-02
-1.118988581483712913e-01
-1.344102572419953456e-01
-1.433387946494338872e-01
-1.449043675357289396e-01
-1.501313947710266050e-01
-1.463028156447985506e-01
-1.454236514386815504e-01
-1.443027115312844610e-01
-1.391922483248490550e-01
-1.352535667716610046e-01
-1.310463382861128956e-01
-1.206688570184356740e-01
-1.134081870879805887e-01
-1.020103208714001897e-01
-8.572377127943123232e-02
-7.561726214217009967e-02
-5.543950605419028371e-02
-4.050312304839270849e-02
-2.516040271198174624e-02
-5.234923628717929114e-03
1.871373525647182642e-03
5.897326063771970821e-03
4.058258818274380897e-03
3.317194329907457995e-03
2.487851032577292551e-03
-7.279274085819672623e-04
4.776307647551456502e-03
4.389550358735032874e-03
-1.478767165567250420e-03
-3.804362097342080837e-04
-3.465005149550079953e-03
-4.282139598349704764e-03
-4.553895272961194091e-03
-5.786231581450001181e-03
-5.763239310689447989e-03
-7.308541936956636405e-03
-5.479641648140327372e-03
-1.372351955207681785e-03
6.381105314306050567e-03
8.808050366242064014e-03
9.549291738689014153e-03
1.489427361624835223e-02
1.628382387275312954e-02
2.105139600121385887e-02
2.362203792001272076e-02
2.567250725629511426e-02
2.709924834664165574e-02
2.893571257391514689e-02
2.858719586380279939e-02
2.762944384884420332e-02
2.868895164366074002e-02
2.108430280305524304e-02
2.148539463501494134e-02
2.182729252698447503e-02
2.018681857567958954e-02
2.247348182831863939e-02
2.285530642898930126e-02
2.409805188058916983e-02
2.830600730801654738e-02
2.854493076162275406e-02
3.390430103483309254e-02
3.265617841248941861e-02
3.737438822406560085e-02
4.706979523205448435e-02
4.735124462584325289e-02
6.281204922341857011e-02
7.039668191896093774e-02
7.993889859254213470e-02
9.774381732310478965e-02
9.903904350482398145e-02
1.128621094679937431e-01
1.149164240707508389e-01
1.150554248553625480e-01
1.178952153668109820e-01
1.100596375012536793e-01
1.093798007001889894e-01
1.044376135349737028e-01
9.547896109180262214e-02
9.663964746863713817e-02
8.692745266730073084e-02
7.922293009133546393e-02
6.221653692024213533e-02
4.849597728298470772e-02
3.535363594203882326e-02
2.594473306775978844e-02
1.778047275262788565e-02
1.033457570831094845e-02
5.817920710630275841e-03
4.998652585537279383e-03
1.265783465624986323e-02
1.828155225023705283e-02
1.685173502840169729e-02
1.782177544171125588e-02
1.572029127236138774e-02
1.469039990240044412e-02
1.398115252898557599e-02
1.306400822810583652e-02
1.332218833041929305e-02
1.326573492425825798e-02
1.339035487448139716e-02
1.341373452762417359e-02
1.371542298039884512e-02
1.373445450096274362e-02
1.377727738019282264e-02
1.468453992508443780e-02
1.390510065897208707e-02
1.500663319070368387e-02
1.511871302823957451e-02
1.245674018021549964e-02
1.168461751885658227e-02
1.045451281912981346e-02
1.430620461587149431e-03
6.951345376582851107e-04
-1.577166413915101701e-03
-3.815620679824370878e-03
-2.271735568599326464e-03
-5.497571604902213097e-03
-1.510550648621721264e-03
6.790389591843454210e-04
4.095458185120348475e-03
8.408578273129709707e-03
9.906985702319572387e-03
1.530175063756744093e-02
1.500900458744391756e-02
1.297209414420743591e-02
1.251224964433698093e-02
7.626486840169673445e-03
5.790066212369062403e-03
-6.748543606937741244e-04
-4.135312048079688163e-03
-4.640223819517083279e-03
-1.061236911435313457e-02
-1.089974322122773918e-02
-1.423808464431288584e-02
-1.571709566621972906e-02
-1.130519096787926947e-02
-1.638230663509329665e-02
-1.324662979411084587e-02
-1.482099878554288090e-02
-1.704182959636075384e-02
-1.534866916981851570e-02
-1.896191872447774984e-02
-1.870857785589570554e-02
-2.020228606556589285e-02
-2.296884935132949626e-02
-2.121817892413339901e-02
-2.358925232157466773e-02
-2.324799896875287541e-02
-2.103591409908113843e-02
-2.237268530500384489e-02
-1.227700098473974433e-02
-6.405464584928693625e-03
1.998806933103104114e-05
2.866231325355382727e-03
-9.361350215424894122e-04
4.037485390898291546e-03
1.898823325849191004e-04
-5.010622795084033500e-03
-5.718018586252198755e-03
-1.689276855766466343e-02
-1.867213144292450416e-02
-7.974417437823696705e-03
-1.056986290509227648e-02
-2.053761699362765050e-02
-1.948436822800012069e-02
-2.639510678601868568e-02
-3.022897433088395092e-02
-3.191177611458133334e-02
-3.715903520758387368e-02
-3.895698227110476475e-02
-4.170347555688669328e-02
-4.507621229442458632e-02
-4.632320951189259489e-02
-4.909630046509153717e-02
-5.125573766705964623e-02
-5.195022326849277339e-02
-5.505904090044745625e-02
-5.556416929084807138e-02
-5.633742200546543177e-02
-6.004847251859373597e-02
-5.714535542683327890e-02
-6.013246693094467105e-02
-5.734818913242559213e-02
-4.985082895998448060e-02
-4.984341634725920900e-02
-4.070894076084652369e-02
-3.402817643367461037e-02
-3.135914368191264345e-02
-1.460644731568790447e-02
-1.235481790105059235e-02
-6.421259847585137834e-03
8.629133876295807604e-04
1.803987353487763968e-03
7.772997575988230441e-03
9.817280961262707731e-03
1.055359669947096742e-02
1.204084274522743830e-02
1.142847146288054720e-02
1.190465834282685743e-02
1.207598683834127523e-02
1.177605816806910448e-02
1.168615974609975988e-02
1.170507348363392965e-02
1.086597520622204285e-02
1.101712137713845886e-02
1.076345627679101656e-02
1.068663749920264333e-02
1.068822921318961401e-02
1.053679702754464417e-02
1.046813485223839144e-02
1.040105490541680909e-02
1.034260394388038587e-02
1.031352793586534297e-02
1.028214566406745849e-02
1.026169518475120168e-02
1.024799458602622393e-02
1.023513262532608700e-02
1.022737395027845282e-02
1.022102463507080540e-02
1.021597353957978162e-02
1.021268789026000788e-02
1.020979546398752616e-02
1.020763667243479444e-02
1.020604734224410740e-02
1.020439014420847917e-02
1.020316126568319298e-02
1.020194930277693382e-02
1.020002767049655798e-02
1.019909159753452053e-02
1.019653143408392679e-02
1.019326496859052772e-02
1.019235337355615945e-02
1.018384627614308396e-02
1.018054213252877344e-02
1.017575248943917293e-02
1.015143126007122219e-02
1.015837323503530204e-02
1.012360248310424302e-02
1.008026099536094185e-02
1.011701786674212844e-02
9.952994817688232826e-03
9.973347474956331671e-03
9.975148294310906896e-03
9.473238183341324906e-03
9.946161128029054610e-03
9.253179692833053346e-03
8.376861473688485341e-03
8.800887930053310701e-03
