1.035765885401840510e-03
1.173740878900046865e-03
2.868887848132535209e-03
2.904928969699467622e-03
3.724259285729262028e-03
3.997801263856758970e-03
3.755360141436193608e-03
4.042380795604478064e-03
4.006144334381089335e-03
4.010241504098040546e-03
4.079692746564849218e-03
4.058084053049153608e-03
4.078656835091013649e-03
4.089022464767416709e-03
4.085819335931461550e-03
4.094319041691036817e-03
4.094796173919807748e-03
4.095717844463483970e-03
4.097867628466382063e-03
4.097552997362449538e-03
4.098415536994944389e-03
4.098139195530266232e-03
4.097911799869971561e-03
4.098285607960748707e-03
4.095375044853829041e-03
4.096847642921445931e-03
4.094049944209398814e-03
4.086380299427418324e-03
4.095928987722089430e-03
4.072461530573676450e-03
4.069865076073831897e-03
4.091222191306590622e-03
3.985889882541789053e-03
4.076176056302064504e-03
4.004080198040674277e-03
3.680037583362695541e-03
3.700011873637545998e-03
3.553195098354326731e-03
3.770308568068095161e-03
3.646640496463119351e-03
3.604483231068109864e-03
4.825732013872128384e-03
4.840074814841359950e-03
5.625449360755208073e-03
5.204379178787480777e-03
5.777199170948932316e-03
5.718678635108232974e-03
5.252728137849028110e-03
6.887469143474964778e-03
5.037909419030301914e-03
4.217737199512867213e-03
3.962649892395458256e-03
-4.365178089357732091e-03
-6.298822139744377456e-03
-7.181101126719064559e-03
-1.668852708059351264e-02
-1.640520097401388169e-02
-2.140470849105801168e-02
-2.199056118766106599e-02
-2.365486216501446609e-02
-2.467785729444066378e-02
-1.949041956665493319e-02
-1.884298290657590580e-02
-1.620346295874454390e-02
-1.123695407579637998e-02
-9.934897428008168663e-03
-5.236865771045826415e-03
-2.593571445191111650e-03
1.921582116667041283e-04
4.904749529452480036e-03
6.626785961070210881e-03
1.157905084505406190e-02
1.354850921447432743e-02
1.425917943863058701e-02
1.620391438095231118e-02
1.674477774718365758e-02
1.647125886307407305e-02
1.694702213103225705e-02
1.672559031296538823e-02
1.393543203198009499e-02
1.391539419560339219e-02
1.166972799827425793e-02
9.139389615524309840e-03
7.471753344492315999e-03
3.171201701149976415e-03
-2.945509099663041076e-04
-1.389241773389347182e-03
1.188986674370574956e-03
4.548362212023862247e-03
4.519147653054334836e-03
5.495662685370432399e-03
5.367515539826148846e-03
4.957227762814975930e-03
4.184670026925583868e-03
-1.081511056424393647e-03
-3.464612326887538465e-03
-4.067992244690914541e-03
-4.479505283437476559e-03
-3.734332433498570303e-03
6.342306997851945849e-05
4.176970682149552458e-03
2.296233387957410943e-03
2.137705079716131426e-03
2.897006318983674691e-03
2.155094720785473601e-03
5.783852540662975245e-03
6.590577907386849059e-03
7.516354037827139255e-03
1.170363035729476454e-02
1.022466450654974796e-02
1.391479629343076591e-02
1.344788358152874085e-02
1.149781574335101419e-02
1.411068532517808539e-02
1.076373276968352506e-02
1.300773593162496758e-02
1.507232286847715562e-02
1.647472332711492904e-02
1.952341051930170726e-02
1.959431389004484200e-02
2.182789793172412035e-02
1.860425076096080058e-02
1.736548502582772185e-02
1.845133461025294172e-02
1.679335759462600650e-02
1.784048725758442117e-02
1.926100182240102904e-02
1.970683548568149049e-02
2.108847846593572828e-02
2.010778814626124761e-02
1.984540207054745833e-02
1.944762148432669507e-02
1.795823651384439654e-02
1.639640949201426681e-02
1.461922287991044948e-02
9.108926499143075659e-03
7.054782045492577480e-03
6.639530219417216425e-03
3.233945431297327502e-03
3.621468121450280037e-03
4.422752272348189420e-03
3.202948944169191781e-03
2.545657785306487588e-03
2.823246820159508626e-03
-1.565634347768298960e-03
-2.309519566826440280e-03
-3.034124773973844672e-03
-8.088678290731954323e-03
-8.017727538247009997e-03
-1.168071977248866244e-02
-1.259331247970783135e-02
-1.394202949557313276e-02
-1.366378842534463241e-02
-1.213370489416833176e-02
-1.276316431558027938e-02
-8.567618157963849401e-03
-8.408791259232609866e-03
-1.282938791501804510e-02
-1.018070050033191565e-02
-1.253445459237381189e-02
-1.011485045452255663e-02
-3.138813374690165026e-03
-4.533303943549907289e-03
1.937780075097795011e-04
4.245608132619851406e-04
-1.927382619877764623e-03
4.383184728462048317e-04
-2.385535804462167279e-03
3.889691140483535203e-05
2.423838778083886591e-03
5.690594387138576613e-03
1.384463766244834262e-02
1.574087311969103037e-02
2.497673864306112004e-02
2.665624629564629366e-02
2.064652882266276163e-02
2.317585111987883334e-02
1.166486279886874526e-02
6.433895752832744300e-03
7.026696985480926708e-03
-1.306507803948769690e-03
-1.771362275970697099e-03
-4.354281865352882010e-03
-8.727338620054449908e-03
-8.509994693360750651e-03
-1.038689011825633980e-02
-1.120500072745837447e-02
-1.133294613332754691e-02
-1.211617129721236433e-02
-1.489055687782979767e-02
-1.417588240982613906e-02
-1.524974310488358409e-02
-1.533150302804086110e-02
-1.377653386934163220e-02
-1.473329804784607490e-02
-1.218241620761953067e-02
-1.222191047551402475e-02
-1.341218130355877232e-02
-1.220848999152950899e-02
-1.411084491758093223e-02
-1.492193752794638596e-02
-1.515234963169537034e-02
-1.872466989685812183e-02
-1.935061046312717623e-02
-1.990642731500712193e-02
-2.236805833061641935e-02
-2.181696387298306603e-02
-2.307651890067750206e-02
-2.471175060648928695e-02
-2.316868039081330238e-02
-2.571479041515689276e-02
-2.462367909592954804e-02
-2.120100238095421613e-02
-1.976169616365753418e-02
-1.378628213655089772e-02
-9.714825182747069063e-03
-7.078686260003382372e-03
-1.377251219812991286e-03
-1.070160074566040530e-04
-4.466475581438031969e-04
2.071189143123419556e-03
1.846314200476779216e-03
2.908964218176861120e-03
5.557380897363455030e-03
5.728590325293385528e-03
6.886024819534522848e-03
7.161618014559731696e-03
7.566573873519342845e-03
6.896712288117574224e-03
7.255675031421568964e-03
6.459504909969581918e-03
2.721246683587232040e-03
2.330750271004668715e-03
1.541008258789632480e-03
1.086221606416800517e-03
4.833365491135426656e-03
6.649727263130079599e-03
4.127056426638957276e-03
7.423713404310599076e-03
1.147519506621316396e-02
9.534959150727308208e-03
1.916359405877206268e-02
1.733571555133167630e-02
1.162834554217613559e-02
1.253363667030908332e-02
3.267460444953134476e-03
-6.643522888392493914e-06
2.091140862079974259e-03
-2.609748528858161533e-03
-1.696919119419226969e-03
2.428805799760362129e-03
2.163904127804181649e-03
8.170062579906291894e-03
1.598178399814097553e-02
2.173045121496128274e-02
2.505701631834652415e-02
2.575473790831170340e-02
2.563125498484903481e-02
2.505962871419486343e-02
2.453552588186301217e-02
2.360531388658949209e-02
2.339394939350490643e-02
2.240722440169864993e-02
2.225234875309860944e-02
2.086576781648579598e-02
1.722726925127664177e-02
1.476311215965223252e-02
1.221536510227107242e-02
9.817628504005740039e-03
1.185164426724258716e-02
9.957853014699240973e-03
1.065313203662854660e-02
1.336239015006937536e-02
1.419894780300694215e-02
1.479468180693078484e-02
1.562185704133714319e-02
1.644132911611818904e-02
1.479290167228241269e-02
1.741467372114442747e-02
1.846898749108960916e-02
1.992602887766702080e-02
2.594719939804424058e-02
2.575512227445659469e-02
2.541072584472757467e-02
2.556649718329585819e-02
2.016728307809268275e-02
1.564710546097512756e-02
1.232266158534391434e-02
5.826470595662510896e-03
-2.799350389448272171e-04
-5.135891292780828295e-03
-1.021898864460076342e-02
-1.302070715484346039e-02
-1.674005183870108313e-02
-1.798190674416004498e-02
-1.809101761080356141e-02
-1.974387629663152885e-02
-1.930842344100685767e-02
-1.947128165404668487e-02
-2.020239936650804549e-02
-1.877619804801899939e-02
-1.920278665772801735e-02
-1.837072523222480283e-02
-1.533821258302463762e-02
-1.432225324766799035e-02
-1.207311680246860031e-02
-9.931877690622748639e-03
-8.668846537411897119e-03
-6.433521255095372114e-03
-4.539828292869918513e-03
-3.075504304874542884e-03
-2.168106801981127714e-03
-1.254465270185226586e-03
-5.674604879177967600e-04
3.132712870920447475e-05
7.331469281347231066e-04
1.662235041438993050e-03
2.115737549730874016e-03
3.538768511015156701e-03
3.738069848499867703e-03
3.146707244643960795e-03
3.561457052020655656e-03
3.467968321343028668e-03
2.812697397428314938e-03
3.475896244994583668e-03
2.594772135512609778e-03
7.606579193942873511e-04
-2.913004600292671544e-04
-5.440186345170871553e-04
8.857587788423614255e-04
1.719524558680754923e-03
6.660462587930682243e-03
8.817531897116721168e-03
1.068337978458284640e-02
1.750995612574634402e-02
1.812101492441030998e-02
1.630578333679158498e-02
1.809459891386243358e-02
1.744483414045849140e-02
1.639855820318122936e-02
1.657671309585412658e-02
1.597820994147973808e-02
1.203543378912101322e-02
1.174479130209459508e-02
1.096154119141444852e-02
9.611977123232140485e-03
9.585063663177826460e-03
8.496664791455721399e-03
7.662047029039021143e-03
7.605608748896953812e-03
4.803706191088375627e-03
4.776275402753825047e-03
4.245408469944660437e-03
3.573934612821540874e-03
3.522290207244668878e-03
3.231306276371983220e-03
2.999533636842461552e-03
2.838815134785026197e-03
2.745298139525704107e-03
2.234521380225575147e-03
2.179576676156474036e-03
2.057656086480974880e-03
2.099555089146502157e-03
2.411884046068137576e-03
2.391277994787989209e-03
2.314377768628535226e-03
2.357128912031555314e-03
2.259256395008017032e-03
2.258384124290133306e-03
2.247687810008547164e-03
2.222996563337297903e-03
2.224925228166879047e-03
2.216278090091343585e-03
2.211699236610136562e-03
2.211178274700670906e-03
2.208074671762204864e-03
2.207464790057071975e-03
2.206809394018127701e-03
2.206552236959381883e-03
2.206482064198109997e-03
2.206720843348124097e-03
2.208550832303775475e-03
2.207671695777981263e-03
2.211804126551156213e-03
2.215356536777074101e-03
2.212335344171345673e-03
2.232988453357363356e-03
2.227428999029521049e-03
2.234924333784419053e-03
2.301771412396852977e-03
2.231666925247698975e-03
2.362232891861324943e-03
2.456753627849729560e-03
2.215036137858516791e-03
3.024659021202797185e-03
3.126422105822149883e-03
