-4.323795373295429012e-02
-4.473550906302257296e-02
-8.079097769227960857e-02
-8.424469782530279172e-02
-8.561258155638482026e-02
-9.181256217240160722e-02
-8.693226710687013137e-02
-8.903090404911057076e-02
-8.918399717018879458e-02
-8.827333142034965441e-02
-8.905516036232137556e-02
-8.874661733016198095e-02
-8.872860686698448573e-02
-8.887800539569594427e-02
-8.876073812600109025e-02
-8.881091825611119039e-02
-8.881588586437186295e-02
-8.879317779680871714e-02
-8.881156415643469415e-02
-8.880273417987083473e-02
-8.880044468233641575e-02
-8.880138280127616857e-02
-8.879305561108219447e-02
-8.879007528181823150e-02
-8.877942535058686024e-02
-8.876447804068732239e-02
-8.875383274049375437e-02
-8.871332616005325744e-02
-8.868589019450183464e-02
-8.864004691084931276e-02
-8.851159915771117381e-02
-8.848438204515156336e-02
-8.825109523578321402e-02
-8.795319849069609119e-02
-8.792453533262836740e-02
-8.680084703227895770e-02
-8.580485639565590961e-02
-8.599162991730478767e-02
-8.346031386290615750e-02
-8.227752760153719813e-02
-8.248175435676925737e-02
-7.257631260669344941e-02
-7.161436215744595990e-02
-6.925859268841035032e-02
-6.364902222257699804e-02
-6.437232601733973436e-02
-6.439337783799806147e-02
-6.479878229518953869e-02
-6.900560224996410419e-02
-7.006654641692589003e-02
-6.995901171237918492e-02
-6.999063195186691622e-02
-5.631012104860944750e-02
-3.373688605020557646e-02
-8.269355062035899789e-03
-1.447324225484997347e-02
-1.220066449636487624e-02
-1.830062413413520439e-02
-4.104457259273639608e-02
-4.247602438682261672e-02
-5.599130872836133310e-02
-1.023225855184275584e-01
-1.068279599079377806e-01
-1.327009503671404411e-01
-1.402760583197792676e-01
-1.592948629894317403e-01
-1.582975871886483366e-01
-1.591994368989620989e-01
-1.590657695750087863e-01
-1.556422995794278785e-01
-1.571597182968523521e-01
-1.537951370591925382e-01
-1.528386241811680868e-01
-1.503572048155545071e-01
-1.479943333037902486e-01
-1.481797211807718562e-01
-1.485916047431059539e-01
-1.515292713669552094e-01
-1.548929454044532528e-01
-1.549549784103143035e-01
-1.476174784432284781e-01
-1.452631796451469282e-01
-1.299252617640875851e-01
-1.223328014876126635e-01
-1.105261873141495377e-01
-9.855450196087388315e-02
-9.390684929165772632e-02
-7.212992747686440553e-02
-6.925516449333629643e-02
-7.101263164205950940e-02
-6.451566968313106332e-02
-6.447874653175682258e-02
-6.586405300534936558e-02
-6.461086557477010994e-02
-6.198935652684910841e-02
-6.270537825015141953e-02
-6.663956946824210748e-02
-6.694351044705998399e-02
-6.900737441322943311e-02
-7.176210143752104198e-02
-6.743354638109803900e-02
-7.261556118653415826e-02
-5.892106852061535643e-02
-6.676047916744984323e-02
-1.177370988517888600e-01
-1.519192118097407451e-01
-1.885423073235015234e-01
-2.186252331505407209e-01
-2.315737584228253487e-01
-2.196016318759878294e-01
-2.194028838454472052e-01
-2.133152211948348698e-01
-1.936465038540760852e-01
-1.843197271734261511e-01
-1.607093349269196059e-01
-1.442634402063480148e-01
-1.452738010321699136e-01
-1.256172737607043621e-01
-1.273722254826894218e-01
-1.251408966019967317e-01
-1.178998936130821185e-01
-1.270550547235504424e-01
-1.178100459348306733e-01
-1.232241767186788295e-01
-1.205827539527399295e-01
-1.106987919030096301e-01
-1.276042207015525010e-01
-1.176022537082820896e-01
-1.197836590656249089e-01
-1.416331692773840079e-01
-1.497668778791024780e-01
-1.596340909444082801e-01
-1.728947827978820073e-01
-1.717392099851446363e-01
-1.813645099303231867e-01
-1.815689537560745970e-01
-1.755425066303075154e-01
-1.812079420814572406e-01
-1.702555519577708676e-01
-1.693329960292782599e-01
-1.649206250353712488e-01
-1.473596286243233910e-01
-1.436191547067292851e-01
-1.355381726111712093e-01
-1.252911146271042109e-01
-1.275845520510379139e-01
-1.195896689250659783e-01
-1.144377513506823901e-01
-1.151761843216994041e-01
-9.913061210692633574e-02
-9.689157932519801286e-02
-8.165697078035252798e-02
-7.211729358867331741e-02
-6.830102409422690590e-02
-7.101100078019507988e-02
-7.336864674020136812e-02
-7.997024672511492127e-02
-8.284919531993842345e-02
-9.003952516070889978e-02
-9.246343921956516609e-02
-1.015383687819828296e-01
-1.015166946732750652e-01
-9.572598401048984518e-02
-9.582598733052452578e-02
-9.274947060785150577e-02
-8.729463190539184236e-02
-8.112109265870565133e-02
-7.780899889791281776e-02
-6.016627735278164829e-02
-6.052857438575105775e-02
-7.307206263974898308e-02
-6.931365213010388937e-02
-6.422676318675246687e-02
-6.966174444714347269e-02
-6.524421774233506166e-02
-6.692849321111818406e-02
-6.905534818389799656e-02
-5.733882079172648166e-02
-5.876285065449156353e-02
-4.266978588618396823e-02
-1.964234585307812406e-02
-1.413114076027146594e-02
6.230252600924979407e-03
4.644587964157695023e-03
1.143594995293129545e-02
1.603630131205727866e-02
-1.010795842140187195e-02
-1.631267451611580904e-02
-5.482730825009728831e-02
-7.025985458335780309e-02
-9.429118614423705191e-02
-1.306905119276992600e-01
-1.506769350478938674e-01
-2.002088934331516801e-01
-2.099846890046821180e-01
-2.374651751619774875e-01
-2.544966998898047783e-01
-2.675029164744816557e-01
-2.784822229402057481e-01
-2.856251659579305269e-01
-2.910460139935354684e-01
-2.985716914540664790e-01
-3.013580498664607532e-01
-3.049960789788545568e-01
-3.118382738565427803e-01
-3.087729779185152124e-01
-3.141767533908960686e-01
-3.121258063381850967e-01
-2.982519320095634585e-01
-2.908088825250244591e-01
-2.636068942437532758e-01
-2.416648661179583435e-01
-2.230666711724636486e-01
-1.899362167369543775e-01
-1.613636771904630451e-01
-1.334303551475359007e-01
-1.278909971473993490e-01
-1.189276560339902478e-01
-1.095683205761367324e-01
-1.165622895481026600e-01
-1.257486556836331926e-01
-1.353584602851118646e-01
-1.328199888710013821e-01
-1.384181083461887285e-01
-1.220023244884716473e-01
-1.131227284246271725e-01
-7.948105918053195718e-02
-7.589204497416411621e-02
-6.075159474088066835e-02
-5.770292314061885308e-02
-5.905556923445502704e-02
-3.461315192935721791e-02
-3.339187767208327828e-02
-2.383181180693488832e-02
-1.609810085852694458e-02
-2.298598476482853134e-02
-9.310877771886726800e-03
-1.469803177113340048e-02
-2.136053499469221101e-02
-3.684977200501569211e-02
-6.979386601300019422e-02
-7.913736097918720735e-02
-1.337256313754985881e-01
-1.452272456652780874e-01
-1.494906848631693541e-01
-1.693721330693934990e-01
-1.634897580653532079e-01
-1.652857620252876081e-01
-1.856203549982093359e-01
-1.738635308581908678e-01
-1.639949637474131250e-01
-1.244696559233406108e-01
-1.164566666380886378e-01
-9.801238211173528281e-02
-7.930001479195378233e-02
-8.766740839006617603e-02
-6.948899418035643649e-02
-7.678919345060455925e-02
-9.975224462263758418e-02
-9.578557055370873208e-02
-8.383737831254023387e-02
-7.260379054458661330e-02
-8.114695048524674104e-02
-7.036813879009354289e-02
-8.386907187195002944e-02
-8.075857323977581048e-02
-8.894425228086309809e-02
-1.179930962378850506e-01
-1.843927691453103868e-01
-2.227447556289294250e-01
-2.347652534043161432e-01
-2.405462395652636087e-01
-2.365884738444306856e-01
-2.416951105472290029e-01
-2.349145157830920816e-01
-2.263472350835746272e-01
-2.315049252453300621e-01
-2.247310241819330812e-01
-2.362295628710123219e-01
-2.375034255014179529e-01
-2.400802699123197326e-01
-2.474294960529085929e-01
-2.375401762049577925e-01
-2.442523838097239719e-01
-2.397501319280495036e-01
-2.401397890015449510e-01
-2.494140223114571508e-01
-2.526137467474875442e-01
-2.652353955314522560e-01
-2.687867766365436006e-01
-2.810873228950505065e-01
-2.810806132264964119e-01
-2.819652176324026205e-01
-2.674665252262417581e-01
-2.370180125678665872e-01
-2.202715550589019466e-01
-2.243182221003289789e-01
-2.121498521397758852e-01
-2.067444826364958910e-01
-2.016795016458577949e-01
-1.829105107126558494e-01
-1.889881461490947601e-01
-1.769441390328176655e-01
-1.711555261401874195e-01
-1.736612792910305902e-01
-1.599938413603457232e-01
-1.625802637067207401e-01
-1.587711251570647908e-01
-1.523632112262334470e-01
-1.561858972391793055e-01
-1.504359394218178769e-01
-1.341026804256715277e-01
-1.300143459391792655e-01
-1.092391618994641156e-01
-9.412865929718980396e-02
-8.784683131997475525e-02
-7.624056419076188917e-02
-7.810302909205790733e-02
-8.536440242563449188e-02
-8.425455511125903851e-02
-9.256836623586203738e-02
-9.398537412543661596e-02
-1.022915045158081376e-01
-1.025927957599575696e-01
-9.617040822867868599e-02
-9.625914361504253614e-02
-9.317822164235961546e-02
-8.748382702438134428e-02
-8.147563407785826661e-02
-7.809231411685668700e-02
-6.036697873110351276e-02
-6.122952053832581010e-02
-7.331851902746491789e-02
-7.012908640450246645e-02
-6.582564191089326777e-02
-6.978613830182736621e-02
-6.873483713552758223e-02
-6.913606633941123125e-02
-7.048459453863833990e-02
-7.154854537260081637e-02
-6.971280083760762747e-02
-6.885357967345720476e-02
-5.484503170288842350e-02
-2.831754402799035661e-02
-6.351587848935161436e-03
-1.581498832417831124e-02
-2.412523199610034155e-02
-4.317648593137875246e-02
-6.488895022547165603e-02
-7.154137704128785136e-02
-1.164818589924182524e-01
-1.307180609672345950e-01
-1.619849340358047729e-01
-2.102057501454151489e-01
-2.370370963575866574e-01
-2.313889558845337313e-01
-2.220627949360012288e-01
-2.050394859860222851e-01
-1.978683793098334198e-01
-1.837178411412022649e-01
-1.755908252389200008e-01
-1.717011809399910383e-01
-1.616259116028161136e-01
-1.606733428068824465e-01
-1.561291139261526406e-01
-1.499209889612532765e-01
-1.508514663435341352e-01
-1.406931592107334150e-01
-1.195489153967621565e-01
-9.435504713953414557e-02
-7.367809821564286210e-02
-5.344654257513973411e-02
-4.844883260240959166e-02
-4.162699921400579012e-02
-3.747045795402729335e-02
-4.428708603651803494e-02
-4.544158413171171113e-02
-5.694817623240831794e-02
-7.404404807486862639e-02
-8.828824209796963529e-02
-7.281865649079119485e-02
-7.232136193532395785e-02
-5.960192712025917661e-02
-4.052383286501712312e-02
-3.857064683235495589e-02
-3.606387756962812358e-02
-2.259258645754649159e-02
-2.213018901359272567e-02
-1.920043740904834803e-02
-1.487713707786976654e-02
-1.562305382837668802e-02
-1.524219099635020988e-02
-1.108305812666142941e-02
-1.825412261096854769e-02
-1.640156829803913335e-02
-2.617123214825091762e-02
-5.284851637501951360e-02
-5.254627019188178733e-02
-7.127119087669082920e-02
-8.076481291004716789e-02
-7.440320556756510606e-02
-7.641504302404523996e-02
-5.989829053080837629e-02
-2.505475613885206274e-02
-2.766418969499511230e-02
-2.691901046308258459e-03
-7.024177153464724807e-04
-4.028431883579673689e-02
-5.806529155800720099e-02
-9.686945673278873903e-02
-1.328017964126341766e-01
-1.704917189033033353e-01
-1.696255811684962422e-01
-1.863730135389120579e-01
-1.765551373130819779e-01
-1.841582377539432436e-01
-1.885290334613733132e-01
-1.809590109077546249e-01
-1.978794781350061427e-01
-1.909602586905591870e-01
-1.744866039770735788e-01
-1.668910515603899136e-01
-1.540439238361799024e-01
-1.442974989902813532e-01
-1.385737004273726869e-01
-1.365239673533963083e-01
-1.334259656520617177e-01
-1.300297791045035845e-01
-1.305141946004467202e-01
-1.301267272508451478e-01
-1.329289542018654569e-01
-1.345938735450987467e-01
-1.368218973861463628e-01
-1.405264884083298749e-01
-1.426495562196439526e-01
-1.480267929296391893e-01
-1.259580240707074972e-01
-1.184098307036837577e-01
-1.077062570853747625e-01
-7.105711498221971290e-02
-7.481515332610684521e-02
-6.792365373008098228e-02
-6.412927006540801445e-02
-5.656231924239902425e-02
-5.788169753272556090e-02
-5.281703321818678049e-02
-2.089868613498479383e-02
-1.991098852709104194e-02
-5.107722053777759459e-03
2.635135266167314572e-03
-3.146902948451473208e-03
-3.699694478936146717e-03
-1.582717313582942403e-02
-2.815152081449839166e-02
-3.279427722051821842e-02
-3.884102025994976698e-02
-4.253310936758595423e-02
-4.822100828052747201e-02
-5.290396545244676479e-02
-5.451235338160573957e-02
-7.011269395285928130e-02
-7.216508071249996825e-02
-7.734169344743810348e-02
-8.359576150826548979e-02
-8.563707736107024904e-02
-8.965587299174523905e-02
-9.636798714677803634e-02
-9.735744489652495282e-02
-1.045090826794110722e-01
-1.042270185052044384e-01
-1.028129814632041256e-01
-1.046809513695758087e-01
-1.033870901138759235e-01
-1.035825007701594858e-01
-1.033658154027318476e-01
-1.021055797978340507e-01
-1.025360013820402899e-01
-9.986112361404468618e-02
-9.887991469286555590e-02
-9.838578374856865594e-02
-8.884372299783929727e-02
-8.835889070110913845e-02
-8.629446181728989140e-02
-8.774514477775012533e-02
-8.795093818093806248e-02
-8.788354539023021661e-02
-8.837071269800522710e-02
-8.832075879668042917e-02
-8.842020598408191490e-02
-8.852351059302455971e-02
-8.851115175455571971e-02
-8.856297022930105511e-02
-8.857571652100959536e-02
-8.858125570562207229e-02
-8.859162703680188711e-02
-8.858816995000182160e-02
-8.859341251500971182e-02
-8.856890698100843007e-02
-8.857256742808319872e-02
-8.855354196887016416e-02
-8.846931347497848097e-02
-8.853343103230382205e-02
-8.834647969421537128e-02
-8.823407431855589955e-02
-8.842240798519603040e-02
-8.751340537663164498e-02
-8.796849083047239559e-02
-8.764206356366005535e-02
-8.493472384137046305e-02
-8.850912958470964764e-02
-8.243387324298320773e-02
-7.911260257429657272e-02
-8.296709377031628863e-02
