-2.128542115600968662e-03
-2.496117682408852470e-03
-6.017526966946332503e-03
-5.728037693650146062e-03
-8.251392592767699263e-03
-9.356131155047473294e-03
-1.000159420577249533e-02
-1.116179597395880289e-02
-1.154482035628540647e-02
-1.203645967444741914e-02
-1.244226851219977156e-02
-1.263117418008004485e-02
-1.279667015565995498e-02
-1.289595552523288384e-02
-1.292399653372534873e-02
-1.274060569501835917e-02
-1.279033344561848577e-02
-1.242502772458516612e-02
-1.195671513308682078e-02
-1.211985592430924429e-02
-1.062420109040410933e-02
-1.073735337093642203e-02
-1.058045860522883845e-02
-1.027279145001936365e-02
-1.055518315663931360e-02
-1.104256203776423327e-02
-1.094228353880940738e-02
-1.222256544004080361e-02
-1.326700540331839789e-02
-1.312536204573721416e-02
-1.774157262662665394e-02
-1.739142700967760691e-02
-1.682329674245522030e-02
-1.691557177235748777e-02
-1.773873682018291612e-02
-1.905842675276150228e-02
-2.042526275331472616e-02
-2.263745408575016521e-02
-2.461003654040860508e-02
-2.511329504035905366e-02
-2.852621477760501276e-02
-2.851071228392609846e-02
-2.958940137887806562e-02
-3.137858303571029739e-02
-2.975959785380259334e-02
-3.067386178452973997e-02
-3.095978379001289998e-02
-2.627799687447467114e-02
-2.758394240750917242e-02
-2.476762904790559897e-02
-2.264799661903280081e-02
-2.553493645171534682e-02
-2.344840593116122307e-02
-2.489643056117633521e-02
-2.641677623711552111e-02
-2.437677960163541629e-02
-2.793404311610396193e-02
-2.842563907019136221e-02
-2.915178031953239574e-02
-2.844298313844923626e-02
-1.817728641171013904e-02
-1.582800072658734417e-02
-1.734517956203939296e-02
-1.216236859070113883e-02
-1.300270495126328030e-02
-8.335868933753234206e-03
-5.511242486440214895e-03
1.401874372233125185e-03
8.945344299602066285e-03
1.696267905995895234e-02
2.033609731695475500e-02
2.471734677153445553e-02
2.690064627237399864e-02
2.991205635429420445e-02
3.221428617211470613e-02
3.474528503267959589e-02
3.771268344418246543e-02
3.517874042990414007e-02
3.671107133504021569e-02
3.515320431495744941e-02
3.027035785744981722e-02
2.908383508303067841e-02
2.699993373630930893e-02
2.421501295024269113e-02
2.269747725547845152e-02
1.787243288338069558e-02
1.190230673951382830e-02
8.344070605834174800e-03
2.183765435707035827e-03
-3.315750594990533092e-03
-5.894541355431191960e-03
-1.085580451353475480e-02
-1.225306406240129174e-02
-1.118507589620300682e-02
-1.359884256822454542e-02
-1.275474118730283123e-02
-1.067231323009284159e-02
-1.133163524582654104e-02
-5.766434945896462688e-03
-5.300509450327010180e-03
-6.680371454484287930e-03
-3.785154205588722037e-03
-1.099222044298875205e-02
-1.139953108455769165e-02
-8.023536524336297854e-03
-1.212807515080481166e-02
-8.342924208050519347e-03
-3.365493109545876927e-03
-2.630030917496415863e-03
4.649971381314839218e-03
6.436448989933175359e-03
9.269809975529117937e-03
1.308667965001575166e-02
1.319201547902471711e-02
1.853436940732909252e-02
2.107785806956133032e-02
2.317082347304322276e-02
2.893196459360216147e-02
3.051952900234381275e-02
3.436528734990208778e-02
3.935620879068850442e-02
4.087720469843986876e-02
4.467544553707444854e-02
4.490978297854257562e-02
4.380564075061932350e-02
4.132223229417471971e-02
3.558397680983319683e-02
3.538086383395124684e-02
3.226657357467606346e-02
3.121134922448556490e-02
2.766131715298536173e-02
2.605919720501450113e-02
2.542215953189077421e-02
2.266895599715792672e-02
2.250770031459425197e-02
2.161508667291113517e-02
2.078001810931343063e-02
2.165979507864610951e-02
2.219762594983478235e-02
2.235995436722543889e-02
2.560007515758796690e-02
2.622585387519710612e-02
2.837722797987648690e-02
3.483986448278200698e-02
3.544359724590442906e-02
4.143662238476952114e-02
4.426095730732530070e-02
4.538774340780433320e-02
5.319711968372569516e-02
4.810106423226870320e-02
5.381921745569295812e-02
4.534184801594383363e-02
4.663297252570518941e-02
4.667565658054356748e-02
4.170784785660717336e-02
4.549771140459554081e-02
4.095106868190617061e-02
4.168123418667640800e-02
4.536280173207819094e-02
4.340773150679518022e-02
4.934762522326761880e-02
5.193200208353235953e-02
5.338692262342318445e-02
6.375246039393309139e-02
6.389819232215294964e-02
7.318534096026441116e-02
7.549649621926715626e-02
7.311249285538019838e-02
7.672562186866152545e-02
7.358891096783276575e-02
7.118827299519296659e-02
6.603237636696640545e-02
5.757559173165672367e-02
5.334464883632662746e-02
5.004645249830893400e-02
4.442206027694457771e-02
4.689484953566937925e-02
4.668821377580689019e-02
4.771300635316946814e-02
4.726159428260252870e-02
4.456955882566811938e-02
4.504948841406275495e-02
4.383896024191446389e-02
4.160099209557936717e-02
4.363676647733259056e-02
3.958792546425862757e-02
3.943621383606698422e-02
3.866829284731697347e-02
2.740773140546146416e-02
2.880722231796068594e-02
2.591175638016270447e-02
2.321938611132464553e-02
2.753237036363695781e-02
2.361038377269283894e-02
2.644105138228199786e-02
2.661524831720766399e-02
2.270958694703070074e-02
2.547569214818603059e-02
2.033879827108152002e-02
1.742963192798760788e-02
1.315908701934520759e-02
4.112904591547821703e-03
3.857256166758008756e-03
-3.858278347772047846e-03
-5.147702478056915762e-03
-5.266141296626744225e-03
-1.059095826079999893e-02
-7.736840662206967249e-03
-1.125593267854357697e-02
-1.432059650033558687e-02
-1.432515788679592991e-02
-1.819057570713394217e-02
-1.601067212837920320e-02
-1.420005412527522437e-02
-1.406730712475360093e-02
-9.212897001269948830e-03
-8.510918986801743746e-03
-7.752231248146873761e-03
-5.766365242997454482e-03
-8.367547245648684906e-03
-6.484323725636707142e-03
-7.786550675830570048e-03
-7.489683861627379272e-03
-4.107041650122733936e-03
-4.688246568325669592e-03
4.547182254696107069e-04
3.141588776965067217e-03
6.430252617140774264e-03
1.500800394060007939e-02
1.800888317263263719e-02
2.479850581601734591e-02
2.888907239961144985e-02
3.279532630563091605e-02
4.200414683207228522e-02
4.921061538135148433e-02
5.729140834627794582e-02
6.286126205467806871e-02
7.007110369276312034e-02
7.184870634559402391e-02
7.741809184360733120e-02
8.196242052251662136e-02
7.967895496710025727e-02
8.533139576235997115e-02
8.364966240968990663e-02
8.176595028128810783e-02
8.157017345219921833e-02
7.748886691077870592e-02
7.474896368317887618e-02
6.986314155411980920e-02
6.578016678372160253e-02
5.839825660400707608e-02
5.217988039913755427e-02
4.962068676529635125e-02
4.278755559032110939e-02
3.273051147971633296e-02
2.788562536143357126e-02
1.889812883439722507e-02
1.035349395330918340e-02
6.794446889146256614e-03
1.176952174173557158e-04
-7.142436828529542337e-04
-8.010295038286927190e-04
-2.426790195765584149e-03
-8.556348044646325778e-04
-1.605947371038491528e-03
6.394654348591583166e-04
1.000434247272514662e-03
2.780455807373230699e-04
1.555427193755465733e-03
1.623270438146690378e-03
1.390203434539432226e-03
2.718185772792156354e-03
2.587569392344439556e-03
1.927301938498381627e-03
1.961988839551805693e-03
1.849099930803457846e-03
2.047169897136598676e-03
9.003352666594249473e-04
5.757867818214192426e-04
6.173898969316627110e-04
-4.546781009739485758e-04
8.209256207454086523e-04
5.431881487223941046e-04
-4.626637513702081970e-05
8.906771545317902338e-04
2.175415495998927248e-03
5.612924257248032810e-03
8.845975006720942224e-03
1.117743221357143067e-02
1.020120122648526459e-02
9.262393675279371325e-03
6.966261453659013635e-03
2.091617128974901547e-03
1.595221104650482635e-04
-4.691715917700049580e-03
-6.814287471445365854e-03
-6.901892984638782584e-03
-1.016642606986724491e-02
-8.047590621733448010e-03
-7.121644875139453851e-03
-5.810760462016548167e-03
7.897998816138857275e-04
1.965975457385346192e-03
6.939606603519395990e-03
1.142956350160211423e-02
1.238935276943099392e-02
1.569252001404738625e-02
1.580216822775896632e-02
1.635830024457977580e-02
1.650372211614038742e-02
1.562647035291515885e-02
1.443659188719501399e-02
1.380483475405165986e-02
1.209733894897391943e-02
1.031437106909206119e-02
8.902816800804316116e-03
6.243003398464158811e-03
4.008497853384254510e-03
1.960111917683371192e-03
-1.765149477497397453e-03
-3.703831032141155933e-03
-6.901849628663573287e-03
-1.086364596746943953e-02
-1.185030517159270033e-02
-1.627308904892365432e-02
-1.899430500451798620e-02
-2.057740890073071066e-02
-2.768070585986882881e-02
-2.886775682386602537e-02
-3.420857984735092144e-02
-4.366859171907442466e-02
-4.498026201111885586e-02
-6.036882823639673490e-02
-6.890696421359203405e-02
-7.998783602489499545e-02
-9.972142708503418940e-02
-1.072784177820610974e-01
-1.201483288424309015e-01
-1.299604526619367595e-01
-1.360322214730113055e-01
-1.430091276974974068e-01
-1.428006257002284451e-01
-1.340128763957964264e-01
-1.362723949231211817e-01
-1.190349626402996130e-01
-1.156392903606867778e-01
-1.073300463062194926e-01
-9.532029631640509537e-02
-9.267183832154722578e-02
-8.101239958108978623e-02
-7.486765875122143588e-02
-6.952394824380740690e-02
-5.867997569102861855e-02
-5.099947489503178777e-02
-4.375009975092359477e-02
-2.805808151490437469e-02
-2.327575294945074397e-02
-1.432618124976012437e-02
-8.302903795618845478e-03
-5.372620852385919486e-03
1.526737400709012428e-03
4.474313222827979754e-03
1.107816307741918936e-02
1.969575381633749400e-02
2.505252149089767788e-02
2.743837297061794273e-02
2.364293654770610598e-02
2.430640993993960983e-02
2.330358053283337894e-02
2.142932845470026798e-02
2.440747595919050619e-02
2.327477056883397316e-02
2.350318150353166921e-02
2.457287951498392936e-02
2.292166861626033017e-02
2.312894967896428691e-02
2.266694568230901916e-02
2.044034286961973410e-02
2.054098886601939469e-02
1.881147289702817318e-02
1.789875558093122557e-02
1.750264055430502882e-02
1.620311595124719964e-02
1.593621009646216391e-02
1.526607460321044614e-02
1.462296604708305386e-02
1.442117050164703519e-02
1.384268194771923893e-02
1.360625589783105369e-02
1.333506201790328818e-02
1.303086796499571681e-02
1.291324062743771060e-02
1.267794286416712955e-02
1.261480706850338918e-02
1.246131440938368432e-02
1.239891787609193226e-02
1.237041345893810304e-02
1.210132591816270690e-02
1.199828711948815012e-02
1.104634102920757331e-02
1.048926180134900944e-02
9.071587363056604625e-03
7.742282301895274908e-03
6.772987380465214299e-03
3.207499834675006569e-03
1.485487721893513895e-03
-2.268186389011489414e-03
-4.449374777653057264e-03
-7.187791152677799021e-03
-8.372157570114415609e-03
-1.178139340437503457e-02
-1.291002062076598844e-02
-1.222516272690900296e-02
-1.255082200650335135e-02
-1.083442225828014360e-02
-1.071379564658364418e-02
-1.025823084530025874e-02
-9.568527091090472253e-03
-9.489469853793014095e-03
-8.973891583497380087e-03
-8.617967018753121267e-03
-8.392728885679146683e-03
-7.692114884196018382e-03
-7.404477061292429919e-03
-6.740009696255096043e-03
-5.526583084651879099e-03
-5.379970885207292428e-03
-3.346427690824100958e-03
-3.113398962914058678e-03
-3.522971622051498594e-03
-2.642541513467153765e-03
-2.735676885098097064e-03
-2.831995394199430388e-03
-2.365975673507576729e-03
-2.394147322457983174e-03
-2.895704538877112450e-03
-1.877440156714001770e-03
-2.879903514730068094e-03
-3.504310854103143743e-03
-4.161603132886268659e-03
-4.998693979033248802e-03
-5.592493528857125223e-03
-6.236517804053683459e-03
-6.862872138764264732e-03
-7.436099945712230583e-03
-7.991713499246608579e-03
-8.604352806211411006e-03
-9.176879188010956395e-03
-9.709208089109801557e-03
-1.048447120939680760e-02
-1.097718569739468235e-02
-1.172795862114515801e-02
-1.270492500257526872e-02
-1.301011842533152801e-02
-1.442077011552505596e-02
-1.457317495069640825e-02
-1.465386679743356166e-02
-1.499264364846091685e-02
-1.492599941995124795e-02
-1.489603537506670704e-02
-1.460432341296929830e-02
-1.467429131173284690e-02
-1.391029641067246039e-02
-1.395830129323143674e-02
-1.351282347823512010e-02
-1.327292332432563476e-02
-1.311102684776463065e-02
-1.289310525584749616e-02
-1.268795997121332023e-02
-1.245991211242135528e-02
-1.240573931660111234e-02
-1.188164069953488201e-02
-1.185448585341339692e-02
-1.161281234381942272e-02
-1.033049752287195505e-02
-1.006432121098983432e-02
-9.739757339128154306e-03
-9.586004980903976500e-03
-9.551459981387171172e-03
-9.468260885801091375e-03
-9.425224006735892501e-03
-9.396318786302489123e-03
-9.358380992938414994e-03
-9.340584297075238407e-03
-9.322160016808432592e-03
-9.306335735918125698e-03
-9.296460932954294862e-03
-9.288367041836251975e-03
-9.279592420478703640e-03
-9.275277442741819076e-03
-9.274030290235001778e-03
-9.262842524870997657e-03
-9.270802762482080808e-03
-9.265267502909790842e-03
-9.250019078699926733e-03
-9.287309903263566910e-03
-9.238443612806068739e-03
-9.259461018463401027e-03
-9.321694653726727425e-03
-9.150475644179858689e-03
-9.381754712897816262e-03
-9.275212596589390429e-03
-9.015701596326718137e-03
-9.803924935161677581e-03
-8.727772859053822829e-03
-9.244348492053529320e-03
-9.847036768356333403e-03
