-1.029570528634269006e-03
-1.151949910082244576e-03
-2.505949564078630530e-03
-2.550355431245946748e-03
-3.310062173623562042e-03
-3.521086198341012979e-03
-3.352135819543237971e-03
-3.602781158402598542e-03
-3.573820649702190606e-03
-3.587026933091629240e-03
-3.644472958107226532e-03
-3.628782554344548231e-03
-3.640739555251331500e-03
-3.649269358640477683e-03
-3.640803759808759928e-03
-3.624039627616243604e-03
-3.637862738704055344e-03
-3.585749710163128011e-03
-3.550121201885369799e-03
-3.592946700919869962e-03
-3.329218328353260922e-03
-3.353765530686858912e-03
-3.277972116103594277e-03
-3.249381006240727957e-03
-3.284055533635696529e-03
-3.401915624330109460e-03
-3.404358489784180784e-03
-3.673958642057468995e-03
-4.035856985861145316e-03
-3.972743936263255227e-03
-5.211356644697009641e-03
-4.801767105565363930e-03
-2.817854910094742035e-03
-1.540139830057246292e-03
-1.925182138063992639e-03
1.156381151327134417e-04
-4.504963538795263137e-04
-4.625899301097070935e-04
-3.747890154442983391e-04
-3.981213699911089095e-04
-7.636354635120804184e-04
-4.595621705087550666e-04
-7.102957651717971277e-04
-9.271488794460356698e-04
-2.426919460611399754e-04
-4.690341224359671356e-04
-5.285535230179850066e-04
2.149531734898259099e-03
1.723023599154128614e-03
2.923899039537779070e-03
3.911086716954136067e-03
1.613350286458808003e-03
1.812987617234821476e-03
8.956009859701650816e-04
-6.045460541815479965e-04
-5.555073586058019604e-04
-2.720339647330669106e-03
-6.025231348527075939e-03
-8.008244250177929888e-03
-7.385649373810729973e-03
-1.216521507806467804e-03
-2.035961638637885391e-04
-1.305594231506739759e-03
-5.472788992213445218e-04
-2.583459954361775994e-03
-1.390404353863098144e-03
-2.341501777720932098e-03
6.445603913180122501e-04
4.011880474373254873e-03
6.914307802446379055e-03
7.610865584275315274e-03
8.565659293956313924e-03
9.215807988196395711e-03
1.028565816600730473e-02
1.106283246544600453e-02
1.333452488131948305e-02
1.491962120080013443e-02
1.305937245542185612e-02
1.450834363162431181e-02
1.336700924252747294e-02
1.034036356583313207e-02
9.651993554580297688e-03
9.447711336400228116e-03
8.175703707628517725e-03
8.252801816448026087e-03
6.538530355856891560e-03
3.612344307852592348e-03
2.814010700513451535e-03
3.041178392597382730e-04
-2.081354021532329408e-03
-2.670253442087355041e-03
-5.798003648247426582e-03
-5.837931427125034323e-03
-4.942354949458157426e-03
-6.724367804345242512e-03
-5.343126452432891624e-03
-5.402800464968384245e-03
-5.279505422237299253e-03
5.971475050513602376e-04
3.504409916992891881e-04
1.234417229339403177e-03
2.485848132235985754e-03
-2.462209500542523154e-03
-2.762094103583520761e-03
-1.596618156253147743e-03
-4.237869936287397450e-03
-3.174374889371838534e-03
-9.110808201694337635e-04
-7.277907383379336216e-04
1.773846842428409296e-03
1.972490560507252078e-03
2.642883604518874146e-03
3.016359728564853987e-03
2.418373722050440842e-03
4.153590825898407363e-03
4.308432773109024776e-03
4.803744340930516873e-03
6.674031256809751823e-03
7.273087379162117630e-03
8.588118413182691674e-03
1.128985529894179288e-02
1.199654528934056621e-02
1.346931075701740012e-02
1.354512666622425740e-02
1.188872638061373027e-02
9.762976934346610097e-03
4.378165903755607512e-03
2.850388597166308297e-03
1.705172619165780303e-03
6.569918324843884976e-04
4.324343841061369662e-04
2.955681712440116600e-04
6.033272612170055647e-04
4.814184487868060076e-04
4.518979102178648797e-04
1.555668641498718526e-04
8.648802516496874435e-05
1.065046796488210504e-04
1.505421486091846467e-04
-1.049026443779608542e-05
5.674608201023500619e-04
4.329998117723085453e-04
5.188216379219457754e-04
2.775302742082546778e-03
3.052043264865465007e-03
3.809828969348198844e-03
5.104681336899486409e-03
4.994458457868467330e-03
6.197614588909198044e-03
5.937661472414380512e-03
6.484463829274170373e-03
7.773454013666051751e-03
7.260060121940400957e-03
7.777359618577825429e-03
7.169643108298094300e-03
5.813684411839522073e-03
5.060974015505139909e-03
4.493336289010482765e-03
4.647821061431444897e-03
4.538721506652142017e-03
4.415913115594765140e-03
5.173928220920978940e-03
9.039359154050770687e-03
1.187282415013076950e-02
1.353703408790138223e-02
1.605929300987291725e-02
1.616348347641918121e-02
1.416497214178904542e-02
1.443535306424401435e-02
1.227970553129866492e-02
9.958705455724900513e-03
7.237423226129639092e-03
1.258839050892493440e-03
-8.645446248350822970e-04
-1.456637723148806237e-03
-4.196124462287657668e-03
-8.989078232725998367e-04
1.404467733993548838e-03
4.178709689591457790e-03
4.446304130062664513e-03
5.128002620199628193e-03
5.561306994813723821e-03
5.887803427825319055e-03
6.020712649470663126e-03
7.134906754614837518e-03
6.667361395567159010e-03
7.178667399579099530e-03
7.499362218308207317e-03
2.606478899853226401e-03
3.249596051084034133e-03
4.376925475892580811e-03
3.758143717624392449e-03
7.061292084033632746e-03
6.801355312524341723e-03
8.433186123498411652e-03
9.704659952882842971e-03
8.654464136795887719e-03
1.064164900128866491e-02
9.093074002179443727e-03
8.331030655344257713e-03
5.634358411269715233e-03
1.976774735913663060e-03
2.516896900394803658e-03
-1.403737619620182590e-03
-6.623143654283707247e-04
-5.322381792228964882e-04
-2.271995428828782991e-03
3.447764680908816824e-04
-1.270464346031944212e-03
-2.546165804937698500e-03
-3.496750324376232330e-03
-5.485371995528729935e-03
-4.104863716935510352e-03
-2.774485499728065498e-03
-1.970763095738876838e-03
1.100681095049898996e-03
1.893301027657173872e-03
2.961733037146042566e-03
3.422702484251344442e-03
1.814977870695298149e-03
1.804687070234316758e-03
6.848218119993098674e-04
-2.143542660230540503e-04
-3.008783926396620774e-04
-1.609827402744641762e-03
-1.500038069708345629e-03
-2.158093971654941219e-03
-1.716302802348978335e-03
-3.172767863479891270e-04
-6.117511675040049205e-04
1.534102200250637982e-03
6.343888434935949019e-04
1.556113591912571719e-03
3.881446239281831530e-03
5.802976346893276745e-03
8.919434853893860524e-03
9.201911512232530815e-03
1.119989116842246002e-02
1.105818405230887987e-02
1.313336782009409329e-02
1.484879989773760234e-02
1.524712528334859138e-02
1.775914996705392490e-02
1.812862277485802198e-02
1.730488334471314352e-02
1.761387942417022567e-02
1.681519475149116996e-02
1.568719008272626003e-02
1.455882920465179087e-02
1.342337102404489099e-02
1.033628012061875087e-02
9.135064460481755189e-03
9.069847022701306785e-03
7.702881670311381018e-03
4.149150842264170622e-03
3.225264541496897057e-03
1.015859457208858046e-03
-1.838254397446186308e-03
-2.495423329304296157e-03
-3.816359212032803278e-03
-3.408954917863516593e-03
-2.142543106382493751e-03
-1.984522063889633883e-03
-6.660360088259072945e-04
-4.240154068143550149e-04
1.804912045214698401e-03
2.048669665178757919e-03
1.890546993653107171e-03
2.624151208261283133e-03
2.739310510383062645e-03
2.680025585290147887e-03
3.481843864991732845e-03
3.561868687132382829e-03
2.972738976889815078e-03
2.939873548930367272e-03
3.125781149552814362e-03
3.126569600685947213e-03
2.436605108712491807e-03
2.160290787901724806e-03
1.945629353864283730e-03
1.301347585312276085e-03
2.022537935674219127e-03
1.756660806523016507e-03
1.045295076186017035e-03
1.214779914067872640e-03
1.885750426022940072e-03
4.251392691288475786e-03
6.806921030077206849e-03
8.630311601024225066e-03
8.284741169719871817e-03
7.635970156844881437e-03
6.164031251705359184e-03
3.070239072714858221e-03
1.709209009250652490e-03
-1.173536832672183138e-03
-2.141256949497165156e-03
-2.404383628713997051e-03
-4.464365920702912001e-03
-3.464957296368627836e-03
-3.953777882268609198e-03
-3.177798538887503972e-03
1.046502943965503356e-03
1.952299784489833342e-03
5.194974257925225221e-03
7.923634711981281803e-03
8.140844187681458427e-03
9.433198382930794990e-03
9.277086538094232726e-03
9.382875333805716297e-03
9.529449260290690643e-03
8.834916800040160806e-03
8.564910960789049246e-03
8.531984608471781042e-03
8.022717908205065362e-03
7.959861577966799787e-03
7.851387354068652472e-03
7.385585878268725174e-03
7.472299848590325567e-03
7.191311181211790943e-03
6.704295125683264883e-03
7.051227513219842681e-03
6.276657520011214367e-03
6.401929923572113532e-03
7.266012951968230452e-03
7.385179669224825258e-03
9.714576751219766021e-03
1.081874770303829780e-02
1.158090505307366597e-02
1.440709875585803254e-02
1.491401612531640351e-02
1.568954512816948810e-02
1.662112721480643596e-02
1.273793063710453553e-02
1.036120878239081555e-02
8.047684564915960626e-03
2.463685866868412302e-03
1.932191357602763577e-03
1.532157811075449561e-03
4.813743204564027156e-07
9.268052022173886139e-04
6.550842870451285566e-04
-3.953756676127187985e-04
7.045107937296297539e-04
1.257536291982226445e-04
-6.011485806407437359e-04
-1.852195338723775972e-04
9.124347117147712637e-05
3.959160088018106888e-04
5.858154810676067040e-04
3.957886842177518998e-04
-4.995108190640614679e-04
-3.631510826503954806e-03
-2.498385920820179757e-03
-2.274327558545262157e-03
-2.280464871887522092e-03
3.005971589532257723e-03
2.800696240229680854e-03
4.836302117889629271e-03
5.356205801553780114e-03
4.448121375646684091e-03
5.641974343992913268e-03
5.139413729758306529e-03
7.889805015166360957e-03
1.314529915034344520e-02
1.588428471761495209e-02
1.577734139832618482e-02
1.173321937215120875e-02
1.109329064298097620e-02
9.427670143493251109e-03
7.761145443983155472e-03
9.404254352517436161e-03
8.599410159601746789e-03
8.716479829687304171e-03
9.304247854515309071e-03
8.463367326280939185e-03
8.596846310624576409e-03
8.474718884789376322e-03
7.315969413273509456e-03
7.474723611171418119e-03
6.648320503326353784e-03
6.302384164236650606e-03
6.222482013110135039e-03
5.727896027872733317e-03
5.730242288666615759e-03
5.550271692731850032e-03
5.399985081451696457e-03
5.426877860078282989e-03
5.309993964518266302e-03
5.342620942978188771e-03
5.339670818622057648e-03
5.371762520694854832e-03
5.460121759653258772e-03
5.505738090717950117e-03
5.710710102134457927e-03
5.801376601007452588e-03
6.047122982834192764e-03
6.361087963296379807e-03
6.436841650777585903e-03
6.845320323223722317e-03
6.479230106283052557e-03
6.494493221593704811e-03
5.930217451325962494e-03
5.358462580067769460e-03
5.234204375919775457e-03
2.978047637930376218e-03
2.357277430837586597e-03
1.001564878640419896e-03
-1.145877582674211892e-04
-1.037311810206302835e-03
-1.524345862730572179e-03
-3.822847592846193021e-03
-4.165814339889651469e-03
-4.649132408186837026e-03
-4.443370244675906577e-03
-3.305485388540938506e-03
-3.419264706295799608e-03
-3.024642323721602605e-03
-2.768618447312720752e-03
-2.757779007245798279e-03
-2.500870840778128198e-03
-2.397981677292797785e-03
-2.283755202177769478e-03
-1.884242218825765832e-03
-1.794301749897520698e-03
-1.236377217852499804e-03
-3.254324333350678720e-04
-2.755393664500076461e-04
2.065792815884644456e-03
2.018914678196823912e-03
1.883687149645813961e-03
2.501960181401315098e-03
2.394757239785990505e-03
2.464822918643652227e-03
2.716022261108307079e-03
2.793743028370304811e-03
2.629763356561156274e-03
3.391112921958993470e-03
2.991798810814299322e-03
2.665350365174097916e-03
2.387214045983054519e-03
2.154975584549822989e-03
1.951163008685553261e-03
1.834527963290149980e-03
1.715985129498982884e-03
1.613242216441195670e-03
1.549930417482518101e-03
1.414134938455430604e-03
1.321818787026200065e-03
1.209426145218689711e-03
8.852234446234187896e-04
8.129808363562124069e-04
3.102903477361878930e-04
-3.776294857262889825e-04
-4.134809281239492013e-04
-2.392193642179990965e-03
-2.347494209331186382e-03
-2.539324601948607634e-03
-2.983505038208496274e-03
-2.906618251605783219e-03
-3.080106563684119770e-03
-3.034907544021019955e-03
-3.110260328422972953e-03
-3.080164997119440654e-03
-3.148923231689511847e-03
-3.001764811049765624e-03
-3.017429713329503830e-03
-2.987895744815712105e-03
-2.976587789363636678e-03
-2.947783590254256757e-03
-2.941499606157498524e-03
-2.988132269222153799e-03
-2.820362942709787706e-03
-3.013578879812853478e-03
-2.905917154852949522e-03
-2.363791186342521344e-03
-2.130727192780589897e-03
-2.082043222112010643e-03
-1.979308261789108122e-03
-2.005009654095525444e-03
-2.021180764314668438e-03
-2.002427593723197976e-03
-2.017114741479590807e-03
-2.014729606322608699e-03
-2.013340001833531338e-03
-2.017054701681482345e-03
-2.015419544365911787e-03
-2.016150899978010926e-03
-2.016710870954135319e-03
-2.016279006242015746e-03
-2.016702866407230673e-03
-2.016816422995365565e-03
-2.016500751275953837e-03
-2.017096763649272196e-03
-2.016939022195693345e-03
-2.016289179766976147e-03
-2.018592125527650383e-03
-2.015777210253027942e-03
-2.017146600520429000e-03
-2.022574931275228447e-03
-2.008687560931795690e-03
-2.028732964887910994e-03
-2.022985822933153627e-03
-1.989952658148247400e-03
-2.086793035700226610e-03
-1.961623868730131681e-03
-1.985659278652500675e-03
-2.043193507166593884e-03
