8.057100711537814978e-04
9.149727789373280577e-04
3.569589912886121045e-03
3.634632130431478605e-03
4.119766532479713500e-03
4.594538245597292944e-03
4.096559812686198336e-03
4.367965185647828402e-03
4.331349045523668131e-03
4.261954856118739358e-03
4.341237665035161883e-03
4.301435173686538396e-03
4.307066546981879948e-03
4.322791578211624720e-03
4.306835528805803143e-03
4.319000190367506403e-03
4.326460198091747721e-03
4.305979050490194200e-03
4.350205080178540240e-03
4.329558498721065157e-03
4.285132132379286009e-03
4.278199097457404017e-03
4.368031787254738479e-03
4.359663920189285613e-03
4.447133956015501821e-03
4.534282572883905835e-03
4.570193660344417340e-03
4.878313228057155199e-03
4.955539258015023533e-03
5.270281407885780631e-03
6.193141950499796156e-03
6.143267654133581501e-03
7.967733024013906595e-03
6.934895945724302638e-03
5.007859533301897356e-03
5.254421510263630399e-03
2.974192039305503907e-04
-6.845250769775063559e-04
4.705014715448886941e-05
-2.859583105749309660e-03
-2.457978357687431309e-03
-2.019184902317741614e-03
-1.924713592936032509e-03
-1.474853470923051784e-03
-1.538395836522462538e-03
-1.488537156211932992e-03
-1.650205960041150385e-03
-2.040843229760181884e-03
-2.192574339246092241e-03
-3.263834046789843013e-03
-3.464633772314026916e-03
-1.515636888028784948e-03
-1.263452058235920838e-03
-7.084779081016280740e-04
3.021326923610468014e-03
3.299722292243200718e-03
4.539891387625777722e-03
6.992467726429318214e-03
7.153822759113061258e-03
7.615534469687698649e-03
7.285486072421494888e-03
7.226300317287051404e-03
6.978597464584941276e-03
9.403379210554963993e-03
1.179623105644114420e-02
1.339279874105463522e-02
1.609720251580878600e-02
1.674039641644391174e-02
2.118475860830341256e-02
2.207103861544404411e-02
2.186868862190309223e-02
2.261702395450325420e-02
2.092515971494759985e-02
2.062715203148220156e-02
2.110746436133498216e-02
2.006396538985377037e-02
2.064621163084242803e-02
2.300491326752907018e-02
2.379270305790139733e-02
2.567153485491368431e-02
2.732906063904542993e-02
2.787642637930681094e-02
2.862943310510947595e-02
2.804295805760692595e-02
2.712413358250786999e-02
2.577699229313631588e-02
2.440389962736882329e-02
2.280826141541427918e-02
1.864467292546101440e-02
1.669400433036320047e-02
1.393826403299898778e-02
1.214562197396468896e-02
8.930675422013964471e-03
7.685394077631958060e-03
7.467459549589780879e-03
6.257989264234189476e-03
6.018888192154334127e-03
7.677327681575411844e-03
7.257167338721700126e-03
7.346568209740157035e-03
8.093294721632129929e-03
5.629110027180009648e-03
4.737751788023269149e-03
4.033933738375425002e-03
2.420894873943078320e-03
1.571653106262351895e-03
-5.300818805167525644e-04
-3.058449555049387071e-03
-4.392721894147623603e-03
-4.030210332917590413e-03
3.957816136077388358e-03
6.848170614973374086e-03
1.280706034821585404e-02
1.363486137269873111e-02
1.203140224101347661e-02
9.735142800124375190e-03
6.411567180382180507e-03
7.687440502955202905e-03
7.178220038607349002e-03
8.220851184990256993e-03
8.427006461922048261e-03
8.201465494597933586e-03
9.256822136061913092e-03
8.508347568098718547e-03
8.287865542132009586e-03
6.308366081894458376e-03
1.055376496079983746e-03
1.998184006092849929e-04
1.332865015095255692e-04
-1.167243167729617188e-03
1.984717074080748038e-04
2.515932680002315328e-04
-6.264188345453480073e-05
1.231936587228453517e-04
1.100177651935745501e-05
9.802083538752492985e-05
-8.005397631829021428e-04
2.748500389526921861e-04
-4.108346067544198232e-04
1.847143336910532117e-03
7.332320087616642917e-03
8.498635019013617981e-03
1.471961836100060816e-02
1.587491407922380499e-02
1.617349022781144896e-02
1.751637512063807661e-02
1.765808776563781990e-02
1.829437545443352714e-02
1.660963514216981865e-02
1.631430699876029733e-02
1.484075374268671935e-02
1.420471002006244710e-02
1.337505007692015024e-02
1.073807251508575138e-02
1.003167045682548837e-02
1.175770679562303939e-02
1.081732924499664156e-02
1.205788323854944250e-02
1.302846959526670310e-02
1.307996290423994040e-02
1.529923521438909112e-02
1.526336399899339176e-02
1.693066650536469153e-02
1.968014359943316693e-02
2.111079981673167488e-02
2.020237456484631072e-02
1.898076441736019915e-02
1.679756027782735792e-02
1.542455444914699741e-02
1.497063544437654201e-02
1.370026944127490133e-02
1.330660155887466306e-02
1.350719928001279171e-02
1.223931925047317196e-02
1.287874802746757051e-02
1.153220714127575069e-02
9.913991026091129727e-03
9.492686631259607266e-03
8.495178044807757262e-03
9.103367358590130909e-03
9.261822865859803411e-03
8.447948678581836818e-03
8.830659752101760462e-03
8.483398010515076290e-03
8.881289552207561472e-03
7.676626116393231621e-03
7.736389490593341758e-03
7.292140357105222903e-03
3.943089738001233358e-03
2.778101361029786196e-03
2.429184005783810094e-03
7.723742749278459394e-04
1.355398670751103160e-03
8.233812582847671461e-04
5.388999649168739600e-04
1.180450318114652447e-03
1.934617733734280386e-04
1.021771259201873817e-03
3.821759395087429446e-04
1.915869087632699006e-03
5.596679334246476220e-03
8.556319664037978848e-03
1.048577295014678328e-02
1.226591244038098723e-02
1.206854690897883609e-02
1.186345513652065607e-02
1.331086631253341861e-02
1.005664441154930505e-02
9.413245737228485496e-03
8.104098663283387100e-03
4.565644759960160552e-03
6.594555880212651239e-03
3.918620880817603146e-03
3.744197999530683371e-03
5.683784563885678487e-03
4.071439444606575128e-03
5.800753723489517066e-03
4.748231325435014333e-03
3.194220620683507414e-03
2.395630903202167726e-03
1.513441403827071093e-03
8.275395317105968497e-04
5.552702933063684114e-04
-1.701788403659414573e-03
-1.987767004123799919e-03
-2.754068792068406664e-03
-3.314537220960576003e-03
-3.729641553116840209e-03
-3.874149703938658575e-03
-4.122459335529298115e-03
-4.851520714699974340e-03
-3.485472378024951495e-03
-3.334662385954431565e-03
-1.886597496573223787e-03
2.815347240657586035e-03
2.692838709740831560e-03
3.246105673065519982e-03
4.640090480404772746e-03
1.634324912872961834e-03
1.975989309252852537e-03
1.619533999890036911e-03
1.554007462785735884e-04
1.237782292409973827e-03
4.005242114317492542e-04
-2.437146154244128598e-03
-3.574673930314077944e-03
-6.025158671138038449e-03
-5.691908740824452861e-03
-1.690444480436528382e-03
3.406547837808971725e-03
8.056672238970373837e-03
1.406867569914034381e-02
1.447111191447881043e-02
1.387002753572080457e-02
1.174979587815605866e-02
8.595606014577098636e-03
1.005969574522066340e-02
8.440418073489466128e-03
7.117572573422312199e-03
6.471655939969320898e-03
6.022090408221410576e-03
5.966298983314820281e-03
3.541332523060974208e-03
3.683687938815360247e-03
1.862648157000163472e-03
6.439322405863098266e-04
2.895917334955485246e-03
4.819829381640769635e-04
5.011700920601405880e-03
1.052667710861866779e-02
4.891716096225756476e-03
8.800952430617590971e-03
7.725151176785809495e-03
7.143237561236236502e-03
8.928752300522570240e-03
9.418985013551262053e-03
1.245250048928794873e-02
1.402293156796413642e-02
1.543252940036644871e-02
1.771182285809375090e-02
2.032354852923072205e-02
2.161601494580700153e-02
2.274757700611078348e-02
2.147284436354213177e-02
1.900388738180673609e-02
1.884555049273304445e-02
1.823064135505563649e-02
1.805284325602104709e-02
1.887595647962755224e-02
1.876161197464949748e-02
2.046165845181335124e-02
2.064333159609332488e-02
2.030488079210105226e-02
2.051913741999322055e-02
2.031531934612319096e-02
2.003542892003466747e-02
1.924410558728121765e-02
1.965735051344711173e-02
1.766553465597238415e-02
1.708954261143537032e-02
1.659439624027261861e-02
1.046204284424430246e-02
9.191360698626967890e-03
6.513884009290495623e-03
3.382774331358251452e-03
2.975165338803718255e-03
1.640612626602212017e-03
4.053191631953074331e-04
6.959058358094565022e-04
-8.306188092603310376e-04
-6.823324276802007282e-04
-4.051447746463342431e-04
-2.421610670777465946e-03
-2.112061044869600803e-03
-2.679699819283875781e-03
-3.136106842314597461e-03
-3.221410283880139953e-03
-3.728126367221684060e-03
-3.780194283171951775e-03
-4.358082784740341387e-03
-3.561776381554723585e-03
-2.091929535000632955e-03
-2.229940395164363605e-03
2.022398362217436071e-03
2.492474298261286060e-03
1.537609167221199672e-03
2.535719889082716817e-03
4.686845945436352717e-03
6.272085159983398217e-03
5.449750528038542312e-03
1.303645978993203322e-02
1.182426154750117371e-02
5.722114139736039079e-03
6.372442911363110710e-03
-1.060768979813524497e-03
-1.240223623444130455e-03
-2.574040365622769569e-03
-5.267551425098309509e-03
1.983068352288496871e-04
4.375873746200148288e-04
4.828991611642958863e-03
6.547995129066064290e-03
7.622740639885050573e-03
9.274470328263633226e-03
1.036426264816797671e-02
1.095673213419577630e-02
1.143985044120356814e-02
1.152405072739657102e-02
1.165561013248644223e-02
1.163447218209619043e-02
1.154163239056617274e-02
1.202745880243955706e-02
1.205115348880841236e-02
1.270133571362837450e-02
1.301074781260512167e-02
1.367287686979661021e-02
1.467794545603429840e-02
1.494614049166687400e-02
1.653964807818020938e-02
1.650633600623181013e-02
1.593276257915163252e-02
1.633648237691449900e-02
1.508798595531853602e-02
1.510594991486834474e-02
1.400293949530122609e-02
1.275234660008823032e-02
1.234707576424887501e-02
9.259069327346413844e-03
8.259853658785062253e-03
8.583233756355579738e-03
7.671374126288241918e-03
7.928331918463475680e-03
9.293392406263634858e-03
8.967879104742369073e-03
8.864197142011625424e-03
8.637605605682933951e-03
7.846822450521619835e-03
7.690124810455251959e-03
5.626231487574384280e-03
5.499221761958089823e-03
5.878359862835452060e-03
5.308401814670194070e-03
5.487459393232500468e-03
5.445997058409638401e-03
5.359301494290602715e-03
5.483799122866002233e-03
5.439305526446254827e-03
5.566782059548706398e-03
5.733518125616228304e-03
5.681579637289541421e-03
6.272661836320216761e-03
5.855483759352020368e-03
4.776611671094500335e-03
4.227295820236808867e-03
4.726813739540309048e-03
4.541283188092107119e-03
2.504668941437977314e-03
2.716020510993155321e-03
9.163288100311902350e-04
5.735588680454315955e-04
2.869335968979158180e-04
-2.509126259272824433e-04
-2.788509810438867271e-04
-4.393786879961391516e-04
-5.385244578263078665e-04
-4.964543943970630910e-04
-4.667027131107520806e-04
-4.255353786627663962e-04
-1.674295852225732273e-04
2.470636492731259818e-05
3.014916017459913912e-04
1.231782501132720233e-03
8.067695161498929408e-04
2.280260658625900012e-03
2.051192581449482171e-03
2.212625516951326546e-03
2.536042453956556010e-03
2.347214680757348741e-03
2.344814355876383236e-03
2.461177359112557122e-03
1.864816107023687048e-03
1.945883480657747792e-03
2.060260696877101120e-03
2.238963718251847385e-03
2.478639517438852979e-03
2.518663670999570121e-03
2.647883218717896406e-03
2.612500041905405166e-03
2.698737555516224698e-03
2.724920084703917091e-03
2.363657717180408287e-03
2.338339176427517169e-03
2.245185573594434773e-03
2.156564180179869426e-03
2.145268871981541314e-03
2.102739494346190022e-03
2.084255875403107777e-03
2.075273125993950824e-03
2.061499048110496547e-03
2.057228435942832535e-03
2.052544263268669782e-03
2.049241737793039159e-03
2.047815632956732305e-03
2.046223915868915222e-03
2.047109219938730070e-03
2.045383374744571756e-03
2.047867462489547184e-03
2.051408460052799032e-03
2.046027169665875275e-03
2.064123523880013761e-03
2.059863570161591436e-03
2.056593900929450189e-03
2.124120426917838061e-03
2.051367637407749533e-03
2.145086549380637378e-03
2.270426333258772442e-03
1.969087128805680539e-03
2.707933511312303736e-03
2.897258599230226415e-03
