3.531646039848060446e-03
4.872917178577681335e-03
2.548393775529719449e-02
3.172848679443808495e-02
2.314351977042525960e-02
1.764181195248813033e-02
1.291326113056922957e-02
1.268787585829424594e-02
1.254089555920330848e-02
1.248731364092243827e-02
1.249491956144997348e-02
1.249485962487397947e-02
1.249485259241832000e-02
1.249485591452192262e-02
1.249424033905068877e-02
1.250018037514164654e-02
1.249434121252921207e-02
1.253440908912890200e-02
1.295624273245787363e-02
1.255489278919941221e-02
1.574345537498995570e-02
1.552733195636265932e-02
1.635307618172858121e-02
1.640910957521637265e-02
1.643792202875979033e-02
1.631082286254797314e-02
1.594223075486647656e-02
1.614822641409268886e-02
8.585370442775071970e-03
2.267157989146313148e-03
1.883006245480615612e-02
3.129308111224946704e-02
5.160055000548699478e-02
4.714684608369878321e-02
2.724920542289360759e-02
-7.814964225138696513e-03
-7.876634235765149136e-03
-3.550512293548086472e-03
-3.037799500209241530e-03
-2.596957215350005187e-03
-3.548591275696697921e-04
-7.693330686853322442e-04
-1.379575241395038796e-03
-1.255621780692512974e-03
-1.419737332837834676e-03
5.285270718300008781e-03
5.700687152178357010e-03
-7.739806372634504099e-03
-1.108927866000462836e-02
-2.409022385917380243e-02
-3.199965275557757616e-02
-2.780504591914615548e-02
-1.755409871689349310e-02
2.457127819054004056e-02
2.541015036419122866e-02
1.493834105709644124e-02
2.432736985922024850e-02
6.073657756307168643e-02
8.398215387430579826e-02
6.449019928304058902e-02
7.253600517962599699e-03
-1.178042829094260412e-02
-2.483660727130456228e-02
-2.992552592921738849e-02
-1.066970375880535796e-02
9.550739590105510393e-03
1.660892632508353950e-02
3.597992991241175890e-03
2.060833165907888578e-02
7.320134304600011722e-03
1.875748721178031875e-02
5.198385377993695183e-02
5.936236535447624724e-02
5.675711030952376723e-02
6.788673973904468806e-02
9.346894653835875755e-02
9.785148967805709641e-02
7.344354138686318145e-02
1.147420227889460881e-01
1.035417828929206113e-01
3.963036661385950510e-02
4.053300978137153003e-03
2.368212180510019527e-02
3.891732720800197137e-02
5.101386172902505622e-02
3.892087390398070446e-02
2.246480656942214174e-02
2.024075860393423007e-02
2.323949755982687368e-02
1.136953761726079704e-02
8.592585935459228982e-03
9.628444378084145480e-03
1.523298413703477912e-02
2.196293578781169376e-02
2.371363937005899897e-02
2.842765709543156050e-02
6.479348847125662725e-02
5.851408975102920240e-02
-1.744526011846216085e-02
-2.167833934106049368e-02
2.592854150327782246e-03
5.677094095104635689e-03
9.384433569011927170e-03
1.100471262959666803e-02
1.421970487449798759e-02
1.512707200731983580e-02
1.604600185840850471e-02
2.246066107982688798e-02
2.168557232964581777e-02
2.624514579424543428e-02
1.802286731283729224e-02
4.458498133456972878e-03
-7.008777127341415947e-03
7.686340046546581532e-03
1.772008954257233565e-02
-1.259886762112485091e-02
-4.771891458388894010e-03
3.614370688416138067e-02
8.835466723117532672e-02
8.394019878266291423e-02
6.644081158770789863e-02
4.990506714226466967e-02
4.198970429681657401e-02
4.233058714797439948e-02
1.848401376874030111e-02
3.246527483827583820e-03
5.841938411540218215e-03
-4.369339815938419122e-03
-2.843658094451824436e-02
-1.792108063666224965e-02
2.168899574313505347e-03
1.393425070272840023e-02
9.410401649416711908e-03
1.020801699050972663e-02
7.934307572250956508e-03
4.916495300091818475e-03
4.916010526487073727e-03
4.841862181465979992e-03
4.884037475794062930e-03
5.003671669385190840e-03
4.763986721559779376e-03
1.095379935920836288e-02
1.093849939719568343e-02
-8.857557263929822719e-03
-1.226310851609219328e-02
-1.218189435397822214e-02
-2.802081838897433480e-02
-3.626238886703985614e-02
-1.422601551361846878e-02
-1.432932004324461751e-02
6.973942701129313797e-03
3.019323152660399051e-02
3.451405595578306562e-02
3.480178701248359818e-02
5.057275608428495745e-02
4.436351663446460453e-02
3.965922111180304743e-02
3.562943782319710068e-02
1.392929319473240092e-02
-1.305245912229630045e-02
-3.034591102146750458e-02
-2.650836836929375620e-02
-1.872192730827651821e-02
-3.739181480545951397e-02
-8.215189610322325142e-03
3.807815314613626628e-02
5.142836748927596263e-02
4.140375614110512748e-02
4.571196535208158634e-02
8.580085770204623485e-02
7.728963953801651354e-02
4.090643735425972261e-02
3.400919456612116337e-02
3.747755552198751838e-02
5.636710373970167665e-02
3.365576700306112390e-02
1.477929393542692579e-02
2.986822160586171618e-03
3.312742090610711673e-03
1.892943261884133185e-02
1.404012696314058464e-02
1.751864212357084546e-02
1.839408787896998354e-02
2.093720894687904968e-02
2.049280005958034959e-02
3.194578728826551195e-02
8.744987503636535153e-02
7.962345859898897760e-02
-3.009988882039458732e-02
-4.538986504879394257e-02
3.543263942396591981e-02
5.711767524718961569e-02
4.086655838327300783e-02
3.260112531934573205e-02
3.168267337164646508e-02
2.444359744763603681e-02
3.069151442006663733e-02
1.236813179236077170e-03
-6.136615943801134593e-02
-1.403429935992493369e-02
9.957005421973492976e-02
1.845741083491854728e-01
1.374592040181823738e-01
1.476634232091469934e-01
1.269364459041388005e-01
1.179770708407650442e-01
1.273898418865345439e-01
9.697671619502505613e-02
1.139071148551197427e-01
9.893778650121753948e-02
4.082906329635371118e-02
-2.445049607650593912e-02
-1.803820142160055462e-03
-1.878652901533339747e-02
-1.168348036059566573e-02
1.170880404283033104e-02
2.117863657282980164e-02
-4.910572290859899734e-03
-2.839806575809863173e-03
-1.542213674343623870e-03
-1.599117620011810282e-03
-2.475985886924903737e-03
-9.265807431831592006e-04
-5.968419246785309698e-05
-1.255231603972187249e-03
2.645019421077695037e-04
1.414732859059687764e-02
1.472101383809110847e-02
1.909780119372881876e-02
8.705093470877429615e-03
2.091020371593705750e-03
-3.768925156808262955e-02
-1.454974115663480380e-02
4.018852447145625228e-02
8.301682662605050500e-02
8.753249675907133487e-02
6.926370528067346544e-02
5.867037015613664475e-02
4.682855140851408665e-02
1.449984423170551893e-02
6.737338910186264906e-02
1.308187379334327660e-01
1.299704953746519120e-01
1.035904398468333598e-01
8.678670440900912442e-02
8.490720263079268304e-02
8.444354489406014075e-02
7.976422191284548990e-02
9.150556704206271041e-02
7.664692919821800010e-02
-6.481561472678721951e-03
-9.691477228464027635e-03
4.339054314128012318e-02
4.750277842690441704e-02
2.162973143425100248e-02
2.075423481261717135e-02
2.337809645050275068e-02
1.145701322543602428e-02
8.214355075981944268e-03
7.124448883235428610e-03
1.253618161362186033e-02
1.958336532836424046e-02
1.947121428244341299e-02
1.868141056384129556e-02
1.997418977695102071e-02
8.253551352895311527e-03
8.741358109995794878e-03
6.278982689545971330e-03
6.207937736919456190e-03
6.273339261775858974e-03
5.956827387145043062e-03
9.159320297006562014e-03
7.565615062069463645e-03
-1.842076745559901099e-02
-2.545579175480972359e-02
-1.910594382658408266e-02
-1.462799758150610738e-02
2.472114224855289852e-03
9.224552271319876734e-03
2.671997537724592545e-02
2.447296738512712982e-02
9.286884789016788128e-03
-9.626008294581569341e-03
1.203501265468692001e-03
2.762728399182454858e-02
2.194142344531398170e-02
-8.967721803082927962e-03
-1.531054205696860682e-02
8.270418371556956944e-03
1.079601262075241194e-02
2.331750720078477543e-02
3.867835364106247953e-02
3.804273145685267699e-02
2.224496346622232418e-02
2.198485681375989334e-02
2.525894811285358393e-02
1.942655248112572924e-02
2.293137397867639482e-02
2.204334085506957919e-02
1.959980529686463149e-02
1.055574935440328072e-02
-2.122513904779869606e-02
-4.420081765342539354e-02
-2.523210757921878419e-02
-2.172056030400239604e-02
2.730166115292780374e-02
9.894063512937721627e-02
1.193863142438383734e-01
1.138599458391499064e-01
1.114190061671524179e-01
7.900281386116042581e-02
5.732475297635973577e-02
6.278798226359558199e-02
6.001997430076755347e-02
6.032528393289245811e-02
6.115955440876166133e-02
6.099295008544898533e-02
6.035770987996376402e-02
6.160106955114866278e-02
6.419604045270971282e-02
6.177678702469390631e-02
8.318537632405041682e-02
7.789009361127384456e-02
3.089985863335616839e-02
1.935775547844494765e-02
2.655031620585388691e-02
2.347317740335607208e-02
2.545559595516498630e-02
1.381683795255429434e-02
2.009788084846822823e-02
5.502359403770813728e-02
7.656301847000501759e-02
6.436547114844545781e-02
5.344003730527419754e-02
4.563210615612876830e-02
1.641259087342640879e-02
1.146319641932943938e-02
-1.382562267876190527e-02
-2.453053462856517875e-02
-4.421285057582468453e-02
-3.112019363862595159e-02
-6.497712335182002918e-03
-1.689262236794481301e-02
-1.538147515398437942e-02
3.557570504785894424e-03
5.690243312522897529e-03
4.944168304053603996e-03
-2.699598121721951630e-03
-1.878847527138757800e-02
-3.577154858200398690e-02
-1.771567065789059203e-02
4.306081576021266594e-02
5.099631440302326846e-02
5.034552059781846611e-02
5.350244910768561790e-02
6.345316383922836034e-02
6.828652056267446591e-02
9.557561091087263261e-02
1.028337575926365627e-01
1.108638541075064599e-01
5.997602631592775790e-02
-1.493224150729298705e-01
-1.322941366959053122e-01
7.342580352998417936e-02
1.827634107527569274e-01
1.300629351254414257e-01
4.511625749730151930e-02
1.114079479479637355e-02
2.627460281576601137e-02
1.985270004676601210e-02
3.279115543225269436e-02
2.811361282233058867e-02
3.136751485381638477e-02
3.063637476694690970e-02
3.194821081566223686e-02
2.308725999095623260e-02
3.077301661505364716e-02
4.363011404287735900e-02
4.930317609992723726e-02
3.447866805225226206e-02
3.582857567317827840e-02
3.437264667862096473e-02
3.323755751322034907e-02
3.372138507060757490e-02
3.371693045176227949e-02
3.371722470524268073e-02
3.371845083800970727e-02
3.371816969771757738e-02
3.371802053413597983e-02
3.371850805196929812e-02
3.371904157821317000e-02
3.371804149833330239e-02
3.397343652197749170e-02
3.364736149548123306e-02
3.278830510296810302e-02
3.176158547536159227e-02
2.226128773410728651e-02
1.661151342522322258e-02
7.934942287422225293e-03
1.148523234115473961e-02
2.523336414932814131e-02
2.621652593261802194e-02
3.488524660951190098e-02
4.303097188748564866e-02
5.479177832430272982e-02
5.171627856622623698e-02
3.429769935767535555e-02
3.444490069697744156e-02
3.412884721984130870e-02
3.369550881155958244e-02
3.213362206994445358e-02
2.749796451837854122e-02
1.001374268714009391e-02
1.063886056130059973e-02
1.987030854512237057e-02
1.955558936714991286e-02
1.978872244896887067e-02
1.993985846339341519e-02
1.991246985970325512e-02
1.991263202231363313e-02
1.991267624134135383e-02
1.991507168045794293e-02
1.989807194588304531e-02
1.993371950391355577e-02
1.977134763155272146e-02
1.875901851308793902e-02
1.995404914252501757e-02
8.253662284606140889e-03
8.741314505004814037e-03
6.284892844041481061e-03
6.174408120173923049e-03
6.172430159570535188e-03
6.142114339097439965e-03
6.198619191584446922e-03
6.168873596044568801e-03
5.855102678567001249e-03
9.317250086994298061e-03
-1.379297715739916965e-04
-1.710838307947627410e-02
-1.124347208642936802e-02
-4.338540793038260165e-03
-3.843783044126291952e-03
-3.636942560576440515e-03
-3.545236027757428087e-03
-3.550429800931336789e-03
-3.551575148484060074e-03
-3.551553979577222984e-03
-3.551569826320167319e-03
-3.553949625283007053e-03
-3.537549277188402081e-03
-3.553771659023466714e-03
-3.302555584608933299e-03
-1.758969365061754248e-03
-1.692193168852229547e-03
1.805261842454928753e-02
1.733264305419462623e-02
1.719795583785688545e-02
1.743506679213550556e-02
1.744095735568065159e-02
1.754335103061355206e-02
1.904855432328954323e-02
2.186961811679447379e-02
2.807286584288247108e-02
2.741856702918656422e-02
2.169955504805726881e-02
2.180722792304540941e-02
2.169497628731824682e-02
2.161478249279427319e-02
2.162185667082893240e-02
2.165570484694944592e-02
2.168955370019881937e-02
2.145086240696964311e-02
2.335606631483070836e-02
2.150734837562876672e-02
7.312248193782864246e-03
5.451710042780669868e-03
8.837378040658832104e-03
5.007378816864520299e-03
5.487700789690947920e-03
6.071779319518661767e-03
6.015487329042322820e-03
6.037250565299500001e-03
6.045134319055917721e-03
6.044063961618321990e-03
6.044076392352783732e-03
6.044077740544385492e-03
6.044077071928968120e-03
6.044077114717020735e-03
6.044077114717909781e-03
6.044077114718028609e-03
6.044077114716986908e-03
6.044077114716633024e-03
6.044077114717267933e-03
6.044077114717567173e-03
6.044077114716606136e-03
6.044077090819403343e-03
6.044077458133277105e-03
6.044076325128624333e-03
6.044077083013499850e-03
6.044645511236942069e-03
6.040347509086268531e-03
6.038872879361187850e-03
5.967806028294581934e-03
5.627160607528606390e-03
5.350513208437676291e-03
6.594037188649898079e-04
1.065591041433608561e-03
