4.831440398961912575e-01
5.075350370678533007e-01
7.905049012026574839e-01
8.229119220541567525e-01
8.185856880695226989e-01
8.645696862555103390e-01
8.374982214130552993e-01
8.501042851049900317e-01
8.553459605852498093e-01
8.472195929232853029e-01
8.553337018139630654e-01
8.529487109840839798e-01
8.527748080032899747e-01
8.551614833300638097e-01
8.536270388164415301e-01
8.546181755908262012e-01
8.548367951479438620e-01
8.545110805982297775e-01
8.550434654219296604e-01
8.549376652861229164e-01
8.550533213913099617e-01
8.552398384620161220e-01
8.553034407866033639e-01
8.555027453115978675e-01
8.556672953989120645e-01
8.560203962153601909e-01
8.562414904824121598e-01
8.567802106065742773e-01
8.575151184171313501e-01
8.578946246449019597e-01
8.596286996363101673e-01
8.606084499521859943e-01
8.621274705829709006e-01
8.663527804167047153e-01
8.665380683838908027e-01
8.712826669889538467e-01
8.682723776068416166e-01
8.613713013744035418e-01
8.586234468243494344e-01
8.494590144210251159e-01
8.487406625031637120e-01
8.328854302555812605e-01
8.313922702632650097e-01
8.232968061706054108e-01
8.250725917006408450e-01
8.212615646735667019e-01
8.309250360629188981e-01
8.304872038289266012e-01
8.054207616697484085e-01
7.803932158351313264e-01
7.787449956021993414e-01
6.977470698559458118e-01
7.519825667935824409e-01
6.176094555010253062e-01
6.426369193272140068e-01
6.343110412475386761e-01
5.464225475500456009e-01
6.184163317872974908e-01
5.033290826486981340e-01
4.903381381532527228e-01
5.437632946398465172e-01
3.043330000454675943e-01
-7.360441772404122118e-02
-6.607574495392347647e-01
-6.949183459727792389e-01
-7.778705258547138346e-01
-8.022411704447514058e-01
-8.230129200168661008e-01
-8.677475497023409146e-01
-8.643914791948306142e-01
-8.917718189256415018e-01
-9.087519821966321132e-01
-9.064747148737214433e-01
-9.339744903979392276e-01
-9.340129507798677899e-01
-9.406911708993871413e-01
-9.600876261643963572e-01
-9.491987540001031176e-01
-9.595382783870763932e-01
-9.540871189516555440e-01
-9.438941586873953460e-01
-9.523182757472697935e-01
-9.340046651080944340e-01
-9.355281350976136778e-01
-9.304304058246312126e-01
-9.051444089401128323e-01
-9.047693727080686754e-01
-7.956765184692851101e-01
-7.330111490501487470e-01
-6.202892806983538732e-01
-4.059659778240666261e-01
-2.815059850219313042e-01
3.996530431505867370e-02
2.684567008876156402e-01
4.375053721272347818e-01
7.166899844509625472e-01
9.068241291543044369e-01
6.644468510685940243e-01
7.469177865687453011e-01
6.523977637727778056e-01
-4.360866118920905116e-02
7.208653970213693002e-03
4.744274381614094205e-02
5.976403838524697171e-02
3.669398574758513387e-01
3.823767881685696257e-01
4.777125421240847603e-01
5.153560381372661592e-01
4.571114408097646242e-01
4.920625304829907010e-01
2.774009617144706508e-01
4.553667825847445561e-01
3.105973595958844147e-01
2.359852656771933843e-01
-6.418217729634975721e-02
-3.239984252811815568e-01
-4.200589384404311288e-01
-5.155552748075704628e-01
-4.874185553281820682e-01
-4.966787618603666354e-01
-4.362402136204324155e-01
-2.617416787340277051e-01
-1.506386640730590087e-01
1.419411263656686351e-01
3.905581238037611480e-01
5.580718759231737547e-01
7.700829238342736804e-01
9.142239508384467639e-01
9.733163732108411903e-01
8.711051528172542024e-01
9.265859450203129954e-01
6.991038014559782798e-01
6.128718500416160397e-01
3.861338226745816282e-01
-3.224584930522419457e-01
-6.647780009283049685e-01
-6.648165558768723837e-01
-7.415199699255348165e-01
-6.035861934387557470e-01
-6.447734769396984422e-01
-6.033343951314168452e-01
-3.106996259308917319e-01
-3.363159816913242617e-01
-1.151615334720294259e-01
-1.215683339733262397e-01
-1.895059683913594695e-01
-1.774560800248078385e-01
-3.001479199763613104e-01
-3.016613103034375132e-01
-3.061378404928859487e-01
-3.066873245515072677e-01
-3.006800211214922247e-01
-3.011065408693770484e-01
-2.962942065492531474e-01
-2.921133802087250708e-01
-2.898840010858235172e-01
-2.844565993239656088e-01
-2.801519918812930277e-01
-2.761637450119471815e-01
-2.699814872239665320e-01
-2.641750154674226136e-01
-2.593852675326377422e-01
-2.506774841004238974e-01
-2.453940529077393851e-01
-2.404488036420062147e-01
-2.338879725569906198e-01
-2.441399812324444862e-01
-2.445467002168690840e-01
-2.451100646868820676e-01
-2.586619053615856201e-01
-2.560233073085054212e-01
-2.614678344330214066e-01
-2.756862929972405674e-01
-2.644011386474404701e-01
-2.795861348723349682e-01
-2.776230076791882939e-01
-2.211832263047605607e-01
-2.432862719161570930e-01
-1.659594886106092460e-01
-1.207122443851820909e-01
-7.835740114920619614e-02
2.384475863968068543e-01
2.715415377421655507e-01
7.542289140472874243e-01
8.300280404515442134e-01
4.404937507666097374e-01
3.875135120256986143e-01
4.035873345119277977e-01
3.029805801809270505e-01
3.849563571290683384e-01
2.868559402471645425e-01
3.078226200179880467e-01
2.450423842109071548e-01
2.227484736591250347e-01
2.186293793605737779e-01
1.753604313063289732e-01
1.692518466578273040e-01
1.573258998666314801e-01
1.302924533858876299e-01
1.317779702313619516e-01
1.375177690987997581e-01
1.430587818150189094e-01
1.538617940133732709e-01
1.712518373592019916e-01
1.948576188320723657e-01
2.205878942800551246e-01
2.493277292371670617e-01
2.751895358694737559e-01
3.116778794733285896e-01
3.450485698908205556e-01
3.745151502369461483e-01
4.204619516361688403e-01
4.310104668733228395e-01
4.251075469861886891e-01
4.035387302541053600e-01
3.943504071777975684e-01
3.494730201822980331e-01
2.858408612903225454e-01
2.752628016150537316e-01
1.346502937078523643e-01
8.205802268607276240e-02
-1.601508628299665518e-02
-2.904675661113832463e-01
-3.830222575478312574e-01
-7.805550915388127509e-01
-7.794759641705757414e-01
-8.366535016268300540e-01
-8.723436767978584028e-01
-7.911272346680595646e-01
-8.162648193010065834e-01
-7.000398333777563264e-01
-5.806724886976041278e-01
-3.926341093997054998e-01
-1.767444535670040229e-01
-1.653939344460347849e-01
-5.769901004590458765e-02
-3.758041955481253998e-02
1.748170964220297635e-02
1.026347267844025385e-01
1.250636853439411889e-01
2.259822239393244059e-01
3.234913689189385932e-01
4.049132550548873999e-01
6.078783784407273405e-01
6.355730090985325376e-01
4.932738585886612404e-01
5.056403169465027991e-01
2.773461702012212093e-01
1.461579626298454282e-01
2.401032123394514217e-01
4.801866221745762497e-02
-4.816950834301081397e-02
-2.642199260117634174e-01
-5.192834537830394170e-01
-7.144802243650123508e-01
-8.302776087032994745e-01
-9.788571933167692363e-01
-1.107712107431463533e+00
-1.156993877463204257e+00
-1.233952701422991183e+00
-1.244014026838294207e+00
-1.304638265819493048e+00
-1.342175785034077418e+00
-1.356497290465988659e+00
-1.422649546239870277e+00
-1.422574808163816762e+00
-1.447773057893633197e+00
-1.460162380390742420e+00
-1.445830064015564798e+00
-1.468356759983843629e+00
-1.453830456508893754e+00
-1.454226439740299526e+00
-1.464645961038247624e+00
-1.439758862526560046e+00
-1.453807839251842315e+00
-1.434862772473370907e+00
-1.408041703520406251e+00
-1.402257994553809395e+00
-1.331380522984342285e+00
-1.311456358059338356e+00
-1.261147800378860984e+00
-1.185800491450293315e+00
-1.149618198143337322e+00
-9.953152056775347312e-01
-9.145892671695080578e-01
-7.627877356186205660e-01
-5.629855137010647548e-01
-6.402869751790010722e-02
1.260975488204966188e-01
6.655044281827016128e-01
9.845519712765751219e-01
9.540873657293964527e-01
1.096144012767084064e+00
9.644990906643938766e-01
9.565924425067635628e-01
7.927341274926651415e-01
7.754388628190502786e-01
8.909970002115998877e-01
9.291008354284482351e-01
9.698675439401104326e-01
1.041103835243108566e+00
9.845464660434167792e-01
9.046575002173741220e-01
7.885297549305890774e-01
6.693185816134170629e-01
2.979432520247090599e-01
2.255043369671357600e-01
4.637788133811502900e-01
3.530549508047637897e-01
3.802889896670638703e-01
4.042052297607381939e-01
8.846507574588033385e-02
6.659858838757518051e-02
-1.734027985800902782e-01
-3.435971518068915986e-01
-4.149700846110788710e-01
-6.805958476319593498e-01
-7.947120786384177515e-01
-1.108589201190475437e+00
-1.165311068988934107e+00
-1.202064820258343714e+00
-1.245160082181692829e+00
-1.249193965213003299e+00
-1.263140680204368316e+00
-1.273829386507787875e+00
-1.253759053886721819e+00
-1.244041481814964101e+00
-1.204739956485959551e+00
-1.134384246706933830e+00
-1.068362878914093539e+00
-9.177591285555435352e-01
-7.761778002377095476e-01
-5.488892224312238444e-01
-4.507531654105546015e-01
-3.196334505965165995e-01
-2.633214899865876646e-01
-2.646585581571282986e-01
-2.370284976526682019e-01
-1.905404618115210114e-01
-1.886817395934432817e-01
-1.353927236095653075e-01
-1.033105373218514561e-01
-7.620122671845454276e-02
1.178304840878418571e-03
7.751617221062784280e-02
1.416330748814993157e-01
2.427361830316102087e-01
1.549818491224221051e-01
-5.186350919756101824e-02
-1.608159592548279448e-01
-3.136917025175497975e-01
-5.687622563389507224e-01
-6.146367436112526450e-01
-6.402321860744171200e-01
-6.828454793876693740e-01
-6.209380121520277074e-01
-5.862379002845925502e-01
-5.397257158924839704e-01
-3.665000980933906249e-01
-3.436391267344410805e-01
-2.336331597145639150e-01
-2.473991469525783915e-01
-1.970240285963329452e-01
-1.377849529429783504e-01
-1.657326731488865945e-01
-7.522477832449224466e-02
-3.627171195320915559e-02
5.179465615990712715e-03
2.067441199232795956e-01
2.634965452429929855e-01
4.258244385495466022e-01
6.143309103564038587e-01
6.998146396686651949e-01
9.759743065044487187e-01
1.050509793351895871e+00
1.188537143022087239e+00
1.384646407250612388e+00
1.392634225104920853e+00
1.595395913213122574e+00
1.651309944482168834e+00
1.821521766007179188e+00
1.828317156133138166e+00
1.702896873197507155e+00
1.685535340801346704e+00
1.549408946566503742e+00
1.452079029340665350e+00
1.331410392415680821e+00
1.127404636889174805e+00
1.083471519270567951e+00
8.834932742401847561e-01
8.132809124616098284e-01
7.717915132893977681e-01
6.497918854664652688e-01
6.043590004213384992e-01
5.624739784212630100e-01
4.125293978037896658e-01
4.183651856854911921e-01
4.370085576099972391e-01
3.939281868139418719e-01
9.649401567782525668e-02
-2.254384305937534305e-01
-2.846997441683674634e-01
-3.467377090185486121e-01
-3.784648858061821497e-01
-2.818494866625541606e-01
-2.229217125882887174e-01
-2.881165548732326012e-02
2.658398786018663640e-01
5.140647809260929790e-01
7.079183337797113618e-01
9.525481387001182298e-01
9.342686308238769000e-01
9.269489211283656882e-01
5.314927351138906131e-01
-2.891707052202218686e-01
-6.642284847103622214e-01
-6.294115546959249130e-01
-8.159136907379122006e-01
-4.091727371135528424e-01
-4.960752503471402841e-01
-4.387886039385385240e-01
-5.708514421807109329e-01
-7.177337002132921917e-01
-7.681422075565105256e-01
-8.954555941615899295e-01
-9.170407220967290440e-01
-9.259062618390645483e-01
-9.595245553254831972e-01
-9.247285912708170796e-01
-9.408699535464191133e-01
-9.392884249918176387e-01
-9.212863557354654676e-01
-9.486873096637225000e-01
-9.375979960395381951e-01
-9.497689675782855501e-01
-9.745712878885982589e-01
-9.643011311129821017e-01
-9.910359029960426058e-01
-9.820760922372954171e-01
-9.802181366152099562e-01
-9.891836771394830752e-01
-9.642096911317943331e-01
-9.651203888579324985e-01
-9.446685738901590135e-01
-9.119964445870978320e-01
-8.946150552940090872e-01
-8.425192142941122508e-01
-8.134510319081514895e-01
-7.664144200196405521e-01
-7.225550767502662008e-01
-6.786465468513632748e-01
-6.183253263808704547e-01
-5.738134972086867958e-01
-4.910339182001299263e-01
-4.383912530313719413e-01
-4.129452391507943965e-01
-3.716620225555917201e-01
-3.417944583025165906e-01
-3.131939742171340191e-01
-2.726471785958858862e-01
-2.480569357551171694e-01
-2.075905588084901165e-01
-1.722005724968819762e-01
-1.419927490827242733e-01
-9.093241349783327820e-02
-6.095256080932554693e-02
-1.442858433280006479e-02
2.642263022673791914e-02
5.688372448811941651e-02
1.027811378790263880e-01
1.310663408265575758e-01
1.670776241135093765e-01
2.064905010052783818e-01
2.335400851370617870e-01
2.798129609796984330e-01
3.176751852798488374e-01
3.639043637232056705e-01
4.460308579408103213e-01
5.005738451317798265e-01
6.454126453818728182e-01
7.001050058051848657e-01
9.321614829484544673e-01
9.600249003240270973e-01
7.989340840900519547e-01
7.963541633290115440e-01
4.148639660656292666e-02
9.126253524284914931e-03
7.021777936851880675e-02
-3.488560947924405214e-02
-7.420917855637423899e-02
-2.029960346160381568e-01
-2.600761234985306536e-01
-2.774124537756954556e-01
-3.151780577393208937e-01
-3.320001469761199031e-01
-3.215432747538166103e-01
-2.737196543482497413e-01
-2.282254212403795057e-01
-1.780904000211389060e-01
-1.337728524352002346e-01
-7.714227519407119982e-02
-3.953873799124062866e-02
2.157978493487883870e-02
8.774919001055263290e-02
1.253681220072407343e-01
2.383808234972445983e-01
2.763992697224437745e-01
3.184708063506959119e-01
3.767959289527808009e-01
4.081807573220488372e-01
4.473945708761680740e-01
4.929932576182233239e-01
5.369301362259336630e-01
5.663636639072306966e-01
6.383083801256770329e-01
6.574864292008036903e-01
6.842380284406357482e-01
7.124979077111250891e-01
7.245269009890356049e-01
7.457210097331555820e-01
7.570632021154649616e-01
7.783399847287725271e-01
7.854075067036998536e-01
7.983690220230299506e-01
8.001869884527401666e-01
8.006673413974374487e-01
8.047042021350515606e-01
8.041975056646504250e-01
8.055272251093326119e-01
8.065032969359664516e-01
8.063935514498137280e-01
8.071618775435166482e-01
8.072723895815313577e-01
8.073691676255287941e-01
8.076565658915170198e-01
8.075819280658335098e-01
8.076595684948407738e-01
8.077245670675422540e-01
8.074853476993502088e-01
8.076038228632345106e-01
8.073703633808584357e-01
8.069120980142129307e-01
8.072594975698159647e-01
8.060013207844838323e-01
8.058638790512542283e-01
8.059516701830742313e-01
8.023330550036692488e-01
8.046198701539805098e-01
8.005540581348250528e-01
7.952613696393039389e-01
8.023877853848886410e-01
7.822375657205151711e-01
7.875560609441276672e-01
7.884928495447012242e-01
7.364080396282695062e-01
7.887022448354481519e-01
7.119134817108403457e-01
6.464311735133199122e-01
7.007207109200659367e-01
