-7.621345229062955525e-04
-8.550256755727573838e-04
-3.295321764234537560e-03
-3.336516786178293781e-03
-3.530471342499251486e-03
-3.966706339050414011e-03
-3.541209180146306749e-03
-3.725366522410506701e-03
-3.711247834250446919e-03
-3.638556915301271663e-03
-3.698606765979261905e-03
-3.667646326743645262e-03
-3.666824128260161991e-03
-3.676359700359515311e-03
-3.665948004171984409e-03
-3.669654218499095611e-03
-3.669095517108886782e-03
-3.666995420682978186e-03
-3.668020277665590308e-03
-3.666694987156274115e-03
-3.666149795322646340e-03
-3.665374517915014150e-03
-3.663538698325560609e-03
-3.662587035409077714e-03
-3.658794474105905511e-03
-3.655394675831276103e-03
-3.651929191551184142e-03
-3.638700746707509981e-03
-3.634946824754770565e-03
-3.616479001525871144e-03
-3.580675492697223041e-03
-3.584080196408302721e-03
-3.489788663233041148e-03
-3.437943351412634831e-03
-3.429572442109675781e-03
-3.046359549078601816e-03
-3.074644019632088131e-03
-2.964289859461537689e-03
-2.911524292486362790e-03
-2.955485864700123019e-03
-2.765726379935638107e-03
-3.079294522711242994e-03
-3.240468133430031601e-03
-2.853504038921163364e-03
-3.084936600207924089e-03
-3.165420969134155257e-03
-4.174928601253240397e-04
-2.221957733231853371e-04
1.507443052800384311e-03
2.771044528333760706e-03
3.057471595482546926e-03
5.084154156398475351e-03
5.871132423869416389e-03
6.323326321077573156e-03
7.498843465054052387e-03
8.828790528772409094e-03
7.504957465035932106e-03
9.730082943008292254e-03
7.875034431069878951e-03
7.008151854241364068e-03
1.403024738672943410e-02
1.559733898719385843e-02
1.647898364191730664e-02
2.055703513632625712e-02
2.094482850751422376e-02
1.991764605347537409e-02
2.137720244815211404e-02
2.022755226792305808e-02
1.649651183431078902e-02
1.699116421160348431e-02
1.257322304102893341e-02
1.020041179700121800e-02
8.351858250571357264e-03
2.232633719653465652e-03
4.705901122946533994e-04
1.565212422501719228e-03
-1.700194906698463630e-03
-2.500736908678712067e-03
-4.195168138154269262e-03
-7.828819949379357129e-03
-8.624951172682306447e-03
-1.281891314631387023e-02
-1.447295130679461181e-02
-1.497244225477087701e-02
-1.724349378848821085e-02
-1.806754773716585938e-02
-1.876845408890442934e-02
-1.957744788218063539e-02
-1.874974485985798217e-02
-1.726478823532599793e-02
-1.560407471030864600e-02
-1.398814928795688063e-02
-1.452946649895657180e-02
-1.455337719859260519e-02
-1.491605032795682503e-02
-9.847637300383219397e-03
-9.345366506420465375e-03
-9.197722370937756395e-03
-7.042037524437754631e-03
-7.301256492513770111e-03
-6.420706115671700499e-03
-6.298683394973583587e-03
-6.080937039150462187e-03
-5.402802858576034872e-03
-5.406304560592921707e-03
-4.123667668267811878e-03
-4.167339422507155069e-03
-2.649420159653582442e-03
-2.087147106315259248e-03
-5.118591607394288104e-03
-5.014640836966228858e-03
-2.771276049473729835e-03
-3.948084879926004598e-03
-2.297882977521868361e-03
-6.775664882957617863e-04
-1.379330333717114065e-03
2.511144194971344501e-03
4.075217370991586312e-03
6.504987992858826673e-03
1.251714465185688532e-02
1.154829898515741943e-02
1.361174560169460535e-02
1.178512543948289672e-02
5.872595590028392015e-03
1.209024958804916488e-03
-5.654916867866521986e-03
-6.147486202329059506e-03
-7.800127827350606877e-03
-1.343734379750589208e-02
-1.240724940199626307e-02
-1.603079034862730720e-02
-1.675720719399613479e-02
-1.494971392813666811e-02
-1.800412262731618945e-02
-1.574347404288493207e-02
-1.699672683624393194e-02
-2.035866383094271995e-02
-2.020708115545019612e-02
-2.603759337430735371e-02
-2.694348702559750189e-02
-2.721748718703395284e-02
-2.859530707978502617e-02
-2.733248695212436852e-02
-2.725187489290768067e-02
-2.901509955341797370e-02
-2.736689328411531785e-02
-2.853747648092057679e-02
-2.928431729554501622e-02
-2.649670981306242318e-02
-2.916375515069118129e-02
-2.630931394424787517e-02
-2.517388881414119040e-02
-2.790409383277550615e-02
-2.101048432325942558e-02
-1.997668734905442070e-02
-1.405834532517311226e-02
-1.061334188419104513e-02
-1.174393031994660011e-02
-1.008272188092730962e-02
-9.988389959012477365e-03
-1.212830895338675580e-02
-1.206382150184378936e-02
-1.038394635109620226e-02
-1.149477088163164927e-02
-1.077352606626793413e-02
-6.172025179760415141e-03
-6.162717503550158883e-03
-3.526948253551783971e-03
-2.936925355626499555e-03
-6.242707089087311430e-03
-6.210224286532813401e-03
-6.770809339095074965e-03
-8.070839921700746766e-03
-6.869284683944412197e-03
-8.774356387868238044e-03
-7.941757887472046182e-03
-4.962275505631564762e-03
-4.281805684449315440e-03
9.228742133130880734e-04
1.167063479108877656e-03
8.660508311824882677e-03
9.353173306822056693e-03
2.968908700653055677e-03
3.383101015475586427e-03
-8.180583186247925454e-04
-3.476283203371901068e-03
-2.237007408501654002e-03
-4.201379061872286685e-03
-8.507226536882659534e-03
-8.241093628369545315e-03
-1.338313649537623343e-02
-1.464763721190666043e-02
-1.354464774690769882e-02
-1.268665088758681378e-02
-7.973502347352157821e-03
-7.372351360177772234e-03
-6.954059228374111570e-03
-5.839974953771290625e-03
-4.741859740952961491e-03
-4.460196051864173152e-03
-2.847866057969373772e-03
-2.546292749559371515e-03
-4.522642724238166295e-03
-4.481799997644203212e-03
-4.824794354793296609e-03
-4.801081754777151815e-03
-1.894022044242611291e-03
-3.453859242349220215e-03
-2.051525359539089263e-03
-1.314857156954260357e-03
-7.948522026883057812e-03
-6.341993011309209408e-03
-8.310198848769387650e-03
-1.247759514859350834e-02
-1.264840018897301840e-02
-1.599101459446372955e-02
-1.736385499025222545e-02
-1.608121244871637059e-02
-1.562915925447857027e-02
-1.523372478811441631e-02
-1.405165530132216137e-02
-1.443290719680809242e-02
-1.303872111809815937e-02
-1.188794563428236667e-02
-1.205319556287906546e-02
-1.097683266751587651e-02
-1.092094986525677346e-02
-1.028214897840096925e-02
-8.942283767137725395e-03
-6.134192075834786484e-03
-6.055973210060703943e-04
-1.851883253536896687e-03
2.037596914718384396e-03
3.004514094202230014e-03
6.184294056229912989e-03
7.153051167134999097e-03
1.134819417810820595e-02
1.239203334023342845e-02
1.620615726852536048e-02
2.302293208601999958e-02
2.344230294662352776e-02
3.464263702296882519e-02
3.471134388695781836e-02
3.679954036032834913e-02
3.983896220714355091e-02
3.914122372238536957e-02
4.054117454139308241e-02
4.061734097841282476e-02
4.033282351159121065e-02
4.009776161982351456e-02
3.931332798325940653e-02
3.829112549381529645e-02
3.606774652458508840e-02
3.483120896733273020e-02
3.154050290555043129e-02
3.079253854276265898e-02
2.751317315859610341e-02
2.636689027373143035e-02
2.337169765687287237e-02
2.054182821827730057e-02
1.890201243990065338e-02
1.156262003966626248e-02
8.109093965374408394e-03
2.132210679148156384e-03
-5.054971096835010613e-03
-7.790922021018262256e-03
-9.991235443128944349e-03
-1.186968514443513534e-02
-1.311782907234878073e-02
-1.398151636537337331e-02
-1.414209826698000459e-02
-1.238500785615625002e-02
-1.192347466076782228e-02
-1.017968504995508949e-02
-9.568379173151748268e-03
-6.648847316178878482e-03
-5.296923381221826932e-03
-5.995213117971938746e-03
-2.692396940898740543e-03
-3.526694965031337316e-03
-2.111960231942979545e-03
-1.799012450004469025e-04
-3.439756349773591577e-04
3.713670676927920480e-03
5.099246282906468204e-03
1.015641874103571582e-02
1.415229918669898626e-02
1.480314528265410864e-02
1.642445440315160737e-02
1.640714478468976306e-02
1.633650331091577451e-02
1.649286402067074581e-02
1.694424083717947088e-02
1.645389915059415620e-02
1.722703831149153403e-02
1.655068781034621517e-02
1.631660340538505435e-02
1.702536214324707614e-02
1.474576177259873805e-02
1.587371796564675946e-02
1.413784487453092001e-02
1.039104897075204814e-02
9.988465353396140667e-03
-2.189164304380061474e-03
-5.378240174104293760e-03
-3.555326711277448978e-03
-5.649535366007661479e-03
-4.263997875559380479e-04
3.799263166676405089e-03
7.720397118785824429e-03
8.131862422696957415e-03
1.054884690284733050e-02
1.011590896795970529e-02
1.064193879940852211e-02
1.058178076471302277e-02
1.105384395911084353e-02
1.163316178126556910e-02
9.995252242373386595e-03
1.366805481384844242e-02
1.005883319343989918e-02
5.114447865813945109e-03
3.321297220044712017e-03
2.376564399270598635e-03
1.871495354358301529e-03
1.369917000415338346e-03
9.469710407536923152e-04
2.778758284207928121e-04
3.605511760222944754e-04
-9.578352886914038786e-04
-1.645136135026995178e-03
-1.203036603421395959e-03
-6.526155133947017170e-03
-4.980642528632962460e-03
-5.354244617990468018e-03
-5.345005380462722853e-03
6.482054236625095934e-04
-2.397122833562735083e-05
1.829806612482925716e-03
3.051645805274901847e-03
2.259958926166821466e-03
2.418553658303111177e-03
1.904470365187677745e-03
-4.486681089441160383e-04
-1.446966553606816039e-03
-4.614760423836836156e-03
-5.587037253139869736e-03
-1.008680261892584175e-02
-1.155363624212198126e-02
-1.053139327978284447e-02
-1.184338641886907573e-02
-1.030310608462463133e-02
-8.417808724647542207e-03
-9.972416049541601296e-03
-1.017305856735075363e-02
-1.207495769618133208e-02
-1.700654113283417423e-02
-1.877641692563419840e-02
-1.957024371951927161e-02
-2.100809631815409723e-02
-2.114643548758658731e-02
-2.227255414307123538e-02
-1.987904940210308974e-02
-2.027688492486443700e-02
-2.159571868872182249e-02
-1.957153860118336641e-02
-2.261443331387506805e-02
-2.069888556045147363e-02
-2.267118514744418528e-02
-2.574522593881961585e-02
-2.016449118601867929e-02
-2.364092770260790496e-02
-2.233322092941357473e-02
-2.190560557821395749e-02
-2.224909667028531629e-02
-2.040155453139499281e-02
-2.172334820799346269e-02
-2.117660825079425296e-02
-2.088977654282639373e-02
-2.071139194941228057e-02
-2.035609851215556057e-02
-1.938590774794235819e-02
-1.938551413560829148e-02
-1.861566921292654581e-02
-1.693632480177078431e-02
-1.790629366303575845e-02
-1.513986502206545598e-02
-1.532383831875662114e-02
-1.566227705033348266e-02
-8.677281666003896360e-03
-8.325399169155740450e-03
-1.027978440027111327e-02
-1.054414944166838335e-02
-8.727381404813818952e-03
-8.956069599841902373e-03
-8.351503300043770783e-03
-2.295812592679391615e-03
-2.244925007830488040e-03
-1.538315373201956703e-03
7.370281518254011603e-05
-2.828480573940298035e-03
-2.451862347160097943e-03
-3.023015885663558541e-03
-3.739359043141669316e-03
-3.605483125463492498e-03
-4.002204419799499507e-03
-4.040094742104321721e-03
-4.152482355396377132e-03
-4.208103018386373517e-03
-4.118515268318278730e-03
-4.454342499230269127e-03
-3.916766560933663578e-03
-4.254076712944369204e-03
-4.474643882696192551e-03
-2.280399103603323197e-03
-2.357438651753985311e-03
-2.104623813512495126e-03
-1.153907834124856882e-03
-2.808410165375093727e-03
-2.987584806565489904e-03
-2.704481784555310374e-03
-9.435443783459394537e-03
-9.329997658147390349e-03
-1.122809805028540664e-02
-1.315701729235556339e-02
-1.243532481510047777e-02
-1.289340892336794143e-02
-1.331156016160388658e-02
-1.020664613835082016e-02
-1.059858067267261880e-02
-9.749620347865561518e-03
-8.981024710973839476e-03
-9.059444312695251467e-03
-8.705881268925659902e-03
-8.385495969090387552e-03
-8.596338944310532790e-03
-8.454802772118269472e-03
-7.722342154687446107e-03
-7.539939808342054593e-03
-6.959088730642963225e-03
-6.700906999529269645e-03
-6.314213860218148393e-03
-6.095305017980313933e-03
-5.578920877577433698e-03
-4.912441842903115391e-03
-4.834703363688845623e-03
-2.815391341341858412e-03
-2.802993965817038042e-03
-2.750701350313682070e-03
-2.225472474191180720e-03
-2.330161093279035402e-03
-2.433244695497954139e-03
-2.381356424784219356e-03
-2.369787509138423197e-03
-2.380134933753991124e-03
-2.360552227562831128e-03
-2.363109393073309101e-03
-2.360894337157566723e-03
-2.356051521411086248e-03
-2.356988024981734094e-03
-2.354121218441753219e-03
-2.352339414798060649e-03
-2.351959294256218171e-03
-2.346494307469572556e-03
-2.345789471526989363e-03
-2.341322703177388994e-03
-2.326240713830605121e-03
-2.332959205073089921e-03
-2.301056271296919066e-03
-2.276303615321587873e-03
-2.299445885571445823e-03
-2.145693045169215322e-03
-2.194464997864115693e-03
-2.128188265929541016e-03
-1.587546273813732331e-03
-1.641544986596903339e-03
