-1.213717458274842561e-03
-1.348049104735977305e-03
-2.689196387000091296e-03
-2.639578126356519928e-03
-3.165736344177222904e-03
-3.394630922168982278e-03
-3.511568120161815895e-03
-3.690090184026361894e-03
-3.747028046655668816e-03
-3.808496928132593974e-03
-3.858657070555744553e-03
-3.878874757369955850e-03
-3.903134932528243804e-03
-3.916911922193149452e-03
-3.925351417721105636e-03
-3.933497712569583409e-03
-3.937619906234344352e-03
-3.941018668853603704e-03
-3.943481038659622795e-03
-3.944819028364552477e-03
-3.946192561950167231e-03
-3.946508632657707086e-03
-3.947180928574276285e-03
-3.947708366384065741e-03
-3.946225364547004816e-03
-3.948480276643576842e-03
-3.946184236591322204e-03
-3.943217252426457937e-03
-3.951822930339193504e-03
-3.933856875895568213e-03
-3.943062639522994239e-03
-3.955189865292208992e-03
-3.884786704197243368e-03
-3.984140698382085399e-03
-3.896553602688094826e-03
-3.734330463092412188e-03
-3.795485247633320451e-03
-3.910604955067798968e-03
-4.212624870062441247e-03
-4.356560949626623637e-03
-4.488149199684192230e-03
-5.931959903001678309e-03
-5.994933881429560449e-03
-6.338174321394555305e-03
-6.864288587238379091e-03
-6.685619848711244796e-03
-8.246731451728109979e-03
-8.524138570592651801e-03
-8.035109163782826192e-03
-7.847872073787742070e-03
-7.991562938580444933e-03
-3.957195231886968985e-03
-3.680611646650982626e-03
-3.724824233216612098e-03
-2.955541691426605971e-03
-3.279605331609669085e-03
-6.965119267535189833e-03
-6.997107217594278339e-03
-9.477669870774214217e-03
-9.337190821905753946e-03
-6.578458302702719362e-03
-3.082391884202718719e-03
-2.176886178585377661e-03
8.074699002802660300e-04
2.415917332079839386e-03
1.850829471464590908e-03
3.993470637525781131e-03
4.525813955428004132e-03
3.544261353638538531e-03
5.898572269181350317e-03
3.505002445914914919e-03
3.035713315497652956e-03
3.368389031033254804e-03
8.701500098242701767e-04
1.656177745993694331e-03
8.324315048839212722e-03
6.993533253609271298e-03
8.453486417258355978e-03
8.545030835879659226e-03
6.225629989614264552e-03
6.436305180682614507e-03
7.839931435339791629e-04
-1.275008705437225996e-03
-3.762697425608573735e-03
-7.521410255093282510e-03
-9.079181644233554060e-03
-1.203465507977910347e-02
-1.389938159976249546e-02
-1.459546215619359280e-02
-1.224123863549957981e-02
-9.288826945432177018e-03
-6.394060348517797976e-03
-6.050969682670093858e-03
-1.684986121131290624e-03
-9.483733612473239059e-04
-3.315752676130477063e-03
-3.112226618092769730e-03
-4.049586497466311184e-03
-5.433456469720167846e-03
-5.221886195881705189e-03
-6.704254635853545800e-03
-6.688525427031443045e-03
-5.753120941709804342e-03
-7.262670894606670577e-03
-5.819709306373173525e-03
-4.582305908892352932e-03
-4.426662393595767568e-03
1.463234754474044544e-03
1.821984351142956525e-03
2.774062786923089290e-04
9.643683402067594179e-04
-2.856101959394866932e-04
-7.981985779798394078e-04
-6.966647602752017859e-04
-1.233966009310555768e-04
-1.402455287015735765e-03
-5.675752798650364646e-03
-5.900626771321545658e-03
-4.744601650804005505e-03
-4.002375120248011058e-03
-1.614909950767018159e-03
1.403304549976562522e-03
1.342144141916774749e-03
2.755172557039422578e-03
3.244745534241878435e-03
2.359626734554724423e-03
8.087813115978654752e-03
6.028491724257833799e-03
5.374726147511895737e-03
6.652233782484314774e-03
5.411057490620372820e-04
1.290655519611967313e-04
-4.942430650565160597e-04
-4.148382067241950660e-03
-3.580039612910623434e-03
-5.224344479279217565e-03
-8.632822946360177788e-03
-7.240830455067208925e-03
-1.150240980706822465e-02
-1.182773128644728014e-02
-8.110743409694191886e-03
-8.950202228013504763e-03
-4.915943576822482883e-03
-3.198695175852864919e-03
-3.765257177606260146e-03
3.221459789511786111e-04
-2.233275785687195703e-03
-5.284062953032722144e-04
1.611349733911331432e-03
-3.064677507031800686e-03
-1.793796763305149184e-03
-4.724667789329986024e-03
-8.258452664307634403e-03
-7.530962477429323926e-03
-7.869253023603764441e-03
-5.755723722607361884e-03
-5.017704974174318905e-03
-6.640990949484698591e-03
-7.630092383947310354e-03
-8.112927758078789658e-03
-1.044571115116419216e-02
-1.062981256371661395e-02
-8.531192195850374055e-03
-9.914843485937019363e-03
-9.009472852494589817e-03
-4.777786615835659390e-03
-4.727143658118800398e-03
-1.213037493151898150e-03
6.537786522898319987e-04
-1.250380151792124814e-03
1.942327463923197153e-04
-1.589400416657583580e-03
-6.953524793468239887e-03
-5.882331745286854124e-03
-8.254000864026510981e-03
-8.138393666174151275e-03
1.194956374261632809e-03
2.131397735286864534e-03
2.603351309197996476e-03
4.231120505851638028e-03
6.867014688192894442e-03
5.714895110443156574e-03
5.324098544963463443e-03
4.482852815830483742e-03
-7.044952537700916069e-03
-7.670191737621847965e-03
-4.505854862629351740e-03
-5.211107662096797939e-03
-3.965888138983022018e-03
-2.964353406677126303e-03
-4.944274052702441608e-03
-5.134039891149168311e-03
-6.326389727047181111e-03
-7.557354749492708849e-03
-7.390740704731750196e-03
-6.769112019760730251e-03
-7.218886044782818825e-03
-6.140123234657693385e-03
-4.425629354338874583e-03
-3.492093199965038385e-03
1.747212271929550649e-03
4.149994225474032405e-03
3.612253562084270352e-03
4.636956300608813253e-03
4.369440296280404333e-03
4.551427635790523778e-03
2.941197636337410277e-03
2.730353237039264552e-03
9.118690699223706755e-04
1.350968295692408843e-03
-9.499926606847434399e-04
-4.802384007444107650e-03
-4.809311971730139204e-03
-4.406200163745834474e-03
-4.285510653092265351e-03
-8.863345073026602031e-03
-1.151082789162719000e-02
-1.403632464611012307e-02
-1.543456905486845221e-02
-1.608757180231334266e-02
-1.589834207809438446e-02
-1.514393888039484472e-02
-1.404452317506278691e-02
-1.209791827926944702e-02
-1.160556195094581897e-02
-1.021224480392430092e-02
-8.641184085106303620e-03
-7.971116707170029445e-03
-6.174091288535204017e-03
-5.603547063473424822e-03
-5.183618484938482679e-03
-5.446819273320355377e-03
-5.375731961332719938e-03
-6.275941196630122065e-03
-6.227237808969888523e-03
-8.061011233281827754e-03
-1.050218008297663583e-02
-1.387388567374089193e-02
-1.394696979639523104e-02
-2.237784916242745170e-02
-2.164176247820698631e-02
-2.053958961974866604e-02
-1.861207023443624611e-02
-1.543539195585936358e-02
-1.348769370199562508e-02
-1.118321075772312281e-02
-8.782195348010862768e-03
-6.088282094366890586e-03
-4.404117079799240927e-03
-6.237380494561405551e-04
2.187285431304428988e-03
4.330922421576329472e-03
1.120568709434016999e-02
1.166685873660980831e-02
1.614280740870014871e-02
1.655919635464323317e-02
1.513214147708206656e-02
1.735966510414437003e-02
1.518760512476716174e-02
1.518786435594912318e-02
1.506795972634270703e-02
1.095721188740012182e-02
8.645216363654228964e-03
2.637941281250854187e-03
-3.906503420323964408e-03
-7.047192140730930247e-03
-5.376456073382203035e-03
-7.832612278192655625e-03
-6.675859452442580930e-03
-6.543975009847090643e-03
-6.715759995004863189e-03
-6.259429484569268773e-03
-6.468444903866112441e-03
-4.639855028773313614e-03
-3.950076623479072471e-03
-1.755022210949078263e-03
-5.177457806121975054e-04
-1.451773702348877794e-03
-6.064841840297534748e-04
-1.173447673701498222e-03
-1.544206313465827304e-03
-3.286260937289665310e-04
-1.984123286414861409e-03
-6.342642098524798461e-03
-6.698809803448280142e-03
-5.895096942506223084e-03
-5.742675082695134631e-03
-4.194099882877730737e-03
-2.763780472262652565e-03
-3.549925363265490387e-03
-1.581153901599264286e-03
-1.743301810112410366e-03
-1.224021774007235308e-03
-4.701045117049362874e-04
-5.137899635939774607e-04
-8.437225715403469069e-05
1.427845082522735676e-04
3.777718947658260462e-04
2.908344867454578102e-04
8.398045547931957434e-04
5.766660189370576353e-04
1.442758169860737061e-04
3.380297885626825987e-04
-2.133191533007649295e-03
-2.231136874380535741e-03
7.359659935008824655e-04
1.306941154694599410e-03
5.259184532881033651e-03
6.021419871671076542e-03
7.607286668610688946e-03
7.417674654612335661e-03
6.342121957270990817e-03
5.680294293309132853e-03
6.561346533403681486e-03
5.291660539478611203e-03
5.982375637708699928e-03
8.079392764080463307e-03
4.263347998691770571e-03
1.150555674884167282e-02
1.271987337436343915e-02
1.591478215101523735e-03
1.612980517594632401e-02
1.290858595878016657e-02
1.328342634126755684e-02
1.642764235969152928e-02
1.458790701605894302e-02
1.408246682393930922e-02
1.512230731993320990e-02
1.132560079154327007e-02
8.877518425173681893e-03
1.095053995374391589e-02
-6.025211981869060818e-03
-4.244141060603188152e-03
1.724354422067721476e-03
-1.728904032644029020e-05
8.824496872732779523e-03
9.183594237939561936e-03
1.034876142531316635e-02
1.309806961591237010e-02
1.293350818393203608e-02
1.379418081083381292e-02
1.141960890278569292e-02
7.080458610511113429e-03
6.504505835839455644e-03
-1.599738400643853451e-03
-1.829047688614926894e-03
-4.569376314961183429e-04
-3.030407690082338647e-03
4.191366793316319292e-04
-1.245504196496573712e-03
1.262273606796190072e-03
5.314286814429780223e-03
5.938479359999872774e-03
5.416883854304391926e-03
5.486341331777203414e-03
2.686875372441856029e-03
-3.553721130197793791e-05
-8.966848057361658528e-04
-5.031150623411004101e-03
-8.005330771101843573e-03
-1.050544389218496105e-02
-1.687451978595755353e-02
-1.914635223578795009e-02
-2.068750560324238152e-02
-2.169754277049152844e-02
-2.449027126691073752e-02
-2.342132800827762679e-02
-2.637283861901857165e-02
-2.897273228644064308e-02
-2.584742702305991430e-02
-2.826084871223237885e-02
-2.515869018969618329e-02
-2.550598547491062656e-02
-2.751631048239116736e-02
-2.773829027292776597e-02
-3.021319778202070233e-02
-3.150028925499455401e-02
-3.176559275711478281e-02
-3.242424597797643332e-02
-3.240982889001556982e-02
-3.193952369512809142e-02
-3.252146955270673878e-02
-3.123484172941720996e-02
-3.099938434130465950e-02
-3.101844118544071563e-02
-2.824278964830585770e-02
-2.962512451093549104e-02
-2.618197606400356550e-02
-2.413165766410151764e-02
-2.299168774008103489e-02
-1.102958546705951927e-02
-1.022013210169048399e-02
-6.005356396931032202e-03
-8.057951633720942738e-04
-1.145944849077247182e-03
6.098131019464950175e-03
5.323299800102535527e-03
5.565990562181835632e-03
7.188159606855770017e-03
3.952559069377929203e-03
3.979145407723987289e-03
3.504764122192716071e-03
2.600569184436801826e-03
2.638402064087016705e-03
2.268870724259811934e-03
2.015963043489943374e-03
1.924083630783094421e-03
1.771829446602965269e-03
1.444100511418578738e-03
1.437006789126467950e-03
1.150392307391526810e-03
3.684901594847052992e-04
9.354327017480496822e-04
-6.579864720169379582e-04
8.518271041973695247e-05
2.446214294291682977e-03
1.879587905363345980e-03
5.878900684306035719e-03
9.460632865159281091e-03
9.049487569432763251e-03
2.351835993257226851e-02
2.291944172849948516e-02
2.446125665047842873e-02
2.927985466815640272e-02
2.550620860661014649e-02
2.664436752384802959e-02
2.727658871765174103e-02
1.578179368341717584e-02
1.595481642767932265e-02
1.140354691065796795e-02
8.244121683748752150e-03
6.954649525273841164e-03
4.295353110966120859e-03
2.740799509445297072e-03
-4.275530209513367526e-04
-1.478693784103822127e-03
-5.295840626977351556e-03
-5.431154911501301190e-03
-4.737548563383235309e-03
-5.707547851719298702e-03
-5.320620694193815142e-03
-5.485386533081010839e-03
-5.416885587022618638e-03
-5.483954085751862294e-03
-5.450101867701620355e-03
-4.607550152100355068e-03
-4.472399980269823813e-03
-4.215377255879318788e-03
-3.766100468657055528e-03
-3.793110643527595506e-03
-2.783489818435219872e-03
-2.769886197056082005e-03
-2.545960653084973144e-03
-2.310239420592042486e-03
-2.300860288052113036e-03
-2.190272951728672052e-03
-2.144965958030509504e-03
-2.126778028174616461e-03
-2.090423774655820067e-03
-2.080951032428938596e-03
-2.070936375234722418e-03
-2.060496697486284643e-03
-2.058919500946382233e-03
-2.057171684161777144e-03
-2.051353884353957369e-03
-2.060710014989085813e-03
-2.058753342538422945e-03
-2.053590686198079364e-03
-2.096214340682815182e-03
-2.055975655060068071e-03
-2.101311010376896195e-03
-2.196889209018981857e-03
-2.005451798169588691e-03
-2.418407188563108726e-03
-2.508502608121249231e-03
