6.810384675351064624e-04
7.163292377792164880e-04
1.136599780027996260e-03
1.206877884980854521e-03
1.531640843309553827e-03
1.570605641093733530e-03
1.407103118115728396e-03
1.518831691152376651e-03
1.466489841017972352e-03
1.453873406050940759e-03
1.477211874283832372e-03
1.453905446298533414e-03
1.460328723640555350e-03
1.460643606644683023e-03
1.455426706647438596e-03
1.458834589692160552e-03
1.457560255166058527e-03
1.457996060175230932e-03
1.459558799411471604e-03
1.460632061007573895e-03
1.463238739633691702e-03
1.465614031178795722e-03
1.471129354767157765e-03
1.476105604492250435e-03
1.483334033797339274e-03
1.498917781114425529e-03
1.506449920972873250e-03
1.533332079154711746e-03
1.566617924433248883e-03
1.579678145359240862e-03
1.676492213737709085e-03
1.713132296100067231e-03
1.782774748928460688e-03
2.062652241273495862e-03
1.986947903948753716e-03
2.386222680496942559e-03
2.390329491038017604e-03
2.593291827563605923e-03
2.850668650158063016e-03
2.951518396017798612e-03
3.036006693244178590e-03
3.780548539127695507e-03
4.021184270177982113e-03
5.466333578781779751e-03
6.030273400856151281e-03
7.072470948037647490e-03
8.274012632238023079e-03
9.513962271989374539e-03
7.830978169472136569e-03
7.107757272922603925e-03
5.876510139093517673e-03
4.307790147975699979e-03
2.095280347918557391e-03
2.155482500063437938e-03
-1.542364457859840814e-03
-7.718563514102147471e-04
8.282693694967751576e-04
-4.215451466796061274e-04
3.311934952693345972e-03
4.253495656579202831e-03
5.572384844594411440e-03
1.469104444830659009e-02
1.947549474997913033e-02
2.611677619580199741e-02
3.702592761643934416e-02
4.365843628368668711e-02
5.984094988369190876e-02
8.380276254432095229e-02
1.065712155898958097e-01
1.068989818891097066e-01
1.181017811541675289e-01
1.181234072325512835e-01
1.180264927511305850e-01
1.234677816044047888e-01
1.196154276031636265e-01
1.187054656400696462e-01
1.191853010609737196e-01
1.092713649661599673e-01
1.066601337848252506e-01
9.782985581194852953e-02
7.649211176113293598e-02
6.806947528500070788e-02
5.067641608824765415e-02
3.587971064336757665e-02
3.340018475827174343e-02
2.100731523964347383e-02
1.702033483195408009e-02
1.401767713712966275e-02
1.195495509543142119e-02
1.209570966164965657e-02
1.169964240813708631e-02
1.146652314293540587e-02
1.288053360230673183e-02
1.349124488970601492e-02
1.431024527252163989e-02
1.601114149326770403e-02
1.669772234654462797e-02
1.358933500912603426e-02
1.163381695498284102e-02
3.898343771885632095e-03
-3.614789434179425682e-03
-3.715180462624425965e-03
-8.731623583267034486e-03
-1.033866648864245272e-02
-1.060188279315627501e-02
-1.131963470664212879e-02
-1.118353349603456830e-02
-2.385291974242882869e-03
-3.418151369785768327e-03
-5.660116087752463040e-03
-6.277162152633054826e-03
-1.016892015027152582e-02
-1.271195740437897070e-02
-1.292937526171756245e-02
-1.277890958648891621e-02
-1.163638195290431568e-02
-9.814071878146729544e-03
-1.224323845286740681e-02
-1.427087477799264537e-02
-1.546074896475006441e-02
-1.322221048507544322e-02
-1.001370109384494729e-02
-4.602386505248391713e-03
3.579603299223811739e-03
8.055297516940436095e-03
9.563987529260470008e-03
1.339299336332233810e-02
1.392368007539634793e-02
1.353939688726834602e-02
9.928259375531255440e-03
7.882306645401281411e-03
5.248176904621633908e-03
4.111365510059080547e-03
8.486627968024727710e-04
7.970757976142456552e-04
1.297741412983428964e-03
2.008351579564906716e-03
3.218996981394885507e-03
6.499681820765803621e-03
9.867116824857559421e-03
1.307676066280574756e-02
2.372186960263410194e-02
3.093959055757479482e-02
3.688745293479126636e-02
4.685697581546050677e-02
6.435152406251212764e-02
6.913555828856975116e-02
8.686045349607865451e-02
8.947132504789920282e-02
1.041608732465880982e-01
1.248921179107584656e-01
1.279955433089122740e-01
1.444501082718863683e-01
1.498511703417714225e-01
1.460522763273852664e-01
1.532390134438254559e-01
1.455460732286087966e-01
1.437028056124603770e-01
1.477608432074881684e-01
1.372391808580017969e-01
1.331875141551159547e-01
1.274284874135652446e-01
1.047750071626691593e-01
9.954734139605389553e-02
8.893208582083396430e-02
7.283767121465808958e-02
7.031339727841159903e-02
4.418587638617221119e-02
2.460834805215933452e-02
3.045502392845719775e-04
-4.659510529739543244e-02
-7.003992828578804730e-02
-1.289224512596048866e-01
-1.447793594461111444e-01
-1.735126169001453278e-01
-1.879202003407087762e-01
-1.877045455106267080e-01
-2.073437203999367318e-01
-1.971466860395398590e-01
-2.000784245450350496e-01
-1.930184405262970471e-01
-1.627182237203841642e-01
-1.471620446629445800e-01
-1.311955253729817361e-01
-1.085863590408034651e-01
-1.045836953156422527e-01
-8.189442519336698201e-02
-6.999009194107344567e-02
-5.746080949756664918e-02
-3.342073740226250006e-02
-2.642291497058671390e-02
-1.732319552253456379e-02
-1.003368794567305322e-02
-6.307621079757493379e-03
-6.476295942407107181e-04
-6.032756812914721878e-03
-4.617315593047595715e-03
-5.407432114327309115e-03
-8.404928509884855570e-03
-5.687102623612382522e-03
-5.750802601314476681e-03
4.212184840519835050e-04
5.027601094745672711e-03
6.266835512782137178e-03
8.844174379153562499e-03
5.456056831081709455e-03
4.801426350059111170e-03
9.148677231011835553e-03
2.917472545455669294e-03
1.283321057723375500e-02
1.711669972115613392e-02
1.602382226202681351e-02
1.809536896941248835e-02
1.227407921767006103e-02
4.583990971022255251e-03
-8.220453169567910889e-04
-1.613343800034645892e-03
-2.223027894454545836e-03
1.884237815023454086e-03
4.445025572547577075e-03
5.539762766925829425e-03
6.361269476921406138e-03
6.154766988765339453e-03
6.735882617623745877e-03
6.705047260588277089e-03
7.329507662428628306e-03
8.550835882429904874e-03
9.090928008055972412e-03
8.851710705928611186e-03
6.001410080472811999e-03
6.815278185299801679e-03
9.058317297007846894e-03
9.275999830883003075e-03
1.596001917943731460e-02
1.969095772853042547e-02
2.019697630082875617e-02
2.188028247812032548e-02
2.305938377032861267e-02
1.807943654327749325e-02
2.160806445863425532e-02
2.603897992295709646e-02
2.657872673567500746e-02
3.488692189077515632e-02
3.212619625848024685e-02
2.841602008145721614e-02
2.409972812627449862e-02
1.476773205062343990e-02
1.175996591788597626e-02
5.436666664143285227e-03
2.798885620743907753e-03
-4.130623398451238951e-04
3.590620492788330204e-05
1.009059690383415451e-03
3.958932260712362365e-03
5.237692139360435907e-03
1.013440456911769878e-02
1.083413360362359829e-02
1.092484459375317983e-02
1.185920100074125925e-02
1.170625836481398521e-02
1.067035089552620560e-02
6.394988725756204154e-03
3.350354549139661093e-03
4.994044858243507079e-03
3.930573053098192216e-03
3.063776311067640222e-03
2.743211686065121554e-03
-3.163007032549102968e-04
-4.619899318528618640e-03
-1.115137834325156431e-02
-1.443069920741747725e-02
-1.598929271951518225e-02
-2.007477404876260169e-02
-2.274458854135991831e-02
-2.451505987273288473e-02
-3.061478644645776459e-02
-3.292570786240639480e-02
-3.644773640237249090e-02
-4.480425790093431337e-02
-4.858951131526400430e-02
-6.216100745563973851e-02
-7.597704428947402167e-02
-8.763823303692218347e-02
-1.216795822891930667e-01
-1.509100241912809670e-01
-1.657363445336258456e-01
-1.986357199831490783e-01
-2.080713356578407502e-01
-2.176251102388395420e-01
-2.334775626957894534e-01
-2.321346194423497544e-01
-2.373593678555669106e-01
-2.392675443619520503e-01
-2.273898610556505939e-01
-2.170590623636059480e-01
-2.031519750541751490e-01
-1.571956621379983210e-01
-1.395555047058111009e-01
-1.118321580940615789e-01
-8.556260572922974594e-02
-7.874504416514883920e-02
-5.879078539589750046e-02
-5.375841296673092295e-02
-5.108574545058724298e-02
-4.146262729890354964e-02
-4.631667027235333856e-02
-4.419159354021470754e-02
-4.430218345302382177e-02
-4.956347965583217385e-02
-4.085605612285865551e-02
-3.751109987604363954e-02
-3.262819377043942037e-02
-1.769717113606528516e-02
-1.649695832161294368e-02
-2.973939958696299526e-03
-2.978811793501144611e-04
-8.987458974158102311e-04
3.652965023430927542e-03
6.029109879153882884e-03
7.286532649734453818e-03
1.225344166197644621e-02
1.343291025073518885e-02
1.571631899740842317e-02
1.929741151676015939e-02
2.165979133481710228e-02
2.688891526086968978e-02
3.205943723510167737e-02
3.196783739379398942e-02
4.584850296468914732e-02
4.406262196116383922e-02
4.517698669635490660e-02
4.462283010539319639e-02
3.775865232638417335e-02
3.681857244762547915e-02
2.272590453298180269e-02
1.488697229868097931e-02
1.448918472992882962e-02
6.730772096705446919e-03
6.517132318322154359e-03
5.514637314488184811e-03
3.297579494583532250e-03
3.380909258817806247e-03
1.496964155297523039e-03
4.215472833135454345e-03
5.135511083629336684e-03
2.707087451410121904e-03
3.794724286136144480e-03
6.396722728840868386e-03
7.379823726636946558e-03
6.440332761028858856e-03
5.767841297300662501e-03
2.539316270260750640e-03
-2.905479968239058249e-03
-8.735642127563659348e-03
-1.572582511096883018e-02
-2.042331057415643428e-02
-2.469246419470444084e-02
-2.491039919790771773e-02
-2.967762034883211428e-02
-3.818535249245661595e-02
-4.439177253308330962e-02
-5.636611267013302840e-02
-6.815202186259410044e-02
-8.812540960401363255e-02
-9.731475211425777427e-02
-1.050674258853135923e-01
-1.139325875302936303e-01
-1.029880142092401696e-01
-1.037069911871477401e-01
-9.067448845678341418e-02
-6.091682645325242895e-02
-4.707928214786476911e-02
-2.008715983830361429e-02
-1.180788877295222035e-03
1.917365911453259089e-02
3.341323756979478615e-02
5.028489141685509034e-02
5.859240966131203099e-02
6.381672756208395247e-02
6.576429767994335096e-02
6.554054145841170520e-02
6.530066799400299771e-02
6.361030968106340389e-02
6.200092942500383397e-02
5.836088526919783193e-02
5.602130008648627257e-02
5.125278992382449605e-02
4.564027186450354823e-02
4.253580448865086627e-02
3.328431787217541599e-02
3.035353609976768410e-02
2.575078822087358346e-02
2.067824133236494458e-02
1.931774747976099799e-02
1.530971956683172333e-02
1.351265401450952620e-02
1.219914326501450944e-02
9.829762114018474051e-03
9.491553276487051799e-03
8.128782520707655140e-03
7.091829254413234418e-03
9.877850330741157203e-03
9.073904376166133656e-03
1.163669619619942669e-02
1.378766015080824803e-02
1.457970547576613145e-02
1.947896162435552858e-02
2.080667615901129336e-02
1.857190320111333504e-02
2.013072335896623488e-02
1.771406153298160646e-02
1.572003819687631948e-02
1.451073902986800210e-02
1.084551379685019280e-02
7.488431467186253479e-03
4.326733231339321105e-03
1.058444642310579255e-02
1.008248627213933699e-02
1.260996584290335551e-02
9.804734119125064692e-03
8.338874705908211685e-03
7.887794004821356911e-03
7.878629756980268239e-03
7.309999065568222043e-03
7.626836711206911625e-03
7.393480136263976682e-03
7.323278470354839184e-03
8.561933527192540361e-03
8.742720357772791259e-03
9.853910855860148824e-03
1.093708232197728759e-02
1.123617104448123780e-02
1.296238605864177482e-02
1.432544701348077709e-02
1.462044032282397259e-02
1.927328281342219687e-02
1.950407091638330787e-02
2.087695074605038642e-02
2.237757554201341009e-02
2.262276246399891333e-02
2.358204153136976566e-02
2.408103055801791292e-02
2.448023849157690210e-02
2.503904131277814860e-02
2.538373756397837439e-02
2.592920713206641262e-02
2.636696811600557772e-02
2.697065764566723700e-02
2.782901788519057465e-02
2.835861305021729339e-02
2.990893520011036338e-02
3.111628117392026618e-02
3.232348346664122574e-02
3.621405098807401607e-02
3.696867790037446089e-02
4.176047893004471850e-02
4.903856915148466916e-02
4.766500850978812320e-02
6.522513591857292958e-02
6.372650965533704914e-02
6.068244262797058142e-02
6.575296020990425983e-02
5.676438704069668162e-02
5.057587670493017551e-02
4.951640130922547317e-02
2.871100564853558065e-02
2.767446159352512924e-02
2.424951002526015351e-02
1.733025709689079222e-02
1.460072537843385733e-02
1.206769629352524506e-02
6.732660763928508679e-03
6.808312798089025814e-03
5.412886469016685298e-03
4.103790859870152900e-03
3.819703486311333898e-03
2.815761019071212450e-03
2.558198164213621242e-03
1.367496097603418132e-03
1.115128966842738852e-03
7.944987683996292257e-04
4.300189214594511700e-04
3.412435568553413238e-04
1.695714316559361536e-04
6.856372864140715319e-05
1.763177868735185387e-05
-5.018442523598052820e-05
-8.091198584769395091e-05
-1.074788658970529968e-04
-1.306547362933865170e-04
-1.421519566607289619e-04
-1.535931847531720081e-04
-1.609855814442526266e-04
-1.656032146875587529e-04
-1.692289916720302186e-04
-1.711341120299326177e-04
-1.720857106833203695e-04
-1.710580450638475385e-04
-1.707484656268849483e-04
-1.671426331498398012e-04
-1.616601814625986304e-04
-1.598166792823466694e-04
-1.435506631215195748e-04
-1.359296682527924224e-04
-1.249198842752138720e-04
-7.478438167817980553e-05
-8.336786180695970178e-05
-9.019012894886929829e-06
9.015671032099330413e-05
2.624598430501834850e-05
3.826730502930461358e-04
3.674027212754883546e-04
