-1.794054067742699779e-02
-1.827692592152397461e-02
-2.198701652663140327e-02
-2.540351468739457386e-02
-2.122825869485355996e-02
-1.811007792455210375e-02
-1.636558078335718577e-02
-1.584101659970007722e-02
-1.557549019407120268e-02
-1.549972875462461534e-02
-1.549038410039063098e-02
-1.548444148528534819e-02
-1.548406973081791274e-02
-1.548435558348773555e-02
-1.548432677124886130e-02
-1.548432797822450573e-02
-1.548432854414103117e-02
-1.548432844636877734e-02
-1.548432845063873325e-02
-1.548432845067087421e-02
-1.548432845064479091e-02
-1.548432844912845524e-02
-1.548432848598878427e-02
-1.548432824044007616e-02
-1.548432797605147661e-02
-1.548433992677508177e-02
-1.548422178546008873e-02
-1.548446599476279231e-02
-1.548683884509214487e-02
-1.548498531409704844e-02
-1.550460535681348617e-02
-1.557723910953488604e-02
-1.554275888407142571e-02
-1.592718679985762054e-02
-1.651354402518562942e-02
-1.531156664159902953e-02
-1.511351245684564026e-02
-1.339905335630513054e-02
-1.457079335829817787e-02
-1.310878582001787432e-02
-1.301260063784921706e-02
-3.238012967255655961e-02
-3.442883416893931930e-02
-3.322549742586708432e-02
-4.320081399390591353e-02
-5.081850054069927958e-02
-1.605394745123879530e-02
-1.858162370323643633e-02
1.775877491940259720e-03
6.092370780185844131e-02
6.611841651942435005e-02
5.954750841544270701e-02
7.713102714735012300e-02
7.920418646299220988e-02
8.247187671245637119e-02
7.574368806142790789e-02
6.909173723637254683e-02
6.921948981588282868e-02
6.906638527482118761e-02
6.813472178600679663e-02
7.574279336652624262e-02
8.108178574216383383e-02
8.313993569108280024e-02
1.085663783327651261e-01
1.205412617408329196e-01
1.210878843808052691e-01
5.234323135683309480e-02
-1.005669695526434232e-01
-2.127985240627474350e-01
-1.331904211649076464e-01
-8.468428138047075227e-02
-1.945610513968761696e-02
-1.927193222561787364e-02
3.633422403722385424e-02
4.190373149680403503e-02
2.213093907256008172e-02
7.998945871974026331e-03
-3.475533598980088540e-02
-6.187273258704730633e-02
-7.011723036166818412e-02
-4.471079595199828338e-02
-2.687841582134632354e-02
-2.112238326066090584e-04
9.351028538204898127e-03
-3.471479703725133953e-02
-8.335562037113612710e-02
-8.845986464981481223e-02
-5.407279989160836131e-02
-4.511368767759214859e-02
-5.424401701226845562e-02
-6.224173196517603784e-02
-8.113840878318900884e-02
-5.824786379900381839e-02
3.796307277403299096e-02
7.003522984017050701e-02
6.050143156383869236e-02
9.413642609688233076e-02
5.473338332792707095e-02
2.163152783001552962e-02
-7.558074854939018580e-03
-2.766368267909862996e-02
-2.590383680816697384e-02
-2.446547496777375791e-02
5.189399670646550802e-04
-8.672038527299336108e-03
-6.493305105998199711e-02
-7.547162630358789093e-02
2.905779849334235582e-03
9.093630908516829592e-03
-3.983715437649583413e-02
-5.707824585844482879e-02
-5.487938689438747603e-02
-4.939323383064221640e-02
-5.034554828523018360e-02
-2.369785250484044564e-02
-5.816610646595735123e-03
2.043971115552173021e-02
1.793994068085299695e-02
-5.761399358725240432e-04
-3.896661433519443829e-02
-4.161246755675904185e-02
-4.542448451052585878e-02
-1.444133473818453445e-02
-2.684253037784719437e-02
-4.853286870288031629e-02
-5.910039877862757751e-02
-1.063344720447101550e-02
8.389576948586347643e-03
3.072448498951906373e-02
8.847056318421085697e-02
8.624479125137105018e-02
9.459650677437742017e-02
1.046184727636156747e-01
1.008553161098685591e-01
9.165131642697159353e-02
7.325121787604961521e-02
7.288200727770074994e-02
7.211842876641469391e-02
6.812248517422492267e-02
6.801318880942473777e-02
6.705534101193025287e-02
-8.007761213416663207e-03
-5.112693147042707623e-03
-2.171008213738528925e-02
-5.555970927441264418e-02
-1.513569959762568881e-03
2.881649107457650780e-02
5.032950880279505462e-02
-2.960658280831581293e-02
-1.439555544647119420e-02
-7.527170720226340067e-03
3.074644546095851166e-02
7.665942047901122547e-02
1.062192909955625847e-01
2.184777665933949065e-01
2.123359956645501645e-01
2.078943620910720103e-01
2.117367348139356231e-01
9.002633155041492308e-02
7.818349430640690600e-02
6.301970859802343006e-02
7.206786653867142123e-02
1.455542387084517719e-01
1.425172030861497907e-01
1.042492681503217333e-01
7.749603411892169724e-02
-7.252278336181032514e-02
-1.155377998695340525e-01
-7.588333771629116042e-02
-9.003571617491368251e-02
-1.195045540412384422e-01
-9.630563520226381735e-02
-1.366660833482343795e-01
-1.323747481789264158e-01
-1.012423061819882203e-01
-9.841042519145008771e-02
-9.477057497977152412e-02
-1.032418851903895013e-01
-1.314964077451321045e-01
-1.535493598996041653e-01
-1.115478756519557302e-01
-9.442496951538584260e-02
-6.911954439256322302e-02
-1.070119986894414454e-01
-7.835777758875993315e-02
-1.022892968611287257e-01
-1.320013459352178120e-01
-1.374063521948279964e-01
-1.088423921565557922e-01
-2.378388435867025141e-02
-3.513413770746667830e-02
-1.909425451725809200e-02
-1.833685252313283290e-02
-7.918002792224809738e-02
-6.540836108878318733e-02
-3.529562355637019810e-02
-8.030729033412552578e-04
-1.487385462295703724e-02
-2.007217876804838139e-02
-2.462591337889287468e-02
-2.221521992472387866e-02
-5.709546496116844200e-02
-7.380811567225574465e-02
-9.503961111066899781e-02
-9.471063939533851117e-02
-2.456496041631328273e-02
1.933986978568945359e-02
2.745151375572122895e-02
-2.094051328860334349e-02
-2.897965146925237517e-02
-3.092909377152608039e-02
4.627117793705910059e-03
1.070855867752814987e-02
9.397428477324650930e-04
5.496869204468401125e-03
-9.582651660860745657e-03
-4.777544746907003148e-02
-7.455650216667170094e-02
-7.706950010417429331e-02
-2.828779942592755600e-02
-2.635434345264011866e-02
-2.132921524441409866e-02
-2.385103248483940591e-02
-2.860437405675289591e-02
-3.444653011673737275e-02
-3.202153720005181115e-02
4.646756443624002484e-04
1.330399478679069984e-02
6.699450938356694453e-03
2.279059567858658479e-03
-2.273556047896107581e-03
9.136789304013603549e-03
1.535086457025373191e-02
3.163465801820398993e-02
3.399846008982090884e-02
1.942006291034355583e-02
-1.963668373370829057e-03
-2.825471714820880845e-03
-3.361739585057128138e-02
-2.000985849276613535e-02
-5.276886344617531116e-02
-4.625723081606669673e-02
1.112858124625536529e-02
-2.388721905223268119e-02
-2.484246501522597780e-02
-3.362746770956836356e-02
-5.936794175507392746e-02
-5.545061876694031694e-02
-3.469205555224603998e-02
-4.347559049997960084e-02
-6.596557698936414416e-02
-5.313868094671685832e-02
-5.166827489635147236e-02
-2.650886801451430783e-02
-2.343646148095014994e-02
-1.462946187831153967e-02
-1.388302404687919746e-02
-3.250024738922713263e-02
-3.299642791488990173e-02
-4.399205482939502407e-03
1.059433589584176522e-02
5.381243953001228764e-02
7.710912034731805254e-02
7.007137676499219925e-02
4.137913569416488274e-02
1.485621680158660286e-02
-7.111531077887155855e-03
2.071995763667301357e-02
8.161361117432126833e-02
8.171387325339010688e-02
7.148139698492210481e-02
6.583955873786379032e-02
6.509343748336313129e-02
6.470165864152079005e-02
6.423640848722342311e-02
6.760274284259060185e-02
7.272688430079157773e-02
6.219320089050664468e-02
6.083867561962925247e-02
6.082400236080440920e-02
5.917961678921362934e-02
5.662291402140304242e-02
6.097245533678667673e-02
-5.341500369958647465e-02
-6.388213176396541348e-02
-1.111201981843071562e-01
-1.512041963075438089e-01
-1.620841028821319030e-01
-1.260196281132613672e-01
-1.294283626057738945e-01
-1.430221814161790339e-01
-1.355469847080561230e-01
-1.326862534036911401e-01
-1.181400633977838927e-01
-1.216746334408297103e-01
-1.038481989399823308e-01
-7.055495723831675670e-02
-4.757239363189717102e-02
-4.975486659574487186e-02
-1.611942250137222282e-02
-4.294687777304152798e-02
-3.290542675348744756e-02
-4.985503791612897612e-02
-5.439840553418926611e-02
-5.704572044047160478e-02
-6.730492109667580991e-02
-6.953190964777922201e-02
-5.506257079434263846e-02
-5.011852577130155445e-02
-6.611482492078574191e-02
-8.903554529935185646e-02
-8.520193881832360816e-02
-5.555043194189328293e-02
-4.534136198354046798e-02
-5.425681979000398884e-03
-9.830028339005304067e-04
-2.177217137941639402e-02
-1.964070485470635272e-02
-1.760565659831818744e-02
-1.992459820130307660e-02
1.262765544447130329e-02
1.487500023295955202e-02
2.172363122862445983e-02
2.787527705439031209e-02
5.152568322039972198e-02
5.185918548025048036e-02
6.782170279579247119e-02
6.315583032108100514e-02
9.280848640993598353e-02
8.116968943836780359e-02
-4.611306530340913284e-02
-4.255566604320673574e-02
1.752923213544361689e-02
-3.085291098782357716e-03
-1.687432517044121227e-02
-1.244813895249656695e-02
-1.317512316768821266e-02
-3.836053314646598045e-02
-5.418880184815647039e-02
-1.002000903471142457e-01
-1.023743102057494275e-01
-6.555541705417627929e-02
-6.230096893384167583e-02
-3.442246242213005403e-02
-1.865464521712260210e-02
1.073704562828319865e-02
6.655472764573172953e-03
9.733899330148286164e-03
1.893333516893079896e-02
3.197798806957190959e-02
4.237660933871899988e-02
6.338100655762639313e-02
4.701413283695971002e-02
-3.076750218267661208e-02
-7.936458445805778805e-02
-6.267706170600187421e-02
-5.027794954100586744e-02
-1.336269508497406333e-02
2.389850763012265136e-02
1.910140233577825586e-02
2.242596585777865276e-02
-4.293639035918223393e-03
-4.111384386838183580e-02
-6.322359688217318863e-02
-7.479230150976637348e-02
-1.131184788607861591e-01
-1.301360116759340269e-01
-1.180798777313598891e-01
-2.351662180818823167e-01
-1.995354130619204913e-01
-7.510236154914776141e-02
-5.583537542235036261e-02
-7.715437841483786807e-02
-1.017786924535206000e-01
-1.174946160956181068e-01
-1.061312027130228708e-01
-5.382332845436679086e-02
-2.461323216617661291e-02
1.238408124178548425e-01
1.413657844376438044e-01
1.041650180495647671e-01
1.313343356320123001e-01
1.071885434854218250e-01
9.740195469991988486e-02
1.109184561066245966e-01
1.074924107774246490e-01
1.143366804734161635e-01
1.616706825886881638e-01
1.489134234057351291e-01
1.930745979483237118e-01
1.771934895198295501e-01
2.031927293345713315e-01
2.036652581018818242e-01
2.030476840781736958e-01
2.095130909083913473e-01
2.057150817761567996e-01
2.137220699219234410e-01
1.968596003543508222e-01
2.131990104525583463e-01
2.323075110109654173e-01
2.453775960966025627e-01
2.066221245378332128e-01
2.346794953060251654e-01
2.017447247602169869e-01
2.184613781115158915e-01
2.109758237831553251e-01
7.797523696038165253e-02
5.507833429531983072e-02
3.630712000300478220e-02
4.201983989732977279e-03
4.432974441398750132e-03
-1.154608495797639252e-02
-5.440573112259043664e-02
-8.353990539378115809e-02
-1.453796037498268912e-01
-1.857054771481072841e-01
-8.688143064407996552e-02
9.680412702443999887e-03
8.016059635310236742e-02
6.171273549344388765e-02
6.831653653053489095e-02
5.036153635783367777e-02
4.091615818535149218e-02
4.068111124506981063e-02
3.905022665481579225e-02
4.204826322069366018e-02
4.200907382837328063e-02
3.551712091924982134e-02
3.393638934497577447e-02
3.374223604458466419e-02
3.320330480580319793e-02
3.237811216593437097e-02
3.555146069225340044e-02
3.342998549177128575e-02
3.204432715463750858e-02
9.738895166301482498e-02
9.862189677226067264e-02
1.029062206867465690e-01
1.062465667303303662e-01
1.059980201161867669e-01
1.061658559598002427e-01
1.062090691594732850e-01
1.061959796078248836e-01
1.061973120150320332e-01
1.061971455329513980e-01
1.061971363763512810e-01
1.061971282398893879e-01
1.061971199317196801e-01
1.061977565882182006e-01
1.061910766470756939e-01
1.062045479142169346e-01
1.062850069338074910e-01
1.060889375628004117e-01
1.071901119706311911e-01
1.094567625625741530e-01
1.062759781046570817e-01
1.289618949701853423e-01
1.371790429800508193e-01
7.358789414809056850e-02
6.335876478858357141e-02
4.121337772352705320e-02
3.690162192917995770e-02
3.529662902579029649e-02
1.855843405113844283e-02
1.455467442073495564e-02
1.276951210575397525e-03
7.588796320768176860e-03
1.721196726022429166e-02
1.546540787340150262e-02
1.222430254087621647e-02
1.082446973317671181e-02
-1.212317223363731759e-02
-1.049737592828948150e-02
-6.635225268617483962e-03
-8.058859879119445457e-03
-7.461749621766345167e-03
-9.624102464262835471e-03
-9.538734088600281727e-03
-1.075467793692365219e-02
-9.679764945072975163e-03
-9.744448054213520130e-03
-9.742487230530607820e-03
-9.670059126376480407e-03
-9.679884795482597906e-03
-9.677674839816274507e-03
-9.676190910500486950e-03
-9.676581354665866191e-03
-9.676554074951125572e-03
-9.676552525754875123e-03
-9.676553467898817845e-03
-9.676553349571395332e-03
-9.676553353441209523e-03
-9.676553353578100022e-03
-9.676553353559201945e-03
-9.676553353568533022e-03
-9.676553353540867652e-03
-9.676553351393215804e-03
-9.676553402444569921e-03
-9.676553044045313468e-03
-9.676553179040961808e-03
-9.676567814482417776e-03
-9.676405794307008090e-03
-9.676887747124869252e-03
-9.678757193962484601e-03
-9.671850331140137078e-03
-9.696992174623506391e-03
-9.726339958264572372e-03
-9.550321068551191270e-03
-1.002662022780603270e-02
-9.665482472076750500e-03
-7.125747335326500058e-03
-7.251192350277842376e-03
