-7.320214637852910048e-04
-8.411023202118213986e-04
-1.748793989841692341e-03
-1.752826753356011768e-03
-1.970677329616012975e-03
-2.077478663161040628e-03
-2.078120855222125030e-03
-2.171419835588330686e-03
-2.188252167505337197e-03
-2.209882171562069925e-03
-2.240103000749981907e-03
-2.245684115498415047e-03
-2.259549309460305924e-03
-2.268152792185254736e-03
-2.272097547100374385e-03
-2.278166818805799944e-03
-2.280895723800684116e-03
-2.283543286926930423e-03
-2.285847917390543011e-03
-2.287220768065686971e-03
-2.289229128107437249e-03
-2.289847058787561861e-03
-2.291965342762961218e-03
-2.293815607037275744e-03
-2.293420973129449425e-03
-2.300114211862953201e-03
-2.298917449164281871e-03
-2.301716091353463514e-03
-2.319124094176147448e-03
-2.302114190744244254e-03
-2.334536797625386215e-03
-2.352488923717826422e-03
-2.302515320586159386e-03
-2.455179923100434675e-03
-2.352678612340143409e-03
-2.325496379185633660e-03
-2.369495728812015187e-03
-2.538201932757627559e-03
-2.886016959493207037e-03
-2.958535205074274387e-03
-3.205119990758849291e-03
-4.439849157196939546e-03
-4.418019892506936872e-03
-4.928959871634828668e-03
-4.371304511677931263e-03
-4.841424259511241043e-03
-5.834588186146945007e-03
-6.237735332573757924e-03
-8.352511962500770021e-03
-8.840914307266545605e-03
-9.455294823237869739e-03
-9.685593973206119145e-03
-8.320966989238703926e-03
-6.974923243998863709e-03
-4.124543641321758332e-03
-3.892182845117382432e-03
-2.622721204803354564e-03
-3.461752267979241026e-03
-1.411601832318293975e-02
-1.726151577889595279e-02
-2.524398351796284384e-02
-4.059313005587436574e-02
-4.356717708498987485e-02
-5.556571688956428445e-02
-6.025051072407793668e-02
-6.630544519677232518e-02
-7.010766655177760875e-02
-7.022574444648377323e-02
-7.233971561736568523e-02
-7.168219592671257190e-02
-7.012672727635645142e-02
-6.973570717421004317e-02
-6.644246316426447030e-02
-6.310776019928271419e-02
-6.132699483457732664e-02
-5.585683925052568888e-02
-5.549523385617534388e-02
-5.230316918176947105e-02
-4.965980239584608102e-02
-4.706925184591932709e-02
-4.001015272588956395e-02
-3.693088201583379082e-02
-2.755611636792467539e-02
-2.204910392356490556e-02
-1.899381668050613772e-02
-1.321083247307567460e-02
-1.138837999040992824e-02
-1.045140196496144314e-02
-9.434119530329465597e-03
-7.128062985464395963e-03
-8.272175373503951393e-03
-5.599751624003411477e-03
-3.260213090002717605e-03
-3.119176496836009380e-03
5.297142898760168195e-03
6.084016474255288937e-03
4.216064353231072266e-03
7.387405247252318979e-03
5.030813371449183342e-03
4.752314489851598191e-03
4.934487442968722888e-03
3.772548098756055984e-03
6.017687576822412614e-03
4.221290664676992203e-03
-1.056175705011394686e-04
6.619405624463097632e-04
1.708870152923780980e-03
3.641237073209912817e-03
6.903625829313177198e-03
9.420219084358300368e-03
1.088538436647888338e-02
1.120459521579975776e-02
1.107448738351858239e-02
1.112426627403633947e-02
1.250124603029856979e-02
1.047386196798209823e-02
1.187331713995688244e-02
1.043221791601242968e-02
1.020701337849743047e-02
1.204838614963233377e-02
1.076722694706867128e-02
1.561382383169749796e-02
1.614203310884296944e-02
1.828872566973124836e-02
2.126359388897774635e-02
1.974423967783653713e-02
2.279903304820178611e-02
2.098607072334517099e-02
2.220191331588117212e-02
2.945668326563994147e-02
3.255312087948609989e-02
3.848446870404746700e-02
4.636090424609502769e-02
4.781551020382755757e-02
5.732483742234051327e-02
5.925575125729875409e-02
5.915096433209373478e-02
6.439923059056351651e-02
6.132220091401375389e-02
6.282362287224413366e-02
6.290021163972450702e-02
5.685209403337829204e-02
5.603246610178289067e-02
4.947639752670345004e-02
4.406912410848798367e-02
3.983746806054477840e-02
3.176795872475692700e-02
3.002973777119052542e-02
2.524568056373049582e-02
2.005150839646259453e-02
1.920080556849537365e-02
1.357587696499144327e-02
9.896707827430857585e-03
8.638439069630927253e-03
5.291648033518728950e-03
7.082803251845201306e-03
6.635538100955363713e-03
8.902980095713270217e-03
1.181288250334354417e-02
1.157750351632666486e-02
2.326448054172422508e-02
2.414536473255506424e-02
2.930961498075667498e-02
3.431904859519040868e-02
3.492107273550915103e-02
3.819719045667249735e-02
4.062679130887612150e-02
3.919095493250136092e-02
4.178675964294826378e-02
3.881598827507665161e-02
2.959931502674161691e-02
2.663695375016934819e-02
1.927304759905241680e-02
1.510264051698410187e-02
3.497034338799100313e-03
4.827680307828435152e-04
-2.640774869983535111e-03
-5.269452619121338388e-03
-4.549077074890222824e-03
-2.802126434238480512e-03
6.400289420714895192e-03
9.371748845230945188e-03
1.119394141714307074e-02
1.524549084534214741e-02
1.585000833924578648e-02
1.707465531300850908e-02
2.131831648726817061e-02
2.138258679817639507e-02
2.247149495772925165e-02
2.302076137844252801e-02
2.213718512787987008e-02
1.805053868252396582e-02
1.926381489468631525e-02
1.355685803635110591e-02
1.395969314288365848e-02
1.264349189560118325e-02
1.005567415375063604e-02
1.039640878690691918e-02
8.079722248472163970e-03
8.842788995835784358e-03
9.659180885443686970e-03
8.580748687259323257e-03
1.123670820947249294e-02
1.186518614581455813e-02
1.220699498827123447e-02
1.700072240987821753e-02
1.653578488976156433e-02
2.103755758408140664e-02
2.802179839111127585e-02
3.116348137135607765e-02
3.962846044159608339e-02
4.268557116640236265e-02
4.752912616993976852e-02
5.226790491804062661e-02
5.129082087301942844e-02
5.397643361721304878e-02
5.396210310078623784e-02
5.173104685072189152e-02
5.395015980293230151e-02
4.954875670324824372e-02
4.670635301347161178e-02
4.326949415825048773e-02
3.093327018191338595e-02
2.883946058821161909e-02
1.754388154942480849e-02
1.105577083143614685e-02
1.180971443434946332e-02
4.221606036941627851e-03
3.346224905756003693e-03
1.027671542272937458e-03
-8.098805138526591176e-04
6.778331496045187851e-03
5.736792010917757256e-03
7.688477629005494376e-03
7.615230987419196497e-03
2.999740552370192860e-03
1.824168388792234445e-03
-2.169201408127899473e-03
-7.288020356197514281e-03
-1.260689299010425007e-02
-2.063748665959542344e-02
-2.898689761573896781e-02
-3.845237077209313209e-02
-4.397708858542513644e-02
-5.676236899018854282e-02
-6.792256782624472855e-02
-7.084616349846512007e-02
-8.365344387139628246e-02
-9.326554904199622908e-02
-9.936152297153216795e-02
-1.101519496889330207e-01
-1.185975586546089144e-01
-1.234742036036372143e-01
-1.274845416455553382e-01
-1.266954840923388559e-01
-1.250381610723890202e-01
-1.186538705149625117e-01
-1.112136380272857050e-01
-8.972240577645153314e-02
-6.763515358767768770e-02
-5.086942673372502055e-02
-3.525819460991589521e-02
-3.146556508434708577e-02
-1.884532430852739471e-02
-1.679600987705560586e-02
-9.442456918487416445e-03
-7.406867324740336322e-03
-8.403382185099653526e-03
-4.781388762098445246e-03
9.456019449346516996e-04
3.612318861579802941e-03
1.025180842879393379e-02
1.153761397459514455e-02
1.384543965054067446e-02
1.695080385639443493e-02
1.604980045641418718e-02
2.355167798574375401e-02
2.099598407878905740e-02
2.053553770512658166e-02
2.204188305397209585e-02
1.445108991281439902e-02
1.455767413154955905e-02
1.212167067314874613e-02
9.089025695744549355e-03
8.800907910000590681e-03
6.403357834549578027e-03
6.855732456684471288e-03
7.141825122032560355e-03
9.384832711194206895e-03
1.235465542098294900e-02
1.297257591478879687e-02
1.751341812327478209e-02
1.951232536689975067e-02
2.059392164087049670e-02
2.832351503958573102e-02
3.043258587826200984e-02
3.053010537888310727e-02
3.308422432053748086e-02
3.206830801481202337e-02
3.007406386451610958e-02
3.223234021657584575e-02
2.962726398819243157e-02
2.979786078782499167e-02
3.002436283074351800e-02
2.696528941524085204e-02
2.825433027351741816e-02
2.560062433825376071e-02
2.311075078142841091e-02
2.303937294944402581e-02
1.386093847125867938e-02
1.219531528069706452e-02
1.374997590483317302e-02
9.791695259443488827e-03
9.968135166592922980e-03
8.441991470347680326e-03
7.542732494320286869e-03
5.601561223570238404e-03
7.088006382504981676e-03
6.522422020742397325e-03
9.125398848098573851e-03
1.179586462064289437e-02
1.167448751987593472e-02
2.347516670077859358e-02
2.426242007639264203e-02
2.960573804683265184e-02
3.462711414734671866e-02
3.526591912834949050e-02
3.872639915496321750e-02
4.112404243046866026e-02
3.987475880975450276e-02
4.265710376285383743e-02
3.962466864931666471e-02
3.092091074704460610e-02
2.783527686339450774e-02
2.069733346137006200e-02
1.746846948769920777e-02
4.898735010282150547e-03
3.415916280453493940e-03
6.091153852299667666e-04
-3.306383650372700551e-03
-2.786341066103197039e-03
-3.391143167120387082e-03
-2.116445999325214378e-03
5.080515887461796616e-03
8.433506259845012162e-03
1.288593194145803283e-02
1.891988036877038926e-02
2.183225603782882121e-02
2.627372163700806423e-02
2.780506944914225287e-02
3.604089301773577558e-02
3.733910181724858779e-02
3.611760943997175538e-02
3.674675972333878160e-02
3.193850592658674381e-02
2.773966303111580906e-02
2.405048986560414173e-02
1.425735680370903390e-02
1.055911182634146177e-02
4.301398879577821716e-03
-4.084366826049095310e-03
-5.239388086093863146e-03
-1.355341440730590576e-02
-2.152508456724352981e-02
-2.554216977284304649e-02
-4.166023768518802017e-02
-4.876063564337156792e-02
-5.667723078079787286e-02
-7.150701987019594807e-02
-7.700495197406558023e-02
-9.035007589865229338e-02
-1.025580112452006976e-01
-1.048191492654693691e-01
-1.115998648361421208e-01
-1.128795514510829018e-01
-1.083333517430350446e-01
-1.098677266496238952e-01
-9.562968584918327131e-02
-8.287840107762030339e-02
-6.832686279450411737e-02
-4.252086728922629261e-02
-2.808555097949018420e-02
-1.613373837281570702e-02
-3.218206169786539360e-03
-5.811115202154258988e-04
3.111259251832638843e-03
6.998832639437827310e-03
8.015646856125496419e-03
1.165162354539348542e-02
1.350484784635031833e-02
1.385589516509864311e-02
1.626951856426641849e-02
1.682608630502552619e-02
1.549505313556422993e-02
1.954010209139823984e-02
1.693507286222167146e-02
1.295763415429839784e-02
9.168426935503664471e-03
5.682769531034900790e-03
6.388224723301857500e-04
-6.605276557627644783e-03
-1.135029245533800135e-02
-1.262004870710918721e-02
-6.299229047174666890e-03
-7.070909418487690903e-03
-9.906593542248190790e-03
-1.168405380009800154e-02
-2.178482135603068345e-02
-2.886720572068905352e-02
-3.905907188332854302e-02
-4.969095757262669000e-02
-6.269869484418187644e-02
-6.760489873354620649e-02
-8.036135881949973969e-02
-8.506954333337557461e-02
-9.345284373951982804e-02
-1.036661820868802070e-01
-1.089590031276342075e-01
-1.220858022258345665e-01
-1.298366200438295370e-01
-1.428011705852345603e-01
-1.557351271252422897e-01
-1.624779464412521579e-01
-1.725199298384275381e-01
-1.756301802209808416e-01
-1.780716905147103901e-01
-1.806526208906558129e-01
-1.791492029716193479e-01
-1.789666603489252494e-01
-1.740109759352028163e-01
-1.681622551562703960e-01
-1.638645111594245474e-01
-1.544413698050177419e-01
-1.472606764238353905e-01
-1.389158581481962362e-01
-1.243233478122045405e-01
-1.103044893418691219e-01
-8.812465398796273663e-02
-6.866818121328489843e-02
-6.509793851042125490e-02
-3.896244044847377991e-02
-3.378835937262238132e-02
-3.054237849574514135e-02
-2.057673991723305701e-02
-1.717396465486523138e-02
-1.337381149571258837e-02
-7.069418815931891552e-03
-4.771368025545820457e-03
-4.048986578034065244e-04
1.447899655609446177e-03
1.053044986543080416e-02
1.477094808864867249e-02
1.872029081324867381e-02
2.830990258184354000e-02
3.002508599715623949e-02
3.589488135838682370e-02
4.057814210259050314e-02
4.045955900769530184e-02
4.415295840302208008e-02
4.528884978204971573e-02
4.048228023098862649e-02
4.082451657243907350e-02
3.552557445380179202e-02
3.179549183161951148e-02
2.999000547951723508e-02
2.421962409994947441e-02
1.894107595632000055e-02
1.728149031865678503e-02
5.270080670358134357e-03
4.670035669709561577e-03
3.182389535577075622e-03
-3.945445313229646654e-04
-2.415998525968118382e-04
-1.721601646508429811e-03
-2.504137376970979635e-03
-2.610430124185518161e-03
-3.327621837005723636e-03
-3.164832124271266690e-03
-3.412762723298768709e-03
-3.488895162208667175e-03
-2.417263846865778682e-03
-2.038087137118285101e-03
-2.057187517092904771e-03
-6.898963057591242466e-04
-7.399552869795917144e-04
-3.712224540703472852e-04
-1.912441649602853139e-05
-5.909754844359984593e-06
1.995199601027083263e-04
2.756841784520316333e-04
3.185147708585082580e-04
3.951384931471003145e-04
4.156105902778733604e-04
4.448719150295114746e-04
4.686408487377381705e-04
4.773610332407881456e-04
4.907921556249529062e-04
4.969006821541712467e-04
5.000178523370321778e-04
5.050958140463808694e-04
5.022285118216459005e-04
5.025531385511031917e-04
5.021062718173416317e-04
4.862116902305222170e-04
4.928781528524164672e-04
4.713878307650169784e-04
4.395472725648515329e-04
4.708039530563831601e-04
3.565593708495643811e-04
3.660267650558944857e-04
3.832258927913167914e-04
-2.645883904260129662e-05
-6.106130982363382025e-06
