-5.379357724423869825e-04
-3.808980097060311290e-04
4.091772646542686173e-03
4.220972714364226545e-03
4.551638727494203979e-03
5.202448576829811488e-03
4.237228161907113586e-03
4.545157364098541437e-03
4.439617788402977321e-03
4.262509671152187041e-03
4.355202963245560430e-03
4.269807957629597611e-03
4.257707314408403290e-03
4.266218324527540698e-03
4.238745215430288552e-03
4.242494179232110356e-03
4.238285150522953966e-03
4.232792225641839393e-03
4.234307778284989929e-03
4.232675785492432362e-03
4.232788622235590659e-03
4.234285158891720920e-03
4.236791446229494496e-03
4.238635875755287011e-03
4.245178912643165527e-03
4.253227240333669681e-03
4.258059301233510160e-03
4.284227310930763602e-03
4.296158135139846804e-03
4.321578974091313217e-03
4.404687221455902239e-03
4.397253911771692274e-03
4.551478200752391567e-03
4.723363511893875766e-03
4.651667505497739108e-03
5.330994357672615841e-03
4.828063138614661041e-03
5.072041038520311296e-03
4.490890618070558261e-03
3.566799984360700428e-03
4.111307674972377278e-03
3.581512729323825528e-04
-1.244911228723419782e-04
2.055198685480633895e-03
1.077489327235013660e-03
1.669052695391937471e-03
1.213756593596213712e-02
1.522889187019791681e-02
1.903043411519403372e-02
2.550416801358914784e-02
2.562301679679719266e-02
2.425811339375523457e-02
2.477056583370615059e-02
2.385991808332395617e-02
1.692138207084543586e-02
1.651790544873601649e-02
1.406846255590801613e-02
1.256828986673313650e-02
1.029754540171272555e-02
8.543496018508352219e-03
8.111373236111935406e-03
-2.084576622756911021e-04
-1.432225874391716662e-04
-2.619021436738676930e-03
-3.944504858945421452e-03
-1.926848420190662966e-03
-2.009332619849464249e-03
-9.550419000522968049e-04
2.755985986758205820e-03
4.899077853540094452e-03
7.366510274983691792e-03
1.143490550424999981e-02
1.215949896041049888e-02
1.748845796636453592e-02
1.988076647991215973e-02
2.257725282658815807e-02
2.916393060549553329e-02
2.097990919192731230e-02
2.091634603316113589e-02
1.479406605226852613e-02
-1.070698863685343519e-02
-1.610665236464289135e-02
-2.707111593914508438e-02
-3.468141625602147449e-02
-2.988156972587901333e-02
-3.909551238683693641e-02
-4.480170928344492237e-02
-5.125255155996379097e-02
-4.554212046449433726e-02
-4.621308701176589373e-02
-3.745573803545262231e-02
-3.380154644884082737e-02
-3.076158816499614812e-02
-2.069371093822962304e-02
-1.830876302439610886e-02
-1.533089421647253030e-02
-1.073199455874629393e-02
-1.428366920832324118e-02
-1.322112314190938311e-02
-2.099856372653829614e-02
-3.686326501068575012e-02
-3.977813297596413666e-02
-4.982441765697066816e-02
-5.431882168157667334e-02
-5.016762394540585923e-02
-4.791251976918267652e-02
-4.561432348464993652e-02
-3.349722754821746196e-02
-3.360468839372506011e-02
-4.418833391456249149e-02
-4.211380800453834450e-02
-4.160983030303408436e-02
-3.901094454957659829e-02
-3.254646153968245026e-02
-2.853034529324669291e-02
-1.993934449829412939e-02
-1.792912374467224568e-02
-2.819779510961865909e-02
-3.109698740277822004e-02
-4.506152195842695607e-02
-4.472174273987308823e-02
-3.976979473688456446e-02
-2.815374655321081776e-02
-1.598026609479241689e-02
-6.838772392138954895e-03
-6.242862336413801394e-03
1.001815294465951099e-02
1.503176743509837196e-02
1.556493409917289288e-02
2.778731745802951597e-02
2.501231463193755167e-02
2.634308532066011871e-02
2.853892545610490009e-02
2.331579167255604101e-02
2.403877487869798130e-02
2.411426889354799374e-02
2.267281597414349398e-02
2.276736100958028086e-02
2.116569637449051966e-02
2.141530794685310088e-02
1.846698183267908230e-02
1.723218942312243485e-02
1.911161942301704483e-02
-2.783930138709782807e-03
-2.507852762336725515e-04
1.018223431809349086e-02
5.989004830326136002e-03
6.540816240348628664e-03
-8.353973476234470910e-03
8.105037614533879345e-04
5.177809963892629139e-03
1.468049376427523964e-02
2.863042736413523234e-02
3.198256964975863814e-02
4.648787783187312284e-02
4.308776909622782925e-02
4.272214661017783438e-02
4.273681340088291564e-02
2.612690818734562936e-02
2.582634148786196182e-02
2.312340477481204110e-02
2.076946870768845571e-02
3.422352291802402413e-02
3.541437353520469900e-02
3.226715220018259306e-02
3.540937225287898310e-02
2.009952163571521178e-02
1.315050038621113498e-02
4.608825840294679746e-03
-5.365288868524915357e-03
-9.236072715135131353e-03
-1.438539326633476653e-02
-1.545555729619888657e-02
-1.932065557361525507e-02
-1.958769327755890965e-02
-2.332105232780442086e-02
-2.780328899564189424e-02
-3.029398179899270988e-02
-3.875741319343180280e-02
-4.419202919682461983e-02
-4.307959542228424060e-02
-4.417906500347836690e-02
-3.523458681302951007e-02
-2.515750984488979158e-02
-1.698992311430940622e-02
-8.767374808224663932e-03
4.536625720856430830e-03
1.311197691018095926e-02
1.666591232316817772e-02
2.399321217706795045e-02
2.797602263872923933e-02
3.917603955443499375e-02
4.357625293406415523e-02
3.960568949869215649e-02
4.532412358085463611e-02
4.766613104217350128e-02
4.573241593925829462e-02
3.155430346912079659e-02
1.537531790675299506e-02
-4.523324468332878129e-03
-1.479481095269287796e-02
-3.061735031037834953e-02
-4.048005701746035939e-02
-4.374499846540604031e-02
-4.670327236412209759e-02
-3.091727264243064599e-02
-2.403870359193540501e-02
-1.439174568244565300e-02
-2.540843031967668711e-02
-9.765397261300243908e-03
-3.487236794337643300e-03
-7.713142414318622901e-03
-2.875254925225438629e-04
-1.246063993347124033e-02
-1.735527020836485565e-02
-2.437837251505113600e-02
-3.556517914729574736e-02
-3.358384688906530108e-02
-3.217998165698608692e-02
-9.950719995298475812e-03
-8.701259306198876400e-03
2.734926078309969123e-03
4.907083712768560771e-03
1.004178774931950742e-03
3.633960426542743281e-03
2.047374195795090019e-03
-1.772675952003590575e-03
-1.724832647832430423e-03
-1.590343449192433171e-03
-6.581112386186177728e-05
1.403941107913549754e-03
5.233368013653798972e-03
6.440001739391746499e-03
1.028203859806462762e-02
1.483709652374958984e-02
1.096369374698051222e-02
1.666901786268956340e-02
1.601787830211381936e-02
-1.431944104868788882e-03
7.706902178331773677e-04
1.235165757608704812e-02
2.008390200704550030e-02
2.180343175648282589e-02
2.605909112521075446e-02
2.020735722531610823e-02
2.405526011759361732e-02
2.234156341317060368e-02
8.003364049014031339e-03
5.339674982264190975e-03
-9.389772768864063784e-03
-1.332893335622969098e-02
-1.572103933709545140e-02
-2.006975950959286395e-02
-1.073695039481744468e-02
-1.184700119771168320e-02
-1.950684437718232592e-03
2.010538781946608240e-03
1.674230949870263467e-03
6.068665951942730369e-03
1.145436576085555325e-02
1.332204020533399140e-02
2.289347275623510730e-02
2.486599639260053674e-02
2.574252347898318624e-02
2.942536072216250798e-02
2.884545673091997581e-02
3.676634956021727213e-02
4.119401698880525986e-02
4.197404247364387025e-02
4.268388409808578088e-02
3.771143343912625179e-02
3.598059364131721977e-02
3.309553649708287665e-02
3.109283155882845012e-02
2.745495504631827524e-02
2.301344529850512730e-02
2.210007609287713282e-02
9.461864197526811265e-03
7.619247232883886653e-03
7.748993120847206401e-03
-2.116621432894491041e-03
1.460242438819364576e-03
-8.156204694135457678e-04
-2.544981058161862458e-02
-3.045333068969247742e-02
-3.534671077174700304e-02
-4.028194723807516919e-02
-3.900229569761050341e-02
-4.685979792165370639e-02
-4.860087339097433901e-02
-5.003763483265627476e-02
-5.644247817348579943e-02
-5.695436893114960014e-02
-6.045116829624468807e-02
-5.660982405916464844e-02
-5.207248132555810510e-02
-3.759369847371298728e-02
-2.477251938538723580e-02
-7.963718454913502540e-03
7.715174223087245715e-03
5.087608272236524530e-03
6.382983697671137935e-03
3.888120560480953433e-03
1.551641063319158381e-03
1.515712695521757815e-03
-2.919790691867964194e-04
-8.337584991872431725e-04
-1.357612998110913766e-02
-2.547318899378270274e-02
-3.244482343419839709e-02
-4.298422039164451203e-02
-4.336883141681992931e-02
-2.231109257559606499e-02
-2.326919337479246841e-02
-3.066451254839046986e-03
-5.616833218645099750e-04
-2.406719734916999524e-03
2.563707448960597136e-03
4.107784467057481841e-03
4.328484172513850925e-03
5.623548334522235348e-03
4.671317621808684754e-03
3.652944216594555642e-03
3.736452376674979751e-03
1.670769532037580342e-03
5.860950559292563622e-04
1.657053117850209971e-03
3.294798205270785436e-03
-2.414234357705111536e-03
-2.563666119013669614e-03
4.303516738375870281e-03
5.933177449492843319e-04
-4.684054373847920932e-04
-1.646744633233309654e-03
-1.559925397833576352e-02
-1.918834969670470125e-02
-2.520933451736614289e-02
-2.573234135013061086e-02
-3.315534795228483600e-02
-4.200707027699471241e-02
-4.363643748143825052e-02
-5.439270632225819829e-02
-5.395340687603530916e-02
-4.350616543890886700e-02
-4.166883452696999723e-02
-6.431134323115889756e-03
-5.197044180370639054e-03
-5.626642395050545503e-03
3.631524167117156175e-03
4.070186421029652925e-04
1.674433802554602764e-03
-9.960071466144902221e-04
-1.072324326559058981e-02
-2.178730721824943817e-02
-2.947651190479741445e-02
-2.723977614771883743e-02
-2.676021976781123302e-02
-1.356376980828493360e-02
-1.620899286619955845e-02
-2.382767327949274205e-02
-2.738474251344209451e-02
-4.200112114810869435e-02
-3.897466841720607228e-02
-3.781092807619935992e-02
-4.771770986907132583e-02
-4.115374702160458364e-02
-4.738073742641393804e-02
-3.782535778128093967e-02
-2.705137169169703759e-02
-2.410055404412236174e-02
-1.412439537091790195e-02
-1.067987017468776528e-02
-1.413144606183652438e-02
-1.070073953245658134e-02
-5.136144458996497533e-03
-6.051730884845831979e-03
-4.007191228805138256e-03
-3.801293435258828839e-03
-7.209174067432884414e-03
-7.264616924709880498e-03
-8.422310019215810059e-03
-9.793706299438900004e-03
-9.053671701792184376e-03
-1.005258123701112741e-02
-9.408917490942239267e-03
-8.592601035579815194e-03
-8.706387262828007081e-03
-6.717900535134333287e-03
-6.730182302955366874e-03
-6.715824614327422712e-03
-7.839388672806283861e-03
-6.811666816484257883e-03
-8.725037208868052785e-03
-8.418562007719638390e-03
-8.676235882857472048e-03
-1.145018972034879574e-02
-9.059387993952536938e-03
-1.215358378495774890e-02
-1.109884633872223678e-02
-5.792481821826478763e-03
-4.659946834063843912e-03
-4.242228374506420464e-03
-9.475015162621388404e-04
-5.750561558201985890e-03
-5.264858057215686046e-03
-9.812039835096047699e-03
-2.173428295674119728e-02
-2.752091219853081833e-02
-3.121948197488950971e-02
-3.837794026221816313e-02
-4.089061864342168756e-02
-4.476056444467720746e-02
-4.911750989264772327e-02
-5.143895978350352532e-02
-5.372551867170319295e-02
-5.614400117463082263e-02
-4.075007522199550203e-02
-8.457481149494718020e-03
1.308768611030076620e-02
1.183322812925215184e-02
1.985145549359686873e-02
1.656120420282598468e-02
1.327582711445442556e-02
1.489103609680243745e-02
1.083173965019553452e-02
9.581625702336537750e-03
8.980193872145632653e-03
3.993948354783622388e-04
9.798859277898141606e-05
3.665557643133651646e-04
-1.446901231110426806e-03
-9.651246214640523497e-04
-1.541723146214934634e-04
2.845771826570942529e-04
8.479158705959233440e-04
5.904211037074546045e-03
6.276362374089202063e-03
6.102860847382634429e-03
7.701347288503248949e-03
7.391955002843561724e-03
7.803465423900229035e-03
8.155580066515162249e-03
8.056522519320454684e-03
8.275800942510586761e-03
8.284150098707036142e-03
8.231558283677446047e-03
8.253453583343459479e-03
8.131581848110627439e-03
7.963372333268034509e-03
7.855974998890827635e-03
7.455744171400055867e-03
7.105196991936291173e-03
6.747135324559947953e-03
5.599521676023296035e-03
5.189192261209610822e-03
3.703073550123422812e-03
1.202125145711480927e-03
1.057419240658322244e-03
-4.353652183796546948e-03
-4.280711630240244085e-03
-3.426871270189470360e-03
-4.860272123586104574e-03
-3.724863536211312897e-03
-2.704396936623280207e-03
-2.949559544532104338e-03
-3.978962135608637768e-04
-4.916010308861834066e-04
-3.160188873079128498e-04
6.542622230060242015e-04
9.191338698499489437e-04
1.187094739917155190e-03
2.681054069367494377e-03
2.664051854185062705e-03
3.048595950267234123e-03
3.396328729370678111e-03
3.527535100571756264e-03
3.857871344672974320e-03
3.910924996276017931e-03
4.558000698217011537e-03
4.604663900038497015e-03
4.729522596906039246e-03
4.890369996791629585e-03
4.899984056461482648e-03
4.967893113456395456e-03
5.001158112682354238e-03
5.012520465143516929e-03
5.036310385900048467e-03
5.043432191679156525e-03
5.050434514290685038e-03
5.057221611463302499e-03
5.059438818655019078e-03
5.062363207989384675e-03
5.064324750550285373e-03
5.065034747394628334e-03
5.066119985419175083e-03
5.067114346488647836e-03
5.066309919908454709e-03
5.068126922110861680e-03
5.068070488079345209e-03
5.065060330296700282e-03
5.073037535898277869e-03
5.063731579510868247e-03
5.065278364782839667e-03
5.086427127725393765e-03
5.036153128465334534e-03
5.096976183859659726e-03
5.090128448060763158e-03
4.953778299206676623e-03
5.280511695013068683e-03
4.886336328982375868e-03
4.846542598703405119e-03
5.065231549259398280e-03
