2.093685566929801012e-01
2.186079585746950327e-01
3.506341787374274155e-01
3.715678092451639714e-01
3.604338957288549805e-01
3.842382521713622046e-01
3.715613235411256987e-01
3.747357554195552831e-01
3.782055244356390955e-01
3.739137807765603450e-01
3.768283319704661682e-01
3.761891694271892184e-01
3.756551257256566800e-01
3.765766348466995650e-01
3.760063117604418581e-01
3.761950494411490653e-01
3.763015121511174010e-01
3.761256395569942956e-01
3.762528111883123305e-01
3.761837472745541699e-01
3.761634972518801412e-01
3.761677195898607273e-01
3.760576793981859622e-01
3.760853184768266910e-01
3.759057927318149583e-01
3.757803278442284900e-01
3.757823792818099085e-01
3.751202567311257563e-01
3.752302578073615225e-01
3.746184307821475157e-01
3.731016746903006442e-01
3.740672755253446891e-01
3.702432025293411755e-01
3.690078779823331434e-01
3.694356406048457386e-01
3.538936501699492809e-01
3.494432008217839281e-01
3.387314616872829087e-01
3.296803567723891604e-01
3.204399660844451936e-01
3.219507336321184576e-01
2.961853269677257594e-01
2.915958959709051279e-01
2.937386288614377561e-01
2.733469393229309707e-01
2.934404755464709025e-01
3.311401514474857644e-01
3.421978499450631928e-01
3.619778514841022754e-01
3.441474816504935808e-01
2.716379880976047545e-01
2.069298889194421953e-01
-4.757452974487266784e-02
-1.578127692992037645e-01
-1.163559068290738185e-01
-1.419386237623465608e-01
-9.356172602019188766e-02
-1.183772493286317368e-01
-1.512980542227271574e-01
-1.380577067547525405e-01
-2.100410387859656947e-01
-3.427031190646723235e-01
-4.776135722232241476e-01
-5.241293395109893893e-01
-6.168875216799577510e-01
-6.480743577245529075e-01
-6.967299681467499228e-01
-7.529158108488940293e-01
-7.686512210135658663e-01
-8.241062150737735736e-01
-8.470189001939810725e-01
-8.666178389418923711e-01
-8.987640519383850446e-01
-8.991590974663223879e-01
-9.138119670686442042e-01
-9.281594264809329697e-01
-9.166626811480891313e-01
-9.280761569896762708e-01
-9.196158185365703730e-01
-8.896409924715257267e-01
-8.795959533818207277e-01
-7.746809404837324831e-01
-6.903789650227076802e-01
-5.748847438172208779e-01
-3.673638503596276528e-01
-1.864045561546873453e-01
4.341019709918036290e-02
1.934618581262156356e-01
3.102379592114198337e-01
3.243179572386684084e-01
3.400869400583459434e-01
3.441465843880545661e-01
2.593610327754975464e-01
2.077385045972651723e-01
-4.623506076835010720e-02
-1.565783297570295662e-01
-9.997713375395717028e-02
-1.459336256977066537e-01
-8.667431114665077874e-02
-1.309720053936805906e-01
-2.120252268269933460e-01
-2.483857249918902110e-01
-3.183677565327269754e-01
-2.615498157119379163e-01
-2.604023227772657156e-01
-2.495069223665210834e-01
-2.591060620787137836e-01
-2.708463755812973162e-01
-2.803763950980171504e-01
-2.906821615307915163e-01
-2.887105038122580458e-01
-2.972663967861597922e-01
-3.001920779441523690e-01
-3.129491362745525640e-01
-3.355832242175019742e-01
-3.651790538079322523e-01
-4.147733579329230258e-01
-4.513421959024571661e-01
-4.757555850679529574e-01
-4.996791741396061082e-01
-5.034916919798572144e-01
-5.202988042096217125e-01
-5.163838485477519891e-01
-5.255501773023807388e-01
-5.414235640020074181e-01
-5.161612728326431254e-01
-5.206917976640159651e-01
-5.213807717644050044e-01
-5.454873272160365438e-01
-5.257145809713777984e-01
-5.279419342727555975e-01
-5.258018881681579826e-01
-4.882074443481948522e-01
-4.674614653046620383e-01
-4.205077750703272721e-01
-3.076756999654428615e-01
-2.519528911480734545e-01
-1.634481600540185764e-01
-5.733779868999618751e-02
-4.726991058121743361e-03
1.945330067896536841e-01
2.493387383454494788e-01
2.906175386346734335e-01
3.828287564055581349e-01
3.127736742003606185e-01
3.371508039314178307e-01
2.510028580277363641e-01
1.207359815665551839e-01
1.076911031885411790e-01
7.949673067818624483e-02
5.433619103422902136e-02
1.048495455257614783e-01
5.528966472795739800e-02
1.351240691876365585e-01
1.183789728605358776e-01
7.012699851958167918e-03
6.398870628201089317e-02
-7.754707751470531207e-03
-5.755803059115184583e-02
-8.008558544686154856e-02
-1.370392326220458423e-01
-1.717476418166431762e-01
-2.212393617491717479e-01
-2.717640939493382035e-01
-3.090349271370809170e-01
-3.647996249971283689e-01
-3.985375274803069079e-01
-4.344310036816411702e-01
-4.713637021546049910e-01
-4.922974296832344776e-01
-5.157346965866134170e-01
-5.361813977201971282e-01
-5.451565115982840437e-01
-5.642067351242088247e-01
-5.653399625176251941e-01
-5.836913383433011138e-01
-5.962636804847466498e-01
-5.996759631391277434e-01
-6.263183868055011150e-01
-6.345779138499254568e-01
-6.531597268781432764e-01
-6.919406878747503820e-01
-7.031182325545433098e-01
-7.347918403282617250e-01
-7.517606064946034117e-01
-7.463874117185036461e-01
-7.635884328594992887e-01
-6.732020085807842724e-01
-6.657672451498146682e-01
-6.424810561386422592e-01
-6.103344465588693701e-01
-6.169873010171209593e-01
-5.840729202895069694e-01
-5.730228122343457020e-01
-5.666992872275815607e-01
-5.308379770816193943e-01
-5.303656064225055200e-01
-5.206554757408872192e-01
-5.117858628711513536e-01
-5.171338579573273586e-01
-5.192646333946324688e-01
-5.191930702638469786e-01
-5.240493256641954867e-01
-5.205579508298998626e-01
-5.220489488500451580e-01
-5.224735082176990009e-01
-5.198058141003041310e-01
-5.215382109183199777e-01
-5.197043998178000335e-01
-5.184592204899890477e-01
-5.189848149266826915e-01
-5.158144903767515332e-01
-5.147385410217347745e-01
-5.122133395749530749e-01
-5.088336731531613033e-01
-5.075769167691888129e-01
-5.022163526789653609e-01
-4.991417660099674580e-01
-4.923858845117472516e-01
-4.430138216333925349e-01
-4.254894643005403543e-01
-3.560625644049538741e-01
-2.845113350555349974e-01
-1.450549661436006388e-01
-6.735278041547862471e-02
1.177564834373626135e-01
2.127682322875829590e-01
2.061698937463759818e-01
2.077194538937754964e-01
1.447011788989238101e-01
1.205372763648368956e-01
-6.005773426345348276e-02
-8.291024164331579904e-02
-1.300645031288362452e-02
-1.202534395110684551e-01
9.896925297938900107e-03
-5.518441340491370140e-02
-2.998893057937626616e-01
-3.116765959528409180e-01
-4.717529087382282826e-01
-4.705089798424147984e-01
-5.028331282235640742e-01
-5.308103929314983427e-01
-4.845188372265393228e-01
-5.116383184787406391e-01
-5.318621292242293741e-01
-5.317341506603197043e-01
-5.721397008969895115e-01
-5.819671611257745125e-01
-5.800770022730106223e-01
-5.647475047743488741e-01
-5.282716036566982298e-01
-4.435972495362932033e-01
-3.592051575528405483e-01
-2.354840037464713820e-01
-2.321657611381740538e-01
-1.885901555348195591e-01
-1.779423124114765942e-01
-1.689507757989764658e-01
-1.381187355429627783e-01
-1.352694982574973448e-01
-1.140552579367035968e-01
-8.916333957383487663e-02
-8.100785916742681003e-02
-6.135433429950912232e-02
-5.580786664243651135e-02
-8.440135724375713577e-02
-6.821903756172870148e-02
-8.015135383667729152e-02
-1.200601911787237547e-01
-1.149100354578060368e-01
-1.668128315042376464e-01
-2.187056473340325824e-01
-2.488561705559279580e-01
-3.201672144927354968e-01
-3.556928613736979328e-01
-4.113733699870402716e-01
-4.855313183738100280e-01
-5.210128339533415254e-01
-5.836316170856126195e-01
-6.050581254724335389e-01
-6.170285974575515642e-01
-6.065116523705572638e-01
-6.040404108749612977e-01
-5.847394312832669971e-01
-5.562334828126385133e-01
-5.475194300686924143e-01
-5.445833225590354099e-01
-5.451905674071433339e-01
-5.639360758881666325e-01
-5.805633824488453110e-01
-5.958142692040491184e-01
-6.143509046670194707e-01
-6.315660451642391982e-01
-6.447949782677744324e-01
-6.497200004120814443e-01
-6.598618078409620447e-01
-6.634934956696556529e-01
-6.664082804110637026e-01
-6.728098867845149211e-01
-6.710420660987664876e-01
-6.736855793903444578e-01
-6.728265576041408957e-01
-6.636231527590761292e-01
-6.570282995141720761e-01
-6.332095019051950935e-01
-6.126204073869386812e-01
-5.901331942106088357e-01
-5.556612652698544874e-01
-4.678071486495944398e-01
-4.115388241220142573e-01
-3.751791855002359899e-01
-2.946166744737444554e-01
-2.518774969041214229e-01
-1.300049261434612913e-01
-6.022574452470145362e-02
7.035442066678820883e-02
1.405143425847982797e-01
2.852379169006669102e-01
3.085079044046286634e-01
2.866897918853852922e-01
3.115205423639309523e-01
3.080778500759346894e-01
2.800151518474198187e-01
2.825735681826531676e-01
2.549348434686210529e-01
8.480372938106632563e-02
-5.257619792361628575e-02
-1.505737326142839450e-01
-2.086958561733841810e-01
-2.257576871234278082e-01
-2.136718424566942387e-01
-2.282853480714799599e-01
-2.201516041244480637e-01
-1.733025194669521873e-01
-1.673742703512894892e-01
-1.524832912872595148e-01
-1.302185775723331829e-01
-1.311165370001787234e-01
-1.077819487881153532e-01
-9.118758912971919317e-02
-8.837487109963992893e-02
-2.884627442722079160e-02
-2.181626752049714915e-02
8.911520091794043752e-03
4.345283203216560031e-02
5.256536022780530781e-02
8.934113908669742699e-02
1.270700519761071567e-01
1.360995623577011537e-01
2.137635643047705591e-01
2.176715259414458148e-01
2.288228256109904879e-01
2.528420089979676044e-01
2.508014474335993893e-01
2.625041797311673530e-01
2.685213335259458711e-01
2.723644621463127691e-01
2.782589955161791639e-01
2.843238789756363794e-01
2.914444795780430919e-01
2.921932548767156579e-01
2.991191739569500907e-01
3.182873680692711038e-01
3.195073739250346989e-01
3.528845496546464400e-01
3.527431276950768746e-01
3.552263225596101193e-01
3.640508573555863991e-01
3.621950007931232229e-01
3.654563595635909046e-01
3.669937801789219800e-01
3.667753257653643684e-01
3.682114846350048598e-01
3.682877858844132990e-01
3.684990501573279786e-01
3.689239182448972310e-01
3.688541918226929117e-01
3.689566995855346199e-01
3.690984163713668664e-01
3.688462307061243228e-01
3.689194575282868094e-01
3.689116780269529050e-01
3.680965764950712704e-01
3.687232208455700211e-01
3.675617011576908788e-01
3.662667217196408087e-01
3.682393513859064105e-01
3.620731535712638505e-01
3.640452998643958216e-01
3.639674188774502106e-01
3.459926717287626907e-01
3.652056361385941918e-01
3.353474975738574559e-01
3.086674849766578022e-01
3.286217155131151979e-01
