8.696315861921955284e-03
9.404681234081547353e-03
2.607181310689275430e-02
3.254399143428648306e-02
2.551408147676930901e-02
1.990818904546881596e-02
1.439642741305185818e-02
1.439287781098548720e-02
1.438952956175412745e-02
1.438801857988014632e-02
1.438821355928818213e-02
1.438821258589850424e-02
1.438821239587088213e-02
1.438821247290868362e-02
1.438821246821308207e-02
1.438821246821108193e-02
1.438821246821183654e-02
1.438821246821256512e-02
1.438821246821182440e-02
1.438821246821101775e-02
1.438821246821326075e-02
1.438821246821179491e-02
1.438821246821298840e-02
1.438821246821104551e-02
1.438821246821458608e-02
1.438821246850569176e-02
1.438821246290423496e-02
1.438821249231185713e-02
1.438821243981358751e-02
1.438820031091071934e-02
1.438832804685203672e-02
1.438808947108753157e-02
1.438944890993819684e-02
1.473665186382369999e-02
1.417958309608475902e-02
1.929634579311933357e-02
1.912204908791086816e-02
2.023658918432002379e-02
2.023947754838975252e-02
1.916053224220035794e-02
1.955239959556484206e-02
2.108286160903506679e-02
2.162232301671344198e-02
2.083977290916582195e-02
2.196706811761871270e-02
1.982589106816444458e-02
2.271744357428468961e-02
1.667777887529757821e-02
2.041032329189136629e-02
2.162756806299708304e-02
5.469375672575207958e-02
4.729939769835897478e-02
1.236579832162714235e-02
7.392392043510908652e-03
2.419814881717852542e-02
5.793517174637013989e-02
6.111076993653376949e-02
5.290679778060732030e-02
5.291840598968416964e-02
3.584625604758802375e-02
3.526118977143963967e-02
5.585054602880678426e-02
8.849791424327674294e-02
9.418114825315219985e-02
9.232890762626555503e-02
8.029397235626489771e-02
7.131223328243342652e-02
7.130487352982749216e-02
7.126151363377508652e-02
7.128628210144101474e-02
6.487244406718128964e-02
3.469962791602974189e-02
3.466736952290435519e-02
4.750071784108237521e-02
4.746333145391384151e-02
4.747288955732393428e-02
4.751147825237991146e-02
3.507719311093804304e-02
4.852115916510785221e-02
8.175232405973952010e-02
1.204552177369951349e-01
9.217438177924915099e-02
3.815856903427685548e-02
1.239890743687187616e-02
6.447081812727314606e-03
-1.262272946285014109e-02
-1.857588240994959700e-02
-5.860732403857798556e-04
1.336228783169376641e-02
1.872710780390852287e-02
2.023550814383260135e-02
2.162493885115361614e-02
5.469598271987565624e-02
4.730519636335038525e-02
1.236192523180346288e-02
1.131917155547257359e-02
2.804429195910376413e-02
3.905457259745966775e-02
4.118091740317893212e-02
2.707313625774994403e-02
1.467879624869397603e-02
5.471073064230717181e-02
8.624471852441269182e-02
3.820573737159168454e-02
5.108836619874046470e-03
4.418538658525625329e-02
5.350896126193225438e-02
3.785409919488806618e-02
4.233456379941856473e-02
4.089424741961612819e-02
4.450688337855441407e-02
4.229795125937085148e-02
2.815038002316752608e-02
2.061202710747152625e-02
1.750480286113872616e-02
1.517275265357073688e-02
1.358320411485385883e-02
-1.105592719469969398e-02
1.887530907139110467e-02
3.591592387893289412e-02
3.585629392617657035e-02
2.221823960264667289e-02
6.042914813906741928e-02
9.066732833463267416e-02
9.419451680950356731e-02
-4.312132070099099906e-03
-3.199586140165639608e-02
8.647230186443361291e-03
3.748984643341204265e-02
1.236048391794439261e-02
9.386312419342136490e-03
2.444567687893739114e-02
4.126608517425511824e-02
6.371637393915495495e-02
4.412509806889677866e-02
-2.872563757735861756e-02
-4.593720177254544818e-02
-1.930107742032147189e-02
-1.389143619204206981e-02
-5.747743262715756737e-03
9.495229323760321499e-03
1.142867747256619965e-02
-9.071370411988893779e-04
1.706906378139583453e-03
2.457393695134346343e-02
3.565419474424304930e-02
3.167428596308834166e-02
2.679004408162162162e-02
2.368289515941152459e-02
3.117748631291638803e-02
3.119657460128120660e-02
1.540224967810244552e-02
1.042805749300017466e-02
5.944589974444386415e-03
-8.016323538996015033e-04
-2.575745492039646645e-02
-1.255025792372243404e-02
5.442813794407840716e-02
4.730106648567718869e-02
5.419533342722311631e-02
3.974903800262016146e-02
7.954602822465670076e-03
-3.017394775332531750e-03
-1.423367478025382507e-02
-1.441410596973598333e-03
4.183213843070277688e-02
5.659344870547686202e-02
5.690896064169125024e-02
4.564413704297954483e-02
1.407563629319193328e-02
1.141846718010815047e-03
-4.428029283683003296e-03
-2.599865129742251479e-03
3.761992413901224519e-02
5.178885706390472243e-02
5.075154705789153287e-02
6.708494991480426495e-02
1.338394823794330779e-01
1.324501939477592261e-01
1.285754573236682907e-01
1.089928070997201459e-01
-9.712311261957445267e-04
-1.532828145507702557e-02
1.781625261413915390e-02
2.977403328326670706e-02
7.118082093403929611e-02
7.425274326862876806e-02
5.393167421938024203e-02
5.158018527252716812e-02
3.662180540479589852e-02
3.469578877720403548e-02
3.939672205362646645e-02
3.940700272611761396e-02
1.787962649227825898e-02
1.807113225878198212e-02
4.758084694465333081e-02
5.835258120827685469e-02
5.803665280395103182e-02
5.806083481945756297e-02
5.804264698722077370e-02
5.568103617050901982e-02
4.449812937332883050e-02
3.423191955923905738e-02
3.538319088465366469e-02
5.776481271554496227e-02
5.775544582941032068e-02
5.778646979364997910e-02
5.781766208176631477e-02
5.784038940704215592e-02
5.784806744172163451e-02
7.145738188487762987e-02
8.228303045083390499e-02
7.518028870002446684e-02
6.840552546102077192e-02
4.667289469048641060e-02
4.917399972298466121e-02
4.971147479464635421e-02
3.797597358307720078e-02
3.670771147962724468e-02
3.841773356260079486e-02
3.682305834974333725e-02
9.164222012746395599e-03
7.737458691417320109e-03
-3.964605408081072792e-03
-9.275414491095021474e-03
6.969573186241040993e-04
1.395965484215633788e-02
3.112628326393154440e-02
5.144411020328880368e-02
5.831709831783711551e-02
4.174175772617072511e-02
3.827347747823102529e-03
-3.111741243342429006e-03
7.508162669493248845e-05
6.518702769463611234e-03
3.054318683020683378e-02
2.928837212481169572e-02
2.809413406372288091e-02
3.147281807176412205e-02
9.449262544594692198e-03
-1.482368880774785624e-02
-3.620842371791645892e-02
2.889655561042616533e-03
1.377161968984074725e-01
1.450741506812290860e-01
5.281661899849425523e-02
4.739161979818289766e-02
7.142935310796659498e-02
3.442712801566315955e-02
2.819788336210234114e-02
2.425904643628662080e-02
-3.641752216345056636e-02
-2.784306245122438947e-02
6.973069691811195625e-02
1.480373003631519080e-01
1.519092901166304022e-01
1.257925784154459437e-01
1.008664133226915977e-01
9.111005126373485086e-02
9.106722704484292163e-02
8.712012891293201278e-02
9.469399432744560197e-02
8.753770151502832109e-02
1.065744504812098231e-01
7.783992359539783357e-02
2.088822105984072808e-02
-8.193429553669354408e-04
3.190908311177424045e-02
4.370627914287460170e-02
6.010069906218113572e-02
6.654549152343762486e-02
7.053785948705379449e-02
7.838325391813701082e-02
7.519149401919517084e-02
6.718565445011623338e-02
6.581948100842288651e-02
6.089368812505700085e-02
1.307751939553488535e-02
1.373721625497312943e-02
-1.527623561588305678e-03
-2.089060116807151327e-02
-1.754357253539719219e-02
-4.978016838467418798e-03
1.924363475730277162e-02
4.510958298927451177e-02
9.725410021890684709e-02
1.045372374475206367e-01
9.346480665125887766e-02
9.353588325595914299e-02
6.146033834983889027e-02
4.115835050996725225e-02
5.131034690872358223e-02
5.988265083176795567e-02
7.840817303451834419e-02
7.332564155893661617e-02
5.608311412983085081e-02
5.609628380141896964e-02
5.605574526139767144e-02
5.604338564886591351e-02
5.606200747041678589e-02
5.590779999912352111e-02
4.576876788494391168e-02
1.851275950749553881e-02
-7.147519736153830350e-02
-6.646155057717634262e-02
-1.271481474852290995e-02
4.715971117548599010e-04
5.194784183811522460e-02
5.694244923665345987e-02
1.938442634889407309e-02
3.337445062671465235e-02
1.804171792291834470e-02
-8.186616723357360847e-03
-1.330777234472248390e-02
-6.857971209597563513e-04
-6.889481889480582539e-04
-6.710913826681553715e-03
-5.666839034406552164e-03
1.362787185412915776e-02
1.664020922732731625e-02
1.456536432210605095e-02
1.456997647911881417e-02
1.456586338529087914e-02
1.458799408809206312e-02
5.675190403938352481e-03
1.258330571508674278e-02
7.165529841136804301e-02
9.476708353388381412e-02
8.191222972125426771e-02
1.114397195520916428e-02
1.782495045482924111e-03
-3.012873563024166519e-05
-6.863965112927597478e-03
-1.757673866542589988e-02
-4.259196583405085168e-02
-3.919436045762264564e-02
-1.775153096790990301e-02
-1.776017520805071859e-02
-1.775525091547789855e-02
-1.773782900191597095e-02
-2.485721760069276032e-02
-2.068876495596646756e-02
2.333864812895285190e-02
2.689939309778303922e-02
1.856805434171828958e-02
1.858424158097923481e-02
1.858312432831767114e-02
1.857844459548499416e-02
2.496692657019525946e-02
2.549973137729992165e-02
1.945350583671843700e-02
1.626124934511004663e-02
1.519133326820200358e-02
1.518858216550048566e-02
1.518750475900919848e-02
1.518728997690415618e-02
1.518746336076716094e-02
1.518769719859379246e-02
1.518662519433472587e-02
1.561355173653172085e-02
1.549913811767843208e-02
1.221663576810044435e-02
1.200164319265690886e-02
1.087883448679312359e-02
1.052461508947733632e-02
5.831152765956304496e-03
6.505687368965812345e-03
7.212665640131199832e-03
7.211375165876521623e-03
7.211993322313078013e-03
7.212183869223372581e-03
7.212157205352912916e-03
7.212157410029353642e-03
7.212157427754617607e-03
7.212157417486870017e-03
7.212157418156151488e-03
7.212157418157363192e-03
7.212157418156847979e-03
7.212157418155525253e-03
7.212157418156322358e-03
7.212157418157085637e-03
7.212157418156305878e-03
7.212157418155768114e-03
7.212157418156473279e-03
7.212157418119289481e-03
7.212157418643897616e-03
7.212157418084457101e-03
7.212157409232116366e-03
7.212158858522008456e-03
7.212150021737442213e-03
7.212112835802915282e-03
7.212077371596247594e-03
7.173085340463798698e-03
7.090155278532402766e-03
7.060220603073372354e-03
7.165017097459205724e-03
