1.027479567168702174e-03
1.156676337391742511e-03
3.381315217865078163e-03
3.407738483322899498e-03
4.049411572222029465e-03
4.439551221845309398e-03
4.029723652706282064e-03
4.314448609913770771e-03
4.272789803522563518e-03
4.231800506642648813e-03
4.307418129825783294e-03
4.273366335652015527e-03
4.285256482319916085e-03
4.296138744132276324e-03
4.287603404867274329e-03
4.294845697929075903e-03
4.294638136005606011e-03
4.294056632508954155e-03
4.296145625482378043e-03
4.295704500613855073e-03
4.296335825788599912e-03
4.296772260374993185e-03
4.297242086592584394e-03
4.297931086050974132e-03
4.298246437617973467e-03
4.300550981422088768e-03
4.300665544914027486e-03
4.303164706071080890e-03
4.309577470128798070e-03
4.306139538254366919e-03
4.322311531930989395e-03
4.330170070977438709e-03
4.321585615548477824e-03
4.392863495308012810e-03
4.356006156451659728e-03
4.388999177259869308e-03
4.479923807885135764e-03
4.508226288643057099e-03
4.785408941538700847e-03
4.928772592945028681e-03
4.913050810195103250e-03
6.141901113290856688e-03
6.137873763319066228e-03
6.415017878858743014e-03
6.801688679746602934e-03
6.535684808533388616e-03
6.799275273410256698e-03
6.512768620645208346e-03
6.809878800508576205e-03
7.255319746050072939e-03
8.397579633336194754e-03
7.918320949780732754e-03
1.022823735266162846e-02
1.086728385546786857e-02
1.264548768233560508e-02
1.975735858979428203e-02
2.094565155924472954e-02
2.378551062470584190e-02
2.628152012867321363e-02
2.655111996606774466e-02
2.908479943955055713e-02
3.116576882405201407e-02
3.594791478025645415e-02
3.596115757799735191e-02
3.826174720018999525e-02
3.817462115713198684e-02
3.730856935487777970e-02
3.801558865508365692e-02
3.681755858288475458e-02
3.602337430639018789e-02
3.597423534474119416e-02
3.398595012675813265e-02
3.379864562499207414e-02
3.431101966876388965e-02
3.294139829059340718e-02
3.375522441728506795e-02
3.336465750570651034e-02
3.236013175909151912e-02
3.386367154829293680e-02
3.196791861406501900e-02
3.263460442811223772e-02
2.931380702867349836e-02
2.300556951108971918e-02
1.934974799810940116e-02
1.414962565442894754e-02
8.780204853744047466e-03
6.054809319127790572e-03
6.286907919392820121e-03
5.614282359127264338e-03
6.278343318370372197e-03
6.426445438030458507e-03
6.662890671066203779e-03
7.700389136301280350e-03
7.400926264499048911e-03
8.590212659741660456e-03
9.041349904775492982e-03
1.085949059607442362e-02
1.392001031083198170e-02
1.493127338970155239e-02
1.646550839473887723e-02
1.746193831136778202e-02
1.906636613146750828e-02
2.301937850328677343e-02
1.943703148165772110e-02
1.854881918563069249e-02
2.089551173471130077e-02
1.972141965720531839e-02
1.901994315240117250e-02
1.977543596081797472e-02
1.776798792979602734e-02
1.743520999830943524e-02
1.656035164048145006e-02
1.389175387687181101e-02
1.368002269864899978e-02
1.155046992564187983e-02
1.058215460056694500e-02
1.152553996053976709e-02
9.879807983725228879e-03
1.199071254761366681e-02
1.388628861589075864e-02
1.439369111873780790e-02
1.600723690767003049e-02
1.761837470763602531e-02
1.755237765954485718e-02
1.813875302404119663e-02
1.279107538600886274e-02
1.140529114835218787e-02
1.133542618785755504e-02
1.118231129903170598e-02
1.034115775405153662e-02
1.000981135105228487e-02
1.065771224297924064e-02
9.629267060110555804e-03
9.104934604305024715e-03
7.915125437762574739e-03
1.760431994624947960e-03
1.956139367004411421e-04
3.485536868121077644e-04
-1.309861271611040138e-03
1.449289122054135334e-04
1.630034003663239240e-03
2.164952606343010025e-03
2.310872902366385012e-03
2.895408171951165902e-03
4.589885887090059541e-03
5.752506096252310921e-03
5.706046148820714640e-03
7.992025509029290764e-03
7.247436474879709670e-03
8.396218347336375371e-03
8.195717301720013490e-03
6.571119298028183127e-03
6.315715310071566904e-03
3.763589677536157731e-03
5.547655347293047913e-03
3.040977789655403829e-03
4.732915040527231609e-03
1.086816689359485291e-02
8.868313966276054894e-03
1.095870403992334902e-02
1.082911923802428074e-02
8.011521098903443341e-03
9.431966028358156062e-03
8.480345008736265427e-03
8.673934366696544121e-03
1.133170093647842963e-02
1.081891728446077693e-02
1.165451311539397565e-02
1.199310377313665688e-02
1.032626302361322294e-02
1.123275939251619851e-02
1.108924565901236656e-02
1.231517342072529705e-02
1.504037469885403933e-02
1.773284563296773433e-02
2.157956356431195433e-02
2.254255751957793055e-02
2.876711043196933382e-02
2.784230354691913725e-02
2.668177008652838217e-02
2.827189494842742221e-02
2.071997701629466060e-02
2.105228732337391731e-02
2.236137462360166667e-02
1.965886504990657646e-02
2.405242575957188683e-02
2.332478912274280752e-02
2.217986287386356642e-02
2.322049123171013307e-02
2.154552776329763525e-02
2.156762399903253830e-02
2.147515570089578163e-02
2.105540519907182079e-02
2.091845889176236623e-02
2.094601675664174364e-02
2.193233965485824610e-02
2.260132426032647121e-02
2.301970382546770361e-02
2.343181129405953050e-02
2.373844761444891122e-02
2.369071164938975696e-02
2.375591702276878131e-02
2.408525496336483968e-02
2.417585320164596444e-02
2.553587848395256349e-02
2.593879060653864893e-02
2.647262924670708978e-02
2.740071105311595034e-02
2.781637697734861900e-02
2.821197270093427079e-02
2.929064390957100694e-02
2.922252754741656508e-02
2.936302255525971919e-02
2.909412109833703353e-02
2.666656658388228893e-02
2.623510365461772381e-02
2.417865790581987667e-02
2.192507392803771937e-02
1.997336917393289016e-02
1.698302253371095083e-02
1.566579595955475829e-02
1.064303045799477529e-02
9.407857514972117405e-03
6.816604834944949530e-03
5.543864546772351264e-03
6.063892226522323015e-03
6.851215573252214704e-03
8.545027750595315247e-03
9.087997107860219456e-03
9.551516417139440523e-03
8.925446125369128347e-03
6.376107975210478993e-03
6.328504377341729464e-03
6.944163177338722424e-03
6.557265161020828237e-03
1.006377033033165405e-02
1.022577991408847933e-02
1.014520342341567252e-02
1.335851542482060714e-02
1.228501756660263858e-02
1.435505782110668184e-02
1.941298340434793185e-02
2.045871260675139955e-02
2.864671194622408698e-02
3.152090851201221067e-02
2.845710022845768239e-02
3.113675736511511277e-02
3.080196717168353499e-02
2.756866297750601436e-02
2.837695548108490340e-02
2.874915830288823221e-02
2.854783737446125319e-02
3.261930925917120444e-02
4.292144528421151795e-02
5.123955632557283812e-02
5.443530456333148249e-02
5.837126147883164862e-02
5.653695800399141658e-02
5.775937991089478973e-02
5.675279053873977242e-02
5.404153259644633306e-02
5.487258487441099009e-02
4.914594040160082805e-02
4.762591470863067333e-02
4.247107717773683511e-02
3.355522359825719586e-02
2.991766260543367306e-02
2.982712959946266090e-02
2.818194288057660618e-02
2.908779811425206072e-02
2.886403198737191172e-02
2.843710464943349087e-02
2.628831936511384984e-02
2.590455232204356278e-02
2.308286171171736872e-02
2.127133202411163326e-02
2.025138337887110243e-02
1.529289893815097452e-02
1.573347958312084488e-02
1.363376312611525726e-02
1.356954267218981117e-02
1.629833224131688185e-02
1.850618923054228593e-02
2.301766252392007175e-02
2.610690521649475931e-02
3.135702781107321119e-02
3.401241501282003393e-02
3.432931505637487613e-02
3.629609126615422621e-02
3.487741615198747952e-02
3.342291084427510134e-02
3.351467413603057693e-02
3.187028182679332855e-02
3.019620058270270496e-02
2.962682050540629483e-02
2.676053311736870804e-02
2.546349390850346367e-02
2.418292792738525876e-02
2.064655961915019475e-02
1.998769034002645731e-02
1.681038465161375367e-02
1.272285671207006030e-02
1.259013995214277280e-02
5.935373355076235639e-03
5.674525412002779691e-03
7.799570213205087726e-03
4.441927386365276606e-03
9.439492539827103873e-03
9.322765393339798451e-03
5.855557655174316659e-03
8.913611330162994270e-03
5.094732400312891596e-03
3.157500598105151494e-03
2.911877456773195004e-03
1.631373389252177997e-03
1.862327541719282272e-03
1.441285129326530653e-03
1.314524196398338856e-03
3.115990871993455213e-03
3.167446654480655412e-03
3.414835009077389627e-03
3.867921026220469665e-03
3.922911502556716140e-03
4.497266452110463414e-03
4.322939599451596469e-03
5.238950572586948372e-03
6.163577097010687622e-03
6.793544239254845421e-03
6.259238490756258849e-03
3.502836778496087530e-03
2.318306604955271653e-03
-6.931115784586547269e-04
-3.258196754510938632e-03
-4.398295504191547869e-03
-9.117413785434250184e-03
-9.498623849567620556e-03
-7.404372123415047489e-03
-8.149775345987457162e-03
-7.407886329811952733e-03
-5.412056683191640571e-03
-4.502002277665690527e-03
-3.658725361932362811e-03
2.961334310412462156e-03
3.380497513812598474e-03
3.858347145308104343e-03
5.661003128768199617e-03
5.680272796581933327e-03
5.940115961330090337e-03
6.774661011655519829e-03
6.731165187357126233e-03
5.832912409013961581e-03
5.711400420308055878e-03
5.344461859787706312e-03
5.095364752652899870e-03
5.008864761165954943e-03
4.834196599741052633e-03
4.714066491066009300e-03
4.649553639818840983e-03
4.442864017777808233e-03
4.301326561246992738e-03
4.186502706578984490e-03
3.562901063516667882e-03
3.439642152390704789e-03
3.077372758104590048e-03
2.950456634079461418e-03
2.411420700605538918e-03
2.393613327387447177e-03
2.318132772909296119e-03
2.191517555163226619e-03
2.194236444125913579e-03
2.145824458085308136e-03
2.121307078107784790e-03
2.115895316779047887e-03
2.098523955471887949e-03
2.093920908754684333e-03
2.089474683589696152e-03
2.084648015969269887e-03
2.083225446602703784e-03
2.081231927930232879e-03
2.080041724024747629e-03
2.079041811580032567e-03
2.078781534081461813e-03
2.077925746685319042e-03
2.076809287266116050e-03
2.078596289321429057e-03
2.074286459849292164e-03
2.075756108780582414e-03
2.079008118460090072e-03
2.061648220377587833e-03
2.083858519300107320e-03
2.066214153364435112e-03
2.031185103220051885e-03
2.130544668442242370e-03
1.958699928312037427e-03
2.026313889011622203e-03
2.133932892799675178e-03
