3.678398200503011153e-04
4.740430434164062136e-04
1.209575913061350979e-03
1.223118760976324524e-03
1.977860849332811668e-03
2.077592262511829182e-03
2.072217554659226864e-03
2.284063901544231001e-03
2.269861014247763747e-03
2.318155900590116933e-03
2.364009628079931629e-03
2.362684813387403750e-03
2.386399865080853291e-03
2.394410421140974552e-03
2.398052641736844997e-03
2.405788505259685937e-03
2.407729793078404543e-03
2.410465254518622414e-03
2.412947251302743727e-03
2.414783226539994436e-03
2.416436405412797622e-03
2.419013502364604148e-03
2.422601404422528373e-03
2.424066675759777023e-03
2.433089656219931951e-03
2.438779460490144574e-03
2.444389180810287252e-03
2.476182649057569792e-03
2.474260931034530115e-03
2.517195606260305696e-03
2.597141612343308731e-03
2.552891290709992378e-03
2.799704292342263760e-03
2.861879198276138028e-03
2.820026678690142931e-03
3.871159076895548407e-03
3.862152012630107236e-03
4.304673369201402269e-03
4.581601249329995268e-03
4.609181198968742912e-03
4.995081510750048331e-03
4.968047808812631194e-03
4.811722755020154951e-03
7.397222783245110435e-03
8.216603072035012778e-03
8.648852887111936269e-03
1.742945880125046365e-02
1.850348198086299023e-02
2.053567165904803329e-02
2.426184341954109452e-02
2.423021969996808078e-02
2.528477012899861542e-02
2.679605955801289685e-02
2.648985413873549549e-02
2.726768610724126379e-02
2.686527911502174099e-02
2.599054326207343030e-02
2.593549542426637836e-02
2.441087871609166210e-02
2.288464199894850101e-02
2.213997313204916356e-02
1.735425800824174150e-02
1.580112570279425949e-02
1.360364978939071143e-02
1.533430275671811283e-02
8.096206992636273414e-03
1.524690710756486725e-02
3.434199665028180026e-02
5.001365011322929377e-02
5.004892623992961143e-02
5.771253412868013882e-02
5.766947893397730840e-02
5.306551495282689490e-02
5.508852491383008781e-02
5.062630328315292222e-02
4.329774988894245780e-02
4.486060911949529828e-02
3.263695452836261335e-02
2.768213562957248797e-02
2.019666090454222060e-02
-1.289123748550396022e-03
-5.760184522813563933e-03
-1.304364125206399633e-02
-1.588978934935399157e-02
-1.589508221871060306e-02
-1.919169153758214230e-02
-1.418412217323158919e-02
-1.001689283292484488e-02
-1.258837101541207537e-02
-1.072290170983161012e-02
-1.452427762598707331e-02
-1.406331430214909951e-02
-1.620401070339981542e-02
-1.706936428647010812e-02
-1.723092499824137661e-02
-2.157125125321906686e-02
-2.061498572435576521e-02
-2.324516608314385752e-02
-2.475237210160784879e-02
-2.738840183147567622e-02
-3.229451630915976257e-02
-3.026880707427349881e-02
-2.988427325060565021e-02
-3.022318950743432819e-02
-2.429961918508657601e-02
-1.417297058812172147e-02
-1.299912640439400413e-02
9.388211934870105413e-04
1.288150735772206675e-03
-1.080848204807886327e-02
-1.051016498419398738e-02
-2.123343452785346475e-02
-2.057243355013978897e-02
-2.510255300970973963e-02
-3.161346382395321258e-02
-3.150291725589028646e-02
-2.989122858808144351e-02
-3.286265976546061396e-02
-2.862716634767561302e-02
-2.608968132177823251e-02
-2.016118571974972670e-02
-9.807258881514303514e-03
-3.925973060613163063e-03
4.327486032628381080e-03
1.058940631481914210e-02
9.945213629299730004e-03
2.013778163216881079e-02
2.093006316146895154e-02
2.325055244556688966e-02
3.063767288117300383e-02
2.910786232628058412e-02
2.895842927148054025e-02
3.024081871717257744e-02
2.393707517773828800e-02
2.347142301336900896e-02
2.264647907478927261e-02
2.079740668083960783e-02
2.057234606099878418e-02
1.936005249887636989e-02
1.915454274824384892e-02
1.730003880611699282e-02
1.692350152109115685e-02
1.689200385297163001e-02
8.047397548406705001e-03
9.795159407767470294e-03
8.608009550458824155e-03
1.159871004712632707e-02
1.560926068079847989e-02
2.478177160016133140e-02
1.973853147198917357e-02
1.912197633257232618e-02
1.659992874790321149e-02
8.950234614370075267e-03
1.105539914051192028e-02
5.989323276125238515e-03
5.152085119874683788e-03
9.307015199842148118e-03
3.856850168687353357e-03
7.858390047339087331e-03
7.511445802906306819e-03
3.929568518034465621e-03
9.488459601828065984e-03
9.327680511308800507e-03
1.322635259388560067e-02
1.705480053505829818e-02
1.556275420749347882e-02
1.457086985156243880e-02
8.520238692102062583e-03
1.755558053093418279e-03
-4.404676971316628421e-03
-1.458654505321930681e-02
-2.262878044010995654e-02
-3.388704792779967390e-02
-3.918125976308880348e-02
-5.233890448122606454e-02
-5.435153525315002121e-02
-5.673033600551014022e-02
-6.231007224625278312e-02
-5.756495247096045376e-02
-5.995276343617143150e-02
-5.962090963230819163e-02
-5.332347051102675345e-02
-4.688552012898262317e-02
-4.195582977533570540e-02
-3.284878962845435429e-02
-3.740527598463458392e-02
-3.483875495941719802e-02
-3.397683735272140348e-02
-3.442490170671913541e-02
-2.429054574678102610e-02
-2.652213512875728832e-02
-2.193819535811746685e-02
-2.008838506233288912e-02
-2.454551186059516013e-02
-2.304103308520007512e-02
-2.524704910617403888e-02
-2.887312911237426005e-02
-3.200207534871767068e-02
-3.654291149581470610e-02
-4.390012984366209459e-02
-4.227498313734294466e-02
-5.810385581724288040e-02
-5.354538683094043489e-02
-3.472535571225622564e-02
-2.379604533635492486e-02
-1.311399496506076255e-02
-2.613299230596022663e-03
8.797938527857381008e-04
-1.372003054613811154e-02
-1.389362050622638782e-02
-1.617770377097496950e-02
-1.594347252663900344e-02
-1.640138405678069275e-02
-1.993173649258613012e-02
-1.997201184889578485e-02
-2.436744383089897020e-02
-2.102225804481134067e-02
-1.704989457850984019e-02
-1.374327366790109237e-02
-7.691455504876221162e-04
4.578106826936549807e-04
7.138160007591856128e-03
7.416732145467028713e-03
8.865856093506124802e-03
1.026109826087605315e-02
1.129403123267955916e-02
1.772034592284328983e-02
2.157793507121839177e-02
2.201381354488224362e-02
2.170715773421044367e-02
2.004704586361676782e-02
1.795217264710712718e-02
1.709226111972912340e-02
1.609419504464007500e-02
1.678079348513508012e-02
1.404957626330402901e-02
1.322055778645941058e-02
1.316063490028769774e-02
3.733772173645439393e-04
3.155296638943940000e-03
-1.608034334957036005e-03
-5.820103044072823598e-03
-2.001328298043437287e-07
-1.005243289829596369e-02
-1.440218005760846368e-02
-1.037884631632728094e-02
-1.914200857360964791e-02
-1.591219447042576882e-02
-1.684882032962375931e-02
-2.542455532932456561e-02
-2.275424092755567312e-02
-1.875444393319065928e-02
-1.616563235463750609e-02
-1.793358100756573328e-03
5.197992088612239311e-04
1.109309292626728394e-02
1.391537525252577526e-02
1.442829992179960399e-02
1.742849968521422224e-02
2.351200037828911696e-02
2.527997228458918680e-02
2.432623289715335826e-02
2.462818369093734694e-02
2.325616358501615688e-02
1.648312337127554386e-02
1.612328987387779203e-02
1.782297635554588172e-02
1.759327163029010543e-02
2.179964037047052786e-02
2.020039569633467341e-02
2.054065270851204023e-02
2.150314686998327368e-02
2.099835206243987409e-02
2.086268728229473748e-02
2.197680281298239682e-02
2.085796855768502767e-02
2.071739456731486878e-02
2.426816035193135948e-02
2.167001236345108064e-02
2.289335103743619232e-02
1.941973572661928951e-02
1.273116767768353759e-02
1.038466869923804561e-02
-8.258648296770643160e-03
-1.787324844223522197e-02
-2.019206268660502651e-02
-3.267835192046102122e-02
-3.170056697589802852e-02
-3.637095970840075604e-02
-4.196114534060578494e-02
-3.933129541631995296e-02
-4.578099713836060458e-02
-4.680079831306044325e-02
-4.753358489621384297e-02
-5.214989403785696281e-02
-4.912739276805719313e-02
-4.257775594176201051e-02
-3.802105319010128798e-02
-2.758164510494146709e-02
-1.940243566846246853e-02
-1.677574232214518180e-02
-1.001838620641678883e-02
-9.598800495263593371e-03
-8.741083491336709352e-03
-7.187993793417253932e-03
-9.403097333626174448e-03
-1.035362129685623439e-02
-1.661304216549488316e-02
-2.193773523985090984e-02
-2.173128687895364841e-02
-1.863263337416506960e-02
-1.648168403062041237e-02
-7.490395143879472091e-03
-5.651463978342386070e-03
2.490587913809159688e-03
5.036343460396624887e-03
3.198816021117488126e-03
6.556744149931048246e-03
1.022195763708257620e-02
1.087765630359743656e-02
1.664228266428953440e-02
1.613786974063968413e-02
1.713899560056238169e-02
1.815112654941122491e-02
1.415536433258900509e-02
1.433427441424561452e-02
8.839443202598284283e-03
6.028173582549290442e-03
8.273228990629842572e-03
4.946816065281819594e-03
3.300405250389625879e-03
1.072902136240275282e-03
-1.164387163340586777e-02
-1.384488315099335898e-02
-1.781253972422909559e-02
-2.310341098590959485e-02
-1.798587587739307325e-02
-2.090580507882353750e-02
-2.011632319862790771e-02
-1.951944443079396338e-02
-1.995484234766872061e-02
-8.446687994996645438e-03
-6.579752724045545217e-03
-1.449152854837330038e-03
3.874977469702311703e-03
1.213688044105019730e-02
1.420091962798421432e-02
1.610294059381311982e-02
1.949471814592388524e-02
2.131621306880185709e-02
2.111689773650235469e-02
2.348247201618332627e-02
1.293463376064450145e-02
2.606828704384460751e-04
-1.463940314784981100e-02
-2.488240640893755670e-02
-3.381449127895069795e-02
-3.369838336888601044e-02
-3.268070908933905228e-02
-4.054967256708270906e-02
-3.560218284098377872e-02
-3.837402695084617121e-02
-4.655601437538522958e-02
-5.059692797716344725e-02
-5.579768730433387613e-02
-5.328284292415380596e-02
-4.979806969900638092e-02
-5.217086404209897443e-02
-4.645152329784760226e-02
-4.703802790420865548e-02
-5.065440311859926992e-02
-4.547149220111643825e-02
-4.289396386881810103e-02
-3.696536675739297423e-02
-2.171638475965003562e-02
-1.865555832238730699e-02
-1.388478564427823164e-02
-9.869683435048320908e-03
-1.376925365466428325e-02
-1.405140209666639467e-02
-1.587007698673799025e-02
-1.940649723431227269e-02
-1.989318836931004697e-02
-2.269668720075726856e-02
-2.529995334690709335e-02
-2.612944847590477349e-02
-2.990860777317790042e-02
-3.220641179371305091e-02
-3.414100748842124888e-02
-4.018481238993447391e-02
-4.247513520047310753e-02
-4.280625961766266335e-02
-4.682299884105292631e-02
-4.592594967113058924e-02
-4.692613190296886921e-02
-4.926479658184684807e-02
-4.614669497562916972e-02
-4.848659103440905449e-02
-4.655260455798874986e-02
-4.058203855959132550e-02
-3.948026961566308141e-02
-3.340953281320654944e-02
-2.997894228734590202e-02
-2.855265646553893991e-02
-2.250837415972920669e-02
-2.306325139282690284e-02
-2.162220968453418962e-02
-2.164490863299634721e-02
-2.344617288390683091e-02
-2.201927553228844384e-02
-2.412353921652927308e-02
-2.364751208692901854e-02
-2.301934322202217262e-02
-2.505702213475827916e-02
-2.144352139590227635e-02
-2.228966088300794735e-02
-1.087365175694135835e-02
6.116501129926286626e-03
1.666196106589924730e-02
1.700148071264084154e-02
2.056613654584876771e-02
1.914298481153861239e-02
2.003654033582119229e-02
2.079265419966259618e-02
2.054261510392288437e-02
2.194979421722581536e-02
2.206186184366718331e-02
2.272025101143235887e-02
2.263401767851067753e-02
2.174214195988696113e-02
2.190266855660894657e-02
2.133988627643889843e-02
2.147564080349908394e-02
2.081710871798930079e-02
2.067229693064790916e-02
2.161439776800585383e-02
2.178021529804717582e-02
2.261624538912717849e-02
2.287351660054231725e-02
2.309234408376185932e-02
2.337229594002024347e-02
2.344289463280783276e-02
2.354010106396853957e-02
2.360396462294021142e-02
2.359421735024667954e-02
2.356514070915852188e-02
2.354589929002884677e-02
2.338472529271410499e-02
2.325522382670349233e-02
2.312465709882591952e-02
2.258225973369783895e-02
2.248174944586072907e-02
2.179814635144158158e-02
2.056822575832086344e-02
2.082164708960955804e-02
1.772643028458649461e-02
1.653015798198042077e-02
1.635308063604862250e-02
5.483451432048799812e-03
5.194938517630921272e-03
1.855724324168292255e-03
-1.636277506745727412e-03
-1.222413987922771252e-03
-3.724909805275957234e-03
-4.334026108001197766e-03
-2.420095874970540611e-03
-2.658344531034173650e-03
-1.635574452917160472e-03
-1.049497127085558803e-03
-5.008749793115232617e-04
-1.422885850191436602e-04
9.412019398387301864e-04
9.575863167451711781e-04
9.462655442194488646e-04
1.215658293152606893e-03
1.045910806871258765e-03
9.999036905317928905e-04
1.051176143600056128e-03
4.940400816272557966e-04
5.338763946167747725e-04
4.563844890663765891e-04
3.337101669337880021e-04
3.509328474548522041e-04
2.999974620424609127e-04
2.802091810513994722e-04
2.773998402224663691e-04
2.598544386998944008e-04
2.571815252660205556e-04
2.530825445066019305e-04
2.485435145910580741e-04
2.477625222621381625e-04
2.458340514136035768e-04
2.448192675880673879e-04
2.443366560272394218e-04
2.438245452052078730e-04
2.434744023673702780e-04
2.433029348804228412e-04
2.435891989614595056e-04
2.427802564625957109e-04
2.437993481755810869e-04
2.441241066285340417e-04
2.418480969559321262e-04
2.480049561731393834e-04
2.428120210902587632e-04
2.429683829818052678e-04
2.621669694412277437e-04
2.274982579683532450e-04
2.696387433166948667e-04
2.831259586228063630e-04
1.775380399140413443e-04
4.690911250942490719e-04
5.578089293240576186e-04
