1.777239046801384664e-04
1.616082600614065883e-04
-1.196169855938647181e-03
-1.392503571651852604e-03
-9.987373563150150121e-04
-1.099965559398489393e-03
-4.509249176634743241e-05
-3.708925794501334095e-05
2.268280251952860336e-04
5.284058778574659936e-04
5.244886260823727235e-04
6.845186729282880245e-04
7.104661565220122404e-04
7.032847434383287860e-04
7.306728775529023343e-04
6.002075660192393537e-04
5.841168379850885219e-04
4.206695435343598072e-04
1.072448590067691501e-04
1.539851366532671631e-04
-5.507954503189112574e-04
-4.888316705060424079e-04
-7.690338427525102681e-04
-8.741192879545536722e-04
-9.227347130885871261e-04
-1.050552346994123925e-03
-8.812285644870380182e-04
-1.181498552474101633e-03
-8.841873565708100249e-04
-7.255264646371266174e-04
-1.570473219040643660e-03
-3.793346852908075504e-04
-1.008480886096670831e-03
1.776328052707970779e-03
6.861457093076641506e-03
6.932677235536071486e-03
1.660120862526693816e-02
1.871307275399299030e-02
1.971808009803032238e-02
2.517975093611250423e-02
2.535749566030973470e-02
2.597221161355509067e-02
2.735326903394265027e-02
2.730698663530651410e-02
2.903113734584697458e-02
2.912894554191339247e-02
3.055136975662101767e-02
3.255937007283703222e-02
3.162497729359064341e-02
3.671464840874882202e-02
3.633356032052341422e-02
3.106896006131825566e-02
3.097856089354391815e-02
2.609282022136528989e-02
1.611917333263979124e-02
1.201345016641555165e-02
5.469822573876263402e-03
7.732755845779707999e-04
-3.259511707860303885e-03
-1.188854761570404782e-02
-1.709374920697646211e-02
-2.038478936247143519e-02
-2.329933668382348777e-02
-2.905036432598207333e-02
-3.083036320269783373e-02
-3.573228714450412541e-02
-4.221176975222754729e-02
-4.417747176179292329e-02
-5.305148102239903157e-02
-5.517159792811610064e-02
-5.625775836728404838e-02
-5.831723801298675097e-02
-5.627959547865615114e-02
-5.687489265552651829e-02
-5.758339709600378276e-02
-5.640075582227886686e-02
-5.761235767757213327e-02
-5.975300715570314170e-02
-6.070236030907429081e-02
-6.389145191721952444e-02
-6.545778175454532166e-02
-6.673292210179308792e-02
-6.820443761849173669e-02
-6.781259396956809682e-02
-6.660313509305929025e-02
-6.500121110386114509e-02
-6.323299895300614482e-02
-5.997898261852885327e-02
-5.544779715621789978e-02
-5.063290230529661484e-02
-4.412648671100674602e-02
-4.029061591332816494e-02
-3.111761000516784226e-02
-2.689889096712391389e-02
-2.331836795057118383e-02
-1.767871694113231154e-02
-1.598772437302712485e-02
-1.312234708550472952e-02
-1.200521791832936946e-02
-1.035397313816363747e-02
-9.563729947882945726e-03
-8.056294766070757479e-03
-4.988900305190360068e-03
-3.387193648360133091e-03
-2.069684616492116925e-03
-8.873227127411229161e-04
1.052517583474053137e-03
3.022577435688501152e-03
4.684419053848989066e-03
2.635363755474446831e-03
-7.585105423409990201e-03
-1.114807478895122640e-02
-1.894967505927308907e-02
-1.943045418766378707e-02
-1.778514046963095008e-02
-1.522564510176964772e-02
-8.704930143749560478e-03
-8.229793752252261355e-03
-5.258596884901875664e-03
-5.375655731164253291e-03
-5.771135748719567402e-03
-5.218847851443270472e-03
-7.058049082959788612e-03
-7.105449850997234279e-03
-6.590652778333414008e-03
-4.640698978891228885e-03
3.972344323395372162e-03
5.443627352331290373e-03
7.629661227743139706e-03
1.043814607868373372e-02
9.221625706162328920e-03
9.991376854291644100e-03
9.481132716342544065e-03
9.100581622433058168e-03
8.546473246220338132e-03
6.728665998530097142e-03
7.067522660716101315e-03
2.990791548417417837e-03
1.062181128175621091e-03
-3.669068293407302950e-03
-1.579986981795675205e-02
-1.898102636849003516e-02
-2.744158176540414593e-02
-3.111732585505917054e-02
-3.246810622862857099e-02
-3.497918016788567619e-02
-3.764457739716705470e-02
-3.854961305979329178e-02
-4.086598481614540229e-02
-4.506050632681828094e-02
-4.718437111753762125e-02
-5.181816269741292003e-02
-5.584521146011771353e-02
-5.874734345538459163e-02
-6.598593856915954681e-02
-7.201384501211208211e-02
-7.795820563617918142e-02
-8.899735899144538276e-02
-9.141646686915980147e-02
-1.028668117978462637e-01
-1.054193492951808475e-01
-1.067434970443213726e-01
-1.132995635996789791e-01
-1.107659987529906187e-01
-1.144055622164564245e-01
-1.106305026479145887e-01
-1.051358266719130408e-01
-1.005011287871803022e-01
-9.394551517850963096e-02
-9.185298821939592850e-02
-8.869223195070324861e-02
-8.499115919316460599e-02
-8.434965175764255751e-02
-7.760863716207080931e-02
-7.397736833911777721e-02
-6.701465577390094963e-02
-5.774897652024628403e-02
-5.230391365589123764e-02
-4.247460826697181668e-02
-3.617013468731362230e-02
-3.115743630301472458e-02
-2.209909760972288834e-02
-1.982261401631322389e-02
-1.343958995819892997e-02
-1.244710231761203371e-02
-9.758824020589047105e-03
-7.338101147009358331e-03
-6.782410451082000746e-03
-1.036581074654620337e-03
9.807791595117167516e-04
1.393339954415800464e-03
6.581204606674666453e-03
5.160072224126966041e-03
7.778326920483598535e-03
8.800441790265053910e-03
5.496687046661985140e-03
7.750437505796777503e-03
4.037067627481693427e-03
2.364743858400854184e-03
6.138078221479038605e-04
-9.684140566102499015e-03
-1.384184314500242624e-02
-1.534315705336799888e-02
-2.088663452496594339e-02
-1.949094017185662442e-02
-1.928569464500159980e-02
-2.140469962900198517e-02
-1.656352223790971689e-02
-1.659862867163610506e-02
-1.485373926034002506e-02
-1.071706819069889564e-02
-1.334408265259349330e-02
-1.001784143632356190e-02
-6.400727882561582129e-03
-5.822549217868089669e-03
3.261759223608802732e-05
7.422424795780910300e-03
1.334955824473390423e-02
2.659353780047862131e-02
3.371013720582023698e-02
4.291798771135608981e-02
5.155443902231692660e-02
5.570921637362893225e-02
7.031966996407108816e-02
7.259606969578269453e-02
7.883552928240958324e-02
8.155385356214955861e-02
8.258839770557245552e-02
8.231441929182387041e-02
7.765755854864284102e-02
7.812546546194448771e-02
6.546121200123355965e-02
6.125631726273248617e-02
5.356502368949420112e-02
3.655774212253237732e-02
3.322462166301108633e-02
2.535736666427878400e-02
1.910521937311012927e-02
1.643276063751754335e-02
1.351045753115330018e-02
1.167541702275297875e-02
1.156082408835788951e-02
9.801811202560531400e-03
9.194350520751714759e-03
1.265172827524623650e-02
1.172008166966654642e-02
1.314527976928433518e-02
1.193289285034353740e-02
3.986608712661010925e-03
-3.227782900101299271e-03
-1.031457920047141978e-02
-1.834820408421049959e-02
-1.848428431875372493e-02
-1.920553996051587581e-02
-1.607660674822469771e-02
-1.090784971563433549e-02
-1.109114274743115344e-02
-8.120531878188138805e-03
-7.253802416905643854e-03
-5.746152015540428350e-03
-4.893723813794576862e-03
-5.135540312804631226e-03
-7.416630272106727786e-04
-1.909798549538702615e-03
-1.671972475615378438e-04
1.733984432370849239e-03
-3.181641481235918546e-03
6.767994001460185972e-04
-6.934885019995519137e-03
-1.674276587846754843e-02
-1.166860908825919675e-02
-2.221473865202041459e-02
-2.333793587330762129e-02
-2.335890221739183106e-02
-2.793825226752629995e-02
-2.859398034637324060e-02
-3.172432122663480097e-02
-3.510496376415140479e-02
-3.822557878857146818e-02
-4.320333078523933695e-02
-4.619417942805800065e-02
-4.837764699575109600e-02
-4.864924793284996357e-02
-4.644419721151442360e-02
-4.309448151389538850e-02
-4.166067030326850440e-02
-4.092678211987161446e-02
-3.945563703468561029e-02
-3.918271155036047448e-02
-3.865197759378900116e-02
-3.830407490875081811e-02
-3.824153321179328546e-02
-3.708580245046101675e-02
-3.635476393674347967e-02
-3.604516967546153583e-02
-3.486713546287505822e-02
-3.372416270853639125e-02
-3.384520343574197454e-02
-3.105435771141920598e-02
-3.057796991203374018e-02
-2.936319945395512998e-02
-2.319765709957582328e-02
-2.207487472492653327e-02
-1.510808703147788028e-02
-1.074971781526596996e-02
-7.744032168801352756e-03
1.749075268909627747e-03
6.047087250174989700e-03
1.275658835922742484e-02
2.016464485316119340e-02
2.334454708570272985e-02
2.665777546042556387e-02
2.887426503684509954e-02
2.988596922917817131e-02
3.228686694336986573e-02
3.226651110219987129e-02
3.448067542509653666e-02
3.579204717535610508e-02
3.424151231755816205e-02
4.004013429997248935e-02
3.592286670875273480e-02
3.242003900381995596e-02
3.284491460709253879e-02
1.961400602530756834e-02
1.861189477466575204e-02
1.538692758486725001e-02
1.115490075300478584e-02
8.305973809157596310e-03
2.329699800781218858e-03
4.113774928339615847e-03
-6.573874853282421667e-03
-4.917861469708183740e-03
3.232978138342189767e-03
3.858372185688123943e-04
1.094117193877077072e-02
1.067183107513436369e-02
1.181619154550414899e-02
1.546082463044872596e-02
8.531725024194520071e-03
7.160140352971811235e-03
-1.962728269511028033e-03
-7.797002785512686072e-03
-1.383004422421164545e-02
-1.939806514734815357e-02
-2.784300783666333531e-02
-3.147046484574016201e-02
-3.698619674695647480e-02
-4.514754417607796944e-02
-4.715835174881816139e-02
-5.499156661296322746e-02
-5.609625527851291177e-02
-5.860415537943939462e-02
-6.232778132275113014e-02
-6.236991835636990222e-02
-6.508571120182131409e-02
-6.603262311615788749e-02
-6.641509230073891490e-02
-6.764521142098769979e-02
-6.697109654138082291e-02
-6.630168155010235376e-02
-6.479907250587110812e-02
-6.291235658103375150e-02
-6.084593706939497859e-02
-5.924563267995614640e-02
-5.557654637701019834e-02
-5.362205584710381251e-02
-5.026037852458075522e-02
-4.424156088935754516e-02
-4.118599145949061041e-02
-3.639640071481774208e-02
-3.354976856718331485e-02
-3.059567643687348057e-02
-2.740381354978885936e-02
-2.493611321791035923e-02
-1.967709466461466453e-02
-1.722674947942775397e-02
-1.249762224598552525e-02
-1.032935259909549368e-02
-5.778120532358430213e-03
-4.624775817837752621e-03
-4.523086671391550809e-03
-2.851434742757198975e-03
-2.821392586420246821e-03
-2.412905652041202192e-03
-1.960124890348913674e-03
-2.210097316672678808e-03
-1.952011819044449040e-03
-2.167476905480708853e-03
-2.849733793680043255e-03
-2.376106046944158855e-03
-4.017729944830053870e-03
-3.617995502896196192e-03
-2.517881283803520640e-03
-2.454923726536467187e-03
-3.042412808914249801e-03
-2.827972181638706891e-03
-5.704223157843423681e-04
-4.519300700692390036e-04
3.289037667277469254e-03
3.953980348393661311e-03
5.164598320370994769e-03
6.730357663972318279e-03
6.995677235642551971e-03
7.876819315623942094e-03
8.377657762111459169e-03
8.479829768708917193e-03
8.828284833426744763e-03
8.863262636516490781e-03
8.570813233214862395e-03
8.637397734266740942e-03
8.054103090676587723e-03
7.035314587156100627e-03
6.856019043763940911e-03
4.477073007986081231e-03
4.464662796833281967e-03
3.958527285189970477e-03
3.264917011989089835e-03
3.388528730129744451e-03
3.133766065250639596e-03
3.000231208738842088e-03
3.439080621810737190e-03
3.267566591420202268e-03
3.495063700665046458e-03
3.386505285942126905e-03
3.230499996165687223e-03
3.391091145467068236e-03
3.291144895333566588e-03
3.471345110671284449e-03
3.658266583044589466e-03
3.621013956144708730e-03
4.372823476863334918e-03
4.369614171862799996e-03
4.549276439118568431e-03
4.766160943636762667e-03
4.773589379702954799e-03
4.892328244600703015e-03
4.944924754900228980e-03
4.970032211399786660e-03
5.019069535131168679e-03
5.034270128583375262e-03
5.052307650016070288e-03
5.068051095499100447e-03
5.075161006713215829e-03
5.080101675285291288e-03
5.085092415654549232e-03
5.086603208996651887e-03
5.077372553956039161e-03
5.086287659181809931e-03
5.067832782809688144e-03
5.049993819149101865e-03
5.075020817408888371e-03
4.984469379834371473e-03
5.015545987674016083e-03
5.011166665532882335e-03
4.760961286340882614e-03
5.052999059829804164e-03
4.651731456808797481e-03
4.326055903041369638e-03
4.574379489530487272e-03
