2.443268017332266874e-03
2.866726696136999170e-03
6.978050005547667758e-03
6.636713165016772630e-03
9.601379907524649343e-03
1.085197981307659161e-02
1.167454503438910239e-02
1.296255975140958583e-02
1.339930238177025092e-02
1.395182924505825733e-02
1.437874385067985580e-02
1.458071133676082549e-02
1.474066478275927287e-02
1.482914921430675791e-02
1.483206562393926328e-02
1.459224884973707968e-02
1.461790358001851045e-02
1.413981879081853757e-02
1.355773987789859157e-02
1.367638495483534944e-02
1.179729173316369784e-02
1.191745501384035115e-02
1.158729756654212038e-02
1.116730931696289196e-02
1.143253064995659526e-02
1.156723857568625440e-02
1.161999430334154614e-02
1.254012767924125860e-02
1.308774848387237420e-02
1.363582374141197526e-02
1.640317860114316045e-02
1.598565055021601219e-02
1.868968721561299617e-02
1.938805795807219470e-02
1.926882336646308647e-02
2.071801190469801240e-02
2.117115298917150723e-02
2.270917193649735558e-02
2.358802032854197608e-02
2.441083636988121419e-02
2.486942990417422353e-02
2.413707388540415819e-02
2.381815282534527692e-02
2.386212508365170154e-02
2.255650894015324981e-02
2.245726843390526486e-02
2.079051288026351196e-02
1.948015892793849430e-02
1.887325338834975816e-02
1.465758856870188510e-02
1.281378993598075201e-02
9.930989391959302998e-03
5.150707432705996930e-03
3.843446048920716365e-03
5.289144804594672535e-04
-3.843196859317197806e-03
-6.512167156848725109e-04
-8.196932396054176090e-03
-9.924443675185998931e-03
-6.901387270367260844e-03
-1.220828209618835848e-02
-1.398757273926992672e-02
-1.357202281468901199e-02
-1.521366234212751661e-02
-1.304288798038469484e-02
-1.414172379788486769e-02
-1.587112630680742598e-02
-1.585576806986157758e-02
-1.721855774622137528e-02
-1.753208286575662009e-02
-1.751729985853898997e-02
-1.776773120470558770e-02
-1.759665963820951015e-02
-1.764768364275569323e-02
-1.781659378938253713e-02
-1.776327839530178129e-02
-1.796617985090021019e-02
-1.822538657074865981e-02
-1.819724359033598332e-02
-1.947606103410169306e-02
-1.956855313706655150e-02
-2.045284914894975395e-02
-2.209344762757528904e-02
-2.379598130398042147e-02
-2.467148381543137620e-02
-2.685612610353223587e-02
-2.861255475486044336e-02
-2.849206002906128424e-02
-3.259072524377074065e-02
-3.066928718581615060e-02
-2.908786199178177781e-02
-2.944873356583717350e-02
-2.177620986644023676e-02
-2.089850415404134742e-02
-1.409462946580387725e-02
-8.961183412927693076e-03
-7.101349324906166931e-03
3.208204148059510489e-03
2.768672440398921991e-03
3.684703965905142438e-03
5.874571232438280735e-03
-4.247370808849946209e-04
2.162315340119908130e-05
1.947668616503286845e-03
-1.150037232794503313e-03
1.028248569651723631e-03
-5.890911574118250314e-04
-5.984547388668056290e-04
1.673300116237333738e-03
-1.875330047925025632e-03
-7.768503720127496216e-03
-8.297846558041051951e-03
-9.222456877835039438e-03
-9.017901949189041644e-03
-7.131485825978451341e-03
-5.575766846378434581e-03
-3.423058295655717880e-03
2.057415390179485556e-04
2.550170086592353121e-03
9.759511711198832692e-03
1.249462716928309743e-02
1.682471850140656797e-02
1.690910989261453640e-02
1.345673790650741934e-02
1.285639396647888892e-02
9.441312477666500419e-03
4.712205494884135100e-03
2.650304316951425203e-03
-2.526973684861881248e-03
-4.601626961629292842e-03
-8.505168910041948499e-03
-1.005216406391076615e-02
-9.822198449932786207e-03
-1.126383264657768515e-02
-1.166624384520863721e-02
-1.182706917046245400e-02
-1.148517741842055781e-02
-1.289364047625568034e-02
-1.080377574502144368e-02
-1.116973143582892548e-02
-1.650410781044867048e-02
-1.718524258677126687e-02
-1.726812175928367846e-02
-2.114410552713001656e-02
-2.156815236027120539e-02
-2.540733019041808982e-02
-3.247294189315939883e-02
-3.771479804180724593e-02
-4.497715410694028138e-02
-5.399917824364405816e-02
-6.108555947681687526e-02
-7.107922076926398436e-02
-7.879028933161885684e-02
-9.097657288408050880e-02
-1.005453469286633761e-01
-1.073740417732626934e-01
-1.162684165020182459e-01
-1.239023191846157640e-01
-1.272932480830728519e-01
-1.344826254730858983e-01
-1.346382325150736470e-01
-1.354523670933836521e-01
-1.367794535426667402e-01
-1.320263064699869204e-01
-1.288883008022931875e-01
-1.221888008100427692e-01
-1.093615142912778004e-01
-1.029675958551167780e-01
-9.452505803215693891e-02
-9.329036064145525275e-02
-8.696032456916884257e-02
-8.405930177009512949e-02
-7.850008310669927269e-02
-7.159414206794351143e-02
-6.561128273054167570e-02
-5.664514649718604966e-02
-4.842531588975017287e-02
-4.177893690792426618e-02
-3.266117391848196577e-02
-2.552269464754821499e-02
-1.839355363767259874e-02
-6.535325032877439301e-03
-3.294922442654976951e-03
5.591092430790537554e-03
8.000359922457052006e-03
6.967776256392307736e-03
1.064939004326062935e-02
9.756049433607369772e-03
7.095387809508346515e-03
5.977115869381783436e-03
3.870141893782999120e-03
2.986814426644835742e-03
1.656386295285963576e-03
8.357581776182639315e-05
-1.102187057154661344e-03
-5.071505476275238455e-03
-5.238624902199508562e-03
-6.603305274391198416e-03
-5.725311375145928500e-03
-5.187521590462896952e-03
-1.059123343049968302e-02
-1.051480284326059347e-02
-9.677296902576220522e-03
-1.236518748008860052e-02
-1.214962242620567720e-02
-1.289313251068637499e-02
-1.459383130762402676e-02
-1.566737484571692485e-02
-1.846742670133389927e-02
-2.181076034128035662e-02
-2.104994235026472205e-02
-2.359034934939615094e-02
-2.546484926188230177e-02
-2.437981065219315541e-02
-2.220923754686188537e-02
-2.468378821386379290e-02
-1.732426399945516393e-02
-1.549656364803156383e-02
-1.377983825349654752e-02
-5.518313789993628191e-03
-5.708316869826085896e-03
-1.174379042096954529e-03
1.829954695418872400e-03
1.892033997695402852e-03
5.193535100735397446e-03
5.593048140697886271e-03
6.651815179172239703e-03
8.226675882840558604e-03
7.894049512911749736e-03
9.175897117404597028e-03
9.078681761580288320e-03
8.009774051168556258e-03
6.485431519965971156e-03
4.808705332155418545e-03
3.043356566001902998e-03
2.479953607656234810e-03
4.222935460742815138e-03
3.373430598837409960e-03
4.383996837894620253e-03
4.543343416746723103e-03
2.982683150007530998e-03
4.083167834147351412e-03
2.975583127447678240e-03
2.686836494438281722e-03
4.534395930753817860e-03
2.992421388658694521e-03
5.232279006314682554e-03
5.284283563098478298e-03
-1.769436994156819900e-03
-5.060770183525158637e-03
-8.152770555635511715e-03
-9.267600487337905243e-03
-8.141678646728749830e-03
-8.443900901078072244e-03
-6.237742226914869820e-03
-4.425297010437114625e-03
-3.032765488530165306e-03
-2.038695317715305598e-04
4.883575712376323971e-03
4.340354300326572899e-03
1.168773842051359230e-02
1.155067861640012364e-02
6.299544665348957156e-03
6.835333375518133810e-03
2.514263666091021837e-03
9.444841124597117823e-04
-1.498526605939882930e-03
-4.316679140039072701e-03
-4.460788485065360527e-03
-8.713418632972032979e-03
-8.582706806347914497e-03
-1.217859425132481258e-02
-1.551293056883059143e-02
-1.566027818278594233e-02
-1.582269406045767532e-02
-1.623301787117183495e-02
-1.519816299782842349e-02
-1.591254183480198328e-02
-1.732598633839007793e-02
-1.935127936443721552e-02
-1.829572312972465101e-02
-2.041621715721734370e-02
-1.884371360011033447e-02
-1.898545288413410956e-02
-2.137416639830731768e-02
-1.952888901480038727e-02
-2.083335942541824498e-02
-1.958660968047149648e-02
-1.755375317727967538e-02
-1.788514585850432131e-02
-1.304652759895540658e-02
-1.254202583643291256e-02
-1.165961116556102871e-02
-9.738981869333399391e-03
-9.936480650153843228e-03
-8.933475789974956727e-03
-8.845376381911136676e-03
-8.749529317752295643e-03
-8.740094948484319198e-03
-9.416001692077853591e-03
-9.199437959595165026e-03
-1.093354806624869877e-02
-1.136746229284421594e-02
-9.895682728259360197e-03
-1.052677396534037330e-02
-9.239380346764324015e-03
-5.839393059565906041e-03
-3.999248659013324332e-03
2.395089467336325006e-03
6.630550744566436096e-03
1.094092291769826336e-02
1.402967568242709413e-02
1.806271102919567231e-02
1.981679282237654161e-02
2.076000006710208845e-02
2.317839569848200929e-02
2.213579100081696643e-02
2.344006707809028617e-02
2.337407421219278927e-02
1.978086330413621197e-02
2.074700158338426206e-02
1.662208048933967383e-02
1.712902707105459776e-02
1.611998246652018851e-02
1.435841667417870650e-02
2.072188849201724026e-02
1.842005889235457175e-02
2.131915767844603030e-02
2.515975325386225411e-02
2.166202945868940175e-02
2.884348191599641134e-02
3.157554790552390134e-02
1.814054328197114985e-02
2.094046851075326635e-02
2.373159182324992289e-02
2.102978695227111783e-02
2.808066930447664089e-02
2.581516372969699241e-02
2.874531677091186205e-02
2.915816317856796333e-02
2.347208336620523750e-02
2.520598998243146066e-02
1.800533287820465719e-02
1.568715493028485786e-02
1.229061821633725508e-02
-2.474561362066902785e-05
-7.958123179651010971e-04
-8.900621110441443370e-03
-1.229953021174668912e-02
-1.267511743746252938e-02
-1.570763335000151598e-02
-1.663993725018342307e-02
-1.783717306942502606e-02
-2.013875352594538329e-02
-2.053865959713574788e-02
-2.254498343030315877e-02
-2.385885688744873723e-02
-2.444331466038247164e-02
-2.653020415833705001e-02
-2.618263080081623118e-02
-2.675386597642743017e-02
-2.695156692623754124e-02
-2.591818287439438470e-02
-2.663392028553206864e-02
-2.471006381797019244e-02
-2.434978395976073948e-02
-2.349728620417554023e-02
-1.968518733914488561e-02
-1.936944697787065447e-02
-1.634749577282920002e-02
-1.620190141896711220e-02
-1.452326117429332888e-02
-1.127255502405030002e-02
-9.556410769814728881e-03
4.537145283883323014e-04
2.139357582007628874e-03
8.672925348491076006e-03
1.264015461035962289e-02
1.555293971737671359e-02
1.786051687883664224e-02
1.714204263634938954e-02
1.866046178862137972e-02
1.874713921200765743e-02
1.889950265661024045e-02
1.905273383786967173e-02
1.871776388805212327e-02
1.893059986016151428e-02
1.753340514708102288e-02
1.775461091637100391e-02
1.685718365054685378e-02
1.296252906128725346e-02
1.217573200916928673e-02
6.575255438083025053e-03
4.496765411979982037e-03
3.474613585724431724e-03
5.894570466918753462e-04
1.373532711422938146e-03
1.160449367665714743e-03
2.603202839538786353e-03
3.050634882619542975e-03
3.578829024366440674e-03
4.424198399623648255e-03
4.833626137922856017e-03
5.444736968072073392e-03
6.011198596713445731e-03
6.585791879545257500e-03
7.045123220639167884e-03
7.747295611724666978e-03
8.358325503728442421e-03
8.728989093901759130e-03
1.001307081674788872e-02
1.051760445980816534e-02
1.130034678880984141e-02
1.274060009157922981e-02
1.300906447236309209e-02
1.295922801506571229e-02
1.336496574558079450e-02
1.322334711910451606e-02
1.350282563576367563e-02
1.305879926808409773e-02
1.330643216113304959e-02
1.322034921430702108e-02
1.157442985361673525e-02
1.134365514225489993e-02
1.094750748431583438e-02
1.044261470014223869e-02
1.028494998122888096e-02
1.024587667573371476e-02
9.991809334295236392e-03
9.960238701705511136e-03
1.059204196894636928e-02
1.062547890403937011e-02
1.086623540196949081e-02
1.106152660954475009e-02
1.110746893993635152e-02
1.123966854645114255e-02
1.129695043125275057e-02
1.134033433225380486e-02
1.139397191657161475e-02
1.141722967520494326e-02
1.144145391801999236e-02
1.146074319200173983e-02
1.147415328338022983e-02
1.147697663940837678e-02
1.149016531124610364e-02
1.149122993017023461e-02
1.147413865331149002e-02
1.150770646946287432e-02
1.145876498458773055e-02
1.145468748285152945e-02
1.151912579107929047e-02
1.131715501364437097e-02
1.149996192471807767e-02
1.142185071718744560e-02
1.100492975660519873e-02
1.182213225713123726e-02
1.069328748275434789e-02
1.075437742914138461e-02
1.140545113115692608e-02
