-1.051495349216012174e-03
-1.183740463375754833e-03
-3.351952607281568838e-03
-3.395314086922304395e-03
-4.156070256261921829e-03
-4.539699948145776640e-03
-4.178915044734402874e-03
-4.485831601428087040e-03
-4.449904596748582158e-03
-4.426603564943364100e-03
-4.505802726140052325e-03
-4.476855568045975779e-03
-4.493358539789164136e-03
-4.505413201541283441e-03
-4.499104495424031090e-03
-4.507366975666668614e-03
-4.507685365951104479e-03
-4.507720380816350458e-03
-4.509937112629581329e-03
-4.509390696617428945e-03
-4.509966903855895312e-03
-4.509879313019810217e-03
-4.509322750290618333e-03
-4.509616858688518005e-03
-4.507294069506201373e-03
-4.507369831719097025e-03
-4.505958361613136148e-03
-4.498391462078508291e-03
-4.503833734826238541e-03
-4.488936850852893144e-03
-4.476810435722410747e-03
-4.497096358447976935e-03
-4.417386621479866410e-03
-4.451280269515349441e-03
-4.442848355133879011e-03
-4.145151188853469885e-03
-4.192833109169889251e-03
-4.050877016403759898e-03
-4.214162774604512940e-03
-4.179555658215362152e-03
-4.211840454291256204e-03
-5.045589327021497185e-03
-4.735864602172755455e-03
-6.691124251970782463e-03
-7.224224121551006683e-03
-6.893637707914428668e-03
-1.311558876277761458e-02
-1.192334359587823855e-02
-1.288657762120206177e-02
-1.464760362385608000e-02
-9.458666466855647145e-03
-1.049575045029997600e-02
-8.520145539570842669e-03
-5.971386581753921480e-03
-5.616175441279222524e-03
-3.246357838940567685e-03
-2.404267515120682517e-03
-1.006038518541359488e-03
1.125780156354701592e-03
1.910040389982181315e-03
5.639166048718773083e-03
6.534258817043916284e-03
6.966176581954143000e-03
9.526902423029405195e-03
8.550693089397608943e-03
1.269332990844446347e-02
1.234408381125571413e-02
1.445088465320757895e-02
1.618624455733097545e-02
1.599064252883096102e-02
1.765226314626651069e-02
1.760645524976861553e-02
1.777350677118261918e-02
1.819809531741645170e-02
1.765205036847245640e-02
1.762678270661763302e-02
1.706357640409997267e-02
1.653261383432560322e-02
1.597825026810183180e-02
1.561645658633271753e-02
1.274624769879189115e-02
1.234828049639516249e-02
9.956265122065200562e-03
7.476831647972061179e-03
6.607874291866575739e-03
1.848949955519148952e-03
-1.961845212403090706e-04
-4.215756658215608511e-04
-3.123940224287177769e-03
-2.599646662116009317e-03
5.613964096402315968e-04
5.471555727037759114e-04
-5.423142716691332736e-04
-1.346609918680193030e-03
-1.937901889636763249e-03
-6.116209005201960446e-03
-6.631155777798835443e-03
-4.857480378322035115e-03
-6.695322030200886142e-03
-5.736169988805142096e-03
-1.067395768247134157e-03
-8.395623976529169655e-04
1.880382293970845166e-03
2.039960589287607810e-03
-1.479760116419231997e-03
-9.958547327170977261e-04
-1.617554891673932821e-03
-9.451591217290724819e-05
-4.291371040306473722e-05
2.843787335753942842e-03
4.883812254146944337e-03
6.107895001240710130e-03
7.439236586771738949e-03
3.372410503578939997e-03
2.166911076547136349e-03
7.067946725003126408e-03
5.413632197847231473e-03
1.069562683965961242e-02
9.036424296268398201e-03
5.038343102398595494e-03
4.310436318957113280e-03
-1.328650088922510861e-03
-2.762858821398958380e-03
-3.163040953870299796e-03
-6.520770026698319288e-03
-7.434152584539448390e-03
-8.489024692474591086e-03
-9.076943183774992263e-03
-8.777439593623898029e-03
-7.517647850171412134e-03
-7.838509536413237194e-03
-6.047621727135979453e-03
-5.703359907027716683e-03
-4.943249839314605917e-03
2.145570694022813033e-03
6.567579683617892801e-03
7.262941978530997739e-03
1.373911182556119236e-02
9.044735485317147508e-03
6.707833956145999033e-03
5.888756163791450220e-03
-1.047047864253630202e-02
-1.413898842871373629e-02
-1.981877478879609175e-02
-2.692411286102898427e-02
-3.108107903986534817e-02
-3.312008172009812956e-02
-4.159464578826091441e-02
-4.167585840056135110e-02
-4.313801656671527318e-02
-4.288711263987209782e-02
-4.144594892481472809e-02
-4.189229308473600005e-02
-4.073546930623832274e-02
-4.033417151058883016e-02
-4.023086067460908410e-02
-3.937152059617161221e-02
-3.935333911269330021e-02
-3.891289186211831230e-02
-3.845497062325894250e-02
-3.839389341056395621e-02
-3.783669111763285353e-02
-3.762477331747809961e-02
-3.737400496998610766e-02
-3.681108859178962300e-02
-3.681415511519921246e-02
-3.510904471555369166e-02
-3.460906908934798659e-02
-3.358989687827097087e-02
-3.126581328608613042e-02
-3.087923025448936071e-02
-2.779632650526284859e-02
-2.515719023881310065e-02
-2.383242903107566507e-02
-1.742445021254659249e-02
-1.645646130638461768e-02
-1.384576082216977880e-02
-1.033161600768459087e-02
-1.045313218514763894e-02
-5.949981145290252071e-03
-5.487637513283106193e-03
-6.001769629655165361e-03
-4.399601729067372825e-03
-6.532674347968852116e-03
-6.234737917244680128e-03
-4.456993708067708872e-03
-4.331119594402951800e-03
-4.183336323153251726e-03
-2.290611404489710512e-03
-3.077951757455817030e-03
-2.398591581848488925e-03
-3.229731953229305393e-03
-5.072625079197807044e-03
-5.080565857451753257e-03
-7.056129165982768722e-03
-7.565382680921364268e-03
-8.225402637054259752e-03
-9.107502422010887999e-03
-9.594863654254773971e-03
-1.034807628216074388e-02
-1.083474056281320992e-02
-1.094670611934651754e-02
-1.200653977257846311e-02
-1.200429168907259439e-02
-9.788807718002843009e-03
-9.685887529894732922e-03
-9.434303964577223436e-03
-8.751850159197112344e-03
-8.316701902525378345e-03
-7.306382363994366920e-03
-7.132161400024835882e-03
-4.739101757986158986e-03
-4.669386929322382265e-03
-4.500392618551233431e-03
-3.817912359551085648e-03
-3.891167761386491245e-03
-3.749084568087079732e-03
-3.392570108835236964e-03
-3.610158473981343354e-03
-3.460074682702330914e-03
-2.871495830388927275e-03
-3.989461870674400334e-03
-2.468751076112497313e-03
-2.374052905892605481e-03
-8.304916351236188432e-03
-9.649781736452422987e-03
-1.063904339135829033e-02
-1.516277061681563579e-02
-1.507524771862388778e-02
-1.801530561294423932e-02
-2.276676633271090475e-02
-2.180199703094429231e-02
-1.975362762349126139e-02
-1.799405253584310943e-02
-1.801953458065033015e-02
-1.623103665371715409e-02
-1.733637163409888771e-02
-1.677313372322744231e-02
-1.668181222054237675e-02
-1.821621422375170607e-02
-1.723022068656936481e-02
-1.730882915597003330e-02
-1.564706654585564308e-02
-1.330701223031985000e-02
-1.056470381527826845e-02
-6.037940839584600081e-03
-4.423602355269830484e-03
-2.657357537582246895e-03
-1.533951445755294199e-03
-6.787137262659775113e-05
1.240168913921671241e-04
-7.244782135509424169e-05
2.479997222328984819e-04
-5.940531531502957078e-04
-1.829280180620691549e-04
1.281447319088146975e-03
1.755674055644500763e-03
3.560318736964592466e-03
4.521784242538040913e-03
6.686793290610070634e-03
7.569207837700948210e-03
7.899074997247644558e-03
8.808050494105910261e-03
9.099529219021181697e-03
9.531136136434538095e-03
9.916071416559629065e-03
1.097516749947264475e-02
1.179027110725734163e-02
1.220675817701228141e-02
1.351081295438513567e-02
1.358177560373534203e-02
1.408987268090067593e-02
1.538454046377470998e-02
1.422803509783397181e-02
1.577026538084810858e-02
1.512782162156653919e-02
1.207996557767623824e-02
1.107897669226715412e-02
5.851704613089528037e-03
2.597293948120885272e-03
5.091507794011190455e-04
-4.490380282975694505e-03
-4.918071661128911587e-03
-4.197382065339686288e-03
-5.752493789430478469e-03
-3.693598885111259219e-03
-4.166370834217421673e-03
-6.630780199160461741e-03
-6.508390490116769400e-03
-8.553179993556042290e-03
-9.282446299918381549e-03
-8.626094297010371975e-03
-7.651731694961166896e-03
-7.703872499851563416e-03
-7.278054604708143749e-03
-4.252825023568195147e-03
-4.053413600849486986e-03
-4.098712779492414207e-03
-4.156843729243873097e-03
-6.889119134200221220e-03
-6.862896124715029376e-03
-7.948740660869273514e-03
-8.936793717315885677e-03
-9.425320357857371392e-03
-7.628375594932055616e-03
-3.433960681101972355e-03
-1.863519680824624004e-03
3.234013620710009100e-04
1.667263776488285554e-03
3.064493508621177024e-03
3.968701405967499027e-03
4.819213430960675275e-03
4.902488346679010137e-03
4.058795066085189862e-03
3.409197101047104807e-03
3.309471615027985165e-03
1.627865525479408075e-03
-1.231085857020576069e-03
-6.003223739564906083e-03
-6.074689699597096704e-03
-7.524353867405516455e-03
-6.933485591478620938e-03
-6.180083345052062721e-03
-6.927249042979565993e-03
-5.383828488652941252e-03
-5.904534869992300768e-03
-6.726916834756019835e-03
-7.217230539696308303e-03
-1.018006787149161596e-02
-1.114543332954699185e-02
-1.106673131020900758e-02
-1.296955360348661483e-02
-1.368588339510344587e-02
-1.394589800735674019e-02
-1.919941699227357274e-02
-1.962997486106322215e-02
-1.864589939929457013e-02
-1.943874222629218829e-02
-1.742612715553843936e-02
-1.678194360359856058e-02
-1.623643189218102606e-02
-1.439520294676685346e-02
-1.338129972887922015e-02
-1.179722709190286767e-02
-1.072617749047817537e-02
-9.957068588266717798e-03
-9.089037328354601653e-03
-6.612972622455318139e-03
-1.201011213234784306e-03
-4.126947380738127391e-03
-3.689998914201171251e-03
-5.566941771631189230e-03
-5.223647828139178426e-03
-8.294577240229160375e-03
-8.666268318588951636e-03
-1.225677443639846577e-02
-1.399953957003873331e-02
-1.868246781696314418e-02
-2.280355630580734039e-02
-2.051593858863890590e-02
-2.538632592573730751e-02
-2.565670183816482625e-02
-2.545569534847762910e-02
-2.737893629705883541e-02
-2.568416579324770549e-02
-2.569437886198177451e-02
-2.367552470795533659e-02
-2.172177465938831403e-02
-1.656336593773328342e-02
-1.410383505340831456e-02
-1.394052793747465289e-02
-1.017387493860046413e-02
-1.060718984479271793e-02
-9.077455696826561629e-03
-7.864943675984704952e-03
-6.744933846817879539e-03
-4.883963857380902232e-03
-3.855687370708769674e-03
-3.022365097758939346e-03
-1.662204948951684835e-03
-8.997197583133261910e-04
1.413425824945965868e-04
3.363062182049172608e-03
2.788795839660598158e-03
3.520157932748320308e-03
3.717085692842039997e-03
9.594613301284215558e-04
1.548829712255651262e-04
-1.088028657210335631e-03
-1.938214296774097545e-04
-1.716910970920944418e-05
4.203613160501212505e-04
1.814981761098927605e-03
1.250755515605925672e-03
1.886575644929251424e-03
5.756738514304041154e-03
4.623454764264111130e-03
7.757436303821821366e-03
6.717717551118386823e-03
2.236064033038380472e-03
6.145352838388953506e-03
6.430046074679584590e-03
8.855669454781523245e-03
8.985830135375395128e-03
4.407651949080812481e-03
2.078541544748957904e-03
-5.089434548645875469e-05
-9.859546164493154623e-04
-2.916961652600416881e-03
-5.660199384714873980e-03
-7.038672026943909935e-03
-8.480984170261929994e-03
-9.975963081666209403e-03
-7.301166299356164416e-03
-2.448278028983573266e-03
1.638938722446896951e-03
3.160232216047015579e-03
3.522543058575101742e-03
3.585142840887932999e-03
7.464133594005247733e-04
-6.315326446616894521e-04
-3.137630448383601708e-03
1.225153672216540066e-04
3.318734954770229725e-03
9.289501131367254236e-03
1.114296443505513601e-02
1.295961576505402085e-02
1.349870815880010316e-02
1.119963607024132210e-02
1.125002472580893115e-02
9.725404758951490189e-03
8.519816859304921858e-03
7.009818360971021428e-03
5.555351724338828540e-03
3.328317057786686368e-03
2.778356508138580855e-04
-1.276163367228083743e-03
-6.608713964233218011e-03
-7.875703988660116839e-03
-9.881678713758113020e-03
-1.265364803596809133e-02
-1.301698325485596205e-02
-1.534957386984283322e-02
-1.624895154967936559e-02
-1.690960219411176413e-02
-1.799265236094884854e-02
-1.672391177016199770e-02
-1.662496870500857274e-02
-1.584679356485302337e-02
-1.436117465104757088e-02
-1.297291671345161823e-02
-1.118385064840302957e-02
-8.169579276149360053e-03
-5.099513807730689588e-03
-4.270394603613564787e-03
-3.028108529183390091e-03
-3.544214068522757305e-03
-4.561408045903316173e-03
-4.663184739187106395e-03
-6.499916048839085234e-03
-7.123289027078871793e-03
-8.605622737285708451e-03
-1.095291370623544848e-02
-1.158811030042989146e-02
-1.499344433323013433e-02
-1.587533109914265883e-02
-1.544976703687427066e-02
-1.695740542279106783e-02
-1.639459561557449901e-02
-1.653491454376590855e-02
-1.697296614667772457e-02
-1.633657945520579358e-02
-1.642936734746124755e-02
-1.629525820871104841e-02
-1.531606075498792748e-02
-1.501769363238842671e-02
-1.362270601463582038e-02
-1.295300457059561476e-02
-1.161523123516893657e-02
-8.602136897098617424e-03
-8.387681211895840414e-03
-4.575971838528648285e-03
-4.152832820064628581e-03
-1.909736547649563271e-03
-1.133448989187769247e-03
-1.840457888568473995e-03
-1.154441264317684684e-03
2.469239888853224448e-04
-6.278062451890511499e-05
5.392302015672921804e-04
8.168242434264361921e-04
-1.496215402384063134e-05
-7.755467622980665799e-04
-2.324195803838121320e-03
-4.051596908456018935e-03
-4.613501739414068055e-03
-1.036564642557292852e-02
-1.056856858369458613e-02
-1.081040565977387825e-02
-1.222493432228937554e-02
-1.169225683971254585e-02
-1.236751762050992444e-02
-1.163133089552835162e-02
-1.148309609824288945e-02
-1.162049159687358890e-02
-7.730892563611936261e-03
-7.569569257356313294e-03
-6.602002613575115239e-03
-5.618514462784221335e-03
-5.374669751668067520e-03
-4.793614769392762036e-03
-4.404846071034744515e-03
-3.665920657608503705e-03
-3.451106790320370571e-03
-2.464250878776383987e-03
-2.496589419420385588e-03
-2.722053968780014863e-03
-2.486931937051668415e-03
-2.596101927705149210e-03
-2.574040186454289603e-03
-2.581054344877591923e-03
-2.556242265560032968e-03
-2.587202146350907773e-03
-2.717049122061194512e-03
-2.768384518215287558e-03
-2.681926563236244811e-03
-2.731448576890754820e-03
-2.715599483050907398e-03
-2.705877309915468484e-03
-2.717587689353003107e-03
-2.708976048018136868e-03
-2.710529653331682741e-03
-2.711516701975349997e-03
-2.709353781108000611e-03
-2.710402299436454141e-03
-2.710005336090125921e-03
-2.709761919642093581e-03
-2.710006944976332474e-03
-2.709849999968053959e-03
-2.709967113269141654e-03
-2.709941967576295126e-03
-2.710210933291708896e-03
-2.710303200856805858e-03
-2.710307592870549436e-03
-2.711542923261138494e-03
-2.710817520839831681e-03
-2.712322346799435173e-03
-2.715188952700748476e-03
-2.711202712226434743e-03
-2.721996418433663984e-03
-2.721067687908626086e-03
-2.714527357302259827e-03
-2.759084321669597831e-03
-2.714931367327034530e-03
-2.757372694141075470e-03
-2.857410418934797341e-03
-2.645085954290507437e-03
-3.068671636336578728e-03
-3.169005710173453810e-03
