2.086832336593897122e-03
2.421038447218052010e-03
7.371172403867642074e-03
7.046340878632500852e-03
8.794254528373755819e-03
1.005025325159237745e-02
1.049129404789841090e-02
1.133947973954352144e-02
1.170744878237940309e-02
1.200602356036892596e-02
1.232118174365219761e-02
1.245995625421223406e-02
1.261332705231375459e-02
1.272245872335024675e-02
1.278644552689976038e-02
1.285170734440571789e-02
1.288972976537701431e-02
1.291809449547553015e-02
1.294113421230726202e-02
1.295131500616470907e-02
1.295971531407823923e-02
1.296060407307895491e-02
1.295291797409497785e-02
1.294820317676456146e-02
1.292348663071616124e-02
1.289827882928227913e-02
1.287440743268669641e-02
1.279205061124342319e-02
1.275945542721100903e-02
1.265843487559348800e-02
1.246260939911041261e-02
1.246066524704524808e-02
1.203370323078060966e-02
1.177363076926026333e-02
1.173500349447302755e-02
1.029750324051282272e-02
1.070405723259935764e-02
1.026528208669826546e-02
1.062072135567367070e-02
1.118912376679582175e-02
1.053263319337638740e-02
1.383158232849595985e-02
1.408034647444164275e-02
1.250308139383863454e-02
1.312945707450693250e-02
1.225555808662222475e-02
4.480141505362207795e-03
3.069749400947860505e-03
-2.185581441790740952e-03
-7.336524916456726129e-03
-9.824953324608715760e-03
-1.665369873923044919e-02
-1.889986324773565776e-02
-2.593763987088077566e-02
-2.961980871415450037e-02
-3.541206083006540051e-02
-4.431983715238991400e-02
-4.867142143835763435e-02
-5.961247640371809126e-02
-6.194344514457373468e-02
-7.231503944428195607e-02
-7.987793706040847985e-02
-8.115712293917232145e-02
-9.089328117144068742e-02
-9.346770426929856823e-02
-9.378572172440691190e-02
-9.975341384403774159e-02
-9.801946926637949975e-02
-9.729838954300512599e-02
-9.739920234067814264e-02
-9.205935558400224483e-02
-8.891919811132334428e-02
-8.495071901379672163e-02
-7.640404172938136673e-02
-7.233585122178902427e-02
-6.893797745632820884e-02
-6.323954552111821226e-02
-6.033279506692409283e-02
-5.553402047085065352e-02
-4.958777041359612586e-02
-4.677906988398618932e-02
-3.978307390905137103e-02
-3.621549439377565183e-02
-3.388538664584578308e-02
-2.853447903692924933e-02
-2.677396634487493043e-02
-2.382542371318484287e-02
-1.985835397537610153e-02
-2.024267866196671067e-02
-2.121420912433411368e-02
-2.311769783895773617e-02
-2.782912366841250318e-02
-2.215908222889018814e-02
-2.475984005032069377e-02
-2.225194262534900894e-02
-4.695626679425249188e-03
-2.299114968695980740e-03
2.046241240031229994e-03
1.128346741086809664e-02
1.137256171136588612e-02
1.459995027103592677e-02
1.544369052844924567e-02
1.371080508770144632e-02
1.495521415862307614e-02
1.475492970551179998e-02
1.174558201715030642e-02
1.168539506533747274e-02
8.163902123761722016e-03
5.853674919005202350e-03
1.001697721469854349e-02
8.801895035733713415e-03
6.608420094478378512e-03
8.944509393322676305e-03
6.612096890136282858e-03
5.987013945723183156e-03
7.222602767424159652e-03
-3.538095441047714191e-03
-9.600162527925627451e-03
-2.128368541896295124e-02
-3.616930940206713324e-02
-3.975323459200405529e-02
-4.649010323746335244e-02
-4.514941927617054096e-02
-4.212528105449846877e-02
-3.875664575523455474e-02
-3.166019753549534355e-02
-3.085550422665450307e-02
-2.488901539137864521e-02
-1.902425485563277729e-02
-1.622442192802658889e-02
-7.915594488697320213e-03
-3.854330699569836084e-03
-2.179110761743144418e-03
3.306224794350233996e-03
5.659983505911838839e-03
7.434828722539822340e-03
1.208698525728514606e-02
1.172759885757888865e-02
1.318794227576419210e-02
1.542619324451897055e-02
1.242534960592161196e-02
1.338564535500635228e-02
1.422213095727389333e-02
1.133807717914870478e-02
1.381636759891162990e-02
1.192995918569311406e-02
9.250077774790138943e-03
1.174583851596412883e-02
7.519508333345930121e-03
9.875158942869997555e-03
1.046289790918554855e-02
6.496883687068219330e-03
1.356250181737300026e-02
6.584458523852730789e-03
4.865922005882326699e-03
-2.864390113888100201e-04
-2.694729673723431519e-03
5.792007126779815870e-03
7.640272857226421827e-03
1.075091808478253336e-02
1.950442048620677424e-02
2.023855909125467714e-02
1.857746217813636622e-02
2.280528862470418069e-02
2.170235771871924235e-02
1.929851966240669556e-02
1.905738312949586954e-02
1.684741173894098443e-02
1.601026527501107216e-02
1.659081450745233943e-02
1.559539699750597981e-02
1.639351493730359724e-02
1.682914327749070182e-02
1.630146030098129917e-02
1.733077656942416320e-02
1.670789136268291397e-02
1.235727500209781934e-02
1.159209036541674134e-02
8.406333485750995191e-03
6.339359695811155361e-03
7.126590815432310572e-03
2.825134657081578796e-03
7.120403671486938944e-03
5.142169480107649203e-03
-4.165393382756235434e-03
-3.031875308664804501e-03
-9.736502692099921821e-03
-1.163924865750916998e-02
-1.095816337648839074e-02
-1.479287637358313486e-02
-9.367775567236986609e-03
-6.157714039035097967e-03
2.502371700412384537e-03
7.720865152423319992e-03
1.244464325905839629e-02
1.344960879015772229e-02
1.247501010251937138e-02
1.441753432409719100e-02
1.134946961530471435e-02
1.075261534618749369e-02
8.951361434564158656e-03
4.925805630379563767e-03
8.769392491582497784e-03
7.304053116520157693e-03
7.657429848025054143e-03
7.731396469936452354e-03
-1.279774113562688999e-03
7.045906391235814796e-04
-4.654296068702652549e-03
-6.681703341297307898e-03
-1.552501335014752073e-04
-2.161675087661876077e-03
1.319170595436513398e-03
6.494335545006177726e-03
7.271620578741461345e-03
6.236886058773262811e-03
4.469209603432176652e-03
-6.298314623503797373e-04
-3.537122705450488139e-03
-8.934185044741334639e-03
-1.591472386890701099e-02
-2.063423957407522699e-02
-2.825194530154491457e-02
-3.166164449203186931e-02
-3.698998501975170328e-02
-4.188669952826513943e-02
-4.588478773232465557e-02
-4.948305218702858665e-02
-5.397190990009972933e-02
-5.431900181742140704e-02
-5.097134975234930698e-02
-5.854320104589542939e-02
-5.497253699763382517e-02
-5.959014417136761915e-02
-5.905849712174743998e-02
-6.206576692300137810e-02
-6.484469895281733121e-02
-6.304230045549844008e-02
-6.743570375453164512e-02
-6.714593858162323792e-02
-6.767909216114338655e-02
-7.450718701214233131e-02
-7.467814973505926268e-02
-7.804590547668542599e-02
-8.030263029354731130e-02
-8.058050706214317516e-02
-8.276104342232870614e-02
-8.356379732820326534e-02
-8.411388503274741524e-02
-8.653018986456072204e-02
-8.700575336281499150e-02
-8.905490855447656395e-02
-9.328082306324894657e-02
-9.299723006886337351e-02
-9.948994561666395231e-02
-9.889141362674727653e-02
-9.774053783407032903e-02
-9.998103293486705623e-02
-9.608006669889890272e-02
-9.530922614879126786e-02
-9.331354476664727171e-02
-8.629596583986758052e-02
-8.133031919225600093e-02
-7.172195160707564576e-02
-6.086904633123993436e-02
-5.418631265334710595e-02
-5.139956668578711529e-02
-4.671279601529969988e-02
-4.406262938903329762e-02
-4.429264909770876807e-02
-3.962445697946889028e-02
-3.095669732276531971e-02
-2.841085445462744608e-02
-2.029381206231058166e-02
-1.691098927763838924e-02
-1.061506852315836046e-02
-9.046474217730892872e-03
-8.578489343600720698e-03
-8.522144685947044551e-03
-9.105744845106761298e-03
-1.287305294665049525e-02
-1.736713540322857435e-02
-2.106003463229536715e-02
-3.985086354105524947e-02
-4.948896519907176189e-02
-8.031445281688315285e-02
-9.828711592462668900e-02
-1.176071343685608089e-01
-1.328586911947907123e-01
-1.397842616771428625e-01
-1.528218795583505263e-01
-1.554680649820265881e-01
-1.618638965546906339e-01
-1.647995860668675372e-01
-1.656179318589062754e-01
-1.680404872756899592e-01
-1.635776703514298658e-01
-1.651985190829450278e-01
-1.580643028447731302e-01
-1.526285356781095781e-01
-1.506943596084696635e-01
-1.325259843183935471e-01
-1.306103299294396058e-01
-1.147863300362968048e-01
-1.020486369612165489e-01
-1.037168800510222394e-01
-8.707802767262814991e-02
-8.190637927722597966e-02
-6.628234308640472416e-02
-5.267436916079613202e-02
-5.009371797278519556e-02
-3.986366627673232355e-02
-3.696819824224396867e-02
-3.506727201502292390e-02
-2.874928824346132533e-02
-2.909817052216239625e-02
-2.676396414212451821e-02
-2.117842366218129768e-02
-2.699981039729484542e-02
-1.986695346111801153e-02
-1.190948318313310265e-02
-8.589191916328231535e-03
-7.131591549769766662e-03
-3.517035678500184809e-03
-2.620177404886162801e-03
-1.138437151875486102e-03
1.023086577003121589e-03
8.271631196123870608e-04
3.366109297055155155e-03
4.958667549385589041e-03
3.526190358178689626e-03
1.169809924537638240e-02
1.044664665427684491e-02
7.715603403271438510e-03
8.088838041475409149e-03
2.493502836797755525e-03
1.926847202801491941e-03
8.580608097958034464e-04
-1.044547310017039220e-03
-1.715386947142804675e-03
-6.287290079198765234e-04
-1.789836191238051814e-03
3.887399139444688042e-04
5.808548478347577010e-04
-4.262503833930186142e-03
-2.530240653632536123e-03
-1.642837917293441365e-03
-2.899808039444499996e-03
-5.661722154162049337e-04
-3.568748536877705546e-03
4.118936004506611247e-04
2.896151265165832888e-03
6.291053106330422341e-03
1.081706970928984941e-02
1.253528736570768895e-02
1.808953544367700519e-02
1.821937691501054890e-02
1.642725166052952379e-02
1.644234827092546855e-02
1.205942747992876964e-02
1.060617466264883631e-02
4.847881863216585950e-03
1.625651361632519378e-03
1.889280735221004863e-03
-3.270533250934601170e-03
-2.936045580097811775e-03
-4.326147093356693708e-03
-5.148788742221341308e-03
1.458888703950648406e-03
-1.611738249355740846e-03
3.183949931586629607e-03
5.373031496240130052e-03
5.957252149902592629e-03
1.050287111102297943e-02
1.223709523194001919e-02
1.269221808400296594e-02
1.589617774370900849e-02
1.526594022916209596e-02
1.695906557095968811e-02
1.807078551379684428e-02
1.763342382762609489e-02
1.895758493798310046e-02
1.882505420801244486e-02
1.857685454310147380e-02
1.933816229673587794e-02
1.897814496099053255e-02
1.975289536916739405e-02
1.985483991193310455e-02
2.033351230390264067e-02
2.116647332780744947e-02
1.913995408922656433e-02
1.962785213927362507e-02
1.682168470678513383e-02
1.635784312413933114e-02
1.550472528414075131e-02
1.137434289878082663e-02
1.082139048973006397e-02
1.144378057019773340e-02
9.830155506812522648e-03
1.202604413184914754e-02
1.223725282034418028e-02
1.326657183880018340e-02
1.426744589446774826e-02
1.467253166552717758e-02
1.548795001862639242e-02
1.618878076472147001e-02
1.679708803014902732e-02
1.762009544290123186e-02
1.870885250255985982e-02
1.947900777155840008e-02
2.110763061703299984e-02
2.288353689762863061e-02
2.410612607434233293e-02
2.799548222300549463e-02
2.916515131119091012e-02
3.007128253895957268e-02
3.091935607157472385e-02
3.350388893640635773e-02
3.437902790752773996e-02
3.400600543009695692e-02
4.232952777829673829e-02
4.193633467395661840e-02
4.526236325153926848e-02
4.771746915881777684e-02
4.541773861069409168e-02
4.447016336022083932e-02
4.474394150605364578e-02
3.540707733658256251e-02
3.561837531196743872e-02
3.281330156957442540e-02
2.929282057632848907e-02
2.884425326788697327e-02
2.685730010796950548e-02
2.476065028174787366e-02
2.432857185326055272e-02
2.315008077497950414e-02
1.965316290982563677e-02
1.902498403956534231e-02
1.705974839116103717e-02
1.595970825654061467e-02
1.524768480972579429e-02
1.436315812945093348e-02
1.378165537685737720e-02
1.303862368885362437e-02
1.276287346497028546e-02
1.167850418257278255e-02
1.159779626416617901e-02
1.124475132501035965e-02
1.105088956949843923e-02
1.097516444455656597e-02
1.077677619876540351e-02
1.065992807739414572e-02
1.056581800474394595e-02
1.048547256467306094e-02
1.043753392008153584e-02
1.039539144656510816e-02
1.036374696257181226e-02
1.034095182722969027e-02
1.032323189313411917e-02
1.030401805528038603e-02
1.029254960620206751e-02
1.028136320547009402e-02
1.025378688953424225e-02
1.025730452279337117e-02
1.022102524242735240e-02
1.017813336046414704e-02
1.021268776889221533e-02
1.005154891565489955e-02
1.007343566673101626e-02
1.007300258741504299e-02
9.580032148389466123e-03
1.005192089576828138e-02
9.356665543257293438e-03
8.496413060277333007e-03
8.920520149396364562e-03
