-9.245668150520246079e-04
8.739096991124004283e-04
2.279987809762143783e-02
2.692094479763356904e-02
1.622100360630801888e-02
1.183344227180739214e-02
9.965823534519208798e-03
9.757789731440357286e-03
9.691597868246831782e-03
9.679963993040118647e-03
9.682236306292885467e-03
9.682229264270276331e-03
9.682229128130083462e-03
9.682229603694011977e-03
9.682229567966700243e-03
9.682229567966573608e-03
9.682229567966885858e-03
9.682229567967022901e-03
9.682229567967076678e-03
9.682229567966535444e-03
9.682229567964975928e-03
9.682229567967081882e-03
9.682229567967338621e-03
9.682229567966983003e-03
9.682229567966492076e-03
9.682229578834286587e-03
9.682229387241602162e-03
9.682230093900193180e-03
9.682231761172627876e-03
9.681528242983740776e-03
9.688062303744580592e-03
9.690419491988155540e-03
9.664205852048414827e-03
1.011413386345991032e-02
9.632464330681527603e-03
8.208786880331001706e-03
7.932399130579768920e-03
8.832604643957806326e-03
8.959902496530608787e-03
6.425960494090684691e-03
7.167813791720632939e-03
1.579278174613814659e-02
1.723688934410487483e-02
1.543943916172099522e-02
2.248093276821524350e-02
2.283325572451506968e-02
-7.211496588900223256e-03
-1.075219424935778753e-02
-1.167891107244148352e-02
-1.838698705710130332e-02
-1.809894377037131463e-02
-1.735529174474612774e-02
-1.413654432745862187e-02
-1.459106278936684112e-02
-1.001479896647224262e-02
-9.897381724318093585e-03
-1.062809692158069551e-02
-1.079767593326575598e-02
-9.519860321389631702e-03
-3.528909678555248552e-04
-4.235423597658675987e-02
-4.347133365161875290e-02
-4.552037121287298010e-02
-6.816393152705069181e-02
-7.190306299978750648e-02
-6.055894965705296146e-02
-7.749055317827485689e-02
-7.919637675039307989e-02
-3.984809461533937724e-02
-3.553759414492035223e-02
-2.724059291019207893e-02
-3.440108535230865239e-02
-2.794999881040839337e-02
-1.096125571678338226e-02
-1.320361804560228787e-02
-5.705358303279316201e-02
-5.675792919221218230e-02
-4.885382018266890003e-02
-4.904182089343212675e-02
-3.867889449784302908e-02
-3.366964426101205082e-02
-1.728154840612986312e-03
-5.095291482720939666e-03
-1.433763176049283015e-02
-1.238127153123372640e-02
-7.963759691200625324e-03
3.009134496053254577e-03
1.988281515155828488e-02
2.816877384625122993e-02
-5.157673196894205572e-03
-3.506759943329201823e-02
-4.894466176589314099e-02
-3.551562922404283285e-02
-5.733368705893483741e-02
-4.914667097379350064e-02
-2.714523600888561067e-03
6.979504680371294983e-03
-1.320321519256154952e-03
9.924987085431321437e-03
1.264947837470055576e-02
2.850735461010809810e-02
2.343969595808977416e-02
1.798326290630366392e-02
2.149372197044576924e-02
2.545877259485727559e-02
4.492111768979354519e-02
3.631035393465698036e-02
-2.281580891395411717e-02
-2.422408690942270265e-02
7.592072161248576180e-04
3.414957991835635906e-03
-4.335729529922798323e-03
-1.944448812928641166e-03
4.399325667055148034e-03
1.884601418881174523e-02
3.132975195726951656e-02
1.908032944983714327e-02
7.650992428819617525e-03
-1.444154313466450637e-02
-5.768337045835460891e-02
-7.786716417512608290e-02
-9.170441222267233794e-02
-8.756335544117409275e-02
-5.813561890376094110e-02
-2.370039682462872499e-02
-1.482041450232000034e-02
-3.530403412778408689e-02
-3.334544344116559950e-02
-2.849104362974914928e-02
-2.165307996939062549e-02
3.377248922250896106e-03
7.287588023187527644e-03
-7.347628210690634355e-03
-6.388753364620095021e-03
3.369793833100996443e-03
3.634109919156303103e-03
1.161175773306835461e-02
6.304378813042370647e-03
9.711892575760132026e-03
1.079603631467346454e-02
-5.402927514270208093e-03
-7.752397664875889868e-03
-3.439838601905248483e-03
-2.107808423882250558e-03
4.871038201331608780e-03
2.178605000996362406e-03
-1.697351465924993100e-02
-1.838336322032380760e-02
-1.603560824004500451e-02
-1.691706090134554447e-02
-1.204805929410249048e-02
-1.554617791304313892e-02
4.886493417929201055e-02
1.539478940225311870e-02
-1.977982422455865086e-02
-6.746530879276531334e-02
-4.738132178396556315e-02
-2.178126143767779299e-02
-1.968054450230828298e-02
-1.017106125992896237e-02
4.595238765524849861e-02
4.540506855062172165e-02
2.740017147799981775e-02
4.433161148457868267e-02
4.598979985670183929e-02
1.838483296319226926e-02
9.417853087484627517e-03
-7.279240868574486829e-03
-8.243290096298386271e-03
-3.944966848978219594e-03
-3.661311130242229320e-03
-5.245286163005111841e-04
1.652425941763958211e-02
2.301759788688198180e-02
6.574537267219222880e-02
6.417221454849834916e-02
1.909848536981573154e-03
-7.402772235914785275e-03
-1.733658774323305896e-02
-1.835009163194406545e-02
-1.992218189220060914e-02
-1.427440800027741409e-02
6.568348627963658398e-03
7.624762463656918621e-03
-1.095977323722567565e-02
-1.394390406870035619e-02
-1.903514231760358721e-02
-2.537500884702320950e-02
-3.664676681878886039e-02
-5.957181275569209400e-02
-4.472319590036996639e-02
-2.423472459384778260e-02
1.796291254897685631e-03
9.130110260995081758e-03
3.462661607200025887e-02
3.095725572852505575e-02
2.128986879263234516e-02
2.595108404288697795e-02
4.522287300436810681e-02
3.608689921586399202e-02
-1.425599769789443957e-02
-2.618620670933135414e-02
-8.427284450050104986e-03
4.395975620230137965e-03
1.486683996271886445e-02
1.124934897426934331e-02
-1.385092131273276718e-02
-1.977193643527021261e-02
-4.522842942303196417e-02
-4.994598727471297184e-02
-2.189372167666156846e-02
-3.714596674904730583e-02
-2.241710302263144258e-02
2.002658250667064752e-02
4.594813123431844976e-02
2.481052956078791741e-02
1.006230365198414189e-02
-8.784112025406896809e-04
-9.581418218107933807e-04
-2.923029247023847289e-03
-1.908703009216386123e-02
-2.568717131463310599e-02
-4.032615266527012077e-02
-2.814848742091146522e-02
-3.445505958612068986e-02
-3.451366777302358052e-02
-4.540471332599269050e-02
-5.700456508432515806e-02
-4.404770938555230275e-02
-2.210691385755358604e-02
-2.516752932414640861e-03
-1.816681128029383127e-02
-1.339108060532553067e-02
-1.334827914475247845e-02
-1.620123972649378796e-02
-3.494897166734790839e-02
-3.487722556866997003e-02
-2.988480835493326215e-02
-3.207823939938891922e-02
-1.976914461406126602e-02
-1.252463791691010679e-02
-1.913760242051610050e-01
-1.972019976752019121e-01
-2.153181893390034851e-01
-2.194188093334946410e-01
-2.184665899494681873e-01
-2.187281015905160886e-01
-2.185990031473706574e-01
-2.185028023601000291e-01
-2.186610886404898590e-01
-2.203733662301397833e-01
-2.176078156530896757e-01
-2.237878339458370669e-01
-2.325122995914463975e-01
-1.005970104035743828e-01
-9.734279084131357285e-02
-7.444622627124421188e-02
-7.070910747131799179e-02
-7.119514565832188446e-02
-7.653486291866364033e-02
-8.407976857564279649e-02
-5.252207271221560198e-02
-4.921848180221122249e-02
-2.101916643305633964e-02
1.092690459157943939e-02
1.945496821315732122e-02
-2.749974490770642349e-02
-2.434639587626934512e-02
-3.879839505656585558e-02
-5.171510249794764730e-02
-4.761932769221758482e-02
-2.100362796671967000e-02
-2.075145516378618799e-02
-1.583846764435768717e-02
-1.110859564978244202e-02
4.356367605052229551e-03
1.888014531105591939e-03
-6.078182856079121987e-04
3.848827948170713362e-05
1.207823973398747469e-03
4.376068619751255842e-03
1.899733120365311445e-02
3.119115084441533708e-02
1.865993482147769444e-02
7.542794851443299781e-03
-3.407151729431788512e-02
-6.563825117881326443e-02
-6.903993260995335002e-02
-6.703831196314993801e-02
-5.376241432508738899e-02
-4.158145874025376970e-02
-3.277814760369706509e-02
-3.339192311234336075e-02
-3.286600443410138406e-02
-3.284943664580892986e-02
-3.304705897919531926e-02
-3.285505136270887305e-02
-3.260578746082429952e-02
-3.385937463738269287e-02
-3.311352346441862743e-02
-3.901397873085508949e-02
-6.296542290648185491e-02
-5.518406119511439639e-02
-9.380431322309789807e-03
-1.553343643576979250e-03
-2.199437164727722008e-02
-3.394652228606950123e-02
-2.924703739646758449e-02
-1.131695893926392554e-02
-1.012941841272902880e-04
-7.604564743093345826e-03
-1.470281305136683994e-02
-1.799436755274981536e-02
-1.845945802695269158e-02
-1.849337855650857662e-02
-1.871287957658514939e-02
-1.519587520882073606e-02
-1.730271088392364154e-02
-3.571148910919284825e-02
-2.867042268274615224e-02
-9.401815365722149612e-03
-4.726909231975545168e-03
-1.530288755094164239e-02
-1.004471913109242394e-02
-1.015089398723788457e-02
-1.019725264792716024e-02
-1.018202062315181136e-02
-1.027606281428074426e-02
-9.900212701734651538e-03
-1.409058507670090006e-02
-1.349964431400972782e-02
2.688953966503031257e-02
3.351606798291629358e-02
2.751019776681643339e-02
1.552986946259701621e-02
-2.107022245544806077e-02
-1.908526166991570891e-02
-1.716229856278947766e-02
-1.912357764980405009e-02
-2.173181543818986788e-02
-1.756855179598014460e-02
-1.207591037430041231e-02
2.850594351369725981e-03
-2.008234353579095490e-03
-2.763172178295870279e-02
-2.772675482610944750e-02
-5.892529792252567018e-03
-8.623445467043557022e-03
-1.841726214445129836e-02
-4.733334920707077398e-02
-3.638458821504180624e-02
-1.774597127007797662e-02
-5.191654296978435307e-03
-1.196659368334617411e-02
2.771084346045815314e-03
3.586419078227836427e-02
3.775689802600108724e-02
1.112690406362177621e-02
1.038103063404339707e-02
2.340807593230942799e-02
1.259238080016488945e-02
-2.739790403750358427e-02
-3.276981434576562574e-02
-1.421197415956592172e-02
-3.007625803555914745e-02
-4.651836749599712328e-02
-4.815371085567845405e-02
-3.234183358105337941e-02
-2.324837285708339103e-03
-2.259589504546561517e-02
-1.173214680089803598e-02
-1.509847852291579251e-02
-6.853122115061357697e-03
-1.331456281620001150e-03
6.335644199728940502e-03
-6.723692554371374190e-03
-5.105043298007523253e-03
-9.146487266037171479e-03
-4.351568338243652807e-03
-4.075829128239509720e-03
-4.205451789504966419e-03
-4.411683648302019284e-03
-4.449554406432985020e-03
-1.150001255871773917e-02
-1.223328624798496710e-02
-1.016148363702887129e-02
-8.941872073747990368e-03
-8.405255666571697509e-03
7.734560615173784008e-03
1.515812646556322259e-02
4.568211453966131153e-02
4.411642311474769929e-02
3.118382276337636552e-02
3.617685846312301140e-02
3.002821767440557593e-02
-1.761550212103195692e-02
-2.016501476555860456e-02
-1.282698280950923982e-02
-1.500544726432728737e-02
-5.427199547600347618e-03
-3.247374491641153924e-03
3.886324746468026851e-04
4.938555043196736624e-04
5.379791472168786145e-04
5.690527939723937032e-04
5.624424794950620568e-04
5.624528575998226062e-04
5.602730656488204937e-04
5.659400761897967870e-04
6.060915613104891995e-04
6.629460244966294208e-04
1.860520142386235887e-03
5.010500997616687373e-03
7.480384490632415416e-03
6.954997999156025366e-03
4.651642212676182758e-04
3.728892235797344251e-04
4.393036729813606261e-04
-6.721522263177294801e-03
-1.088479933450356429e-02
7.222421581713448814e-03
1.067586211716014741e-02
1.929641247135903750e-02
1.949132623106991299e-02
1.938856093739489347e-02
1.915187192990211798e-02
1.858246121551328234e-02
-2.507821827046433430e-03
-2.392062207488449520e-03
-1.333780189422447034e-03
-1.551243496472827152e-03
-1.442857193806889021e-03
-1.358337790067450090e-03
-1.287525846497909396e-03
4.691070387700924625e-03
6.652896500043287316e-03
1.353993923351215316e-02
1.067375120346351208e-02
6.631883452085865147e-03
6.692121289885009754e-03
6.587096645504960865e-03
6.536366960621945756e-03
6.542510427033748285e-03
5.886874849984727841e-03
5.896942975212093006e-03
5.597324857993231893e-03
5.929671047063038436e-03
5.917985630487537785e-03
6.696121499901637637e-03
6.777688881753735593e-03
6.787879405963414929e-03
6.408469586360812306e-03
6.232800160341476353e-03
6.228431683703239408e-03
6.221314546173176488e-03
6.219752325244922407e-03
6.220020560191667075e-03
6.220019482623724213e-03
6.220019434294185058e-03
6.220019493962067672e-03
6.220019489634646438e-03
6.220019489633907446e-03
6.220019489633599533e-03
6.220019499527660797e-03
6.220019337290806638e-03
6.220019745977196056e-03
6.220022848622140839e-03
6.219399802998045249e-03
6.224568597891455730e-03
6.235136117396994533e-03
6.173685787546318894e-03
6.560692037917577844e-03
6.425799015732381811e-03
1.652602611769931782e-03
1.515777718648070576e-03
