-1.038449485901848804e-03
-1.010182968787762346e-03
1.787779884706339195e-03
1.659937059171223044e-03
5.372270507663116576e-04
9.257190276377291055e-04
6.554974647359534988e-04
4.949627761522115612e-04
5.701442704432338558e-04
4.475509211442494284e-04
4.428554770911346931e-04
4.368713954008343332e-04
4.036874471912436295e-04
4.072104890690806701e-04
3.977879751757355505e-04
3.914635408113940288e-04
3.920147897237544806e-04
3.884961933612012929e-04
3.882078070968455249e-04
3.894844897378389867e-04
3.891790088301161311e-04
3.923745736820608617e-04
3.971418714757068633e-04
3.981787500884203666e-04
4.130462156777287442e-04
4.206066614320086287e-04
4.290555839604582949e-04
4.822546105927221567e-04
4.725860264380308466e-04
5.471689481242359180e-04
6.755881180434946537e-04
5.842320373659321388e-04
1.019288176179569769e-03
1.076172843372757287e-03
9.979869665781887673e-04
2.853629427792991457e-03
2.907508536296532844e-03
3.678044732399067714e-03
4.030190875327549493e-03
4.320815528079649873e-03
4.337395145226263272e-03
4.410490243651407627e-03
4.301827910018074172e-03
2.926040742847381242e-03
3.233370028859424566e-03
1.588226520102915904e-03
-1.372750925849720079e-03
1.300985171923581003e-04
-2.679410700004314512e-04
1.331735791454190720e-03
6.275256984211368544e-03
4.905801920451945998e-03
1.893501188985365763e-02
2.285837484397932121e-02
3.040050788003003518e-02
5.679568864103412551e-02
6.025285701627865198e-02
6.542791937224159970e-02
7.189649678583735770e-02
7.282730813396098846e-02
7.576751053114053058e-02
7.296719431787003496e-02
7.131841746706391039e-02
6.451963611475622362e-02
5.875590796520613335e-02
5.507152131861068473e-02
5.663125459014953234e-02
5.501726894150477803e-02
5.612974937064282160e-02
5.720060049910496991e-02
5.794252256204329016e-02
5.945453616033108402e-02
6.169223196278455362e-02
5.467680781643505239e-02
5.541856036442182470e-02
5.214927720310126580e-02
4.674898744983090049e-02
4.690509039959776111e-02
4.012336596064310090e-02
3.430518858155887085e-02
2.800004349537369569e-02
1.774179888295783838e-02
6.370859190476493503e-03
-6.796910838602079029e-03
-1.411645183169846739e-02
-2.954083911333732493e-02
-3.159533691162935698e-02
-1.911940025133579760e-02
-8.426546386175175207e-03
-4.742084997400626209e-03
-5.583989328949644573e-03
-1.640489382752957333e-03
1.075449724134781675e-03
1.067939845162734457e-03
1.089924873716814624e-02
1.164487209394696188e-02
2.135008113441982935e-02
3.079133189974418011e-02
3.757461809970287503e-02
3.789230238091914615e-02
2.167542099263854161e-02
1.304147768659026652e-02
5.762291369391733462e-03
-1.158058957894260010e-04
-9.695395186159548595e-03
-1.408589457141502452e-02
-1.626213455882292991e-02
-2.618341236267548652e-02
-2.669133861412252215e-02
-3.431019795176373788e-02
-4.268857401896179737e-02
-4.425728003956100332e-02
-5.054661366087237484e-02
-4.828373109626857979e-02
-4.856407000527916684e-02
-4.434061211121399781e-02
-3.270698340893506140e-02
-2.596001911867208689e-02
-1.319745890686087331e-02
-2.879352616237548356e-03
8.148872313556697680e-03
1.030254414397254424e-02
1.058669467245594922e-02
1.250034041941030030e-02
2.298808022489736910e-03
-7.618969677176712016e-03
-7.272941279195083500e-03
-1.455323858433661514e-02
-1.873994594947693548e-02
-2.030577949645288177e-02
-2.816602664342676005e-02
-3.008716231833931734e-02
-3.499683636230904726e-02
-4.318260521433165550e-02
-4.565162111047328664e-02
-5.355480155207820864e-02
-5.774736479472140915e-02
-5.523641909889162593e-02
-6.071480751683856758e-02
-5.788372983658178483e-02
-3.579949464334374748e-02
-3.190589272917520453e-02
-2.857187048583274477e-02
-1.943368559360883485e-02
-1.171476408681633614e-02
8.162248236143559120e-04
1.205630139688988745e-03
1.036619264105467265e-02
1.313974514100741189e-02
1.861976711344255631e-02
2.282891492988378679e-02
3.632101705488982590e-02
3.539540635651577255e-02
3.595446358840383161e-02
2.979151762827468922e-02
2.098737024836550349e-02
9.402464883618686167e-03
7.005192502733904349e-03
1.308574823247958367e-02
1.338722468242053466e-02
1.961071842132822152e-02
3.864079348475639442e-02
3.019702445485540621e-02
3.446796594663262964e-02
2.776943039255977755e-02
2.661209790060331710e-03
6.362772211671897937e-04
-5.921547873710446101e-03
-7.791177961434072805e-03
7.851616463568038620e-03
2.012488183245702417e-02
4.020846183064014090e-02
5.916893057347549084e-02
8.241458493698838872e-02
1.016963240971466842e-01
1.002207389949836824e-01
1.107913690763396158e-01
1.101097586342646706e-01
9.750689259328099157e-02
9.990863358863144583e-02
8.385084822302238394e-02
6.510993027436152991e-02
5.559774411536613781e-02
4.460815140968553416e-02
3.968365407481740104e-02
3.616863129301822743e-02
3.667304486019831722e-02
3.594867201681532787e-02
3.366400035269463686e-02
4.132560500480313148e-02
3.597618467961258976e-02
3.780966436049682661e-02
3.875176725642596326e-02
3.114023983238804749e-02
3.533964892490071286e-02
3.008184370853016210e-02
3.001389179258025230e-02
3.935128263685175320e-02
3.780976918644553958e-02
4.599293869434992188e-02
5.413969842594305165e-02
5.539133984909028197e-02
6.702960110632666391e-02
6.918238594712222689e-02
6.910539413985256063e-02
7.609514088819084587e-02
7.292807438417829580e-02
7.533455902260424719e-02
7.795955415553823542e-02
7.285807375059755175e-02
7.684799813668777291e-02
7.239672426179782905e-02
6.501680071370385949e-02
6.240589993042049838e-02
4.865367834453944440e-02
4.329155465679059706e-02
3.412397081104141805e-02
2.172101818764057835e-02
1.455017133945445650e-02
4.798532660485834746e-04
-7.615556164201891555e-03
-2.096262443341584403e-02
-2.901084547019652446e-02
-2.051528224547910506e-02
-2.486817516018621776e-02
-1.261128004311561947e-02
-6.467023989816484547e-03
-9.734532247642846067e-03
-5.173287865451906692e-03
-7.591108418072534114e-03
-5.407253770575675203e-03
-2.325323499243137516e-03
-4.352835143064570818e-03
2.954290277339326025e-03
-4.140631247661291734e-04
-3.483977210335259707e-03
-7.390670123676940442e-04
-2.609359516082006281e-02
-1.689962315343828542e-02
-1.990949423514925057e-02
-2.222338574493951807e-02
9.501263061834642684e-03
1.182397556779316190e-02
1.102058718800423380e-02
2.033879745626023666e-02
2.054611512496846287e-02
2.401349572640210095e-02
2.148900107169133059e-02
1.046106427269383188e-02
1.504509691818598730e-03
-6.767234043258209090e-03
-2.357885029015279604e-02
-2.318539858077101404e-02
-2.165669004260110941e-02
-1.261278124507208762e-02
-1.293250804057628767e-02
-1.080958771958764886e-02
-1.488797973274362356e-02
-1.177668441417791326e-02
-1.398751800147412724e-02
-1.603734362568349364e-02
-1.366513159492513570e-02
-1.952276323699842636e-02
-1.716532900482475865e-02
-1.853089297154104920e-02
-2.176816775213012700e-02
-2.535861425770249977e-02
-4.098190301155973242e-02
-4.546211664889378973e-02
-4.252112771110919121e-02
-4.678774264730213572e-02
-4.389820925549491049e-02
-3.521063179852547409e-02
-2.965612299793394732e-02
-2.999969519935368964e-02
-1.973242654010101682e-02
-1.984462404202428157e-02
-1.809290484521629272e-02
-6.959880994863315747e-03
-7.993213558961436913e-03
4.285299236834577349e-03
2.394487458395802223e-02
2.713548168110273967e-02
4.705091465744764417e-02
4.982549384553165012e-02
4.802128734857707970e-02
5.527867618939445726e-02
5.110067895422345380e-02
5.718565342192201417e-02
6.553635656362631623e-02
6.596225716059339605e-02
7.580348508364009863e-02
7.467161959870591281e-02
7.150111921757583422e-02
6.982626449260964652e-02
6.293801513374883139e-02
5.996564418378934336e-02
5.516687041958774629e-02
4.895220520266657660e-02
4.616239964530827883e-02
3.889650955215406825e-02
3.396274528154825945e-02
2.886143184495704173e-02
1.943475519245705177e-02
1.505423044917279102e-02
5.211545888206374488e-03
-1.287326651695755398e-03
-7.708325964592475585e-03
-1.593247635786143243e-02
-1.620671907617415863e-02
-2.352413902994733574e-02
-2.550626834520755559e-02
-2.891550123572654563e-02
-3.199482408605826278e-02
-2.188797147101335938e-02
-2.207376322595739487e-02
-1.469274672628507680e-02
-1.221193010571587287e-02
-2.234036385271444096e-03
-1.469889107748781299e-03
-8.438047266810357397e-04
2.080359372583347362e-03
1.926186147596216152e-03
3.776527177764922149e-03
5.312738022060004006e-03
6.083419955951520700e-03
1.077583109007868890e-02
1.168226579806502623e-02
1.200937251729597768e-02
1.204201948626002112e-02
1.199804108132486967e-02
6.057790841792597830e-03
5.068970680272410351e-03
3.322755933559586126e-03
-1.312271770094813883e-02
-1.578031142924129354e-02
-2.265010102760617663e-02
-2.909644784908808554e-02
-3.232666570179566767e-02
-3.538107085278163755e-02
-4.183653818245974126e-02
-4.343555036040516043e-02
-4.324810737072659617e-02
-4.298920505159271876e-02
-3.770042102416559793e-02
-3.638439865054266670e-02
-3.486563177177604000e-02
-3.065753776381184223e-02
-2.781482063708049651e-02
-2.672233129454289202e-02
-1.551562013336684094e-02
-1.514223643937341601e-02
-1.328287245208066569e-02
-1.020079853212653952e-02
-1.008851625061088671e-02
-8.653427208099619128e-03
-7.342507550529373678e-03
-6.932645067294466307e-03
-5.450771608580717159e-03
-3.486293917031028488e-03
-3.289803727518341575e-03
1.058945846828771757e-03
7.881039187840356824e-04
1.043783441425877789e-03
2.034240534617168337e-03
1.322864176254159472e-03
1.578703208511220103e-03
1.745507277911507267e-03
1.589802843582243741e-03
1.726215914105725703e-03
1.711816821426539971e-03
1.702356274593133743e-03
1.737868599494846178e-03
1.725193464887800430e-03
1.732766598510004962e-03
1.738028915208183946e-03
1.735114528231311397e-03
1.738721781763820059e-03
1.738263278004357907e-03
1.738098556367626219e-03
1.738279334147151047e-03
1.736396489670068242e-03
1.736674227555466341e-03
1.732469851756542186e-03
1.729602962888001760e-03
1.729030994278901723e-03
1.711394063191079735e-03
1.714769786388490886e-03
1.697361147966944782e-03
1.648650024856278696e-03
1.688646716211132746e-03
1.558159223418010587e-03
1.511227280205967773e-03
1.600976939720329378e-03
9.599196628117719890e-04
8.971048062848771022e-04
