2.303469674977581577e-04
-2.621047984974964485e-03
-7.646609979743632102e-02
-9.865259749567598102e-02
-7.735672437082143083e-02
-5.843921704969629732e-02
-4.396301784070923840e-02
-4.396301784070782981e-02
-4.396301784070706653e-02
-4.396301784070515140e-02
-4.396301784070519303e-02
-4.396301784070615060e-02
-4.396301784070667795e-02
-4.396301784070633795e-02
-4.396301784070670571e-02
-4.396301784070496405e-02
-4.396301784070793389e-02
-4.396301784070760776e-02
-4.396301784070872493e-02
-4.396301784070615060e-02
-4.396301784070778124e-02
-4.396301784070430485e-02
-4.396301784070438118e-02
-4.396301784070546365e-02
-4.396301784070755919e-02
-4.396301784070830165e-02
-4.396301784070814900e-02
-4.396301784070625468e-02
-4.396301784070841961e-02
-4.396301784070341667e-02
-4.396301784070739960e-02
-4.396301784070572038e-02
-4.396301784070680285e-02
-4.228833397225686269e-02
-4.040242783191115572e-02
-4.751523125306147260e-02
-4.835257318728691800e-02
-5.212438546798262712e-02
-5.212438546797889399e-02
-5.079968888415628547e-02
-5.063190142580937386e-02
-4.903828572444564327e-02
-4.970063401636072575e-02
-5.003620893305529144e-02
-4.846537863896530074e-02
-5.218553037193232602e-02
-4.561734246145890403e-02
-4.640275760850454817e-02
-3.896245414256237216e-02
-7.247551441904347136e-02
-7.252637956789481644e-02
1.454864557787528302e-02
3.130517571611781541e-02
3.140690601381809777e-02
7.266514411838939647e-02
1.005458721294343188e-01
5.935592749265151263e-02
7.149552756575386359e-02
-7.822380684819060055e-04
-6.462247412866672924e-02
-2.071084894163145382e-02
-9.945226940412162098e-02
-7.211129639323395069e-02
-9.319837973782349461e-02
-6.069179463080053710e-02
-7.075862247984744668e-02
-2.337420159423393706e-02
-2.168814814606299587e-02
-5.472292456888980250e-02
-5.283580334030821973e-02
-9.298811789599152611e-02
-1.707098433246134472e-01
-1.739838281005786913e-01
-7.451202884804002113e-02
-2.218201035322069775e-02
8.073133349833656880e-02
8.012603781595337149e-02
1.797750533570673451e-02
1.797750533570457304e-02
3.117830484222275378e-02
2.195785834743645484e-02
-5.013595447317743120e-02
-5.673635422643730913e-02
-3.829546123685678011e-02
-3.829546123685752257e-02
-5.160035674135569211e-02
-5.020123728620651954e-02
-1.707383601994998806e-02
-1.887040556048625532e-03
-1.083026205007029362e-02
-5.808799321528526627e-02
-6.457547301101607129e-02
-6.962448456021087806e-02
-1.112670462745052741e-01
-9.781390143053778075e-02
-4.034008347291262453e-02
-2.949510936809360620e-02
-5.418109311612612916e-02
-4.014173087312968707e-02
-3.594563427055572080e-02
-2.698390758919488180e-02
-3.400358871069144445e-02
-4.239578191583787820e-02
-4.126464106128317766e-02
-3.667693567647176828e-02
-8.899228687918650516e-02
-8.646162449765765201e-02
-2.804317288471674594e-02
-4.020839730427808872e-02
-7.343228361750039901e-02
-6.410360441911119866e-02
-6.776446632883229015e-02
-4.681072782089950451e-02
-7.642433769941622823e-02
-1.116627801394872443e-01
-1.955050409491069507e-01
-1.828045249696143015e-01
-9.651997916248081233e-02
5.022388357924852977e-03
8.456927813515162720e-03
-2.716756134171640497e-02
-1.030067214146765942e-01
-4.601690609649671665e-02
-8.649493859387221177e-04
-5.036135277326816290e-02
-1.007155224500667079e-01
-3.695781092221787217e-02
-2.269407446956472202e-02
-1.959539472796978810e-03
2.924358538451739958e-03
-4.074623416419122929e-02
-5.573862874810803919e-02
-6.550642477060387991e-02
-6.550642477060443503e-02
-8.855586400528314694e-02
-7.420028877228894426e-02
-5.871677853587509155e-02
-4.719205891853327228e-02
-7.708211716735077768e-02
-8.782058445762765120e-02
-6.347120570827446961e-02
-6.288175181686660176e-02
-9.965970504810482689e-03
-1.078821204305235003e-02
-7.484119723859276874e-02
-9.056062060433925365e-02
5.909280883695156722e-02
-7.736699016199694023e-02
-2.624332936407295924e-01
-1.739360372204557525e-01
-1.174228457382123919e-01
-1.720662156551699684e-01
-1.932661751242799875e-01
-1.963895173078691325e-01
-1.692107669379640522e-01
3.752839277741739765e-03
-3.582422640940684244e-02
-4.812541249714473446e-02
-4.652870289424983902e-02
-3.901181781305249063e-02
-6.447786361115505349e-02
-6.527621841260487778e-02
-8.030998857499875576e-02
-6.252394109416081758e-02
-5.410966661904510061e-02
-7.193471154356598229e-02
-1.034460092729963809e-01
-1.100628536917183931e-01
-8.713853925021045055e-02
-2.521454948635086513e-02
-4.870047925928219779e-02
-7.510732862578160807e-02
-5.955892728606721614e-02
-6.103789233482135451e-02
-2.045629940617772480e-01
-2.047737573796459265e-01
-1.205207197049832854e-02
2.889561710297242590e-03
4.579044243960466408e-03
1.487235094603839899e-03
-1.823185454731641661e-02
-3.664037203702559531e-02
-9.912858267262268652e-02
-7.668001885310624099e-02
3.526111458744601163e-02
4.794226792510235952e-02
-7.609088043932060730e-02
-1.162845264266110790e-01
-1.164482577442152306e-01
-1.466247388585122935e-01
-1.220901607429859259e-01
-7.862005485028716878e-02
-2.021214060226986589e-02
1.377518628866874519e-02
4.947264949661917509e-03
-1.047589232374581021e-02
-4.126464106128630710e-02
-3.667693567647108133e-02
-8.899228687918279979e-02
-8.646162449765737446e-02
-3.014877842776065436e-02
-4.074460989192015686e-02
-6.034254396773622298e-02
-8.733052926696230345e-02
-7.094877857110513941e-02
-4.695506194651501847e-02
-1.116495208926860244e-01
-1.245379930672481233e-01
-9.480099135046260450e-02
-3.312566947064436024e-02
2.347016993236087940e-03
-4.316391447097669282e-02
-1.474531753736935957e-01
-1.759356575377674647e-01
-2.272569844280226681e-01
-9.235605408661054505e-02
1.925089962161221496e-02
-4.542357077825454059e-02
-1.950500528146002777e-01
-1.950534314962673876e-01
-9.436156057393255137e-02
-1.219877079825081208e-02
-4.126366989668171087e-02
-8.931041985395342386e-02
-1.085948238585497522e-01
-1.085948238585491971e-01
-1.225880921813402719e-01
-1.607355634139747969e-01
-1.565198611144933138e-01
-1.125982596499834759e-01
-4.534789299975063720e-02
-8.602780804820582550e-02
-7.429032242523010698e-02
-9.586245357669903600e-02
-6.250549164414470615e-02
-5.539029374620058066e-02
-4.178791198540078577e-02
-4.705989399369593651e-02
-4.705989399369367443e-02
-1.279003301431358430e-01
-1.013259017695484210e-01
-3.270166527463099632e-02
7.718552800087905702e-03
-4.543030394708830189e-02
-4.543030394708750391e-02
-4.543030394708534592e-02
-4.543030394708677533e-02
-4.543030394708581776e-02
-4.543030394708540143e-02
-4.543030394708411773e-02
-4.543030394708875291e-02
-4.543030394708533898e-02
6.467522951685106269e-02
5.843923795315905667e-02
-3.428206210124538217e-02
-8.933482883321661183e-02
-7.686284570582709030e-02
-7.686284570582739561e-02
-7.686284570582417597e-02
-1.707824798277620543e-02
-6.363239260952006926e-02
-1.442594330127278390e-01
-2.396303864511058479e-01
-1.354246837031815587e-01
-5.553334197876524242e-04
3.376367967945488602e-02
-6.372389144108993320e-02
-1.187850031003219037e-01
-1.427309122820774878e-01
-1.734612609448083764e-01
-1.433326225849980151e-01
-6.337277509898862904e-02
-6.727846741322818236e-02
-9.865286464572166347e-02
-8.818561032481873896e-02
-5.099394557748831297e-02
-3.846379295721714248e-02
-4.199749743699596194e-02
-5.438680191878313835e-02
-4.043760123939988543e-02
-7.642433769941442412e-02
-1.116627801394864117e-01
-1.955050409491088381e-01
-1.828045249696141072e-01
-9.651997916248337972e-02
1.143580207443073947e-02
-2.123795033947813854e-02
-9.294738273841249288e-02
-1.792202497719428134e-01
-7.375587950946055349e-02
-4.428238787372456436e-02
-2.093456679919827867e-02
-7.379932814218627402e-02
-7.379932814218374826e-02
-7.379932814218483073e-02
-7.379932814218709280e-02
-7.379932814218902182e-02
-7.379932814218299886e-02
-7.379932814218531645e-02
-6.278735879973802725e-02
-4.150613527153970000e-02
3.186625658436379599e-02
1.729703521081536050e-02
-1.003700187236918201e-01
-1.263131873932095139e-01
-1.068023433261439947e-01
-1.043377149726531922e-01
-6.596174203884269671e-02
-1.453720930057326305e-02
2.395632597785605014e-02
-4.011318483502565070e-03
1.661077310353736370e-03
-1.349039429029730286e-02
-1.659191112334005777e-02
-1.659191112333993287e-02
-1.659191112333965185e-02
-2.880177048384283817e-02
-3.065277150996484692e-02
-6.341482033908114012e-03
7.389527957184890972e-02
6.375372306580752435e-02
-8.354668878128529430e-02
-2.106585575861264492e-01
-9.422425648684935873e-02
-9.422425648684820687e-02
-9.422425648684885913e-02
-9.422425648684797095e-02
-9.422425648684713828e-02
-9.422425648684869259e-02
-9.632630414037283983e-02
-1.045150225596481325e-01
-1.476707271290332579e-01
-1.405685958803767899e-01
-1.077988672697681033e-01
-9.261194657606504343e-02
-6.876376177033846626e-02
-7.400282479924319423e-02
-8.483029051231975870e-02
-9.089923891350151774e-02
-9.120802484373578822e-02
-1.007575708373640577e-01
-8.070408138254460406e-02
-3.604749915703839985e-02
-2.730101171871163884e-02
-2.653699318154182155e-02
-1.864101474252967405e-02
-2.421462314162021318e-02
-9.478381743666570991e-02
-1.729528579379062403e-01
-3.317092519453020971e-01
-1.553836540067083660e-01
1.991054358225910481e-02
9.560898642756893162e-02
1.137016175449555577e-01
1.595873873090023209e-01
7.453074053463976112e-02
-4.958068756655566699e-03
-9.672960828475531125e-02
-9.672960828475764272e-02
-1.746859377860685014e-01
-2.761295394326585551e-01
-2.932090919787982419e-01
-2.399114512120625875e-01
-5.657524210048113164e-03
1.476155256350163668e-02
-1.066832948854218449e-01
-1.702410228362748190e-01
-1.325323512075686494e-01
-8.233131536020793506e-02
-6.779122360640207900e-02
-7.015356707938114056e-02
-7.078951683099846126e-02
-6.955353634707067342e-03
9.950214986646895021e-02
1.527185162802426055e-01
7.796820671821620349e-03
-5.659164930377076110e-03
-2.890630961216919884e-02
1.036448357509746343e-02
1.036448357510087737e-02
1.036448357510278383e-02
1.036448357510021123e-02
1.036448357510141860e-02
1.639609342692291416e-02
4.124970113571262142e-03
-9.455699134590463129e-02
-1.117435961367735653e-01
-8.046294088877055384e-02
1.196191618358681402e-01
1.135251985030082816e-01
-1.506667116237234705e-01
-1.693563071861139413e-01
-1.429975806554329154e-01
-1.479701007154541892e-01
-1.457836617723237138e-01
-5.315073145979666569e-02
-5.066447142978466184e-02
-5.842091440690461851e-02
-5.464378932099858699e-02
-6.195929976492638852e-02
-6.026751721949821783e-02
-6.782176739130946208e-02
-6.782176739130976739e-02
-6.782176739131068333e-02
-6.782176739130875431e-02
-6.782176739130905962e-02
-6.782176739130792165e-02
-6.782176739130950371e-02
-6.782176739131054455e-02
-6.782176739131105803e-02
-6.782176739130837961e-02
-5.845558254880819926e-02
-5.971774536981398068e-02
-5.786139528940104082e-02
-6.254448771065072854e-02
-6.002016206863911019e-02
-6.002016206863930448e-02
-6.002016206863895753e-02
-7.798811668861979629e-02
-8.296900123541618710e-02
-5.290550576830455737e-02
-4.392152845831413799e-02
-3.395975936472016982e-02
-3.395975936471993389e-02
-3.395975936471959389e-02
-1.938553178578400829e-02
-4.903837720936382941e-03
7.594822416310305357e-02
6.866111037363498149e-02
3.969772224393746524e-02
3.969772224393812443e-02
3.969772224394088611e-02
3.969772224394100407e-02
3.969772224393783994e-02
5.186952158582892880e-02
4.329729030042093335e-02
-6.226089306707296295e-02
-6.834679273801860799e-02
-5.120233016719859948e-02
-5.120233016719815539e-02
-5.120233016720061175e-02
-5.120233016720167341e-02
-5.120233016719998725e-02
-7.339484444295080179e-02
-7.366022041987796420e-02
-2.798125596006566587e-02
-1.688499882218887430e-02
-1.635424686833438640e-02
-1.015632268488759690e-02
-1.019381097493068586e-02
-2.852148659759864979e-02
-3.162044868932179648e-02
-3.154547210923757533e-02
-3.154547210923892842e-02
-3.154547210923861617e-02
-3.154547210923894229e-02
-3.154547210923836636e-02
-3.154547210924001088e-02
-3.154547210924086437e-02
-3.154547210923909495e-02
-3.154547210923729084e-02
-3.154547210923919209e-02
-3.154547210923797085e-02
-3.154547210923805411e-02
-3.154547210923888678e-02
-3.154547210923925454e-02
-3.154547210923755451e-02
-3.154547210924019129e-02
-3.154547210923920597e-02
-3.154547210923836636e-02
-3.154547210923835249e-02
-3.203007614954785087e-02
-3.174358618306221541e-02
-2.089351957777972613e-02
-2.076113716709398690e-02
