-4.280439647736150599e-02
-4.194255823913544540e-02
-5.645842104101378434e-02
-6.050858017998499844e-02
-5.286161912529717399e-02
-5.584954133060873738e-02
-5.383155325111955991e-02
-5.265587216325851722e-02
-5.324832481185515221e-02
-5.230543435863536927e-02
-5.229167894461299315e-02
-5.224733756202196849e-02
-5.198979158520711935e-02
-5.202556559429759309e-02
-5.194860936006561597e-02
-5.189982143003944032e-02
-5.190245589116897207e-02
-5.187015892974673748e-02
-5.186408518699422293e-02
-5.186079863955701807e-02
-5.185226536234822936e-02
-5.185459761906145715e-02
-5.185709884974941397e-02
-5.185659637342903555e-02
-5.187162494182533112e-02
-5.188025726780159247e-02
-5.188902690777222326e-02
-5.194437485765876494e-02
-5.194117752331366134e-02
-5.201499872511465561e-02
-5.215301020462045911e-02
-5.208227508949957174e-02
-5.249926025688432529e-02
-5.260768600764264419e-02
-5.254045319324773811e-02
-5.405284969128612560e-02
-5.224855841152818009e-02
-5.291561512107546827e-02
-5.007311574935985332e-02
-4.690869922359034577e-02
-4.855506581690983287e-02
-3.240236112451881645e-02
-2.678046162591073837e-02
-3.597466578153724059e-02
-2.167460871230741937e-02
-2.452527336148212916e-02
-6.230651908586351539e-02
-6.000894061745029595e-02
-9.427869589831601449e-02
-1.001223685148233955e-01
-8.855640006106138551e-02
-9.138766409366330667e-02
-8.498539156768447622e-02
-9.476505251242683947e-02
-9.910907586239653400e-02
-1.099380701167824437e-01
-1.081692842439037905e-01
-1.296152600389673948e-01
-1.260446685116161369e-01
-1.310030426422455208e-01
-2.001856383674379958e-01
-2.066732842862224750e-01
-2.155580305019409448e-01
-2.260955463441187141e-01
-2.247170397862270075e-01
-2.298063810958669573e-01
-2.295768153413369483e-01
-2.302164020302619463e-01
-2.326937839642161110e-01
-2.309214043843447473e-01
-2.317922280318872041e-01
-2.315279141269529495e-01
-2.290307299905298688e-01
-2.290480683801709993e-01
-2.262081546884374683e-01
-2.228433106379785478e-01
-2.212209344170242009e-01
-2.149207987212914672e-01
-2.104606270560330228e-01
-2.046682911690986817e-01
-1.938554449341651775e-01
-1.908115149447448533e-01
-1.780713186047055974e-01
-1.716870603804536433e-01
-1.632323819023957512e-01
-1.441402664120707833e-01
-1.352023197014971811e-01
-1.116142927943582080e-01
-9.175252019900451139e-02
-7.580124883409294911e-02
-2.478841538591055466e-02
-8.349073000097694680e-03
8.740397550272773972e-03
2.340786033480174097e-02
2.625215628282703828e-02
-3.632596107165961957e-03
-8.828491664426606558e-03
-7.525422977732836895e-03
-2.375708450566793931e-02
-2.450341721904241571e-02
-1.571889490606563633e-02
-2.230527561176051318e-02
-2.865743986946073935e-02
-3.016743109372589660e-02
-6.739482196859195029e-02
-6.654151494352625318e-02
-7.296108758679446804e-02
-9.544763164207333006e-02
-9.026109954240454925e-02
-1.169037157022885243e-01
-1.137782550777506063e-01
-1.465191643043182723e-01
-1.897886921531974913e-01
-1.733527941551440410e-01
-1.627752340644486040e-01
-1.686348382410790825e-01
-1.415224786076957619e-01
-1.388514468132761026e-01
-1.192977063035845220e-01
-8.951751262881066373e-02
-7.531819729179108081e-02
-5.654670163404899169e-02
-4.313725186632170333e-02
-1.894442539218875107e-02
-5.212991081823795288e-04
-3.635897641644325259e-03
5.816860256720255383e-03
-2.349506023294608420e-02
-2.760356630226139599e-02
-1.974001195163102573e-02
-3.159598048775719148e-02
-2.198259999220255473e-02
-2.771494389689983448e-02
-2.577360718660275801e-02
-7.295887135203762280e-04
8.266280334045432790e-03
5.858135113399601766e-03
1.244263985482082710e-02
-1.860276890352924317e-02
-2.440058860049587261e-02
-4.369863923404482264e-02
-1.279155263329480596e-01
-1.246118902403336726e-01
-1.704996380974664327e-01
-1.722572062505132173e-01
-1.470347994836037619e-01
-1.480893738198461596e-01
-1.375749168907537401e-01
-1.366006798712777748e-01
-1.465379381897884414e-01
-1.480284150445692337e-01
-1.519955814143749973e-01
-1.578909068175420594e-01
-1.585059119827395557e-01
-1.634581694436401667e-01
-1.654983458792296525e-01
-1.674609626891070402e-01
-1.706780052103085699e-01
-1.715271222305904120e-01
-1.742924265013726104e-01
-1.752775920334961046e-01
-1.772040686038548474e-01
-1.791974273155335917e-01
-1.800669914252657766e-01
-1.846565355641777151e-01
-1.874487671471791184e-01
-1.911969837256615456e-01
-1.981015515439643049e-01
-1.991635023536035276e-01
-2.057793860130389674e-01
-2.116004511638336916e-01
-2.110376133108048391e-01
-2.223036878614843004e-01
-2.206696553027935881e-01
-2.213225348762038469e-01
-2.268418067519500370e-01
-2.039180963783912282e-01
-2.038741214316799888e-01
-1.881378802649652515e-01
-1.558567305678214832e-01
-1.484609869532417248e-01
-1.237821126790238369e-01
-1.133427489990337655e-01
-1.118493391471903492e-01
-1.004006404268996400e-01
-1.078062723579260584e-01
-1.097332746755405181e-01
-1.110702477814108496e-01
-1.212721239968339720e-01
-1.358599069632319689e-01
-1.459555972182596251e-01
-1.322442958227366683e-01
-1.424709391022363769e-01
-1.314615598677060515e-01
-1.287617071287016635e-01
-1.252787314849031775e-01
-1.199369977967928713e-01
-1.132356147664126123e-01
-1.035363802152261953e-01
-1.011884101672377995e-01
-7.638596932331488676e-02
-7.575834283922697199e-02
-7.377321311599066567e-02
-6.621456409150831834e-02
-7.106503839429953451e-02
-6.801384642860600072e-02
-6.744345584563664342e-02
-6.811572276781124868e-02
-6.719746384346193813e-02
-6.729386760932706824e-02
-6.677184140870782991e-02
-6.891276661020859229e-02
-6.937451850780693152e-02
-7.109980195827159122e-02
-7.390718296762888162e-02
-7.339091103813166761e-02
-7.656328499410391952e-02
-8.171039808863064802e-02
-7.693285670679884947e-02
-9.286825529823639069e-02
-9.327360004409188110e-02
-8.943969550469410557e-02
-1.501356872102978524e-01
-1.506362016049775931e-01
-1.370558565537539075e-01
-1.306812209987739393e-01
-1.266750610561377388e-01
-1.141822459018233399e-01
-1.055360717165641504e-01
-9.533219871353450225e-02
-6.869347256116198341e-02
-4.777287118531096943e-02
7.554198433033372864e-03
3.972314832431308312e-02
3.938544264869497241e-02
5.266657413236804086e-02
4.825715463808771810e-02
5.532825693126734029e-02
6.290572801331684172e-02
6.227389388704868134e-02
7.281963420695575229e-02
6.559774568047904708e-02
5.331428657555827011e-02
1.766566816685284994e-02
-8.631121429703288855e-03
-9.985568500703050077e-02
-1.243850062462334011e-01
-1.297319525243647020e-01
-1.531251053662491535e-01
-1.631822737365692944e-01
-1.661356080000277458e-01
-1.755785725556179566e-01
-1.728192624730357230e-01
-1.746491718915183511e-01
-1.722300780398552389e-01
-1.662058286887801717e-01
-1.650299475279164430e-01
-1.596583354505400343e-01
-1.554848562094491848e-01
-1.532056413240014958e-01
-1.504113134932683893e-01
-1.434924234580107205e-01
-1.403442620049192291e-01
-1.331087354266745348e-01
-1.231239203150105849e-01
-1.194045822742872548e-01
-1.058120082715886257e-01
-1.006755823393475635e-01
-9.963394772119510412e-02
-9.010006330510406114e-02
-9.181745589102764671e-02
-8.792067883043622190e-02
-8.296460074173681032e-02
-8.736859856777114131e-02
-8.098070784077382456e-02
-8.426084009155770937e-02
-9.070477244784215520e-02
-9.128875579902884230e-02
-1.063104041197498323e-01
-1.115390371920881585e-01
-1.188354625901897749e-01
-1.329169679711633689e-01
-1.338910547101510029e-01
-1.317196990179372862e-01
-1.346160025703411478e-01
-1.213525597575740855e-01
-1.154523540371808210e-01
-8.588481714790187349e-02
-7.756745011809954016e-02
-5.846932940656571209e-02
-4.595906303979231666e-02
-5.384602737622382063e-02
-5.482061364944084553e-02
-6.163165439632328768e-02
-6.246958983564560725e-02
-7.462764026588433741e-02
-7.512316242765960939e-02
-6.439220547871785105e-02
-6.429415756633155565e-02
-5.391318370978756547e-02
-5.035127343572771974e-02
-4.856081352136325247e-02
-5.627028322310051456e-02
-5.491729809144571539e-02
-6.721520029429145504e-02
-8.454370024406324124e-02
-9.156278359300137892e-02
-1.240162913538629952e-01
-1.292341053186915889e-01
-1.472635844802347993e-01
-1.580182482816809841e-01
-1.564495264461797097e-01
-1.606913089925104954e-01
-1.562167077888242106e-01
-1.541278666793480245e-01
-1.647474807767332905e-01
-1.572998288914598253e-01
-1.554146376574316868e-01
-1.410209439285670108e-01
-1.361396295390525091e-01
-1.278445132903713866e-01
-1.196734891110753096e-01
-1.195099845336022731e-01
-1.140512131209995977e-01
-1.108981442629940473e-01
-1.166496900387007096e-01
-1.137443238924906869e-01
-1.255826869941446267e-01
-1.337110166907373443e-01
-1.351754311279659282e-01
-1.531456482051798407e-01
-1.394377657129682868e-01
-1.318275607105711122e-01
-1.222400642844667928e-01
-2.562629280429782816e-02
-1.217468533567754585e-02
-2.956618818625417200e-02
2.525001350891507498e-03
-1.218552302148410461e-02
-8.894705199149383762e-03
1.390700340329925448e-02
-1.047312593782736417e-02
1.613046357363134148e-02
1.465501998219769994e-02
-2.742733073959532572e-02
-4.768352735405500392e-03
-5.414811396148760947e-02
-9.388741096906977335e-02
-1.066861198849152897e-01
-1.382838538245992899e-01
-1.699414425821345054e-01
-1.585912499820136823e-01
-1.556735367164916728e-01
-1.664863648818069308e-01
-1.471924347043550019e-01
-1.548828422816921346e-01
-1.499445653137499723e-01
-1.369673605545020378e-01
-1.370382947391596273e-01
-1.220100980772934052e-01
-1.221788570175816740e-01
-1.341098936605202019e-01
-1.199132580543562226e-01
-1.317069234139764955e-01
-1.313339186861658126e-01
-1.260454967900326850e-01
-1.379635371878114025e-01
-1.301009261934862327e-01
-1.371990044204232095e-01
-1.453144909306880450e-01
-1.433950220064170722e-01
-1.565293334755699650e-01
-1.570692261801459044e-01
-1.561036005319188236e-01
-1.636079643915255288e-01
-1.470966289850822173e-01
-1.409960005523143711e-01
-1.405897034603938167e-01
-9.738854016037973294e-02
-9.978275009339471202e-02
-1.158801009248636160e-01
-1.073491701847001933e-01
-1.483756508194869761e-01
-1.424898241645963237e-01
-1.382289057279774414e-01
-1.487339782947475486e-01
-1.239617476238028121e-01
-1.261337190056711632e-01
-1.192398874858213442e-01
-1.259876152570673091e-01
-1.231344076619202699e-01
-1.233846685023028134e-01
-1.291477019041077645e-01
-1.141177384144092949e-01
-1.256300448214852927e-01
-1.273281960207824359e-01
-1.267463012324782645e-01
-1.983003897702127483e-01
-1.992223214361790729e-01
-1.670454179532361860e-01
-1.688759206619532827e-01
-1.442780335018876425e-01
-1.288251111591215414e-01
-1.142135382476726357e-01
-7.973677638442712434e-02
-6.153863770905452363e-02
-5.290476278798294379e-02
-2.057905386693697006e-02
-1.452378934912044658e-02
-1.600303787058248231e-02
-5.071121567156519280e-03
-1.410154953409246265e-02
-1.714676621248209520e-02
-8.131654848415251560e-03
-1.873935349517949489e-03
1.525378713253908516e-02
1.324221055576889870e-02
1.438021723035202287e-03
-2.069108641839136412e-02
-4.060526869755431978e-02
-7.457309093913548625e-02
-9.141787641993974478e-02
-8.856303504873876131e-02
-1.213434458252231340e-01
-1.102630832837286773e-01
-1.269102053322747059e-01
-1.488459983070339332e-01
-1.555081288708110299e-01
-1.857747034018334964e-01
-1.937607174556237599e-01
-2.122059212115534610e-01
-2.247161853797040310e-01
-2.318841992167907096e-01
-2.483237120155874500e-01
-2.440318791607429816e-01
-2.598346333514527373e-01
-2.526613826894509307e-01
-2.386474609399931168e-01
-2.320069494820339862e-01
-2.127477961494382563e-01
-2.035465542694685770e-01
-1.897688955634599661e-01
-1.751284630479190696e-01
-1.676180689258696122e-01
-1.494045683544040215e-01
-1.415816105180757178e-01
-1.347315434531869693e-01
-1.254861509685852305e-01
-1.276587310689507593e-01
-1.222017743586414490e-01
-1.273271906940291465e-01
-1.331961395087766786e-01
-1.375700186703945893e-01
-1.591801875152160650e-01
-1.706049306296379131e-01
-1.862532057375643202e-01
-1.892866275097023765e-01
-1.899987108719631279e-01
-1.928495247305139770e-01
-1.842807657036171776e-01
-1.823658037647661601e-01
-1.732173077136255901e-01
-1.610736206981951968e-01
-1.543645202102805758e-01
-1.356506490385644137e-01
-1.258431915287645253e-01
-1.205333854057817483e-01
-1.075906432883437375e-01
-1.052973274144446275e-01
-9.900034811394449463e-02
-9.252931590243422544e-02
-9.222907497599268367e-02
-8.708682666924859317e-02
-8.556454588923208260e-02
-8.660876101726201759e-02
-8.512175961487664089e-02
-8.917347751621007568e-02
-9.060930321625225436e-02
-9.171917119467096202e-02
-1.022133265015371245e-01
-1.002942702457401969e-01
-8.235512314222358243e-02
-8.389819005129350860e-02
-6.467987614610193337e-02
-6.906966717519003041e-02
-7.075202878324553246e-02
-7.822393400631251492e-02
-1.245056074482720904e-01
-1.382815233724098147e-01
-1.377185013032451721e-01
-1.480043177528917175e-01
-1.386529875119702770e-01
-1.359460612410245128e-01
-1.357849244963419133e-01
-1.294879380005204972e-01
-1.296182731721732817e-01
-1.252754152614954930e-01
-1.233933485838877298e-01
-1.218814886098617128e-01
-1.194335013880597346e-01
-1.162851428759302946e-01
-1.154512706533851879e-01
-1.100130569407865438e-01
-1.047415787417917132e-01
-1.041384678202739444e-01
-8.583276196176248263e-02
-8.512620307582804968e-02
-7.982042195074544322e-02
-7.455063438714636115e-02
-7.248777680426629622e-02
-6.920328117445131988e-02
-6.572244956309754305e-02
-6.067971499529604268e-02
-5.957126284370038716e-02
-4.938714970303444141e-02
-4.956373936805372887e-02
-4.911367368401584749e-02
-4.663156315543247332e-02
-4.785607219037636695e-02
-4.701536392812420001e-02
-4.770966960539153867e-02
-4.921552877764333311e-02
-4.884061554619454487e-02
-5.349825134797495801e-02
-5.337344303653460825e-02
-5.391191653852366039e-02
-5.503347837510589452e-02
-5.488578234586750232e-02
-5.531811945623447968e-02
-5.551414483892835872e-02
-5.552989985138937629e-02
-5.569265288427513449e-02
-5.571855287168051007e-02
-5.575411548304584630e-02
-5.579862291711246841e-02
-5.580431690580885118e-02
-5.582299786020127746e-02
-5.583257449554097224e-02
-5.583447780198551313e-02
-5.584204484064571317e-02
-5.584007108041981471e-02
-5.583896163960530568e-02
-5.584318160846915569e-02
-5.582433755606621556e-02
-5.583081980839449399e-02
-5.582073984009132406e-02
-5.576401133121824949e-02
-5.582184644493427134e-02
-5.569783817879275095e-02
-5.563562525391570202e-02
-5.580051245191589709e-02
-5.518486173873043271e-02
-5.557126880623210891e-02
-5.540827386291154177e-02
-5.362979097976826315e-02
-5.628510350649627153e-02
-5.223196680269685116e-02
-5.033550699868086925e-02
-5.294306955714426360e-02
