-1.121759749217819246e-03
-1.204752056460021026e-03
-3.943064695963005573e-03
-4.143584965599507106e-03
-3.859058627334313683e-03
-4.218150783485216312e-03
-3.229242820804155770e-03
-3.316796747820148581e-03
-3.149083954545209372e-03
-2.893301939843878536e-03
-2.923527528652907024e-03
-2.800293667498679733e-03
-2.750769831641950748e-03
-2.737548436033028932e-03
-2.688950214079097178e-03
-2.679029576491095185e-03
-2.664430211601557207e-03
-2.649461534590358616e-03
-2.645745569763175136e-03
-2.638355221041773641e-03
-2.634238088907802679e-03
-2.633324151004742385e-03
-2.630106934296190004e-03
-2.630513961618712298e-03
-2.632696804841854962e-03
-2.629319075999479033e-03
-2.638605635658018873e-03
-2.639761501526291434e-03
-2.636313066768784449e-03
-2.671342418579452510e-03
-2.645782517641354862e-03
-2.677159418382334122e-03
-2.749821584972117136e-03
-2.626387255310816751e-03
-2.870773066574797833e-03
-2.822269696580767540e-03
-2.518421644656204141e-03
-2.667695540630139056e-03
-2.601855239642878598e-03
-2.807110088511275813e-03
-3.217981852198048207e-03
-2.857903449885215632e-03
-4.382828241629565386e-03
-4.254100499109307078e-03
-4.379898649584356915e-03
-9.909300963205825222e-03
-1.068238047576250405e-02
-1.684995956670308839e-02
-2.153701697356299322e-02
-2.269133363693631028e-02
-3.155711748842636444e-02
-3.581952347678128007e-02
-3.832563214232296428e-02
-5.985524619172424843e-02
-6.274918633472140184e-02
-7.001038199368575521e-02
-8.131311879989137903e-02
-7.844614993085108345e-02
-8.102528539703920951e-02
-7.918868009153727516e-02
-6.845490710325906336e-02
-6.217535419358285326e-02
-4.846801728537182552e-02
-4.104427751432976335e-02
-3.506138665616385930e-02
-2.237321845806476001e-02
-1.552819584496080603e-02
-4.984236422463734530e-03
7.112615137185652678e-03
1.047330599895621855e-02
2.866784326295686303e-02
3.072976160991842953e-02
3.329297147780510557e-02
3.981085239900918060e-02
3.753932631902270889e-02
3.782926550934995191e-02
3.851634265360864839e-02
3.094498142164944787e-02
2.927159636983467372e-02
2.378637531773145422e-02
6.403455311099800172e-03
3.312359691162195148e-03
-1.897783140644446892e-02
-2.824002649235941853e-02
-3.975976428751947650e-02
-6.958390282497907420e-02
-8.070317266284093849e-02
-1.018213542140865846e-01
-1.231464113054239334e-01
-1.306914675208439847e-01
-1.511114071161349659e-01
-1.552691830568423970e-01
-1.604612260399432278e-01
-1.683992471642877797e-01
-1.660337467061081262e-01
-1.690361640914682662e-01
-1.648146936129862294e-01
-1.556591803838425214e-01
-1.500178151614183775e-01
-1.365016207137434989e-01
-1.277510019759272308e-01
-1.191582427994187232e-01
-9.051124807678473383e-02
-9.681469310350176993e-02
-9.087146349051618277e-02
-8.259776019500411626e-02
-9.332688233455865845e-02
-8.275271517656379583e-02
-8.750166313351240288e-02
-8.285956321295483151e-02
-7.754875048744172550e-02
-8.550251167850660139e-02
-7.532665771112295738e-02
-7.161036166756430676e-02
-6.417636351202898881e-02
-4.694958451719601078e-02
-3.910179595525677121e-02
-2.134592939894174035e-02
-4.962231897612062043e-03
1.356927780652482721e-02
2.481836527847709750e-02
3.230778733544458631e-02
3.619388838904395722e-02
4.098302383382929071e-02
4.315998466785110621e-02
4.437225183125105554e-02
4.763585385168526976e-02
4.421734064253508845e-02
4.363443945121772694e-02
3.837032119507273464e-02
2.335958127090323466e-02
1.471664810405471854e-02
8.086361734058886835e-03
1.464540324560975821e-03
8.407667368471439737e-03
4.440144464436020927e-03
9.654657675727167446e-03
1.082762444607541716e-02
1.053316802369825417e-02
1.416254404992463994e-02
1.389863889196108621e-02
2.006104680895084286e-02
2.170071733909986755e-02
2.306302276159978570e-02
2.568042325785434288e-02
2.636275428063072565e-02
2.707895251284341345e-02
2.803942470487498853e-02
2.838585728305901418e-02
2.703948809243728046e-02
2.695234950633482174e-02
2.777805303343296520e-02
2.713793264429661956e-02
2.786850302910588370e-02
2.966484320150063539e-02
3.056145456786684214e-02
3.316989235231741773e-02
4.188712093404465403e-02
4.600096448044523750e-02
4.497530335978873473e-02
3.667198052962312993e-02
3.387598481265702982e-02
2.500360763302384576e-02
2.203845369376197100e-02
1.792815545929314983e-02
1.003352956847441968e-02
1.141949713421172921e-02
3.131488319040590801e-03
-1.029677756829551830e-02
-2.126116597420372664e-02
-3.633846578921576254e-02
-5.119995489243209241e-02
-6.914847609860796940e-02
-7.460947121064065435e-02
-8.571637376109271511e-02
-8.996227260048261787e-02
-9.236450322640946120e-02
-9.913353052559598089e-02
-1.000649053062799970e-01
-1.036870976772225339e-01
-1.091591398648498745e-01
-1.114611055199039025e-01
-1.182803964400353514e-01
-1.237771902913361588e-01
-1.259282984360444724e-01
-1.306576327738139809e-01
-1.316449165228152640e-01
-1.239617291869235111e-01
-1.261192823422678799e-01
-1.186284455116058262e-01
-1.109925830646205785e-01
-1.068149879447108375e-01
-9.241323246844641848e-02
-8.819977347290453018e-02
-7.797490864794412446e-02
-7.090884155896937102e-02
-6.912044019415797269e-02
-6.033670305781719395e-02
-5.759308613161930046e-02
-5.339353769369922093e-02
-4.580435571447387388e-02
-4.499858251087238137e-02
-3.883457256945180291e-02
-3.713112067746781458e-02
-3.779338906059245828e-02
-3.394551707470730428e-02
-3.607201886520183809e-02
-3.495398588142481500e-02
-3.429347014624033185e-02
-3.748669708205532719e-02
-3.587405733304210864e-02
-3.698224708048668263e-02
-3.562529551962675956e-02
-3.469666624540873601e-02
-3.236088899583619560e-02
-2.950364379718001251e-02
-2.760536761202243838e-02
-1.687660218079209407e-02
-1.419755815854797931e-02
-1.427746278270707742e-02
-1.219773515427109885e-02
-1.291269491872127154e-02
-1.065311279873181610e-02
-7.272525429129117827e-03
-7.795866502819008038e-03
-2.448961033304959851e-03
-2.547399935066644878e-03
-9.591899628724170901e-03
-1.640251375035705478e-02
-2.995888329980216092e-02
-4.873851028706860378e-02
-6.795848782563825019e-02
-7.358868958801782767e-02
-9.171959022625431057e-02
-9.858214870148807041e-02
-1.002286675177440356e-01
-1.133079010853660362e-01
-1.099577063819090900e-01
-1.123416687860554763e-01
-1.150988462119996725e-01
-1.048433992607142873e-01
-1.064079755754558099e-01
-9.742517183189888796e-02
-7.472091784313431018e-02
-6.946824436259622926e-02
-4.466528172680977321e-02
-2.989635174340747603e-02
-2.630856143861733110e-02
-1.294289849378192289e-02
-1.367996321739916449e-02
-7.179053984968223646e-03
3.578945028904705061e-03
5.371526904707729470e-03
1.775114066798621701e-02
1.681703166073651376e-02
1.535097364617209539e-02
1.959192617311769288e-02
1.946608698981840482e-02
2.065728227127473435e-02
2.920200410273943517e-02
3.048749969996386588e-02
3.350665205539302138e-02
3.990803892526333108e-02
4.032360532780351892e-02
4.427459620786254602e-02
4.949484398787404316e-02
4.978146902076359404e-02
6.512830500604135930e-02
6.548374440091458970e-02
6.851494787960951682e-02
7.852930419298292941e-02
7.580070519089909808e-02
8.307099245941068633e-02
7.603686677274192063e-02
7.697971416548224366e-02
6.872467447558311404e-02
5.504022896134214138e-02
5.687172377948708502e-02
2.556054189906467947e-02
2.557395945609230656e-02
2.637534893693841212e-02
1.796324691007626997e-02
2.383151751340222002e-02
2.181718417505642410e-02
2.315715372160729105e-02
3.223108640436404826e-02
2.968334029573773195e-02
4.502636743017828652e-02
5.243169093495674005e-02
5.375301558464259943e-02
9.826871323761610100e-02
1.009159393894185491e-01
1.213840464855062418e-01
1.275945265915726101e-01
1.344825819765380626e-01
1.254267128407129117e-01
1.255235787294789462e-01
1.291830698883473239e-01
1.177663629302195258e-01
1.171173104636216433e-01
1.088896420117103359e-01
9.215602861495167386e-02
8.507881048012727598e-02
7.052529625854359052e-02
5.764013133453401577e-02
4.731582113554630431e-02
3.070100908344850638e-02
3.150353530142996350e-02
2.380890369578431837e-02
2.392149108331002860e-02
2.379299798975513525e-02
1.142586565437629306e-02
1.150998298663541766e-02
5.744055400071178090e-03
2.236038912055206024e-04
-3.270918579084758165e-04
-4.002211346589121428e-03
1.016956865282151986e-03
2.550339422672854173e-03
4.668549839141929690e-03
3.951032830198278334e-03
3.404747523941788461e-03
3.058329734559417021e-03
2.836147116731305411e-03
3.346410545861475995e-03
3.140487880279141213e-03
3.808898118534709189e-03
3.598316108806957209e-03
3.553613201060729001e-03
3.638589413201640671e-03
3.746409605920653953e-03
3.950527975498874939e-03
3.786877821286933118e-03
4.802663355800125024e-03
4.317274050507462213e-03
4.222639479360306043e-03
2.524436489791385529e-03
2.396859106151212702e-03
3.333761325760263138e-03
1.964707800897603010e-03
8.375979624990230119e-03
1.001117478016979451e-02
-5.917359915733197894e-04
1.646420051163696762e-03
2.382962458701879185e-03
1.493222347323891214e-03
6.467864292772114096e-03
2.356909770968296496e-03
-1.139074993146904164e-04
-1.089539551245262416e-02
-2.067103402849704979e-02
-3.102717267970267132e-02
-4.515773957225752144e-02
-4.382978933233330765e-02
-5.173055561807357594e-02
-5.927329041702630863e-02
-5.442773440999648660e-02
-6.053242864978833349e-02
-5.333270926286337588e-02
-4.738045204406816924e-02
-4.418430650891665840e-02
-2.964596267252143577e-02
-2.178205810238821247e-02
-4.286245756833626311e-03
2.823759702310029568e-02
3.225643871675676344e-02
5.650193241948149592e-02
6.223156085846918290e-02
6.798526938122310959e-02
8.035601471457820555e-02
7.689671818433545247e-02
8.427965028272449421e-02
8.188424529691402942e-02
7.807812129444109683e-02
7.912454368763810475e-02
7.010972919401096959e-02
6.780461663005692141e-02
6.211145297302346491e-02
5.224647683252302277e-02
4.825931363691556703e-02
3.181363449707221014e-02
2.892823747499686723e-02
2.074032767209008088e-02
3.675736998055767132e-03
1.232175664254119528e-02
8.632306598353678417e-03
6.528557661727496303e-04
3.994920455066559850e-03
-1.155793359585429586e-02
-1.639536807766744236e-02
-1.386055761379011500e-02
-2.098037278484770826e-02
-2.727639608994380030e-02
-3.105674898072351836e-02
-4.031247398488675693e-02
-4.386479208865928098e-02
-4.896499520551390178e-02
-5.449217171407739341e-02
-5.748917765867023189e-02
-6.235289854231696599e-02
-6.647714866454533522e-02
-6.956266536690916547e-02
-7.506438642999928301e-02
-7.861738896643093166e-02
-8.283060425269296589e-02
-9.042050115104637020e-02
-9.267416501634358206e-02
-1.018521976983366301e-01
-1.104490625729030867e-01
-1.119781428648918553e-01
-1.329227563693738401e-01
-1.331412063647011979e-01
-1.372170477510234188e-01
-1.457952431244670111e-01
-1.398489673991098470e-01
-1.455071046628908793e-01
-1.435861243630854323e-01
-1.304520885640708672e-01
-1.288628405776234276e-01
-1.109999119989709543e-01
-1.048703773977761045e-01
-9.310008308115588771e-02
-7.540918536900437230e-02
-7.215090955435135567e-02
-4.519317534186559349e-02
-4.203551060447294901e-02
-3.779627400841303192e-02
-2.778004117673191914e-02
-2.691074479076072112e-02
-2.162008799088237232e-02
-1.584091695303561573e-02
-1.524056798837380468e-02
-7.064753843850106983e-03
-6.732917922275017363e-03
-5.709400759236035044e-03
-3.287940122560098835e-03
-3.419240853435598707e-03
-2.837568799455765858e-03
-2.370285838297997178e-03
-2.303636911383005487e-03
-2.014990068932511532e-03
-1.908122107361637969e-03
-1.835099103111096459e-03
-1.733321763849912482e-03
-1.701177825076293643e-03
-1.659214143131583193e-03
-1.627725703579877090e-03
-1.613183652783327197e-03
-1.595079860526446656e-03
-1.585097457289543410e-03
-1.577900116367561122e-03
-1.571071521275924391e-03
-1.567377633137138427e-03
-1.563980901284536774e-03
-1.561303859310416656e-03
-1.559632929756646705e-03
-1.557672433479418339e-03
-1.556201818778914789e-03
-1.555018177162051330e-03
-1.552457962697869915e-03
-1.551451301857914664e-03
-1.548657669354357690e-03
-1.543408612867392272e-03
-1.543648415500836757e-03
-1.531892513570763149e-03
-1.525076432779533123e-03
-1.524657118661573631e-03
-1.482832177190357989e-03
-1.494770465382005368e-03
-1.458368178360228747e-03
-1.359187963665535372e-03
-1.457149500280805745e-03
-1.198011322098421413e-03
-1.144879590503970930e-03
-1.337568203802836937e-03
-1.899334596874564611e-04
-5.419806845528211785e-05
