-2.130157150663788447e-03
-2.284016583003856821e-03
-5.870470666361309042e-03
-5.975928185053942798e-03
-6.399183236807982206e-03
-6.977603460729342455e-03
-6.367890303136940211e-03
-6.654254612839635881e-03
-6.617252714387404817e-03
-6.522020000806722645e-03
-6.608039592241287709e-03
-6.561525812247288869e-03
-6.563169958509948269e-03
-6.575764456838231742e-03
-6.561274827923947034e-03
-6.567052916433643688e-03
-6.566171779913714326e-03
-6.563546936448086573e-03
-6.565320162077240007e-03
-6.564011745941117706e-03
-6.563478253579824000e-03
-6.563804277006654933e-03
-6.562313071351808316e-03
-6.561660430459356069e-03
-6.561760923863229657e-03
-6.556901954065044377e-03
-6.558173947422569691e-03
-6.554463028910263896e-03
-6.540599118535359718e-03
-6.554194148386477750e-03
-6.520295990477967610e-03
-6.505918990403281379e-03
-6.545807219459507699e-03
-6.378160700984658246e-03
-6.488482595890153470e-03
-6.426623494146941479e-03
-5.847555577005848423e-03
-5.892954208269556710e-03
-5.762654677830735851e-03
-5.762810053401614015e-03
-5.956018686746113525e-03
-5.546423854783095846e-03
-6.494789068139051637e-03
-6.131868860662087993e-03
-5.880495787436033385e-03
-9.977905328318508252e-03
-1.011493031090899587e-02
-1.407654059208457258e-02
-1.626061487544322448e-02
-1.641653768432774219e-02
-2.128714486217251484e-02
-2.250919220264011034e-02
-2.362176475285018146e-02
-3.759346104744368949e-02
-3.956461424511204666e-02
-4.368031073239628248e-02
-5.134035016554233666e-02
-4.984662464721278941e-02
-5.139578014359089814e-02
-4.979525517544270558e-02
-4.256054511332524326e-02
-3.710635619074195701e-02
-2.778496303824024016e-02
-2.453506605362904339e-02
-2.225719684680547983e-02
-1.652394429598285502e-02
-1.479100963641215988e-02
-9.840838098501230799e-03
-4.408355429281952953e-03
-3.467905822107918059e-03
8.050249807653925282e-03
8.047007115316862080e-03
9.074848979677785019e-03
1.234862953020693377e-02
1.125108302256281993e-02
1.165165001668045687e-02
1.260398286182014271e-02
9.612262270647285722e-03
9.662166269743300423e-03
8.779569566328769559e-03
-6.505906206288728823e-04
-2.497433083835207297e-04
-1.068773088072148304e-02
-1.244010420371525344e-02
-1.684000807489335894e-02
-3.271800776975632846e-02
-3.591819294986632605e-02
-4.889804429683905496e-02
-5.768127390910772478e-02
-6.262153806309084247e-02
-7.593153089691140334e-02
-7.722706620750871553e-02
-8.109150268509453252e-02
-8.386791899106776915e-02
-8.254293733751628948e-02
-8.323182381673156771e-02
-7.695629648123196442e-02
-7.124092453181568585e-02
-6.313771383608365872e-02
-5.480457999966681371e-02
-4.868939363448056973e-02
-4.058668854240050916e-02
-2.661043270123898685e-02
-2.910601205923132873e-02
-2.993259937243331753e-02
-2.756516477113013508e-02
-3.475208151492562014e-02
-3.477589280120844950e-02
-3.879032942112121962e-02
-3.750629302943855881e-02
-3.839072363067090599e-02
-4.589528286779442912e-02
-4.283391722813108260e-02
-4.198924410919634143e-02
-3.843645706655654526e-02
-2.930111005217803793e-02
-2.720219949767204576e-02
-1.885310809434783547e-02
-1.016512070699664497e-02
-7.801667006936998912e-04
4.135015103583604065e-03
6.229030751162076100e-03
6.745868793117805289e-03
8.434872589674177051e-03
8.413371855984700873e-03
8.925890011400799268e-03
1.050061656908379132e-02
8.439029724307895580e-03
8.438444920690334541e-03
5.575845794610631914e-03
-3.738024194988422925e-03
-1.035720251749224809e-02
-1.153639439983324827e-02
-1.540722579999207961e-02
-9.114107808591596221e-03
-1.018691483160731256e-02
-7.752913172022857929e-03
-6.386589460310174333e-03
-7.129522264477910175e-03
-5.712601358246615843e-03
-5.783412055353666890e-03
-2.306175821985292917e-03
-1.569905901036230565e-03
-1.073789675855613135e-03
-3.760642256856829745e-05
1.857770520855603726e-04
1.187323896693402394e-04
3.987477797684095874e-04
4.289142736567895780e-04
-1.300879671881479500e-03
-1.680031258223112179e-03
-9.179355374835318970e-04
-1.307739126827601626e-03
-1.024558514954982584e-03
2.114026437114341871e-03
2.361677224913551285e-03
4.998725153320128164e-03
1.256748626730154299e-02
1.675550256623376325e-02
1.634795434208432749e-02
1.038021448905172839e-02
8.997057348406322166e-03
2.689553583514215588e-03
2.079739788084361812e-03
2.278590496234926131e-04
-3.434482601924221824e-03
7.340879341083782336e-04
-1.281530790373029520e-03
-8.835740922458663188e-03
-1.207645060001606707e-02
-2.020356763989700211e-02
-3.096219224766906530e-02
-4.205677252418041356e-02
-4.499984108842088049e-02
-5.161154945871121447e-02
-5.307258872925489646e-02
-5.399942144582635384e-02
-5.759635731796027003e-02
-5.787487437927045508e-02
-5.954333464702910028e-02
-6.380018297332654131e-02
-6.543182608471925787e-02
-7.022582530716528493e-02
-7.457892395018916876e-02
-7.632678844468378243e-02
-7.885668550252288023e-02
-8.003436727183960153e-02
-7.263783005213668431e-02
-7.358611273391091334e-02
-6.887005129285068972e-02
-6.060081774382504449e-02
-5.841936095607412616e-02
-4.923328010871015625e-02
-4.621354478945654404e-02
-4.082205108869242649e-02
-3.651578135677030490e-02
-3.602193607212392235e-02
-3.119283684326177447e-02
-2.970031392558123567e-02
-2.755958227415697404e-02
-2.255602927728748638e-02
-2.244158081297809373e-02
-1.806663657809126286e-02
-1.751092929311947460e-02
-1.870793227215477791e-02
-1.640351937203426980e-02
-1.871454784625458875e-02
-1.844193175207927554e-02
-1.856727542623440308e-02
-2.188427475963376778e-02
-2.139891163997590523e-02
-2.291894425459548024e-02
-2.278183591018254420e-02
-2.277738788455031457e-02
-2.193244641008426990e-02
-2.099937864556276207e-02
-2.006680333437015767e-02
-1.310006085432877110e-02
-1.136442528658422775e-02
-1.231525916169057960e-02
-1.162312424937656484e-02
-1.210511813696406661e-02
-1.027909110638950720e-02
-6.725186913794830787e-03
-6.352537715329634183e-03
-7.842288172263601380e-05
2.540149216203879678e-03
-1.280536058840221628e-03
-2.612558367558064131e-04
-1.008496438838625379e-02
-2.191724678458524533e-02
-3.514627898976822873e-02
-3.883081826347850596e-02
-4.918900391044499221e-02
-5.299634998366310745e-02
-5.174563748673779995e-02
-5.914629046659736905e-02
-5.645449151471713251e-02
-5.652666932312798431e-02
-5.821743728443553451e-02
-5.178554325904700245e-02
-5.291397017453883245e-02
-4.812577569845674641e-02
-3.288523359004096036e-02
-3.012157739187051181e-02
-1.722682332211312659e-02
-9.979803136653375012e-03
-1.228100593987786759e-02
-8.645845487756029235e-03
-1.156472374794918420e-02
-9.100615327016546921e-03
-3.449038247038540856e-03
-2.138790761037655426e-03
4.835359833172686236e-03
2.838529348285521526e-04
-1.541368275581033462e-03
-1.624140356848446020e-03
-3.774642804084068354e-03
-4.146235386217215178e-03
-1.131207211934301664e-03
-1.307507022160557964e-03
-1.709940328069467280e-03
-7.996673480904421035e-04
-1.286425720246666890e-03
-4.530553284701556264e-03
-4.175421677755914232e-03
-5.098105783503135979e-03
-2.708466257915014084e-03
-3.077458955015260379e-03
-5.294379679681732870e-03
-2.899009778231975091e-03
-3.395401325156499530e-03
-1.565389176785574607e-03
-2.056125249231049654e-03
-7.292878641135370306e-04
-2.365990304533169188e-03
-3.108120284358246391e-03
-1.590591671677106219e-03
-1.077565900097548872e-02
-1.062336004602388445e-02
-5.179836293444441651e-03
-6.947397554256613816e-03
-4.228700101514123663e-03
-3.423485283731302758e-03
-3.337588661754658289e-03
1.728489576000823418e-04
-7.941164268765127463e-04
3.294513616828359873e-03
4.858236497584380968e-03
4.425842422033321628e-03
2.280487584425173672e-02
2.391616759502302250e-02
3.126027946858534606e-02
3.316079481419024338e-02
3.719801347349014492e-02
3.439625560292698669e-02
3.644348792688466288e-02
4.083449907108555044e-02
3.567765462989128805e-02
3.724035496540539086e-02
3.272713481883796766e-02
2.211721880204933072e-02
1.716422421745043142e-02
7.629771331951413875e-03
-5.555667358835910015e-04
-8.791408043337559791e-03
-1.879175540150835114e-02
-1.498164655980360055e-02
-1.817024517537896289e-02
-1.319079241432437322e-02
-1.155471726470847296e-02
-1.815312261024035201e-02
-1.566761861802441758e-02
-1.836024543850581225e-02
-1.990412792751087082e-02
-1.859952686211635564e-02
-1.871195812614516105e-02
-1.321685299780436459e-02
-8.786662091121860696e-03
-6.217644484901032123e-03
-6.325311647790857542e-03
-5.865554703802123605e-03
-6.160191048281899069e-03
-6.016846935919478376e-03
-5.372029723187875423e-03
-5.486203862128811309e-03
-4.748802440441515609e-03
-4.914780879344531755e-03
-4.940258130713042276e-03
-4.846730430156878482e-03
-4.822257442493670977e-03
-4.612282188248485910e-03
-4.862813030368277022e-03
-4.071114090124203916e-03
-4.358522975271183347e-03
-5.092130882636885722e-03
-6.379398262393058336e-03
-6.741794581236767656e-03
-6.253024765106864405e-03
-6.983647722811748768e-03
-1.902165845625545647e-03
-2.978817233309493393e-04
-1.008013640199356339e-02
-8.596920042907608972e-03
-6.593638133869055354e-03
-6.878313833159122904e-03
-1.362913922622197493e-03
-2.272033415426024869e-03
-3.922280978283643540e-03
-1.061241954882439012e-02
-1.763868918081961529e-02
-2.657438950194896538e-02
-3.670964732629512089e-02
-3.581919015209372725e-02
-4.201855325380227102e-02
-4.846787909590342946e-02
-4.624618825989140758e-02
-5.131223044868432615e-02
-4.757382266637792678e-02
-4.498656899513301527e-02
-4.414894802327730405e-02
-3.722620859924830744e-02
-3.418208400889480303e-02
-2.445442339506550405e-02
-6.938746790994865070e-03
-8.382698198840384321e-03
2.660666726186969398e-03
3.589791676918712652e-03
4.697112185857378781e-03
9.758540894966359278e-03
7.747584071635919487e-03
1.021927971462346756e-02
9.450889060018027518e-03
7.648063514462135302e-03
7.320882890896595989e-03
4.369862705594949187e-03
3.038058144491359580e-03
5.622776874809679026e-04
-1.985149277821825296e-03
-2.927371723694764498e-03
-6.598306218263888696e-03
-5.033344026200210763e-03
-8.317837908263056579e-03
-1.566643718173058378e-02
-7.729807896880601902e-03
-5.874959717175003322e-03
-1.009318891269191804e-02
-6.640691324763360083e-03
-1.536920154702324515e-02
-1.858031339854162439e-02
-1.331742052110563082e-02
-1.521310404378652982e-02
-1.840807721467711822e-02
-1.882704012568311991e-02
-2.345461229651436136e-02
-2.418869760549859430e-02
-2.554573974405855916e-02
-2.722140081317854857e-02
-2.750189063557311603e-02
-2.859663946419678179e-02
-2.934381967754338266e-02
-2.970222065612754953e-02
-3.103155813044964142e-02
-3.156699934832024601e-02
-3.258952056585518592e-02
-3.517443617040225817e-02
-3.527418831379981745e-02
-3.960804820283484601e-02
-4.352270054295039742e-02
-4.390506047031671188e-02
-5.841891517587120136e-02
-5.838767531904222319e-02
-6.120601676714729211e-02
-6.660033373560096670e-02
-6.419686802868647402e-02
-6.877218751649390172e-02
-6.921716584255241389e-02
-6.280816567190226907e-02
-6.249994762212181254e-02
-5.406923996078991101e-02
-5.209737678706378300e-02
-4.719318375160008738e-02
-4.009312030716771086e-02
-3.910246082996781530e-02
-2.548892818992659973e-02
-2.466438811875504289e-02
-2.358955978699899328e-02
-1.910516497346904236e-02
-1.908438869276770505e-02
-1.676681059155241474e-02
-1.340394395334374399e-02
-1.344730194663126474e-02
-7.619572428733295197e-03
-7.839733728630501192e-03
-7.473593282223914974e-03
-5.999095484593015316e-03
-6.287999908357141954e-03
-6.053826937772287774e-03
-5.874235524920157041e-03
-5.888762607473800939e-03
-5.779231800785012210e-03
-5.753859477916330699e-03
-5.738401908676284136e-03
-5.706367406695138020e-03
-5.702067169864263180e-03
-5.691715514631206542e-03
-5.684095605212011702e-03
-5.682074804414661250e-03
-5.678000219283278922e-03
-5.676257914030107335e-03
-5.675130040738778255e-03
-5.673838030783846451e-03
-5.673343644515064545e-03
-5.672786569353341357e-03
-5.672371488056044200e-03
-5.672133068655316017e-03
-5.671705704509621623e-03
-5.671531584209646426e-03
-5.671095001652897566e-03
-5.670351552967412868e-03
-5.670347036778023396e-03
-5.668445014014119113e-03
-5.667412741794971946e-03
-5.667042213959860852e-03
-5.659617501516157195e-03
-5.661628193784337681e-03
-5.653555034693304865e-03
-5.633810834000880889e-03
-5.651933811502942578e-03
-5.593468479171194788e-03
-5.579844236522427114e-03
-5.618638642812467769e-03
-5.359023769359671542e-03
-5.545079225507338130e-03
-5.346408556668872866e-03
-4.540287925395367595e-03
-4.627269480670982010e-03
