3.241720529215491326e-03
3.754724811276232473e-03
1.639824498536052513e-02
1.593995586160286068e-02
1.876573095261862764e-02
2.155483491715665112e-02
2.094438980974083764e-02
2.251677547026818133e-02
2.290723835397526914e-02
2.303953788740841294e-02
2.358196777004565106e-02
2.363272942256321521e-02
2.379677349617460511e-02
2.394206220796957912e-02
2.397172916487961061e-02
2.405187935125010362e-02
2.408914568609890616e-02
2.411249226782822067e-02
2.414326163688990459e-02
2.415763222229147175e-02
2.417334170095877116e-02
2.418826900301841373e-02
2.420216908957789625e-02
2.421674700779116382e-02
2.423681675956234835e-02
2.426228936436537753e-02
2.428761124167903504e-02
2.434090467345362274e-02
2.439158641493190116e-02
2.446163350765462319e-02
2.460998803250546985e-02
2.469749432476240486e-02
2.494810567574532595e-02
2.528981212313080942e-02
2.545095587820347255e-02
2.634473837360883086e-02
2.667324166570626473e-02
2.685712958456627775e-02
2.700133255577695859e-02
2.816606046767692120e-02
2.754736482132119635e-02
2.838036006898097749e-02
2.963795509114197993e-02
2.466978535903836811e-02
2.655106799819879904e-02
2.587668509551279208e-02
1.084263545407854364e-02
1.111450086936757384e-02
-2.115735177662881467e-03
-8.430434531901251013e-03
-5.343079026066220073e-03
-9.029575632971055532e-03
-3.296397280248897395e-03
1.263562691293128315e-02
1.220982741808073445e-02
1.854943232514221635e-02
2.246641347878736150e-02
1.429015675172378742e-02
1.927036177254646751e-02
8.084250244210651123e-03
-1.363188348146259464e-02
-3.492286560040872012e-02
-1.065986726828648257e-01
-1.680505927393897148e-01
-1.980885440774141082e-01
-2.977692471271266017e-01
-3.201265973947788890e-01
-3.643733456608698740e-01
-4.142532324544164757e-01
-4.167846097570120367e-01
-4.543718153947237659e-01
-4.590157317078546462e-01
-4.607874046098707210e-01
-4.678189323582928605e-01
-4.515790992175109375e-01
-4.440237273136115048e-01
-4.216689175704784742e-01
-4.041814314810803777e-01
-3.789530240896310520e-01
-3.612592937454755515e-01
-3.526445005699612167e-01
-3.354730320726439508e-01
-3.295138251756246639e-01
-3.216628616003061603e-01
-3.112267363885737881e-01
-3.085172922511441040e-01
-2.972807836905598800e-01
-2.774661056360075984e-01
-2.608103534802510559e-01
-2.362048745512945191e-01
-2.128766442283681615e-01
-1.903245316438956780e-01
-1.422481470871605480e-01
-1.043545978819993003e-01
-8.422237377753047372e-02
-2.587994736349182034e-02
-1.848753803321125447e-02
-1.774717996788342800e-02
4.506069331520051562e-03
-3.484136816303824973e-03
-6.833833773240947061e-03
-5.381811582079563602e-03
-2.654947633700259144e-02
-2.606422956494562626e-02
-2.422260034208333773e-02
-3.139193500104786594e-02
-2.545271950843094530e-02
-3.285779597037455368e-02
-3.203501439307097215e-02
-4.009237734179254414e-02
-5.236113992771768144e-02
-5.155739650133048246e-02
-6.903119104110327919e-02
-6.720299900285883754e-02
-7.811640168257988348e-02
-1.068257062547016689e-01
-1.106679912670211208e-01
-1.179290094136296457e-01
-1.175028789729145040e-01
-1.090769685301788416e-01
-1.036724252903034049e-01
-9.742520037123664212e-02
-8.292899262112850278e-02
-8.045011947147000242e-02
-6.804453496447829264e-02
-1.608970901536812409e-02
-1.330253933616280283e-02
2.171368116754622893e-02
2.574053437822508214e-02
1.683146387746932773e-02
2.835973795035456532e-02
1.900059050511745604e-02
2.071115930288866536e-02
1.944297707005545120e-02
-4.558480660484288960e-03
-1.569694602572210482e-02
-2.275675211817229995e-02
-4.508261817852751707e-02
-4.771653319894467865e-02
-5.591623620644320392e-02
-6.012848749447135405e-02
-7.052697426732978947e-02
-6.905886035543734591e-02
-6.904838507366441169e-02
-6.974387196782626253e-02
-5.280176815637024207e-02
-5.411229788561160853e-02
-4.229603797691611211e-02
-3.824636432477067360e-02
-3.691841142896730432e-02
-3.316006715032027846e-02
-3.365552473215192159e-02
-3.216982213789550127e-02
-3.113766303368573074e-02
-3.158029888514402028e-02
-3.018464280162199559e-02
-3.045106721956648485e-02
-3.008435341950434910e-02
-2.953141522665183802e-02
-2.991650168452339442e-02
-2.920167030131125968e-02
-2.952328080514085573e-02
-2.933190502896210194e-02
-2.902870851168614860e-02
-2.963656823395876064e-02
-2.880580529529510811e-02
-3.447365670781340347e-02
-3.474270740340564684e-02
-3.781462733072551291e-02
-4.250574284950570103e-02
-4.225474542326997096e-02
-4.820199707220266389e-02
-5.058420999885118036e-02
-5.291404228789260700e-02
-6.212465720043898465e-02
-6.534979807335834778e-02
-6.850741774557451980e-02
-7.689652137094823980e-02
-7.506916908385227738e-02
-8.027984958756280431e-02
-8.007756329792459216e-02
-7.068218051327879170e-02
-7.438635099529355976e-02
-4.780052925341376352e-02
-4.547419605909859552e-02
-4.187393526738448363e-02
-3.403806600554013656e-02
-3.740663955464538365e-02
-3.378646462005650136e-02
-3.372143560206758428e-02
-1.862573708096434272e-02
-7.384095145808060312e-03
1.015702016525393478e-02
1.100623817517905854e-02
1.786401762923845934e-02
2.196474388660162383e-02
2.224056981256203325e-02
2.505486466335124160e-02
2.265315071346223411e-02
2.341538809722127149e-02
1.990843780239397870e-02
2.044898499482633580e-02
1.433992610436939444e-02
1.258545508948468589e-02
1.728628433865080777e-02
1.496535439609520540e-02
1.516312598884329149e-02
1.639985999662356767e-02
1.598240746163004378e-02
1.827431400723148261e-02
1.830773709380166536e-02
2.132057434156867798e-02
2.160500975537948259e-02
2.065031613615582115e-02
2.060539664495287734e-02
2.060193697324398318e-02
1.802509335362533979e-02
1.707315658163617578e-02
1.682791667667551949e-02
8.505893516086729389e-03
1.137456683869556874e-02
2.630582979298889609e-03
-1.533999301834536137e-02
-1.927452020506289707e-02
-4.944024088973490716e-02
-5.604293665347519215e-02
-5.101786633076457050e-02
-6.257930472700780344e-02
-5.988601426398549449e-02
-5.961874534310134671e-02
-6.215821167366294975e-02
-4.550983328104849651e-02
-1.495860875015780564e-02
7.085416774949568688e-04
-6.054163736951151571e-03
-5.675985955029152694e-03
-2.043532669746828470e-02
-2.027405179716651809e-02
-2.694844146483644370e-02
-3.707708555661363981e-02
-3.526806633561324622e-02
-4.689211198124659113e-02
-4.849496831622008425e-02
-5.359666951166114357e-02
-5.762006713382422651e-02
-6.146612158326102832e-02
-6.879345087240328060e-02
-6.813295179058080631e-02
-7.228719979169936916e-02
-7.680288819511693621e-02
-8.071673428013241558e-02
-8.388908965849431465e-02
-8.966982483199603671e-02
-9.782420202099939566e-02
-1.058740013571398547e-01
-1.140023086049612305e-01
-1.169116236469430747e-01
-1.282610808710774319e-01
-1.263577379966587255e-01
-1.267428801037231989e-01
-1.248814960658789774e-01
-1.167572100802496959e-01
-1.157782122031773275e-01
-1.066423742834232968e-01
-9.896052247342677910e-02
-9.440144873626331312e-02
-7.780724140683387136e-02
-7.073271662883667821e-02
-6.394383857558562367e-02
-4.949433274644291642e-02
-4.749866532937440516e-02
-3.637760794812395365e-02
-2.638210867602597265e-02
-2.648314069167794632e-02
-1.054200468487288996e-02
-1.132146706080900712e-02
-1.163405658184274959e-02
-6.371978462646805778e-03
-3.327009898089528656e-02
-3.542163809910774119e-02
-4.990015754083661215e-02
-7.992445250872554086e-02
-8.045657573968917342e-02
-8.092198961541624547e-02
-8.745389506829397142e-02
-6.129756472778080667e-02
-5.548546737066423207e-02
-3.728162041846935781e-02
-2.354989306580385078e-02
-1.139643220898398784e-02
1.800424395202359458e-03
3.075673577839904086e-03
3.528493163084883873e-03
5.820576369935343691e-03
7.416316875261435215e-04
-7.160081083271890683e-03
-6.365373493688712865e-03
-5.700032621868141892e-03
-4.311187637544031635e-03
8.633705141495032903e-03
1.077287802031942632e-02
1.621267918479130793e-02
1.157242159206074358e-02
9.920724461400274446e-03
6.145276168831017606e-03
-1.006186662072134155e-02
-1.398960427083968672e-02
5.909302638192041705e-03
-1.302376874989875314e-03
1.857969419580253814e-02
2.295403969870921448e-02
1.148006742147036387e-02
1.495499566963337697e-02
-2.504666545225950336e-02
-3.383826157188207090e-02
-5.305913349879685242e-02
-7.932920664005098377e-02
-1.002777632527457607e-01
-1.336504915646923031e-01
-1.200431937514939568e-01
-1.168213823525889178e-01
-1.054399901315518084e-01
-9.728383451902347656e-02
-9.759387725907138489e-02
-8.358161382537594719e-02
-8.625035823645374466e-02
-8.869563501228319713e-02
-8.555072854157153017e-02
-9.621414641778437693e-02
-9.283076864931505412e-02
-7.936530818220671746e-02
-7.823166207980070119e-02
-6.770609870695881716e-02
-6.529395653151037759e-02
-5.365644555939125954e-02
-4.810462210712024983e-02
-6.067535850401228198e-02
-5.988484173493351104e-02
-6.208419573609704617e-02
-7.237529722687524592e-02
-6.975641750416426701e-02
-7.672412212273749255e-02
-8.325757241721166990e-02
-7.944439288796277532e-02
-7.981648493670161215e-02
-7.309147451687614261e-02
-6.238490277598331135e-02
-6.354513075429826796e-02
-5.032775201002145232e-02
-5.470867870960915980e-02
-5.935466990900555712e-02
-5.144918582383965072e-02
-6.596619431136158118e-02
-7.537598934348620217e-02
-8.319001503271236664e-02
-9.239209212614246658e-02
-9.113424141673992507e-02
-9.699887593009423603e-02
-7.729319570665058037e-02
-6.872967042614822053e-02
-6.034523322870044559e-02
-6.518577509050402230e-02
-6.007700114621802867e-02
-6.055709766060898142e-02
-6.373971283411773714e-02
-5.910142271843839279e-02
-5.924947635071454999e-02
-5.685040378871335232e-02
-5.108213616178222671e-02
-5.030685197649619605e-02
-5.650826080533408180e-02
-5.396885417272572621e-02
-5.822255775033342851e-02
-5.571001729692892646e-02
-5.838712364520647763e-02
-6.848427061701006791e-02
-7.235669665094546232e-02
-7.532134413449124988e-02
-8.440700924964474050e-02
-7.789372285138657093e-02
-4.573746774461927983e-02
-4.698062873979435422e-02
-2.500275894715163830e-02
-1.819440607019056494e-02
-1.636254275007630044e-02
-6.985190030606809250e-03
-1.446847661569659188e-02
-1.431115449660872591e-02
-1.324907012849512594e-02
-1.741183287094002011e-02
-1.777815429404221159e-02
-1.859870645733504094e-02
-2.570531705141883977e-02
-2.563153519893503207e-02
-3.155442350842138644e-02
-4.847390182409007375e-02
-4.602503226292122690e-02
-6.817726937681509169e-02
-6.677561229480352689e-02
-8.045072331025328316e-02
-1.110615688971461484e-01
-1.130550682662825046e-01
-1.282730301490048186e-01
-1.216651744995804474e-01
-1.189021533165971894e-01
-1.184317425268157364e-01
-1.038745962876276713e-01
-1.190902100001770686e-01
-1.094101562062417959e-01
-8.676867782878898427e-02
-8.249412583402515597e-02
-2.719610604325549755e-02
-6.965164103839603833e-03
-1.003017446890811133e-02
-1.306732491509391032e-02
-3.365216967296026651e-02
-3.518150984744817383e-02
-5.776358835385877327e-02
-7.078921487968606319e-02
-1.026735082589626674e-01
-1.614244564354659073e-01
-2.102233781650993116e-01
-2.351674871816869516e-01
-2.736942083079662580e-01
-2.795425936062476691e-01
-2.854961127863230308e-01
-2.859717678089292447e-01
-2.728661281798777094e-01
-2.749310181435886680e-01
-2.648938841049110482e-01
-2.533842014932821685e-01
-2.521866554422651507e-01
-2.347848620570649747e-01
-2.254439383488698878e-01
-2.190428008935758342e-01
-1.955164485887291859e-01
-1.952914154746429320e-01
-1.862754710459663399e-01
-1.840151248610999712e-01
-1.869792918573235097e-01
-1.813294063839133163e-01
-1.857282118439257945e-01
-1.857993663764374026e-01
-1.835638952064548024e-01
-1.888562509633654185e-01
-1.838513717559054628e-01
-1.824337070387227477e-01
-1.799575838071390543e-01
-1.718335178770730720e-01
-1.690495012760294680e-01
-1.581992886616069294e-01
-1.496020827424481836e-01
-1.389507790504702633e-01
-1.200208780447633433e-01
-1.056385296257447287e-01
-8.617527195161903131e-02
-7.718000252140808093e-02
-6.893297769282737131e-02
-5.966413761894390211e-02
-5.737469787589467851e-02
-5.100487381714008395e-02
-5.008917740489886306e-02
-4.898023978773029252e-02
-4.831664123352288898e-02
-5.360466818705093145e-02
-5.575629975022947105e-02
-5.684544618771172897e-02
-6.094144882941308905e-02
-6.209444119728136507e-02
-6.414028987513249735e-02
-6.721566504573374401e-02
-6.853792031885755365e-02
-7.040637709628815022e-02
-7.343369471073661614e-02
-7.339502242711405666e-02
-7.444348740687183053e-02
-7.424219926546236914e-02
-6.843889717795682837e-02
-6.639418896775980961e-02
-7.548541358501516252e-02
-7.200172067896096206e-02
-5.054163028966782156e-02
-5.444810409052013717e-02
-3.134423419663265320e-02
-2.878184989007775627e-02
-5.202490374606903029e-02
-5.282056307608654772e-02
-5.386010705194629877e-02
-6.102264445806059034e-02
-3.945466894073466901e-02
-2.964855789599168609e-02
-1.797506821743194427e-02
-1.332240426281413453e-02
-8.031113730986768826e-03
1.572799449856273919e-03
2.861237086312305375e-03
6.659835899373553296e-03
6.723234621164021936e-03
6.111877223488753480e-03
7.104207977863902235e-03
5.788817677247152377e-03
5.862134165178101847e-03
4.715066793084097922e-03
2.883945487890480792e-03
2.896830547707546395e-03
-1.656911566640742852e-03
-1.338292401629049503e-03
-1.335545293023498309e-03
-2.171548651470361305e-03
-8.804698480582435734e-04
-1.443833174899662080e-03
7.482492027459598707e-04
1.891912280684069888e-03
2.108031728461695273e-03
1.039828948832091302e-02
1.088724720730801024e-02
1.279945352525596082e-02
1.519964342922217222e-02
1.572334824047687263e-02
1.715007467490576101e-02
1.796049243087558672e-02
1.958752191768932741e-02
1.994859981456833381e-02
2.148269681349043378e-02
2.138656611798731011e-02
2.148431768559315447e-02
2.185248567997065058e-02
2.177276032146750750e-02
2.190520873932161328e-02
2.197016974649790982e-02
2.196617850672589675e-02
2.202194186104845450e-02
2.202964498073323868e-02
2.204038408414369862e-02
2.205672084611510000e-02
2.205819296386533554e-02
2.206495351880496600e-02
2.206856564753258490e-02
2.206905517992470769e-02
2.207203991370815591e-02
2.207086320315088113e-02
2.207051710426473010e-02
2.207186669263901113e-02
2.206363629718913547e-02
2.206715365442344853e-02
2.206098584238856339e-02
2.203945171922767551e-02
2.206361492424200807e-02
2.200869276298716981e-02
2.199576403032405328e-02
2.205223744971526040e-02
2.181285938710645841e-02
2.199982814427084779e-02
2.188539784214769621e-02
2.129098450508222148e-02
2.232883834655126007e-02
2.069835331849462570e-02
2.048769240742714590e-02
2.140922797133477939e-02
