-2.985082754191354239e-04
-5.036418056175679748e-05
7.795389094924794378e-03
7.876272590157367554e-03
7.960859520049651597e-03
9.149514839023920737e-03
7.793024518355967482e-03
8.201572090219298033e-03
8.134986708996571822e-03
7.866155141140919807e-03
8.011294030153010698e-03
7.906563490086879198e-03
7.884568505041822384e-03
7.904857873982724242e-03
7.867831293300063533e-03
7.873323039852581084e-03
7.870042026553442441e-03
7.862391423596157974e-03
7.865350937178704552e-03
7.863713110273500007e-03
7.864279705375672863e-03
7.867202698639916975e-03
7.870880050269476319e-03
7.875224987882265687e-03
7.885037078162106250e-03
7.897176238006987925e-03
7.909815017157468750e-03
7.944169063613171211e-03
7.969580393608136082e-03
8.017579729841555619e-03
8.120819556195519803e-03
8.160622931865589222e-03
8.371251651448221448e-03
8.601520308489317077e-03
8.694271105946416514e-03
9.519610684998233013e-03
9.561011666573457357e-03
9.748364686707365265e-03
9.504741574089549047e-03
1.009915791171898947e-02
9.731773816932139110e-03
8.692173980932981631e-03
9.860476679205549405e-03
5.165193530817901134e-03
6.510989239571563988e-03
6.235942789008446646e-03
-7.956332175245127425e-03
-7.627846226236580443e-03
-1.947683595679658083e-02
-2.476368399844372514e-02
-2.155848615948990216e-02
-2.503999371424936449e-02
-1.858925478120554073e-02
-6.906085562106028565e-03
-5.115055918011106664e-03
1.702147995149052781e-03
6.007879190896273439e-03
4.828206632001142209e-03
1.320763403120537617e-02
9.675836162409690022e-03
4.855211706224461625e-03
-3.749365140278334684e-03
-5.098363480704698469e-02
-7.944850117884508234e-02
-9.352032156077785818e-02
-1.484790770072977328e-01
-1.572215204270226707e-01
-1.766043907516971212e-01
-2.013937126559774138e-01
-1.983910265057531042e-01
-2.154823635578420604e-01
-2.173515335030017370e-01
-2.156198907684104271e-01
-2.201785229964452473e-01
-2.128565172731987087e-01
-2.084604472549374254e-01
-2.008214542716341144e-01
-1.917488573422549414e-01
-1.790037685467604778e-01
-1.711269995245998099e-01
-1.675388563041605994e-01
-1.603978449413116236e-01
-1.588039313603168134e-01
-1.563056950077713336e-01
-1.532365041940532135e-01
-1.533519346102108771e-01
-1.503712560829541245e-01
-1.382408151007898933e-01
-1.314793511480740196e-01
-1.163484983844038922e-01
-1.074955424767564949e-01
-1.000174503916399504e-01
-7.536323253508320219e-02
-5.859351480486521546e-02
-4.936868258605853904e-02
-1.444904110458421209e-02
-1.132593221987756790e-02
-1.581370245646942369e-02
-1.505693626174972773e-03
-8.933673372775310234e-03
-1.499319651028779496e-02
-1.516705684014223524e-02
-3.462863784962289665e-02
-3.565280443362826845e-02
-3.339271672816063186e-02
-3.906828596341872101e-02
-3.401461415729140070e-02
-3.858960232093695819e-02
-3.745445175090920953e-02
-4.358629073267819565e-02
-5.263125924615198042e-02
-5.158783012127687168e-02
-6.446740097920719559e-02
-6.068579375651570601e-02
-6.916889528158344513e-02
-9.279749600886366689e-02
-9.611594031123923965e-02
-1.023384628105390159e-01
-1.011224486591249250e-01
-9.399604868511256262e-02
-8.948609901661414012e-02
-8.452152340086278859e-02
-7.357385407915439934e-02
-7.374312816433264972e-02
-6.509385020736412064e-02
-2.442474106528058631e-02
-2.247669415095007728e-02
9.705668985286748651e-03
1.160112981916412017e-02
3.754929036923867775e-03
1.327146447986673333e-02
4.980697527563254443e-03
6.980639967405171883e-03
5.989730164363962946e-03
-1.655293582700878910e-02
-2.604137954362450991e-02
-3.210011392575234934e-02
-5.124486098685999275e-02
-5.278034117516362811e-02
-5.888153848918311478e-02
-6.209501413933274372e-02
-7.084036855477661432e-02
-6.953817506530338144e-02
-6.941758492930581725e-02
-7.030430223801406586e-02
-5.584934366951798540e-02
-5.686335017377544543e-02
-4.722563593069399601e-02
-4.393308420969729844e-02
-4.280015642006305965e-02
-3.989547243640140239e-02
-4.048481418838501683e-02
-3.938583793424424440e-02
-3.876238276753517231e-02
-3.926242355946911455e-02
-3.824930435848659244e-02
-3.864525154118992473e-02
-3.845513654966760397e-02
-3.808893791632578935e-02
-3.861118637837866741e-02
-3.803824263880759005e-02
-3.844299913358709131e-02
-3.848998915090559580e-02
-3.810361792388271274e-02
-3.893729158621785091e-02
-3.810956528195055121e-02
-4.305938453519257691e-02
-4.308614639976330457e-02
-4.538258976687350316e-02
-4.880245511500327926e-02
-4.807528879597836036e-02
-5.247557917955100043e-02
-5.362737057973907678e-02
-5.530550226929592528e-02
-6.260492223470381923e-02
-6.539446204569196452e-02
-6.767615630500949109e-02
-7.476924909888704729e-02
-7.344191468714858506e-02
-7.754640076599178533e-02
-7.752889722804269523e-02
-6.988327422786383414e-02
-7.291374217042202732e-02
-5.161482870387672922e-02
-5.015945847954043912e-02
-4.895686909040676549e-02
-4.405186328431671267e-02
-4.824845081490058973e-02
-4.835629275550597933e-02
-5.039251955694021290e-02
-3.987666627349799320e-02
-3.152289407307008740e-02
-1.989130664356394615e-02
-2.143224800759514076e-02
-1.746821851975689788e-02
-1.601629000851748433e-02
-1.662549331623392607e-02
-1.512869597816330659e-02
-1.775970790083428869e-02
-1.683574770201218956e-02
-1.927246266707835498e-02
-1.826167843482079042e-02
-2.123594038200942585e-02
-2.245166274402651124e-02
-1.526940007458400805e-02
-1.647858863789320588e-02
-1.559553384959546166e-02
-1.353646458924539706e-02
-1.315779350585078583e-02
-1.031307347387328335e-02
-9.899235917935273951e-03
-5.091646373809417467e-03
-4.665607489580919642e-03
-4.764559376970459864e-03
-3.974748639227876530e-03
-3.770548215907282372e-03
-5.125017577646858238e-03
-5.351441984964025456e-03
-5.038381859306797356e-03
-1.112771055566553341e-02
-7.889486469028301682e-03
-1.455664694350005881e-02
-3.001410490249629970e-02
-3.342366677147403514e-02
-6.044727492056918561e-02
-6.610828752021677412e-02
-6.132994438229131401e-02
-7.181857817472239724e-02
-6.946793588650129747e-02
-6.981289866093882968e-02
-7.256695968867209190e-02
-5.750818191004139490e-02
-3.012987610132257174e-02
-1.651825902731207663e-02
-2.369517957286353116e-02
-2.437142754662084687e-02
-3.697432858836193631e-02
-3.769475802807743109e-02
-4.280122906699796587e-02
-5.108891709744359244e-02
-4.919712883458882136e-02
-5.673595175059874263e-02
-5.708472024686007257e-02
-5.842999538952663163e-02
-5.917795958769483250e-02
-6.076675191849224139e-02
-6.492294190713318591e-02
-6.279538015986321775e-02
-6.510301529786571839e-02
-6.753396003751552246e-02
-6.974056876725551191e-02
-7.128827489250605387e-02
-7.498466343819673585e-02
-8.197377355403757948e-02
-8.847412232118076481e-02
-9.531923731181324300e-02
-9.814048509509867846e-02
-1.084411676085080128e-01
-1.073267713918841654e-01
-1.087946162882192924e-01
-1.074736648530436739e-01
-1.012009468736809470e-01
-1.015179887774626949e-01
-9.400184982843499959e-02
-8.904769356618127962e-02
-8.575692558357773942e-02
-7.163615323592983919e-02
-6.641776449175711139e-02
-6.068842508689011733e-02
-4.885532775640964720e-02
-4.768604966308713500e-02
-3.820471824891576162e-02
-3.007628390204019481e-02
-3.025392606002673054e-02
-1.618458823647450640e-02
-1.717667367181157853e-02
-1.728320623847743112e-02
-1.322916968158645290e-02
-3.814538823930355149e-02
-4.019474073214297088e-02
-5.419611372132088212e-02
-8.165981288804467775e-02
-8.278834577529003980e-02
-8.277733095918049511e-02
-8.863829118086488656e-02
-6.525455420714521004e-02
-5.940674404423532812e-02
-4.497325133004279052e-02
-3.366267263051012093e-02
-2.310987260080805267e-02
-1.302251934302403776e-02
-1.288428197667706651e-02
-1.147325657899227538e-02
-1.052421680742490762e-02
-1.488375711255637140e-02
-2.357237775841605765e-02
-2.278358147340036818e-02
-2.210992820468131448e-02
-2.137712057593854284e-02
-6.828330471982734656e-03
-4.608106074091093338e-03
5.685249899078531101e-04
-1.948953391390795872e-03
-3.980999124729520805e-03
-8.016475178212967290e-03
-2.644052636357286865e-02
-3.017858945724363404e-02
-1.581122669455807192e-02
-2.154890175845094666e-02
-5.356011097535441461e-03
-7.444001945449956609e-04
-9.907149004627637326e-03
-7.118532327651444502e-03
-3.605126466602917579e-02
-4.260382549901819971e-02
-5.294015854030205415e-02
-7.133886272973306852e-02
-8.933961584878988282e-02
-1.137607318553486152e-01
-1.011655470986419364e-01
-9.551395567850737289e-02
-8.439966882721741670e-02
-7.751585258997845118e-02
-7.646731842887809216e-02
-6.491964799503098515e-02
-6.766575188048057354e-02
-7.027722676635331234e-02
-6.964925086931372800e-02
-7.963964226660971701e-02
-7.818056303128270712e-02
-6.723341019870054946e-02
-6.612858406531664512e-02
-5.891511584028086279e-02
-5.669965727496484309e-02
-4.562280674955884741e-02
-4.183849141664699317e-02
-5.289954869677768179e-02
-5.276349311277888504e-02
-5.520032305622934315e-02
-6.377669728216059375e-02
-6.239966096919662142e-02
-6.828589647146315889e-02
-7.421826466712738712e-02
-7.175558209178434232e-02
-7.136243747242254631e-02
-6.609920495746313129e-02
-5.759645086963374044e-02
-5.817046872817616815e-02
-4.774402107043861782e-02
-5.131953133929378907e-02
-5.512077031855709686e-02
-4.774375463101774436e-02
-6.025310267977124212e-02
-6.922455723991288723e-02
-7.619447108456542384e-02
-8.421243444162299085e-02
-8.348612795938842313e-02
-8.863850922541202659e-02
-7.071873893792754440e-02
-6.241082019504817086e-02
-5.508415470528548602e-02
-6.047240881696167719e-02
-5.568052226330126586e-02
-5.711176120720044824e-02
-6.033101406254805926e-02
-5.647180731073886406e-02
-5.724630499331454653e-02
-5.498959914915794306e-02
-5.023729956589066681e-02
-4.966006093667235666e-02
-5.563957305857324120e-02
-5.374289541481168386e-02
-5.742698895711242230e-02
-5.470293682588893425e-02
-5.750825743049788052e-02
-6.689721844251374228e-02
-7.051749722904457340e-02
-7.437248236390396616e-02
-8.303154332268382343e-02
-7.777906447325848294e-02
-5.174581271017471285e-02
-5.255960078363527965e-02
-3.578543186602611142e-02
-3.101699049085730395e-02
-2.908300951798554676e-02
-2.313611761140569462e-02
-2.884305781847708305e-02
-2.849861247067083173e-02
-2.808958114139736839e-02
-2.853768414078184518e-02
-2.885820729099778520e-02
-2.861269602828018371e-02
-3.295456385432733032e-02
-3.250653981999785530e-02
-3.589884724685261930e-02
-4.941010684596768010e-02
-4.637428376307523026e-02
-6.279982455683122411e-02
-5.958367950397998325e-02
-6.934500124090070550e-02
-9.373466028815335971e-02
-9.570985161113249040e-02
-1.066573015183320955e-01
-1.007745613362639459e-01
-9.746720830425684157e-02
-9.538273647228409646e-02
-8.419466703924925743e-02
-9.812616841716606531e-02
-9.197063719784415170e-02
-7.632835416003243278e-02
-7.196612240223326795e-02
-2.642226810836253992e-02
-7.084518211097083976e-03
-9.893874811352098772e-03
-1.261179840866655938e-02
-2.732850055563438782e-02
-2.767834444983011122e-02
-4.143609223210704268e-02
-4.622887848313898818e-02
-6.824845746857072237e-02
-1.081256162817435945e-01
-1.391635439795065321e-01
-1.521506673693306944e-01
-1.729269688684347550e-01
-1.764470401707022296e-01
-1.736079701089857374e-01
-1.722061599874576965e-01
-1.618697756038270374e-01
-1.612109367948814653e-01
-1.559697288523790859e-01
-1.487933680314785789e-01
-1.488852059331389199e-01
-1.403323850041152676e-01
-1.355376794800096096e-01
-1.336701931453861958e-01
-1.211218783696824536e-01
-1.222295687487651994e-01
-1.189007573466400458e-01
-1.188827158192686251e-01
-1.227282560365141051e-01
-1.211035178602034162e-01
-1.252461496916278949e-01
-1.272519745093368404e-01
-1.272563544636396704e-01
-1.320304597932055457e-01
-1.302333825623769037e-01
-1.300873855048286232e-01
-1.292173631247296728e-01
-1.249495923357284571e-01
-1.235779026309263562e-01
-1.166348788924058133e-01
-1.118761596811169851e-01
-1.039890918499115080e-01
-9.110588236288809372e-02
-8.053591654685232637e-02
-6.451186942376502254e-02
-5.877573160457264662e-02
-5.278121456335130302e-02
-4.613462956134657678e-02
-4.572722783885071335e-02
-4.109953865195348222e-02
-4.173944531132323804e-02
-4.169762742785157461e-02
-4.204987861351271172e-02
-4.791306664870773058e-02
-5.050600702163481753e-02
-5.197554315153959936e-02
-5.615484617172802895e-02
-5.750554247980164957e-02
-5.952341633395043241e-02
-6.262251449407188475e-02
-6.394567072712939448e-02
-6.571271000858250333e-02
-6.887205636308196821e-02
-6.870098863717677418e-02
-6.993405104436239972e-02
-6.990127706371314364e-02
-6.406658105316036245e-02
-6.285385695959645747e-02
-7.215123890453983835e-02
-6.912552929611799624e-02
-5.198579012280377110e-02
-5.509291964307236333e-02
-3.494865079485736520e-02
-3.445126881250137885e-02
-5.518465672173499675e-02
-5.772141541069304715e-02
-6.052349390282103780e-02
-6.704499816200946982e-02
-5.055697171327457745e-02
-4.210158828854211610e-02
-3.323236872973032302e-02
-3.129531950633390042e-02
-2.702731083523995589e-02
-1.967112732648187631e-02
-1.932144893839021771e-02
-1.492322271553262261e-02
-1.557100839119935146e-02
-1.588642270276410459e-02
-1.488410388960942007e-02
-1.573615357210563642e-02
-1.553035718781198803e-02
-1.588745045239041073e-02
-1.666496760169581051e-02
-1.668870303799007554e-02
-1.840097840146385361e-02
-1.815667076369399668e-02
-1.756440951198857611e-02
-1.766894407644368364e-02
-1.662992444993968005e-02
-1.680598246172373966e-02
-1.478388218899749640e-02
-1.378314196832413491e-02
-1.355166942433000919e-02
-5.559909724788177424e-03
-5.143227778906194966e-03
-3.469648329031284947e-03
-1.360006270569290038e-03
-8.524807008718907671e-04
2.862219419321937789e-04
1.172050356464880835e-03
2.835278551804987657e-03
3.051667766441406530e-03
5.492081637540904837e-03
5.301771142910655793e-03
5.572355429613686829e-03
6.101305759631551681e-03
6.005810826969237327e-03
6.213418917813461582e-03
6.297234445384414757e-03
6.301464909611155171e-03
6.375585398064828949e-03
6.385436198493669828e-03
6.401080619877529479e-03
6.420448980200132473e-03
6.422886816487545156e-03
6.430879318683376152e-03
6.435101161935877397e-03
6.436469932359021803e-03
6.439181984252772585e-03
6.439728924073610632e-03
6.439830539923850107e-03
6.440518114398267012e-03
6.438698539983163729e-03
6.437804184081019621e-03
6.437069067832504494e-03
6.429248221804012911e-03
6.430534056988767774e-03
6.420658503952565536e-03
6.400344028567269729e-03
6.414370581440147732e-03
6.352449089948718208e-03
6.337472829321068660e-03
6.358568546698867806e-03
6.103022952764516201e-03
6.268632132866363421e-03
6.024009498324705593e-03
5.291112514353543857e-03
5.413466444759464091e-03
