-1.093537205876547909e-03
-1.300512089755807583e-03
-4.203802247169871782e-03
-4.139575194958621668e-03
-5.268851101072525960e-03
-5.974634017818523067e-03
-5.878939407010693070e-03
-6.461145629888195158e-03
-6.568040532852360142e-03
-6.680932089708685462e-03
-6.892248702986445222e-03
-6.922173109650861522e-03
-7.015633327380197889e-03
-7.079518151560105534e-03
-7.103762857570958267e-03
-7.148810769151778093e-03
-7.167840700502230850e-03
-7.183354067171410229e-03
-7.199150254398787273e-03
-7.202988558204509104e-03
-7.207901425617795413e-03
-7.207873326256688390e-03
-7.200683085823909001e-03
-7.196533843182629370e-03
-7.179436241248361543e-03
-7.159482657571943943e-03
-7.143774876592571405e-03
-7.089932348578877747e-03
-7.062667154079394112e-03
-7.006485319824853897e-03
-6.879899967983764408e-03
-6.872974089798705374e-03
-6.647430636066777553e-03
-6.463190588718298671e-03
-6.474706133749123099e-03
-5.723106781475682282e-03
-5.880921289729766979e-03
-5.653546954238580259e-03
-5.767256513207703016e-03
-5.923555570069972617e-03
-5.841086381788686277e-03
-6.872285234894703193e-03
-6.415965089437164308e-03
-6.936075994599896245e-03
-6.290473902576393384e-03
-5.942724646844393943e-03
-7.410679296390981080e-03
-6.734349066797514285e-03
-7.064667275153480031e-03
-7.224247221444149089e-03
-4.365930180278568620e-03
-3.085653850268755410e-03
-9.269813636774424433e-04
6.863652052890422545e-03
1.131502524780681786e-02
1.495054954396253348e-02
2.499275321465253136e-02
2.807227732965131978e-02
3.883046435918244277e-02
4.497437933598903009e-02
5.307939319923456883e-02
6.636182911351726221e-02
7.287964252386693043e-02
9.677522322520518139e-02
1.042947828272055982e-01
1.178384831662987881e-01
1.267444490502331322e-01
1.256239253192338590e-01
1.297162166862630972e-01
1.274687683370295255e-01
1.242096354153920668e-01
1.242205596036724952e-01
1.178557180302952923e-01
1.145552368925067399e-01
1.104760531983937782e-01
1.010302644185117338e-01
9.726180597737622835e-02
8.918908713129207466e-02
8.110736912406328603e-02
7.526282873844408750e-02
6.496243977724817931e-02
5.842862323149470433e-02
5.011418535897139981e-02
4.141592659323049819e-02
2.995704255620399575e-02
1.935720449746140479e-02
1.404583497434102810e-02
2.941073428190613820e-03
9.167644056328251058e-04
1.200941111797784023e-04
-4.500972097016961958e-03
-3.267120921358115763e-03
-3.251059099400881343e-03
-3.753123645980959398e-03
2.864333922204101868e-03
2.634488941857420115e-03
3.389869960239403832e-03
5.036160247624518575e-03
2.576006982569823724e-03
5.095422001795323931e-03
5.232559771324723184e-03
5.336138620018525056e-03
7.292512738128528044e-03
5.819052637113003752e-03
1.734050552137942573e-03
-2.606809355039676340e-03
-1.211231834187314477e-02
-1.594028802728858496e-02
-2.541718384779115270e-02
-3.560835900751710414e-02
-3.819887824425674538e-02
-4.500758025247465766e-02
-4.916537003032404873e-02
-5.205304243514313756e-02
-6.471525808182954087e-02
-6.816180199056597055e-02
-7.550275019130281429e-02
-8.473945438654073570e-02
-8.645507448790989979e-02
-9.714058610341211319e-02
-1.008815966666773700e-01
-1.003720346313142220e-01
-1.021309539002105693e-01
-9.833250924468245335e-02
-9.155203894753279059e-02
-9.027523174458496058e-02
-7.886845921603287402e-02
-7.080126755856663845e-02
-6.784827167317132590e-02
-5.197205839867954924e-02
-4.949303844658931029e-02
-4.378430234776828356e-02
-3.597049014795217908e-02
-3.462237329423949184e-02
-2.822230402814402545e-02
-2.568633245745551713e-02
-2.384891141050147698e-02
-2.014545936523429864e-02
-1.899623213035329244e-02
-1.718226172955868505e-02
-1.498152028565254666e-02
-1.377974368847859066e-02
-1.176953612360947740e-02
-1.005489750487720962e-02
-8.883976487784083984e-03
-7.786473312557541833e-03
-7.046366526996118707e-03
-6.512078116322657373e-03
-5.995170372674562403e-03
-5.400873223081839938e-03
-5.596237007521764895e-03
-5.997871979056270189e-03
-6.894972342839981311e-03
-7.189193598366828281e-03
-7.398763120745166511e-03
-6.875223342380496969e-03
-5.273227275191782679e-03
-4.660526988784340768e-03
-3.204881011739312349e-03
-2.602433541660103839e-03
2.663279337420868106e-06
5.347930593195622702e-04
7.497766942159252634e-04
2.003040456762636163e-03
1.791236861305904073e-03
3.055102627254717863e-03
2.945719164640492500e-03
3.340589834305006736e-03
5.453725244686050480e-03
4.381399307964232472e-03
5.459031271710899913e-03
3.276064284025648025e-03
2.223027125366640929e-03
1.250489266216827473e-03
-5.503664207872785950e-03
-6.046260559821710172e-03
-8.634218705863601004e-03
-8.438582511782369983e-03
-9.214387873070554319e-03
-6.353247138318145366e-03
7.830222865242366000e-04
2.359544446254415676e-03
5.787149012628643903e-03
5.292843160838258711e-03
3.900780262818494357e-03
4.060738171473402686e-03
-4.401859908419385008e-03
-6.343697640949452071e-03
-1.301670904286823111e-02
-1.833411124890518829e-02
-2.088245720468849542e-02
-2.911639212997716580e-02
-2.999827375814335950e-02
-3.446148235693500400e-02
-3.477784311730047762e-02
-3.361634363846117968e-02
-3.487315440313755455e-02
-3.245413098206901409e-02
-3.259167286570421179e-02
-3.327134032834135058e-02
-3.211653805707358894e-02
-3.298528737726993953e-02
-3.282814992977683977e-02
-3.270192199536021971e-02
-3.321594265211834374e-02
-3.323058602227305092e-02
-3.341572085793893809e-02
-3.390363016184989170e-02
-3.447475857950089984e-02
-3.504091386808570741e-02
-3.463351942874474954e-02
-3.471909338959979635e-02
-3.465867052670741633e-02
-3.399798746726792609e-02
-3.327049674838380988e-02
-3.176656783993795502e-02
-3.021501711623779049e-02
-2.819071104360178909e-02
-2.613995392081534114e-02
-2.428187670565699896e-02
-2.048326200972758887e-02
-1.836735129318833176e-02
-1.603729986836925636e-02
-1.336834072473779347e-02
-1.192533491153102525e-02
-1.020895661687002895e-02
-9.982091679274822382e-03
-1.039715682163291736e-02
-9.543928949773423237e-03
-1.033228942418145009e-02
-7.246217209676938248e-03
1.147145870795632239e-03
2.821286971660034656e-03
8.995451502356163406e-03
1.208199211186432309e-02
1.177922000935099564e-02
1.555989636465359913e-02
1.526926325638725684e-02
1.368028754407450004e-02
1.346395468344561627e-02
1.136095540335354051e-02
9.955660876203548809e-03
8.270323821234316225e-03
7.957056478058978366e-03
6.173772482274343838e-03
7.800928441489098260e-03
7.691520757752973517e-03
1.004674928206595458e-02
1.204647110837849845e-02
1.242731698396288241e-02
1.394595633885833963e-02
1.374426097234009159e-02
1.406435891362614252e-02
1.314522065601144221e-02
1.271809493762460913e-02
1.270906753871293982e-02
1.248776279918898530e-02
1.206417400541008253e-02
8.514210349199833466e-03
5.335060113778607171e-03
7.340924348458469084e-03
6.585655699839402730e-03
7.622958343247050565e-03
7.743573244678140718e-03
5.528100953298995500e-03
6.229375532077504989e-03
7.273702580253700069e-03
5.833772276068288978e-03
-3.352348981180792108e-04
-4.849871082670913040e-03
-9.423637888464279910e-03
-1.739224260028553529e-02
-1.839318840217918360e-02
-2.127666309650970769e-02
-2.263235382916908844e-02
-2.274105681367395021e-02
-2.877404469541300358e-02
-2.863213642031304379e-02
-3.040318666975485445e-02
-3.237577484184613053e-02
-3.012108036426821428e-02
-3.078447214769200815e-02
-2.966190506437230839e-02
-2.783236516218139806e-02
-2.731137176840840036e-02
-2.491875302924820984e-02
-2.307114192992822110e-02
-2.160461049382142451e-02
-1.696271835007506432e-02
-1.483572986951827745e-02
-1.017302394511399553e-02
-2.981922897626760379e-03
3.789464571911121526e-03
7.908534977116771225e-03
1.149344580440586974e-02
1.610924499919301131e-02
1.466644668524302343e-02
2.079067356635708186e-02
2.285203735176363077e-02
2.610455804701578356e-02
3.069657261859802186e-02
2.851151963448009946e-02
3.130422563255357699e-02
3.138016976528083812e-02
2.924458459787158959e-02
3.075773065123561800e-02
2.773638091551458920e-02
2.502316394839926295e-02
2.329112925533364381e-02
1.935311078374746599e-02
1.781350539797919505e-02
1.219507305347997117e-02
9.873856192217315281e-03
6.283594846217172708e-03
1.987565112086869899e-03
5.851168623245211423e-04
-2.540669613271448121e-03
-2.735262772938780278e-03
-2.050660027712085821e-03
-2.389696678581319789e-03
-1.082260796044377587e-03
-1.095486781405961320e-03
1.513598220044716069e-03
1.775212606862990820e-03
1.742588779387386653e-03
2.965274062753331993e-03
2.553795549579213064e-03
3.813618091891607127e-03
3.611319868776817835e-03
3.966840372119226181e-03
6.194917110801209659e-03
4.912950870367666090e-03
6.295413239214773561e-03
4.003830621692541954e-03
2.825234101579742699e-03
2.712090477230868872e-03
-5.035032613529209257e-03
-4.667854346720989520e-03
-6.501453633449835040e-03
-8.694486787955906654e-03
-6.983330659172320293e-03
-8.371310968223116128e-03
-6.839475027605666259e-03
-4.593928397952407733e-03
-1.910890389977694176e-03
-1.747019283571958279e-03
-4.115239046317428762e-03
-5.304763759110450380e-03
-8.412982129006121162e-03
-8.100037566041351847e-03
-1.060308812666780481e-02
-8.078533827712959525e-03
-7.307264138923900108e-03
-4.982607168737893458e-03
-1.021601128273236453e-03
2.122290580814615354e-03
8.428400882157446872e-03
1.451518463357861187e-02
1.559673569000705716e-02
2.185254571080546757e-02
2.347349413583182942e-02
2.216629254470512886e-02
2.641076861907331458e-02
2.337394090053141957e-02
2.219268678783767670e-02
2.701204367721053018e-02
2.167370593610655136e-02
2.486086822911626193e-02
3.160846174679558113e-02
3.164956755976521680e-02
3.565332600813147373e-02
3.575920786386364847e-02
3.402888669922360387e-02
3.798249894266064047e-02
3.524050302255472139e-02
3.634854108907333015e-02
3.754807552013009891e-02
2.774344887463577394e-02
2.630425404945018267e-02
2.268254644266455219e-02
1.728802247156369792e-02
1.910377183793507405e-02
1.822161659536144715e-02
2.398940299220235842e-02
2.614867338299110486e-02
2.519343732263456398e-02
2.555607560450910004e-02
2.525949165996168450e-02
2.455508392341281335e-02
2.442304142587411672e-02
2.455927668122518184e-02
2.180710145732474639e-02
2.364557765241764517e-02
2.131173625281456568e-02
1.702444708839878640e-02
2.264392690345873663e-02
1.741601802480357078e-02
1.087170214039574236e-02
1.155208506058563907e-02
5.045901088651114433e-03
-5.287841274325978105e-04
-4.616107463736321415e-03
-5.158642476954277897e-03
1.668087079605475162e-03
2.171489824392674323e-03
5.549306087462860249e-03
7.062300137330073183e-03
4.257843316890609110e-03
4.837962626357348271e-03
1.930454538396534237e-03
-4.807684969910962745e-03
-6.944396454786481293e-03
-7.776938065122067194e-03
-7.246797476537186582e-03
-7.551267804483534872e-03
-6.647271071680308993e-03
-5.505363705781695337e-03
-4.505467885020166506e-03
-2.247837693346394113e-03
-8.701807067819410449e-04
1.780485154496509823e-03
2.644273364478606520e-03
2.257211964183219229e-03
1.775959754075169626e-03
1.443186495206204767e-03
1.709504090838510036e-03
1.571658157003863986e-03
1.952599879662729769e-03
1.958540267518931420e-03
2.460772375470434651e-03
2.617588376252861452e-03
1.651838673044295084e-03
1.693619516394078046e-03
7.178290752446384428e-04
-4.728048347049981629e-04
-9.165472099653352439e-04
-2.306980586162734378e-03
-5.585056182319237100e-04
-7.992701937038320910e-04
-7.285562014096879681e-04
-2.792877543509467500e-03
-3.939195920378564530e-03
-2.843384074026506728e-03
-3.083195494019314552e-03
-3.539499261573498742e-03
-3.096770848279620150e-03
-9.151242676741121662e-04
-2.362264821180243475e-04
1.819273099827415372e-03
2.597050637598543026e-03
4.952898463023824860e-03
5.634644587939675528e-03
2.563475532752724270e-03
-5.857618540032006943e-04
-2.340482362795123436e-03
-3.135432837192774370e-03
-5.245864734199313581e-03
-4.783507394463031026e-03
-6.254099617854921682e-03
-6.580046476980624254e-03
-4.057003611014636454e-03
-3.947976991444955390e-03
-2.995487872007478181e-03
-1.938365504200847793e-03
-1.588319731310028956e-03
-9.576325435412299646e-04
5.200652841924586307e-05
2.194696460308103586e-04
7.723157121195049464e-04
7.639678742235041882e-04
4.483117174835832990e-04
6.114331212163459737e-04
3.964649666019524139e-04
2.905228201500407439e-04
2.439277422762845297e-04
-7.685028610367051062e-05
-1.552253757915105046e-04
-4.843625877275174870e-04
-1.048229428567250612e-03
-1.045059448613275309e-03
-2.192728734887949664e-03
-2.138889796129055630e-03
-2.278012706685007653e-03
-2.775053339806732213e-03
-2.762398315687906915e-03
-2.969848196878355391e-03
-3.098248470955924060e-03
-3.127643625212876092e-03
-3.228084280851209898e-03
-3.260587430230954716e-03
-3.291893250410239582e-03
-3.328546139092230724e-03
-3.340249242392228680e-03
-3.357868353861295264e-03
-3.368565155563505234e-03
-3.372780168285088691e-03
-3.379169167793251525e-03
-3.377739660891964247e-03
-3.376526900080211238e-03
-3.374340865842314924e-03
-3.359932500377141567e-03
-3.356964511222513148e-03
-3.336534448035988892e-03
-3.304178805365412877e-03
-3.305888371146825395e-03
-3.223099372042863200e-03
-3.194231270730943806e-03
-3.175150736874695224e-03
-2.929625464298870122e-03
-3.033945440732002240e-03
-2.752905747945471986e-03
-2.290306984217764345e-03
-2.579070262034744744e-03
