3.798543445605514221e-04
4.894048868931530263e-04
3.419846608418980818e-03
3.537099149821603186e-03
4.214048939758680348e-03
4.689247891773743078e-03
4.086993928467766782e-03
4.410383497848708798e-03
4.338662107619380495e-03
4.259177607000849165e-03
4.345389005899214126e-03
4.292612419614080799e-03
4.299816563784458930e-03
4.310251905707150090e-03
4.295731863630853145e-03
4.302763961351569778e-03
4.301324694394009773e-03
4.299482543029283302e-03
4.301781358567848337e-03
4.301297439213584706e-03
4.302061393591098334e-03
4.303764303814816040e-03
4.305551799672523855e-03
4.307457181773209111e-03
4.312870836048598305e-03
4.317449210541883520e-03
4.323838018875513986e-03
4.341787659017995286e-03
4.348347596745840912e-03
4.378323907613660380e-03
4.424288556332030969e-03
4.430711940567457624e-03
4.566389404931552390e-03
4.628772706567371199e-03
4.693148643298709725e-03
5.195299628011398538e-03
5.186413029636299452e-03
5.201590045089266381e-03
5.185322647460805477e-03
5.181557550527500153e-03
5.205805761254399776e-03
4.588612828982975740e-03
4.354693163263133673e-03
5.123068015392221938e-03
5.191136657397052434e-03
4.996710755919432645e-03
7.745417303097280014e-03
6.419122358373319064e-03
7.912666365256816603e-03
7.177132370056535024e-03
7.750732795314208348e-03
8.279833761911818690e-03
9.080306171053285913e-03
9.404187094835553956e-03
1.051270217395837772e-02
1.062313166461642533e-02
1.074427346822615613e-02
1.134490376648725728e-02
1.181181825416970435e-02
1.231732246429451637e-02
1.356208850876308887e-02
1.499097248681254685e-02
1.740285116747695288e-02
2.034765541734002980e-02
2.024132970610786203e-02
2.880091070499447153e-02
2.854318560399765267e-02
2.511622318630875664e-02
2.381412572174070735e-02
2.208422933348179809e-02
1.901867843209484321e-02
1.899913681139753924e-02
1.818952563405049072e-02
1.746836590647552964e-02
1.769230227977404771e-02
1.639837665271713651e-02
1.617123556783426827e-02
1.245013593835885349e-02
1.024521568753451392e-02
7.139117322176331132e-03
2.499516309671205583e-03
-5.568918701915137950e-04
-7.080323696947065509e-03
-1.271994630842935084e-02
-1.121192725573341362e-02
-1.393650529080218622e-02
-1.010388535723919998e-02
-7.405731088129285586e-03
-8.434572739477124922e-03
-7.289407587324906942e-03
-9.201878373513716625e-03
-1.054446593066058618e-02
-6.721546987494881990e-03
-5.673303961771311230e-03
-3.613448706011003139e-03
-5.150755786603921022e-04
-3.801177277832254149e-04
-4.054906280394569157e-04
-6.304043114896793094e-04
-3.283069852067038892e-03
-3.629268407340642717e-03
-5.524392752994036412e-03
-7.068586129618494723e-03
-8.440534915250741052e-03
-1.007179874112466324e-02
-1.102256195407936429e-02
-1.011367554290206958e-02
-3.067402188138609181e-03
-2.922266219708759185e-03
2.074751466741320619e-03
4.658347312797034984e-03
3.807392682245847211e-03
8.389184293499820852e-03
5.684131118266649331e-03
7.478014714649322200e-03
7.648588382784498110e-03
5.893855372722273979e-03
4.516863024254814604e-03
-5.043290897032946807e-04
-5.003026212199900707e-03
-2.091269009525420150e-03
-9.608982247877102161e-04
4.202785283034134872e-03
7.977447870726482593e-03
1.034894042327724750e-02
8.911401138156182025e-03
7.957012275394328288e-03
5.938495447243883653e-03
5.791783812139874449e-03
3.914872884645802589e-03
3.554338068177495535e-03
2.816473717992172120e-03
2.448265391889372766e-03
7.814686462018223100e-04
7.347676999852883681e-04
-1.351718405125361009e-04
-2.658987547685153006e-04
-4.598788668707854852e-04
-4.222077881238051143e-04
1.222556774165958413e-04
-3.302070906033071967e-04
1.346828621553972571e-03
4.110418767406349635e-04
-2.176146212618368121e-03
-2.986303435584211977e-03
-1.451947936715027466e-03
8.168932215692609883e-03
1.683497642912706524e-02
2.276753338779439334e-02
2.951560953221397249e-02
3.561421888668969693e-02
3.766245547556404394e-02
4.148850951458032954e-02
4.074992157646474544e-02
3.998837205781134024e-02
3.833210008132729302e-02
3.493741289642708636e-02
3.503050208171532010e-02
3.172599160178082855e-02
3.255558605758372692e-02
3.287194285560246509e-02
3.152195756439202246e-02
3.351460322106644685e-02
3.133974067255244911e-02
3.116565896221203807e-02
2.978472374961050467e-02
2.467358636778742634e-02
1.999332211262439679e-02
1.404824553502279083e-02
8.366350476725729901e-03
-1.850835477234612182e-03
-5.799942529395292999e-03
-1.294184063433985801e-02
-1.385082142760686412e-02
-1.380666833274344328e-02
-1.224045200061318200e-02
-1.067697816921375428e-02
-1.011681592860008520e-02
-7.947078027434949926e-03
-9.141043131382449796e-03
-1.044903479866736429e-02
-1.221166377928879776e-02
-1.150529784906848506e-02
-8.598863858964380519e-03
-9.931322646419073891e-03
-1.121613485978786504e-02
-1.386983504261539782e-02
-1.489433881153284442e-02
-1.332999607422640474e-02
-1.287429800426910520e-02
-1.059993480102707115e-02
-8.271578144333099208e-03
-5.739355100165359318e-03
-3.225787766374121207e-03
-1.793705436903289627e-03
1.040333086741176364e-03
-1.551039335078212072e-03
-5.290612926335607272e-03
-8.102079231717875668e-03
-1.618736139256597012e-02
-1.513503451880420306e-02
-2.465347691101055227e-02
-2.315934094603389060e-02
-9.707425824882522092e-03
-5.409748460566157074e-03
-2.714785154101357050e-03
1.332072974829835894e-03
4.225656700110334667e-03
1.400477625782414401e-03
7.075748032656290626e-03
5.835914290892855148e-03
4.286289182670357557e-03
4.277767684097052471e-03
-1.360409221415463362e-03
-5.253675265318563312e-03
-1.074349362999942048e-02
-1.201461235474302752e-02
-1.138527859281462419e-02
-7.449764665268043123e-03
1.727472469688036156e-03
3.196530294185770740e-03
9.332648258791617288e-03
9.832152404801564050e-03
8.221689490106058942e-03
9.519214825051053319e-03
9.215094007531040091e-03
8.626615066160137069e-03
9.135563221153501084e-03
8.689584807797979746e-03
5.123627977502484727e-03
4.461825297528748159e-03
2.645347360051063766e-03
4.633797234495435268e-04
5.933959296336541612e-04
-8.345602831575005178e-04
-1.842952203363629020e-03
-1.262997002657294168e-03
-4.172597381619116627e-03
-1.042849838845390578e-02
-9.185108894894045140e-03
-1.823455359467099357e-02
-1.126830924879993617e-02
-1.036902590864277607e-02
-8.425034463054514519e-03
-5.610019041632244470e-03
-6.560547858264103790e-03
-5.485183183773525289e-03
-5.290153950340716407e-03
-7.304157142024442911e-03
-1.224390712040916360e-02
-1.253965041598498198e-02
-1.246531834412094482e-02
-1.068204930272651648e-02
-1.815956986676607468e-03
-1.412235151597731730e-03
8.220345726673378151e-03
7.746686044258809314e-03
7.168975843812565134e-03
9.885521336656166030e-03
3.192485702439793512e-03
2.363180502290057952e-03
3.925654409338058884e-03
2.045755158034792947e-03
4.457634943675211139e-03
6.836427284566785889e-03
7.445315650448503311e-03
6.283607945127288145e-03
6.941038949967209999e-03
5.913963730617960608e-03
7.006420245398655572e-03
8.664994214553224661e-03
8.408448353411888954e-03
9.104924569805038573e-03
9.782931911546315779e-03
8.981941758453074881e-03
9.642214225716832024e-03
9.765032691476577265e-03
6.779018223706953505e-03
6.966013953208235500e-03
4.487518630729515727e-03
2.126569283786806149e-03
4.563446477564519696e-03
4.802770774300505266e-03
2.200487677018719834e-03
4.857845204722945585e-03
4.262048097547734699e-03
7.608112543656632074e-03
7.714064589316480675e-03
5.574229559202352816e-03
6.179635770020679326e-03
4.119779406082533547e-03
2.244117705701914774e-03
5.199189230929181487e-04
-2.587704041614339277e-03
-5.941480078271286006e-03
-6.336241648543045057e-03
-9.163408337493541417e-03
-7.466430958468495138e-03
3.445992460647207597e-03
1.096628347905408835e-02
1.494888079510187096e-02
2.460689853839016783e-02
2.450614602478630444e-02
2.346948807786340685e-02
2.556269898730925000e-02
1.818579856619299134e-02
1.544285542240942874e-02
1.300317356444957023e-02
4.592020074427659825e-03
2.141995653304131983e-03
5.318717703219722620e-03
2.603840194566668393e-03
6.722536720904739860e-03
7.262534279635254365e-03
7.271630955451396233e-03
8.847214373138512222e-03
7.376876008919244776e-03
8.840264147687413102e-03
9.155241872154181934e-03
9.115947196940001745e-03
1.325827730954145731e-02
1.274504023643212129e-02
1.529744206123020457e-02
1.651136575355829222e-02
1.491092494416354497e-02
1.586695271601010551e-02
9.868897924784562903e-03
7.427911045324743673e-03
1.001606819915900302e-02
7.485111862095920714e-03
5.214115249974130874e-03
3.374408728259299835e-03
1.908839808248692649e-03
-1.035540828260720692e-04
-4.149969731067499820e-03
-5.439323195331445711e-03
-9.180040998263316182e-03
-1.283875651094442891e-02
-1.084201294382010003e-02
-1.146396534680895786e-02
-9.516202344486185752e-03
-5.536368355318828892e-03
-4.265945107535976805e-03
-2.991880407303347880e-03
-1.573489762103398798e-03
4.748715829808899253e-03
5.053338192659111855e-03
5.656010988552089523e-03
6.564468393567319746e-03
6.486234124107720204e-03
6.542013803057175614e-03
5.986499375062864607e-03
7.229654273245282592e-03
8.499040500786531407e-03
9.407005965982449813e-03
9.304932928534404013e-03
9.181169369574087788e-03
8.151737122488754428e-03
7.393574006143349697e-03
3.156452199413119827e-03
-1.613864068741313867e-03
-7.068589334470884271e-03
-8.596529630796663490e-03
-9.698620255156149492e-03
-1.082949201812648775e-02
-7.460640285321111509e-03
-6.796822930982274018e-03
-7.537566615884371164e-03
-3.201488910271841140e-03
-3.712094289811962607e-03
-6.057834623761150158e-03
-6.395170928739927346e-03
-6.124686751595122790e-03
-6.302906092972779262e-03
-4.804795187034829190e-03
-4.055764334307089720e-03
-1.263530791707686077e-03
4.799590751182827592e-04
4.447726277456116178e-03
7.104647478712751256e-03
7.231759494563580123e-03
9.840554771980817433e-03
1.076475092182799069e-02
1.152117063083861817e-02
1.373953030991117985e-02
1.461696288989075727e-02
1.593342660528537791e-02
1.881375032384677987e-02
1.914885226442948618e-02
2.103553212768639186e-02
2.109485251480964357e-02
2.053222470626626939e-02
2.132103070767784117e-02
2.048783035423612509e-02
2.097920404309185777e-02
2.085286173779927338e-02
2.068002550004354248e-02
2.145880461777030165e-02
2.068337833121872485e-02
2.178194526757161117e-02
2.155434173508245788e-02
2.074732641987285520e-02
2.165401565578152498e-02
1.934039750892757592e-02
1.879111816713004146e-02
1.780834288240517801e-02
1.261346383361998391e-02
1.153618522180239678e-02
6.810563108737592228e-03
4.126670428325963924e-03
2.158032247214453601e-03
-1.315686416931738855e-03
-2.643328072895390155e-03
-5.351320677126293959e-03
-7.259107827232280825e-03
-8.499886895082089944e-03
-3.013600845376853982e-03
2.761083883574285466e-03
7.634568126687549770e-03
7.807386336074422124e-03
1.084936166889958684e-02
1.072518342609996359e-02
1.164047537724724989e-02
1.256358276447685357e-02
1.259194041678341966e-02
1.375462974012002515e-02
1.389086601211533996e-02
1.430990815949765779e-02
1.433361573729806902e-02
1.409409931456997653e-02
1.426900340000987824e-02
1.416940290505290176e-02
1.428441301448716942e-02
1.431238280425809091e-02
1.436320106957816867e-02
1.480854936456486165e-02
1.488241016892850876e-02
1.472171628658148698e-02
1.487895552011960290e-02
1.482113898298946519e-02
1.480990990958458084e-02
1.483230881506429275e-02
1.478142424906357145e-02
1.476979477423562281e-02
1.472671147126413879e-02
1.465352707866980977e-02
1.461023666784546163e-02
1.446386685051900649e-02
1.434001800247201343e-02
1.421183203068310599e-02
1.379362446683856866e-02
1.368249931206136361e-02
1.314405625612507546e-02
1.221626994542903896e-02
1.235563109034772122e-02
1.004309001277446656e-02
9.123583758802081278e-03
9.074830796660212501e-03
9.644454344761724598e-04
8.254143866004387368e-04
-1.683417824630620068e-03
-4.254652658395724485e-03
-3.785854680557989259e-03
-5.803487168204825471e-03
-6.175603619615785758e-03
-4.249549227221026751e-03
-4.138072105235039017e-03
-2.938300525984477787e-03
-2.127979582750064678e-03
-1.143929575851197582e-03
-7.297120782501241359e-04
1.258057126758307769e-03
1.285785583253321301e-03
1.386247923123810639e-03
1.879177838421927042e-03
1.832267080401051322e-03
2.050169777094076710e-03
2.126014876527838014e-03
2.270390149251937800e-03
2.312561096543350007e-03
2.367712048448112391e-03
2.407069983209829053e-03
2.423401633930295784e-03
2.443983069196106576e-03
2.454393292836366727e-03
2.461394461297312843e-03
2.467950318102391655e-03
2.471079235639337193e-03
2.473811839456806390e-03
2.475754354147989295e-03
2.476813052962684603e-03
2.477711936148718069e-03
2.478297184140072079e-03
2.478528289534922754e-03
2.478706728012947894e-03
2.478882780186497832e-03
2.478316330568230280e-03
2.478469024884718055e-03
2.477955856073498116e-03
2.475894249371050036e-03
2.477429248435716620e-03
2.472646251602761414e-03
2.469826078933125280e-03
2.474341832625658218e-03
2.451035294372489771e-03
2.462618185491733270e-03
2.453668312723872834e-03
2.383051237858591076e-03
2.476405409108914379e-03
2.315908100784464310e-03
2.225714488307062051e-03
2.317614789801342775e-03
