9.675013010849906614e-01
1.027002767162832120e+00
1.479752116020096597e+00
1.499782177855846887e+00
1.526657376066508309e+00
1.550191920727325146e+00
1.536444131003669167e+00
1.550255233937182231e+00
1.550068302685228439e+00
1.548548050460780257e+00
1.553481210759336095e+00
1.551684719000761437e+00
1.552824334910052784e+00
1.553731726171995176e+00
1.553145204910436394e+00
1.553891336813800983e+00
1.553852071862492412e+00
1.553825747647449074e+00
1.554059842231336530e+00
1.553978064340918674e+00
1.553985811802691464e+00
1.554048959124407547e+00
1.553957997427480420e+00
1.553856856590350111e+00
1.553964725825867532e+00
1.553561173024072817e+00
1.553524381217243011e+00
1.553548776630511163e+00
1.552272504184277757e+00
1.553049870097483298e+00
1.551522569894367320e+00
1.549394944193936086e+00
1.551931115416604445e+00
1.543735542969186358e+00
1.544910875049137600e+00
1.543534902773703532e+00
1.514824418399608241e+00
1.509909021261839346e+00
1.479239298971907424e+00
1.468874270627283263e+00
1.458681842705310761e+00
1.437211479780461598e+00
1.437190218430812960e+00
1.414775617096803551e+00
1.399979430742060771e+00
1.405895969189677741e+00
1.376668869389689132e+00
1.455416381487560917e+00
1.484527434772225929e+00
1.472172741380562311e+00
1.629735056317867414e+00
1.622660535676437865e+00
1.736656800214023466e+00
2.080099108896136251e+00
2.165254692018782290e+00
2.345155482384938317e+00
2.478063336076066214e+00
2.513682017536979618e+00
2.534421064911961174e+00
2.523226745472242349e+00
2.519836965811774299e+00
2.466792552273818551e+00
2.392615715253755049e+00
2.287300199027286318e+00
2.059485183053781032e+00
1.869708126749333177e+00
1.303478245805009372e+00
8.228348977118968843e-01
1.832977649926136599e-01
2.277456528995253082e-02
-3.446917546832928836e-01
-4.406080181219017566e-01
-4.886578232858124204e-01
-6.527570669626485689e-01
-6.101396731873218737e-01
-6.724015104505196572e-01
-7.421387516289196240e-01
-6.642675541741209777e-01
-7.644328214252247289e-01
-7.262882408255953992e-01
-6.093286308099610249e-01
-6.548487213206499735e-01
-9.044756732036191016e-02
6.992380650107896112e-02
4.005247421355273563e-01
1.455454387537878702e+00
1.755463343518255392e+00
2.390980789459202782e+00
2.591608005540348536e+00
2.558854258842848672e+00
2.582827477214658884e+00
2.528043144957231370e+00
2.554889524576664961e+00
2.559861074215505461e+00
2.528420863809234476e+00
2.585224381477442712e+00
2.575553794373953487e+00
2.608813978373784259e+00
2.671082597610543896e+00
2.658517767778074692e+00
2.670658845535896830e+00
2.644386176334065919e+00
2.517642209159015376e+00
2.565990074783182973e+00
2.642945869619078181e+00
2.602105090710058910e+00
2.662614363136212248e+00
2.617067796581152184e+00
2.596621211778501692e+00
2.652748220497071152e+00
2.649261805446151197e+00
2.652410567134407593e+00
2.684654886936792106e+00
2.673275345239226386e+00
2.699030001096874187e+00
2.722095477359311566e+00
2.720864912271871106e+00
2.779575237193926185e+00
2.821972012168157740e+00
2.906614271245795855e+00
2.931365876865509534e+00
2.954473773474148413e+00
2.974552273816290171e+00
2.969124877941190732e+00
2.979380599903932669e+00
2.985977573676056096e+00
2.978358420815435004e+00
2.981498888174088702e+00
2.972088745016399969e+00
2.877043429298881350e+00
2.766439801829903455e+00
2.447261841156729290e+00
2.425995890866933014e+00
2.140442923876398673e+00
1.257612179043803735e+00
1.153867235105493716e+00
3.935650764589717077e-01
8.163437271371105919e-02
1.350092628643420958e-03
-5.081802482192863124e-01
-4.934970550292058222e-01
-6.720901566550940842e-01
-7.281884405425539386e-01
-6.911424886510714183e-01
-7.656913550557343795e-01
-7.541706604443645379e-01
-7.450974663011324939e-01
-7.747774887769495189e-01
-7.603155374778217679e-01
-7.114553137192728416e-01
-7.125096134264432557e-01
-5.547546833613374861e-01
-4.237332483783349257e-01
-3.208014330467045538e-01
1.121894381420294601e-01
4.773582560467347080e-01
8.155783100739851799e-01
1.546438432713932443e+00
1.949637535429483259e+00
2.254878449863352508e+00
2.937072428845048044e+00
2.976481978755956881e+00
3.029938958558871853e+00
3.070375833196832716e+00
3.046277334683526128e+00
3.066622230953322870e+00
3.054537235932595962e+00
3.026322369928507783e+00
2.964354045706640406e+00
2.892354744347104045e+00
2.884901238046911676e+00
2.864132392892584811e+00
2.856142281616997458e+00
2.816175407074511750e+00
2.773716304232229923e+00
2.726785726259150167e+00
2.698531357427443211e+00
2.656537999384509519e+00
2.615958975608116965e+00
2.591373701470045532e+00
2.543452567073065218e+00
2.518888601754037726e+00
2.493009470779520953e+00
2.451074630413650812e+00
2.439721407669576791e+00
2.405636169834048488e+00
2.386707659309319052e+00
2.397616739639133243e+00
2.373654541607016277e+00
2.389949700845318326e+00
2.400223430995755969e+00
2.406031976341696854e+00
2.422955467302668531e+00
2.430911200447980480e+00
2.468849417861676443e+00
2.486064698950336105e+00
2.523287783351248592e+00
2.563630394278697988e+00
2.585058359445112863e+00
2.636479709741646360e+00
2.671526550282912638e+00
2.706212003655199982e+00
2.774918054013128632e+00
2.807364185466091122e+00
2.843062319593723242e+00
2.895880414399270908e+00
2.910421594913061405e+00
2.957698677034536150e+00
2.985217772151073756e+00
2.993776161270988112e+00
3.029225660322827363e+00
2.951148819924392708e+00
2.922562716604937716e+00
2.860206405327268442e+00
2.775781049050141114e+00
2.722577874331105985e+00
2.630328271410218743e+00
2.443662132290971289e+00
2.324140859817101390e+00
2.210869035824786888e+00
1.910678793422645017e+00
1.669963515592552294e+00
1.587685753024193458e+00
1.162401775897152545e+00
1.209241171834876560e+00
1.334525012690467971e+00
1.491583400709319607e+00
1.848292782391736555e+00
2.086420995436625958e+00
2.088581640328390332e+00
2.130986892370644092e+00
2.128275208220683723e+00
2.132371865054985438e+00
2.153863299593853586e+00
2.137030252811532804e+00
2.178558141315359631e+00
2.186245857087352640e+00
2.194406576214145588e+00
2.246442754141363629e+00
2.246278726486347299e+00
2.297166196391402515e+00
2.346395942033911108e+00
2.370811168207019648e+00
2.408079967607275940e+00
2.433815448661436953e+00
2.339575831006143858e+00
2.321612362201114443e+00
2.058616335490343729e+00
1.773473114358074643e+00
1.523724858677150129e+00
1.174852144702819956e+00
8.044228553365040391e-01
4.423891412346445673e-01
4.218516764461806012e-01
2.502647301404685165e-01
9.266741431317353575e-03
-1.144743740711718083e-01
-4.890143772430154967e-01
-5.455225942419446028e-01
-6.781325574244937426e-01
-7.367568458221459560e-01
-7.001786960318627795e-01
-7.693404982491575117e-01
-7.541037462658418677e-01
-6.895064951342410042e-01
-7.187479941848053944e-01
-4.830574368992322509e-01
-3.691686734606209885e-01
-7.820271126035563403e-02
1.539503555482971825e-02
-3.177428095073488862e-02
3.697229036968523175e-02
3.944526139705217122e-02
6.457255506140474610e-02
1.263751952046985871e-01
1.266647699810433125e-01
2.312287912367098630e-01
2.290756910663188650e-01
2.835733146985924824e-01
3.089810983506510178e-01
1.566468050544244373e-01
1.759131978373136007e-01
1.521175560689324857e-01
1.051844173621298423e-01
1.981822460607372549e-01
1.848005034992220852e-01
1.924774085674101909e-01
3.420775413595510406e-01
2.802357650473686901e-01
5.519881083653074283e-01
6.873731500708164521e-01
8.783646860919358534e-01
1.105614811636671968e+00
1.341433901885442870e+00
1.515163923076041419e+00
1.861778946387945721e+00
1.912482667218870613e+00
1.979509522942663580e+00
2.010315781547357350e+00
2.045777310881106370e+00
2.071010089193417336e+00
2.086908001045072680e+00
2.112985001142771324e+00
2.126891446743702119e+00
2.148295512353752823e+00
2.174266178587112019e+00
2.189981508803952259e+00
2.227235294144869204e+00
2.243392491627565377e+00
2.269917259735874104e+00
2.249142249539987315e+00
2.238138043486652684e+00
2.204782374188731353e+00
2.201379535658789965e+00
2.182574912844971848e+00
2.079323270755317310e+00
2.026786357481736189e+00
1.547856471754565533e+00
1.281653525065377996e+00
7.501278817771205309e-01
6.369057687946514390e-01
3.717181491092919621e-01
2.907738159223989816e-01
2.598059202245722177e-01
1.122855389085566230e-01
1.414651093481597843e-01
7.693350715401202355e-02
9.021144200215773512e-02
1.239476462236240167e-01
1.018886829868438787e-01
1.770750115400095970e-01
1.447138343825806750e-01
2.236572960855982561e-01
2.805653964153917990e-01
2.616956298705158113e-01
5.296272580748559999e-01
5.317983186673461704e-01
1.066582378415077859e+00
1.577330786398728035e+00
2.041300996372415355e+00
3.079428309773641459e+00
3.109211740424494774e+00
3.300264729259440255e+00
3.305686467737748657e+00
3.153624031779700410e+00
3.126681379187779886e+00
3.054424586082399529e+00
2.929506925697116237e+00
2.908679553749940361e+00
2.815768974576335459e+00
2.757975903835168552e+00
2.732240148263489044e+00
2.651912305054377583e+00
2.646157666224092431e+00
2.610381334609694903e+00
2.551169946140887657e+00
2.573461471816053781e+00
2.525801329977411580e+00
2.546059723119415974e+00
2.580282338653673069e+00
2.574993262771662295e+00
2.661654166869234395e+00
2.695409855879065120e+00
2.760690235928957126e+00
2.891092152191300446e+00
2.915251221850298613e+00
2.968313772946005180e+00
2.991924291394977509e+00
3.010792662013647814e+00
3.042910451212515799e+00
3.051614872587697480e+00
3.071065762995875748e+00
3.084302686529133641e+00
3.085996239336169289e+00
3.084793706167014982e+00
3.083837120648723840e+00
3.075883869976633100e+00
3.065165450772260769e+00
3.053541068321451668e+00
2.969090112705445428e+00
2.814597884444068665e+00
2.592747392052036304e+00
2.329211347884529104e+00
1.940417534774988129e+00
1.310514489319187570e+00
1.211332631762703116e+00
1.099979453412574193e+00
8.009240500785952399e-01
8.058662077101873544e-01
5.662595022772873854e-01
1.633078548901837346e-01
4.842585437180558366e-02
-1.934926127340766688e-01
-2.542373821176121540e-01
-2.358895356238377150e-01
-3.204422314038564701e-01
-2.874526237703227682e-01
-3.012549251494551772e-01
-3.239086193768847544e-01
-2.959338911241411463e-01
-3.177871497056746208e-01
-3.137837229107435233e-01
-2.938020736365669072e-01
-3.191869439553124410e-01
-2.875174957509814000e-01
-2.785068838982255879e-01
-2.972717868005410047e-01
-2.061148761075826119e-01
-2.278046558623514350e-01
-1.363959009620435980e-01
8.022879773759350464e-02
1.781553321038916726e-01
4.843484771959675195e-01
6.275240281782250573e-01
8.511629009535969237e-01
1.121505715968001748e+00
1.228826689912656978e+00
1.567269927119949502e+00
1.648345244209902472e+00
1.685234459971035603e+00
1.812505969250259419e+00
1.780860101285552943e+00
1.853302908467663768e+00
1.863321099589530627e+00
1.827191090604693313e+00
1.833508236772442679e+00
1.811118356305759347e+00
1.793913627884456075e+00
1.794456348316676664e+00
1.766652851262418222e+00
1.753789233394393188e+00
1.747289689035610216e+00
1.681677854216492074e+00
1.668254738638218937e+00
1.635354817709389064e+00
1.586544062659901666e+00
1.582278415310397923e+00
1.550542561761623750e+00
1.549726365640768933e+00
1.546290214573493582e+00
1.537182516778955010e+00
1.538793638550010945e+00
1.534946199760770957e+00
1.533226539714782177e+00
1.533303545456180084e+00
1.531507214649717064e+00
1.531410848485652565e+00
1.531016717336124433e+00
1.530454519844419714e+00
1.530473896287414259e+00
1.530176745993746312e+00
1.530021284533326753e+00
1.530010826336947849e+00
1.529784464479490458e+00
1.529733202987601848e+00
1.529700328679841848e+00
1.529315596943386923e+00
1.529459036184308784e+00
1.529068336473301981e+00
1.528435894724059940e+00
1.529011651325585808e+00
1.527039431718465012e+00
1.527101270389744636e+00
1.527180248940095408e+00
1.521540704866783056e+00
1.525803270221599561e+00
1.518593907389293118e+00
1.510910492758785972e+00
1.522966072720510988e+00
1.487718565161748607e+00
1.500231167946947108e+00
1.498250168080466960e+00
1.408167834118846384e+00
1.505309017327594923e+00
1.353774286742341015e+00
1.250651019962769173e+00
1.350137745281264623e+00
