-2.016592833780225195e-03
-2.125399673514202781e-03
-3.888014773206761171e-03
-4.013849460584014393e-03
-4.458166190122510135e-03
-4.689445545611571967e-03
-4.640610365488270599e-03
-4.806948497338725881e-03
-4.828082489137632341e-03
-4.848275016839141173e-03
-4.894499425781468314e-03
-4.896652883667711523e-03
-4.912103815699677203e-03
-4.922395966885515645e-03
-4.924637983944289699e-03
-4.930759847167421120e-03
-4.932947544921862000e-03
-4.934580700929451676e-03
-4.936485831609197308e-03
-4.936988375243918196e-03
-4.938037733532364346e-03
-4.938341570629137429e-03
-4.938498055134148482e-03
-4.939856563702160752e-03
-4.938256144759071292e-03
-4.940178889583929020e-03
-4.941641057722333079e-03
-4.935273695165557500e-03
-4.948232554700702363e-03
-4.938498283800625728e-03
-4.931248716589243727e-03
-4.978678668289195086e-03
-4.898682665742110434e-03
-4.968387357027839041e-03
-5.031270579434993055e-03
-4.700200565915847034e-03
-4.988339918583521368e-03
-4.558026350634754482e-03
-4.910041822539254128e-03
-5.357911250238630088e-03
-4.640972943749606394e-03
-7.182853430471773139e-03
-7.771755002520858505e-03
-4.628161634781514239e-03
-4.172422974570867867e-03
-4.405549865031554123e-03
1.160886397553750372e-02
1.168414936148979774e-02
1.990222421933063313e-02
2.558590074266992032e-02
2.600930209477300692e-02
3.524843687912841694e-02
3.723578315422353124e-02
3.756928369401721368e-02
4.051772354224166678e-02
4.166918468443894102e-02
3.429360819256245529e-02
3.827304737148133629e-02
2.644240003943172657e-02
1.925758831640163662e-02
1.828689379673999194e-02
1.078866279331856803e-02
1.197374488095501524e-02
7.826607400744650320e-03
8.931279839035216606e-03
5.453818802480626254e-03
4.815821795779522650e-03
3.695903182126104511e-03
-2.448479818901044564e-03
-5.046050773262845957e-03
-8.916284387555723639e-03
-1.314240007247953826e-02
-1.338621251959014498e-02
-9.403995680769107815e-03
-7.904197183202166938e-03
-7.783847976070362110e-04
6.655193112023425912e-04
1.900360860552165361e-03
4.818091091870020312e-03
4.067209452136818885e-03
4.460727868999667632e-03
3.748436280130917550e-03
5.755973505142980996e-04
7.611067888513329974e-04
-1.891971388084341460e-03
-4.992891701721719963e-03
-5.101076467286592628e-03
-9.405693262560396728e-03
-1.008397087064948419e-02
-1.077121950197355502e-02
-1.387932966959078140e-02
-1.305745911206334167e-02
-1.739172036025716725e-02
-2.076280034880675224e-02
-2.224301906056116301e-02
-1.805372605305078162e-02
-1.875467675243890076e-02
-1.679917506688210702e-02
-1.615697572940782284e-02
-1.557667434720257961e-02
-9.464753143156621334e-03
-8.838691303355811907e-03
-7.461940328283667850e-03
-6.008843686237263018e-03
-4.882554840955685184e-03
-1.564210976768292891e-03
-1.688630261954344926e-03
5.134004990479978589e-03
6.664024804737732344e-03
5.493631660675054283e-03
7.509896798423668605e-03
6.345041221430696744e-03
7.490763393438711407e-03
1.014384272043217933e-02
9.546194723425965867e-03
1.003704181582962263e-02
7.109442449002696673e-03
-5.730403063510118404e-03
-1.254385196607845851e-02
-1.163911828886286456e-02
-1.388712295723326315e-02
-6.865014336281918123e-03
-4.959032871465780118e-03
-4.364640699041121355e-03
-7.053909047294122311e-04
-6.404468605625928714e-03
-8.748369087874219817e-04
-4.290332340457865892e-03
-8.796434661527192944e-03
-6.941249604109493362e-03
-1.675129450411867726e-02
-1.986068362705512361e-02
-1.776988379983281130e-02
-2.804644332538926491e-02
-2.649468123746558448e-02
-3.020713036616652289e-02
-4.529184386667513273e-02
-4.448477881958658176e-02
-5.827127075666033162e-02
-6.242994911853706752e-02
-5.712435242802697821e-02
-6.314317487909720805e-02
-6.092073452455366855e-02
-6.081764505128907372e-02
-6.594739206633037920e-02
-5.746724545270487372e-02
-6.513077869155201038e-02
-5.826447814979834189e-02
-5.226814968798892957e-02
-5.389058463330484439e-02
-4.242420909710573063e-02
-4.435320255316914373e-02
-3.960221010134104547e-02
-3.548252943037287499e-02
-4.078915108963165892e-02
-3.272631000010382124e-02
-3.548813669880745286e-02
-2.474537350950323233e-02
-2.062312838119983310e-02
-1.848428644619407729e-02
-9.510481024549873735e-03
-9.882592121407251379e-03
-7.087254231521910447e-03
-5.605908126217615944e-03
-4.521351199739899809e-03
2.153971833825659744e-03
1.424940073173973799e-03
8.031810539341798991e-03
1.036475081322433753e-02
3.697270042608992620e-03
4.048026018034505021e-03
2.849959502309735038e-03
-5.961702783143077444e-03
-3.231475446637064285e-03
-7.190584164509020420e-04
6.626940793626273857e-04
1.245400619102976156e-02
1.450997350221931541e-02
2.453149697006085095e-02
2.699593762052285642e-02
3.211165873564934131e-02
3.153969262819562164e-02
2.098433808210742324e-02
1.513849542019895730e-02
1.605198510735227069e-03
-3.905839096331634869e-03
-2.078141087436906689e-02
-2.507652795915416011e-02
-2.412038794295333355e-02
-2.547208590820145696e-02
-2.637992815530557436e-02
-2.707538489509193555e-02
-3.277591014569111727e-02
-2.653563156963688330e-02
-1.391805379695398338e-02
-1.169386011515802758e-02
-9.935475940725201766e-03
-6.230197703924449798e-03
-3.147782305332386989e-03
-1.652153330909335478e-03
4.767553512153128829e-03
7.490349928272923251e-03
9.487301796237721657e-03
1.070964575549105194e-02
1.251148565979741389e-02
9.505288602933793796e-03
6.151694800712664661e-03
-9.426486901574536795e-04
-6.520476547994038044e-03
-9.667450278001418068e-03
-1.729884571081045583e-02
-1.086325817583094593e-02
-6.298372382816501587e-03
-6.827848171998911718e-03
4.807983623071305536e-03
-8.492525413506436457e-03
-1.459921625014901775e-02
-2.084099420539790165e-02
-2.768539038482869738e-02
-2.255283763079614021e-02
-2.517975889780842136e-02
-2.692785851681782361e-02
-2.433051512096145313e-02
-2.617165461062725615e-02
-2.658089526119611704e-02
-2.710717303903584230e-02
-2.738500948423928938e-02
-2.808288754831812783e-02
-2.646187964424534522e-02
-1.991642334399682315e-02
-1.597772225166515115e-03
-8.529901676115489439e-03
5.312648635953814459e-04
1.833450033448421040e-03
3.844543928660818129e-03
-4.146509546787907098e-03
-6.268164734402258305e-03
-9.329629661104748076e-03
-1.173786762095610850e-02
-1.371509780161317416e-02
-1.334441479307509060e-02
-1.194601716504784666e-02
-1.042876312897796434e-02
-1.357752885442513671e-02
-1.202362274361845271e-02
-1.359929847883429611e-02
-1.432023221322925415e-02
-1.320785345166586647e-02
-1.491616538867324843e-02
-1.325583494365181920e-02
-1.351152472786814121e-02
-1.337380786547467948e-02
-1.113862857003997467e-02
-1.257719149438385302e-02
-1.028471922787130115e-02
-1.122054150914651022e-02
-8.423415262695696862e-03
-7.392059222832131522e-03
-8.281294109113108981e-03
-6.629415400591419025e-03
-8.691151035137099218e-03
-1.122539303362685495e-02
-1.317438820347360123e-02
-1.689202494266304339e-02
-1.823689777859736211e-02
-2.131194944479322326e-02
-2.513057261939723175e-02
-2.858820760769016645e-02
-3.048588898044967202e-02
-3.719006076670186567e-02
-3.674687798501886926e-02
-3.066956941602413250e-02
-3.005369829531000930e-02
-2.002946640739363543e-02
-1.696303438630590577e-02
-5.876951352441164844e-03
-3.158230292486832649e-03
-3.901133588705568873e-03
3.495517883886417685e-03
3.510136054422561148e-03
6.250797615922477728e-03
8.277315783879204969e-03
7.420268099085193872e-03
4.448455015516362097e-03
-6.812590169368607125e-03
-1.633728680248926896e-02
-1.412007986181726057e-02
-1.415100098003496502e-02
-8.244621634273894412e-03
3.611874157413094439e-04
8.381666016660594201e-03
1.560333439803026669e-02
1.547127585752039979e-02
1.926847504988236232e-02
2.086406474981596787e-02
2.011463687032457801e-02
2.187656774267353332e-02
2.206954327656757836e-02
1.971790082842818717e-02
2.108983515692355870e-02
1.790980308631324319e-02
1.215355251317093085e-02
9.716758160232041863e-03
-2.630142550763158414e-03
-8.375557689409547299e-03
-1.113147700817403163e-02
-1.460295938881994021e-02
6.719246821170778844e-03
2.389720154893608742e-02
4.256607822608249325e-02
4.416992319294243963e-02
5.311937894913280195e-02
5.193846630380037632e-02
5.046318182317991591e-02
5.166662957515276433e-02
5.108672611527062535e-02
5.272852975357498334e-02
4.876333752655277742e-02
5.578222111103054576e-02
5.196506558879754323e-02
3.934004499121136755e-02
4.229642010293702820e-02
3.139146803203076569e-02
3.873114402227096492e-02
3.649303723194441407e-02
3.495009941610489196e-02
3.432989555997147807e-02
3.414951256105451527e-02
2.889628169881959530e-02
2.512466275562832280e-02
2.748988194064999960e-02
1.957414583783515221e-03
6.307825876176979471e-03
1.295098413205158713e-02
1.059690747122571039e-02
2.678707564987944240e-02
2.662759115908179194e-02
3.073883547142245570e-02
3.530477914891653329e-02
3.397156331080846553e-02
3.260468421819395779e-02
2.946306764253778937e-02
1.457835106032311957e-02
1.474808960112861979e-02
7.286900629324411828e-03
5.000594201279691398e-03
7.641500359758805067e-03
7.128556702462124361e-03
1.285182841366646830e-02
1.603968961395779366e-02
9.864396686735506237e-03
9.703648711624475107e-03
-1.234189760439825920e-04
-4.380619022202613538e-03
-9.562937919853208013e-03
-2.190867746656804255e-02
-2.047471804301633641e-02
-2.248693683406325500e-02
-1.965784375411479268e-02
-1.228886312204056919e-02
-1.066852615626258730e-02
8.974823619182193193e-03
1.562831135167433438e-02
1.146414177020965534e-02
1.861257090785492160e-02
1.275347475353759072e-02
6.721803635342126285e-03
6.330477883192548762e-03
-2.840786718678379487e-03
-1.365663671053417294e-02
-2.340072720534695089e-02
-3.825537033622053440e-02
-5.097263678505579293e-02
-6.486002419345628101e-02
-7.825772043288345414e-02
-7.812082458580471567e-02
-8.222863042781219933e-02
-8.029463483215086572e-02
-8.234661375622742696e-02
-8.406949705350222346e-02
-8.304877285646698748e-02
-8.673723965983543005e-02
-8.696512390402269532e-02
-8.835379664753630069e-02
-9.251174495695110855e-02
-9.180824421434119476e-02
-9.589570417529305613e-02
-8.043814900461168649e-02
-6.366821366939233451e-02
-5.588703523577014803e-02
-1.672261773647501157e-02
-1.663661142773691440e-02
-5.766329514438488929e-03
6.319975445062840126e-03
3.851802985703820306e-03
2.265346088831809643e-02
2.068934036192505294e-02
2.589712010398255437e-02
3.033166836535162308e-02
2.125076211515175215e-02
2.266588871547794981e-02
2.051504540865709686e-02
1.841502841754992514e-02
1.879921349974086886e-02
1.757926786795906138e-02
1.742527380846026555e-02
1.725723543074511937e-02
1.710164608495477051e-02
1.727678857932423220e-02
1.703177755338720900e-02
1.804957751599700969e-02
1.773818059349669893e-02
1.844811351691868356e-02
2.181570545092653690e-02
2.228436176652229955e-02
1.628304135071893463e-02
1.804277694830626680e-02
1.270371212936492224e-02
8.970686407882318483e-03
9.104012590490852264e-03
-7.330092198680675068e-03
-8.068533824793798492e-03
-3.072722876197110046e-03
-7.164403388340900847e-03
-1.700113264512589841e-03
7.602279949873141061e-03
6.361124866081351720e-03
2.098256308535306411e-02
1.919809070805478593e-02
1.785363626550116878e-02
2.174851921060874313e-02
1.812658446029934492e-02
1.823759058562692686e-02
1.754288592425699150e-02
1.209594720891015406e-02
1.250140526421813884e-02
7.221400724096791422e-03
7.388261162803829579e-03
8.123136548583100372e-03
6.553163063975491441e-03
6.517013880324925255e-03
6.125505953698168020e-03
4.892332642465443797e-03
3.449216504051116992e-03
3.199397473994498257e-03
-9.945989448032824514e-04
-9.630476469521138125e-04
-1.146502906130437809e-03
-2.533270159965645123e-03
-2.250199671690922103e-03
-2.726569941336529426e-03
-2.782450290802908777e-03
-2.766310082458949514e-03
-2.906377546741176991e-03
-2.891352694979120071e-03
-2.920510429575639243e-03
-2.949425659961668958e-03
-2.946078058925591381e-03
-2.961017396626962860e-03
-2.964278430871141162e-03
-2.965735760593742661e-03
-2.970074796345540790e-03
-2.966515715825715840e-03
-2.970470155782604926e-03
-2.965294937572389346e-03
-2.956791854615203538e-03
-2.969812020461375709e-03
-2.930437310803277358e-03
-2.938944907815226396e-03
-2.951160313031475722e-03
-2.800333013231442320e-03
-2.961496248002747772e-03
-2.763242371478393574e-03
-2.405973823163193911e-03
-2.534570792733588287e-03
