-9.069662407850899357e-04
-1.011701930468080456e-03
-2.956215606209635326e-03
-3.002060363878248685e-03
-3.247552424715435034e-03
-3.546057392072496026e-03
-3.242471831851542752e-03
-3.396852886192488000e-03
-3.378622433252434758e-03
-3.333209624437650630e-03
-3.379463143563147566e-03
-3.355928386490421474e-03
-3.358159267562855436e-03
-3.365109841732422287e-03
-3.357931636477177583e-03
-3.361410396647583274e-03
-3.361055294360210631e-03
-3.359985355133981479e-03
-3.361045551187559575e-03
-3.360497032093386158e-03
-3.360725235751898642e-03
-3.360672351722553738e-03
-3.360778832830324699e-03
-3.361203605606689904e-03
-3.360290962005065170e-03
-3.362251997871435784e-03
-3.361318820314237836e-03
-3.360095152994562774e-03
-3.367741004599454982e-03
-3.357164235204401683e-03
-3.366483310779472445e-03
-3.379821110174534293e-03
-3.336294853210938598e-03
-3.414727564694659302e-03
-3.367732741927791790e-03
-3.274810397036738950e-03
-3.385461900522772870e-03
-3.318537662142987017e-03
-3.641055740858006699e-03
-3.751150197426450159e-03
-3.624912586892811359e-03
-5.245213383490420281e-03
-5.372641317191315796e-03
-5.352574837294949220e-03
-5.518803849645670737e-03
-5.605686663429252856e-03
-3.162886466809209946e-03
-3.105566778732575962e-03
-3.152637282218167906e-03
-2.415336150703345768e-03
-2.709817230677669889e-03
-3.609180977569964241e-03
-3.007661275894586705e-03
-4.234763061395112847e-03
-5.021635751964461172e-03
-3.976372528309908561e-03
-1.037062846741914485e-02
-9.863901576987270034e-03
-7.449068518105218112e-03
-9.496425023518080891e-03
-7.943863136183100179e-03
-1.171568608570123897e-02
-1.184821155239649919e-02
-1.583298675176574716e-02
-1.790343311571061108e-02
-1.698359613762658038e-02
-1.949132234382147666e-02
-1.909179212140395959e-02
-1.793938848528164876e-02
-1.829260867514127809e-02
-1.780206592127911089e-02
-1.651715596748272105e-02
-1.760049620509267221e-02
-1.711351996033203676e-02
-1.754990570762319027e-02
-2.299903737913360988e-02
-2.382090257696719768e-02
-2.588452467518995159e-02
-2.867978848373881756e-02
-2.918872181661687909e-02
-3.129308767308126848e-02
-3.257632544560643689e-02
-3.249295755505444278e-02
-3.366337737382626982e-02
-3.275460726530315947e-02
-3.279898600827036576e-02
-3.301458527793024733e-02
-2.897607928518295892e-02
-2.750933247192231812e-02
-2.178810176130979021e-02
-1.589218947762630757e-02
-1.270188638932957630e-02
-1.100388378316954387e-02
-7.521183646328747328e-03
-7.069179470985596098e-03
-6.596018346954211388e-03
-6.132399170207953817e-03
-6.143226904880258292e-03
-5.944616648488301042e-03
-5.801169515217737514e-03
-6.034482081756540640e-03
-6.039645507388666408e-03
-5.743388068986454015e-03
-6.575866250576101191e-03
-5.823800375519863973e-03
-5.792454116749663588e-03
-5.973659737290290539e-03
-1.642799546158871834e-04
5.587563940366808762e-04
-1.924657765971689045e-03
-7.550604774448166443e-04
-1.541086887691042739e-03
-6.427402798285289896e-04
-8.095426387516721153e-04
1.650194508524218296e-04
-9.939309904805223271e-04
-4.217036900769919119e-03
-5.742975296634358559e-03
-5.670302043504573536e-03
-6.615398199797208056e-03
-8.760748335443175466e-03
-9.568227305809764993e-03
-1.021136180561814030e-02
-1.312493930131735168e-02
-1.537043745686030027e-02
-1.506721519654536517e-02
-1.819951509351402930e-02
-1.724967964195614836e-02
-1.507529887851450853e-02
-1.520038999788961981e-02
-9.753764443241668899e-03
-8.780173401741142580e-03
-8.221444026423146284e-03
-6.151958896452230929e-03
-5.923005115852965526e-03
-4.838648948599116005e-03
-5.400546769334185759e-03
-5.863716887916657454e-03
-6.271042509025318533e-03
-7.568022890953027271e-03
-6.811802723054788400e-03
-8.223145803190471878e-03
-1.043179379156184902e-02
-1.061111517789737647e-02
-1.518590113098254764e-02
-1.765668633191345635e-02
-1.719513680078650283e-02
-2.236061023881808635e-02
-2.301560932702010481e-02
-2.443322882874229482e-02
-2.600897324798340585e-02
-2.319195501031760462e-02
-2.563721341711445306e-02
-1.948921856055020607e-02
-1.272161758840650511e-02
-9.282817016755212300e-03
-7.419768779438597195e-03
-7.605995683207884307e-03
-6.658162430803183512e-03
-6.700073930066503813e-03
-8.842652644196149006e-03
-9.191351611660181220e-03
-7.793314452581389870e-03
-8.680300115158835761e-03
-8.385292084565161216e-03
-4.953376870680944663e-03
-4.774423648290504474e-03
-3.308201023204020066e-03
-2.469308870818819751e-03
-4.866395405159812740e-03
-4.494126604556322735e-03
-4.713224962445569655e-03
-8.372146635625125899e-03
-6.725324409129481568e-03
-8.115382142500193047e-03
-8.374627721286132323e-03
-1.041596940957064321e-03
-1.520195475382353934e-03
-1.680836751454577822e-03
-8.013745951983039344e-04
-6.476242887624635361e-03
-6.585943677507039538e-03
-5.824741738338547019e-03
-7.085896671051838611e-03
-8.628707501473981481e-03
-8.102592294370073930e-03
-8.212933665199316155e-03
-8.134249239504100226e-03
-7.456101355604627043e-03
-7.651396676367739139e-03
-6.950443434780466563e-03
-7.237448998995216903e-03
-6.632222391144398238e-03
-5.431464140611132543e-03
-5.748449089669293785e-03
-5.584468250707821241e-03
-6.172612783566305654e-03
-5.703705681462454061e-03
-5.650769714305695253e-03
-5.187643018199598541e-03
-1.174976669502435445e-04
1.854992235641085823e-03
1.308647834060906734e-03
3.962072359446419320e-03
3.439061414364365504e-03
1.963311081527706163e-03
5.153408504615411903e-03
4.219806366209824175e-03
-3.342118885933177989e-04
-1.106674094489350354e-03
-4.145757808502683120e-03
-4.614638758179340390e-03
-4.215097105690981255e-03
-6.256498344986117024e-03
-6.529720676644688339e-03
-8.128421307691726522e-03
-1.024343763042567627e-02
-1.035751964061641661e-02
-9.989197652647515899e-03
-9.172104983820560109e-03
-8.513363188596759223e-03
-9.800953988570086303e-03
-8.046991607739979735e-03
-7.737245700548126687e-03
-6.811828078074688014e-03
-5.632698671097184986e-03
-5.209170281369503164e-03
-3.964320177544474258e-03
-3.756452372495780283e-03
-3.912077149899069635e-03
-4.696953021958078824e-03
-4.099706075362655189e-03
-4.440579675437119483e-03
-4.122980267632849090e-03
-3.252607725607651462e-03
-4.092898989073204610e-03
-3.524319396018919630e-03
-4.329696722166423949e-03
-3.396904584601408584e-03
-1.741350471247673278e-03
-1.624714667217530117e-03
2.626464299761410801e-03
2.541005118501601587e-03
3.324340117024854064e-03
4.449376498962419671e-03
3.785861389058065886e-03
3.849751682316401077e-03
3.126628800996027972e-03
2.264518199323002200e-03
4.091240088404086246e-04
-7.763139563106681790e-04
-3.258423231493583726e-03
-6.698278807479392596e-03
-7.864229548836637954e-03
-1.340711213771862004e-02
-1.437264310069590739e-02
-1.479854255637095412e-02
-1.730593356601520250e-02
-1.604339248293295411e-02
-1.687238788657752925e-02
-1.671116407595803210e-02
-1.432342983699625913e-02
-1.363616061780835269e-02
-1.209084648223926299e-02
-9.745360998852679174e-03
-1.047556171062816524e-02
-8.082615189172012715e-03
-7.200659080017952213e-03
-6.443616264861744616e-03
-3.860851311912655640e-03
-4.105734479394111854e-03
-3.588152876441466545e-03
-3.039582931145401977e-03
-4.781773723552969722e-03
-4.708863501522220218e-03
-2.252751159165069898e-03
-2.447995827797456569e-03
-2.968111087189187133e-03
-1.719486290629002739e-03
-1.024890986757934566e-03
-1.163816245557796562e-03
6.926265759824354719e-04
-5.917363043926104427e-04
-3.594082733386726961e-03
-3.868261143529283519e-03
-3.751392800597154638e-03
-3.261515250562285750e-03
-2.589363495785697560e-03
-2.992700716500940657e-03
-9.480050683087351071e-04
1.415749425089340512e-05
9.439634030639070406e-04
8.085736761094925416e-04
7.484664782813144415e-04
1.171355348992029512e-03
5.504277399340964504e-04
3.097721133705476923e-04
7.736808637582000617e-04
-1.016919990069798524e-03
-5.081715416653273618e-04
-1.491738446193609886e-03
-4.992674793970352902e-03
-5.134576958070199634e-03
-7.213664361153782068e-03
-7.233299321306094903e-03
-4.181456491825164858e-03
-3.981253158441665739e-03
-1.548440945046099205e-03
-1.498595517417607159e-03
-1.528533328566995548e-03
-1.128757977503740259e-03
-1.614208400799131519e-03
-1.829016182599789387e-03
-1.932946831237375429e-03
-2.013276462872959187e-03
-2.391381521391980954e-03
-1.096197099936869904e-03
-2.182389150793551114e-03
-1.525290886243296958e-03
6.569497810600477592e-06
-5.188470637381628961e-03
2.097634023673129993e-03
2.333563995576559864e-03
1.287023210654734528e-03
3.534553475609942663e-03
2.693689638206630318e-03
2.125828515540969035e-03
3.092224318749384714e-03
9.431114423342401489e-04
-2.765477169035010074e-04
1.234552907015141901e-03
-7.931444245304194660e-03
-6.563345427299673018e-03
-2.435001717464763821e-03
-3.071672156829264103e-03
1.494787840008718425e-03
1.808036209137126298e-03
3.168450959211977815e-03
4.809291979478007642e-03
4.981113475135802784e-03
5.473219404356540092e-03
4.685132567298018295e-03
1.799077559354354990e-03
1.143753096527947051e-03
-1.236341924929067106e-03
-1.645519067759871300e-03
-1.261650495643065447e-03
-8.724494993415937575e-04
-3.233150227922203853e-04
1.071792819094996487e-03
1.235848788890062111e-03
1.578816856039408660e-03
2.939648553882617289e-03
2.488259283137490493e-03
3.754180214969240516e-03
6.684554031228534185e-03
7.479365620981762511e-03
9.458581089273727927e-03
9.657677483580470734e-03
1.088761400054094955e-02
1.076353483656176425e-02
8.985890715758268477e-03
8.706593511429596907e-03
6.371554865531165596e-03
4.154175024231165220e-03
2.490632657623871593e-03
-1.770293027003859909e-03
-3.161184689215850233e-03
-6.552395184173897408e-03
-8.148227635705445823e-03
-6.313932204980669122e-03
-5.578481536299646770e-03
-4.078957974152602577e-03
-4.471871911664339165e-03
-6.325524875597288155e-03
-8.934794155635224569e-03
-1.307953931631221367e-02
-1.504415782460747676e-02
-1.535543519486867736e-02
-1.735763940933544164e-02
-1.760039679118094447e-02
-1.846637322551886867e-02
-1.936936794852654048e-02
-1.984043700793957157e-02
-2.057024864961665492e-02
-2.067316151730025364e-02
-2.013981000283917439e-02
-1.694377144201516389e-02
-1.279426557654936292e-02
-1.154785111040655676e-02
-7.843212133659604665e-03
-6.863789927270754453e-03
-5.387326604265027345e-03
-3.211718793780813340e-03
-3.059603809898499543e-03
1.534714705010327960e-04
9.293268704854771699e-05
-7.351419795783720049e-04
1.609419513670317606e-04
-8.242303104092399933e-04
-7.460639388259786980e-04
-6.965896195603082843e-04
-9.775916823893176719e-04
-9.152031442280402765e-04
-9.973041130502114087e-04
-1.083592795459863969e-03
-1.159268806676371508e-03
-1.206554408032776927e-03
-1.415311072117599912e-03
-1.600466156387077808e-03
-1.662536012145350529e-03
-2.463052800187235346e-03
-2.456627045721297697e-03
-2.863285702493302380e-03
-2.719651461799180506e-03
-1.818557230812980433e-03
-1.661853540839232585e-03
-1.300848982576629283e-03
6.910644771018927381e-05
7.887664963328811700e-05
9.221754934751845564e-04
7.390964353995330095e-04
2.725414910157024405e-04
5.041256054093784609e-04
3.743125027590304965e-04
4.016662600178161021e-04
4.797096965807321530e-04
7.730793447938316991e-04
7.666676573570706428e-04
3.832628218105172519e-04
4.418293472051409683e-04
8.310360013195660148e-05
-1.315107754857970169e-04
-3.678926197391324971e-04
-1.188505488081035948e-03
-1.279085089959698879e-03
-2.306423784443855946e-03
-2.278619328573954460e-03
-2.033216638924266375e-03
-2.306124011873696578e-03
-2.173387714006492968e-03
-2.168885078167753257e-03
-2.239425216004976675e-03
-2.132043178571286363e-03
-2.155711965694985174e-03
-2.242934301530949762e-03
-2.282258476551324560e-03
-2.212870757962910346e-03
-2.248309662292550214e-03
-2.242675512651068261e-03
-1.911463832636716700e-03
-1.896904137235332511e-03
-1.834786831916104723e-03
-1.754477013976186691e-03
-1.751830150939038622e-03
-1.717675808917465451e-03
-1.701505170878517574e-03
-1.695868367270586671e-03
-1.683758924449987307e-03
-1.679650213364775697e-03
-1.675059280179915303e-03
-1.670885084882503578e-03
-1.666676492208228567e-03
-1.662749822481845259e-03
-1.658407099187622939e-03
-1.647343319132183251e-03
-1.643924185651723978e-03
-1.625832800091395929e-03
-1.598934205235011050e-03
-1.597411286723197455e-03
-1.514135852733141264e-03
-1.482068262516695895e-03
-1.445008126045270371e-03
-1.139971906121796993e-03
-1.192099975894417643e-03
