-1.461332209691289519e-01
-1.580225373871780026e-01
-1.224909023921017942e-01
-1.197628200620409478e-01
-4.719871039743677582e-02
-3.910822403053790947e-02
-4.873340850320526108e-02
-4.873340850320498352e-02
-4.873340850320763418e-02
-4.873340850320154183e-02
-4.873340850320913298e-02
-4.873340850320938278e-02
-4.873340850320038997e-02
-4.873340850320660028e-02
-4.873340850321292161e-02
-4.873340850320376921e-02
-4.873340850320532353e-02
-4.873340850320507373e-02
-4.873340850320515005e-02
-4.873340850320223572e-02
-4.873340850320163897e-02
-4.873340850320168061e-02
-4.873340850320398432e-02
-4.873340850320704437e-02
-4.873340850321068729e-02
-4.873340850320598966e-02
-4.873340850320861950e-02
-4.873340850319873852e-02
-4.873340850320747458e-02
-4.873340850320295736e-02
-4.873340850320968809e-02
-4.873340850320000833e-02
-4.873340850321066647e-02
-4.776532052151354069e-02
-4.805412776609638975e-02
-5.060827220776119295e-02
-5.109231619859929546e-02
-5.051470170944803717e-02
-5.051470170944194482e-02
-4.940192625336428667e-02
-4.856595968141978054e-02
-4.623418416743076825e-02
-4.679057189546828588e-02
-4.846250503937170329e-02
-4.107837046432132738e-02
-3.777206480957288892e-02
-2.933070773091043734e-02
-4.416462661166407205e-02
-5.587405319442191598e-02
-6.279760352488707176e-02
-5.722667772827502025e-02
-4.703304718172448412e-02
-4.547133144948557748e-02
-4.492721609432205609e-02
-5.369395821063498164e-02
-5.447481607675764420e-02
-5.556304678707265493e-02
-5.556304678707052469e-02
-5.556304678706418254e-02
-5.671973394437722360e-02
-4.855033421558932472e-02
-3.879175522315315289e-02
-3.821341164450466760e-02
-1.711520536350808613e-02
6.992167087140682344e-03
-3.882322056102279623e-03
-6.174854146544478395e-02
-3.450040576282330518e-01
-4.998001262074357465e-01
-4.257638280696440791e-01
-3.605821367322882831e-01
-3.110683298630362303e-01
-3.025500599783955136e-01
-3.641333304535065984e-01
-3.814966797387595032e-01
-2.467972709492496086e-01
-2.081025464200708663e-01
-1.674648417245386545e-01
-1.357290973936416678e-01
-1.372369891864033409e-01
-2.370960087489632773e-01
-2.005460393316342016e-01
-8.715126722411700722e-02
5.230556242951059365e-02
-5.378039363119951205e-02
-1.568559998693071222e-01
-1.279019403471715610e-01
-5.697832567239684287e-02
-8.069858087193509943e-02
-7.214778876027053145e-02
-1.521184075644571032e-01
-8.937635509030120162e-02
-1.584291165745685404e-01
-1.804803214801860289e-01
-2.244673509202055606e-01
-1.883700330728481087e-01
-1.785766420435377089e-01
-2.233277164656145841e-01
-2.184868682014168562e-01
-2.029886207278035759e-01
-1.499222247735181868e-01
-8.992973011909743963e-02
-1.447550268680959373e-01
-1.672336096191231192e-01
-1.341463864071082979e-01
-8.036297760236220736e-03
7.605322111971067264e-03
1.489703067268918595e-02
-3.149491282977557975e-03
-8.316028688832052818e-02
-1.167262442901979280e-01
-1.984879997192723344e-01
-1.886539862894383579e-01
-3.398894811104745672e-01
-4.090565654805785045e-01
-4.009022453219549531e-01
-2.285115371349638325e-01
-1.866351468416701243e-01
-7.737333735676904523e-02
-4.644396778693602595e-02
-1.041792408260014263e-01
-1.512140057472759758e-01
-9.499558995315807164e-02
2.454211743857283995e-02
6.059849876282871056e-02
1.146691146961969880e-02
1.074243869345063024e-02
3.576094122985298135e-02
3.493719281516026454e-02
-3.674236362565082986e-02
-5.680212839335926911e-02
-1.056862669124693510e-01
-1.164848579087273267e-01
-6.601913650490609520e-02
-4.772133681831559893e-02
-2.612415482580025469e-02
-2.612415482580721093e-02
-2.612415482580785278e-02
-2.612415482580887627e-02
2.585403324577128202e-03
2.796233288788213880e-02
7.032591483215983041e-02
4.246443624595549332e-02
-1.697749776703668667e-01
-2.818943377332594480e-01
2.811843658515193398e-02
2.371121657553107165e-01
1.356158505482959742e-01
-3.462042092074209959e-02
-2.493826450521827165e-01
-4.919285733103965219e-01
-5.035420961229704062e-01
-4.617598086399894441e-01
-3.926991777115821924e-01
-2.186389973786480589e-01
-9.744942117655999714e-02
-1.171789067294321945e-01
-8.916849516527163011e-02
-1.566213957164449833e-01
-2.158172838684068728e-01
-2.908651218178784359e-01
-3.587567572386272108e-01
-3.894204716434124247e-01
-3.799069642328474217e-01
-3.038393574641822248e-01
-2.590643837864983201e-01
-1.125506355210872667e-01
-8.269280348467293595e-02
-9.056844005041271572e-02
-8.766081810075360137e-02
-1.078008711050452428e-01
-1.486380264998772849e-01
-1.408039399371698863e-01
-1.778895691360853626e-01
-1.981018765255590508e-01
-2.049265417565784009e-01
-1.908897422046292036e-01
-1.847807225990435454e-01
-1.014878122756419782e-01
-9.763538403836720392e-02
-7.664515409304251126e-02
2.934116225808260613e-03
2.190489464530428684e-02
-8.472595115921817410e-02
-1.060818474416067581e-01
-1.376474735312594733e-01
-1.679702941933929605e-01
-1.641643658075377932e-01
-1.077932446487664814e-01
-1.310089242560406042e-01
-1.108644624795325911e-01
-1.236522595233374190e-02
6.052826547767247573e-02
2.040691176554580433e-01
5.899271349004087117e-03
-3.710102322244981932e-01
-7.040610567827420008e-01
-3.928932585728905913e-01
-1.636026725749294697e-01
-5.357910370879413742e-02
-1.853678895795308201e-01
-2.854265298530236361e-01
-2.326646389463773723e-01
-3.423617269930815527e-02
2.710509282322143970e-02
3.647344537908924281e-03
4.080769516376440281e-02
9.905484973851885755e-02
-2.042275675954422220e-01
-3.857423304718732293e-01
-2.988748808481664354e-01
-9.233456397141824590e-02
-8.009701723267871609e-02
-1.226854150544061661e-01
-2.154241576101532107e-01
-1.977390166118077885e-01
-8.543224854677480828e-02
-5.685912357325123914e-03
-5.390050040435559464e-02
-2.118774474329234922e-02
-9.415397787398588000e-03
1.880964714190782846e-03
-1.458402977890772140e-02
-3.812872369070015310e-02
-5.272637256637478786e-02
-4.697208229599605239e-02
9.117356328424048445e-03
5.245893728605263706e-02
5.196682509763445035e-02
3.015899946803209802e-02
1.213762120813728640e-02
-2.137004308863360569e-02
-2.609338486572129051e-02
-3.471885051430300545e-02
-1.957729538728797750e-02
1.952849220607113081e-03
3.408629440329782184e-02
1.587749922678868136e-02
-1.697749776703712243e-01
-1.547366326208543530e-01
-2.017693223336847752e-01
-8.002320362863618586e-02
-7.594781133284166791e-03
4.242099257464571754e-02
-3.368050510024259148e-02
-2.880219206034622670e-01
-3.319388150528843617e-01
-1.805031601866461943e-01
-1.536513822058314382e-01
-1.750251138256849470e-01
-1.686896308473791462e-01
-4.494169628411181366e-02
-3.089158610381845596e-02
7.855753923318265636e-03
3.233741744755617292e-02
5.956186290817615941e-02
3.844704325261344424e-02
-2.924784808762094165e-02
-2.297540449051059877e-02
4.938212302890626626e-02
6.194833712058848280e-02
2.762936456157827000e-02
2.317696296759877081e-02
2.739585477422063625e-02
-3.526027701141126042e-02
-6.278642807206107068e-02
-9.981635876633007665e-02
-7.979204642459039598e-02
-3.455629231296904885e-02
-5.298319061304428146e-02
-5.654156306922097919e-02
-6.806232292735343858e-02
-6.806232292735275857e-02
-6.806232292735210632e-02
-6.806232292735396594e-02
-7.363531989464089378e-02
-8.111048615082232238e-02
-8.109351734548796153e-02
-7.830701886184641969e-02
-7.467835098428032836e-02
-7.274755874781979603e-02
-1.228664108487660320e-02
-5.737057063900286372e-03
-1.752424812929687797e-02
-1.076250663688362863e-01
-8.469564345812834183e-02
-4.204318899720984638e-03
3.260623866952436917e-02
-1.680761396619909892e-02
-1.680761396619712134e-02
4.232644699387641540e-02
-1.103674989708035119e-02
-1.607979853657512948e-01
-1.876438110998553399e-01
-9.518927642976840464e-02
-7.262970008303930303e-02
-1.845001536992655830e-02
-9.818173749545147655e-03
-1.960450729116331170e-01
-2.608779296621072108e-01
-1.776389961646169802e-01
-2.669529480396422294e-02
-1.658267532884205022e-03
-7.065205384586482895e-02
-1.574695552516743868e-01
-3.249978774638085932e-01
-4.111381549971072080e-01
-1.992916616813761865e-01
-1.630135595904616264e-01
-1.403430719431889295e-01
-1.157689315829687760e-01
-1.103563973205158727e-01
-6.348222721636352650e-02
-2.826336010159267650e-02
4.820218325535104847e-02
3.356138088563578176e-02
-3.645736947573054165e-02
-4.659352046071800479e-02
-6.772205961556472531e-02
-3.983632998943702208e-02
5.388716204221312422e-02
5.708858300274512881e-02
3.898396404004038363e-02
3.834790441808991895e-02
-3.550225250663177623e-02
-5.454516458549011487e-02
-4.592098506175340544e-03
-2.143279720532190527e-02
-2.249872551691997069e-01
-2.733661018059944658e-01
-2.443870133842348524e-01
-1.866193873377819945e-01
-6.427091805476548535e-03
-5.429022225469569418e-02
-2.498129621195701866e-01
-2.064096851221680073e-01
-1.329802708077950091e-01
-3.168487197678659939e-02
-1.126867192660764988e-01
-1.661801328163988178e-01
-1.904013244285882311e-01
-1.179052982658161663e-01
-1.098906894305333032e-01
-4.303442536134282487e-02
-2.980121459361524325e-02
-1.806717235832882087e-02
-2.549985828376877262e-02
-2.529489262815975970e-02
-1.781034719034250979e-02
-1.516843441970699632e-02
3.596415401509610310e-02
3.385775170444352972e-02
-9.939708387555379332e-02
-6.659844599109480956e-02
-1.600132444468849169e-01
-4.197405848743351875e-01
-4.569459649016425207e-01
-3.261941977041352692e-01
-2.285115371349533686e-01
-1.866351468416695691e-01
-7.678269238307770805e-02
-2.097324596834361857e-02
-3.190143606709591045e-02
-6.507171046936741088e-02
-7.069969544759929780e-02
-1.839258954037394436e-02
3.231706295109246924e-03
-2.576579539328360466e-02
9.943921393351541974e-03
-2.320810942611858593e-02
-1.573864423662397483e-01
-1.288652364002195183e-01
7.941101964273050706e-02
1.008190917736059289e-01
-6.734899479251676979e-02
-1.032243928932479599e-01
-9.350085092677989929e-02
-7.744358290796010680e-02
-7.348615961634322180e-02
-6.158966066249966370e-02
-9.370419670011777280e-02
-9.370419670011904956e-02
-9.370419670012643254e-02
-9.370419670011860547e-02
-9.370419670010617097e-02
-9.370419670010418645e-02
-9.370419670011653768e-02
-1.265566750248408034e-01
-1.004284640792510452e-01
-1.391410912958486457e-01
-1.227148521334811976e-01
-1.749712740246611997e-01
-1.749712740246836262e-01
-1.749712740246862630e-01
-1.749712740246764375e-01
-1.749712740246534837e-01
-1.749712740246841813e-01
-7.143348866014559428e-02
-1.850169281090469076e-01
-4.985221675068515768e-01
-5.502910601891385367e-01
-3.231241812913079881e-01
-3.231241812913012712e-01
-3.231241812912932221e-01
-4.167909923211117751e-01
-3.474922903331612578e-01
-2.892183749095483467e-02
1.791156802396282055e-02
-1.206858359519572405e-01
-1.206858359519571572e-01
-1.206858359519594470e-01
-1.206858359519627222e-01
-1.161973975115027924e-01
-1.675789342741033916e-01
-2.690803882035312511e-01
-2.975647282410787131e-01
-1.648660869634307746e-01
-1.597578186079132850e-02
3.670959545129567902e-02
-2.033587230584849720e-02
-3.957966669214414181e-03
-2.374062512092958016e-02
-2.939196061640476573e-02
-2.939196061640697924e-02
-2.939196061640542146e-02
-2.160284411899111856e-02
-1.280478567407807196e-02
1.054295621862448573e-02
6.648397969919004821e-03
-1.094771891990807371e-02
-1.094771891990962108e-02
-1.094771891991153795e-02
-1.094771891991028201e-02
-1.087245320736533565e-02
-1.651111672496285293e-02
-2.794009418673860587e-02
-2.797772704300997837e-02
-1.670040000781603667e-02
-1.670040000781431236e-02
-1.670040000781538789e-02
-1.670040000781642525e-02
-1.670040000781721976e-02
-1.670040000781834386e-02
-1.670040000781951306e-02
-1.670040000781741404e-02
-1.670040000781562728e-02
-1.670040000781377806e-02
-1.670040000781476339e-02
-1.670040000781943326e-02
-1.670040000781981837e-02
-1.670040000781685199e-02
-1.670040000781707404e-02
-1.670040000781794487e-02
-1.670040000781615810e-02
-1.670040000781543993e-02
-1.670040000781751813e-02
-1.562884146293401499e-02
-1.507741315315594931e-02
-3.460608015446710751e-03
-3.996387287889773335e-03
-5.099243907441923518e-03
-5.099243907441863670e-03
-5.099243907441688463e-03
-1.868796734083573051e-03
-5.573155373859532951e-04
4.727467463551335834e-04
-1.142476840324189698e-03
-3.765439233717869909e-03
-3.765439233716487335e-03
-8.133949170733361170e-03
-9.074390812879161439e-03
-4.210815552578393156e-02
-3.992390055727638304e-02
-3.804301727298371738e-02
-3.804301727298267655e-02
-3.804301727298327329e-02
-3.646904575583709285e-02
-3.707646080405523070e-02
-5.585910574753571306e-02
-5.664609150611073229e-02
-5.543126140966945364e-02
-5.543126140966733034e-02
-5.543126140966554011e-02
-5.543126140966428417e-02
-5.543126140966787158e-02
-5.543126140966837118e-02
-5.543126140966696258e-02
-5.543126140966500581e-02
-5.543126140966818383e-02
-5.543126140966958548e-02
-5.543126140966393028e-02
-5.543126140966458254e-02
-5.543126140966731646e-02
-5.543126140967038346e-02
-5.543126140966694176e-02
-5.543126140966519316e-02
-5.543126140966413845e-02
-5.543126140966860016e-02
-5.543126140966840587e-02
-5.543126140966622012e-02
-5.543126140966648380e-02
-5.543126140966816995e-02
-5.543126140966788545e-02
-5.543126140966875282e-02
-5.543126140966500581e-02
-5.543126140966454091e-02
-5.543126140966890547e-02
-5.543126140966778137e-02
-5.577756319344029379e-02
-5.676639589248099610e-02
-4.958978392631132465e-02
-4.846005603642569021e-02
