-5.039718426592031120e-03
-4.999426716794764559e-03
-1.084608316961658669e-03
-1.360867869316576386e-03
-3.515270487494378225e-03
-3.070637843755232108e-03
-3.356171932453323563e-03
-3.755233635853390088e-03
-3.620711900743551776e-03
-3.812218033471757080e-03
-3.856335942857443827e-03
-3.854451017922705044e-03
-3.917119823259847602e-03
-3.917459737492530458e-03
-3.931105292618814438e-03
-3.946034357156813846e-03
-3.946831619302622676e-03
-3.954291121738236214e-03
-3.957736997001777036e-03
-3.960251336762650454e-03
-3.963879747459903014e-03
-3.966502102468808834e-03
-3.971502182730060268e-03
-3.974760007367331496e-03
-3.983033773607586384e-03
-3.994136996696949493e-03
-4.000399921178406093e-03
-4.032180799435706661e-03
-4.049899328782011199e-03
-4.078915623449000556e-03
-4.182838428042101250e-03
-4.181524629567378096e-03
-4.357775202571374101e-03
-4.592655003674875683e-03
-4.514485215482495067e-03
-5.394707660063638617e-03
-5.621454195228324513e-03
-5.905537860274701067e-03
-6.766515537750272986e-03
-7.129432815533805201e-03
-7.203175510397837739e-03
-1.023518249556246672e-02
-1.095019562350773960e-02
-1.143808222627573298e-02
-1.402147852217044965e-02
-1.410362313134615533e-02
-1.312776078864088050e-02
-1.201686052068931879e-02
-7.061426558352816227e-03
-9.499355195908854368e-03
-1.080535510574522247e-02
-9.971103512923797443e-03
-1.577155205575244898e-02
-1.632743926638207180e-02
-2.511195148027080271e-02
-4.350771271225460646e-02
-4.908417296160239029e-02
-5.688546239033617780e-02
-5.655760491372766041e-02
-6.825605942970408568e-02
-6.147589848035574234e-02
-4.938782451505596000e-02
-3.405637659135800355e-02
-2.843417510129550921e-02
-2.621634155892144102e-02
-2.285041953932674327e-02
-2.218906400357351094e-02
-2.164983209886676280e-02
-1.627223145494901754e-02
-1.645387665850840675e-02
-9.677370613524567330e-03
1.924611801825899197e-03
1.079521972693292704e-02
2.140911333080375636e-02
2.974129223917905407e-02
3.984307701041242544e-02
4.431622943602150227e-02
5.240675659113883111e-02
5.710718497886044243e-02
5.280570420610099236e-02
5.523870627466780092e-02
3.489497624194898284e-02
2.039292418657356887e-02
2.597458951590795716e-03
-1.009424489066718285e-02
-2.237361373643758505e-02
-3.088323180026823073e-02
-2.401495975921099160e-02
-1.266858912447206553e-02
-1.225109877003143291e-02
-8.600413382436082263e-03
-7.735004723602173157e-03
-8.594581593298501049e-03
-6.661835440287755539e-03
-8.984117540235685845e-03
-6.578525769056074030e-03
-1.273269760243104370e-02
-2.240379051891791540e-02
-1.406724787881842575e-02
-2.798433393111858514e-02
-2.593121090714793284e-02
-4.950539027724500107e-03
-9.840683900430142149e-04
1.651429352969554024e-04
-5.778291977274556054e-03
-9.347928215100716892e-03
-1.572693252116699053e-02
-2.629791585027163245e-02
-3.072063334591988715e-02
-4.164701086818674985e-02
-5.191068507664511888e-02
-5.619404952670248310e-02
-5.922581340149683099e-02
-5.795435755987927984e-02
-5.412284751473558225e-02
-4.512957803313980693e-02
-3.785340381843044916e-02
-3.054409774792075233e-02
-1.495484205688240101e-02
-8.594975147987671954e-03
1.112142071031913676e-02
1.048800720422459962e-02
1.128625921849736244e-02
2.004911865470398319e-02
1.575686208788863729e-02
1.853544043911771466e-02
1.622572862045314895e-02
1.519205975805323211e-02
1.922724515365936693e-02
1.306333984017751110e-02
1.377699053981993986e-02
1.495073945595994103e-02
8.966360486805231150e-03
6.228679051884941642e-03
-6.720174344368303821e-04
-1.415365880093374593e-02
-1.907806266961730932e-02
-1.822904768127229028e-02
-2.517450920176405454e-02
-2.101451352767032960e-02
-2.814407106623618982e-02
-2.531729891816258959e-02
-2.131448381706167738e-02
-2.336432955001327763e-02
-4.942659207435635797e-03
2.569650762646613542e-03
3.436357768620371470e-03
3.243075433724565415e-02
3.148547096837914921e-02
4.448479914017281628e-02
5.104568265339008704e-02
5.302860523087521427e-02
5.601718399492509881e-02
4.068403733860857796e-02
4.183142186069539747e-02
2.576287479595208013e-02
8.670432037841081449e-03
3.527949517766647280e-02
4.367857066027946988e-02
6.440388973346927726e-02
7.443706156917218042e-02
8.678018009373852926e-02
9.908707073045319724e-02
1.105616948375060526e-01
1.192181978904947870e-01
1.260101855851732122e-01
1.242377717316495295e-01
1.184324325978532433e-01
1.098714777087619054e-01
9.582925993184623903e-02
7.677703412067012068e-02
6.669915584516687701e-02
5.120980865594087356e-02
3.109733833292380872e-02
2.816602492202258112e-02
8.560223289055512649e-03
2.905251205649449914e-03
4.651473300142911979e-03
-1.105216770395148207e-02
-5.660022859738192760e-03
-1.932709900054520313e-02
-4.565632971648229954e-02
-5.024363519041309678e-02
-6.077669620936642508e-02
-6.576049791986804394e-02
-5.509954567482860249e-02
-5.562152829724233832e-02
-5.509423049306713671e-02
-5.660214441963640208e-02
-6.362951449649398294e-02
-6.434591635027417378e-02
-6.553182033567819809e-02
-6.506440948129808832e-02
-6.339322617905385204e-02
-6.112503565900646862e-02
-5.229730648389423198e-02
-4.728510392173147781e-02
-4.030739041620039209e-02
-3.185323825717120000e-02
-2.826343308920351016e-02
-1.568094877328390230e-02
-1.329243596700793381e-02
-8.056323029459463297e-03
-5.559365768756101452e-03
-1.045685906736395360e-02
-8.757545667499980896e-03
-1.241882848207661108e-02
-1.728655150358154174e-02
-1.780766256734747296e-02
-2.508166249432526584e-02
-3.007747491008844892e-02
-3.388368832599476799e-02
-4.586651035663888432e-02
-5.174767571127057014e-02
-4.829987377215055888e-02
-5.723085321423303229e-02
-5.077318431906346907e-02
-4.497303443817653179e-02
-4.210374276637951496e-02
-3.291526250197249204e-02
-3.063971701758047561e-02
-2.643356204029326945e-02
-2.277572553135055744e-02
-1.999974997760801260e-02
-1.836875588611624685e-02
-1.395074889511561771e-02
-1.277722524540726712e-02
-1.124047310454789721e-02
-7.939202371854680099e-03
-6.867452957554703516e-03
-7.022277250787071178e-03
-2.511230473566584531e-03
-4.884995527902216347e-03
-1.019789942659553653e-02
-1.273884402456053680e-02
-1.602578003056043948e-02
-1.368747652098998777e-02
-3.539300214372503861e-02
-3.059728874564916767e-02
-1.782780377951561496e-02
-3.240502116395493903e-02
-5.898152891331678860e-03
-5.729739575877567173e-03
-4.672874608815552611e-02
-3.622044771761529641e-02
-2.744660808070382291e-02
-2.834025863762364150e-02
-1.239213390537755900e-02
-2.090892411387060626e-02
-2.156922593788251213e-02
-2.104867123680626353e-02
-3.383303689638911954e-02
-2.894632952112974333e-02
-1.699662550227069510e-02
1.151249084465669550e-02
3.613701337213134218e-02
4.734103219227699111e-02
5.242379481666671615e-02
5.232154265240889640e-02
5.024945503921712797e-02
4.905676560489594107e-02
4.377592578286744474e-02
3.443862132953657423e-02
2.573816466914723503e-02
1.058179145354420925e-02
-5.495983778098197277e-03
-1.235286985513387413e-02
-5.520345061160861384e-03
-5.319417693554677126e-03
-1.793394269970022964e-02
-1.496284173793244188e-02
-2.669932902577461242e-02
-4.581885659369683284e-02
-4.945705914290816213e-02
-5.610816773759667864e-02
-6.112651179914105337e-02
-5.687940197688209909e-02
-6.029027678376993465e-02
-4.312560546754465318e-02
-5.329597190830698272e-02
-4.047395944741873086e-02
-1.759171515089968940e-02
-2.892988875194391074e-02
-1.706433745718246436e-02
-3.088020490343391586e-02
-6.171415151612168193e-02
-7.033828477046952243e-02
-7.703167815563594090e-02
-8.435424866781722486e-02
-7.016361598779888298e-02
-6.659411644716305145e-02
-6.752383368054594437e-02
-6.151470265698040507e-02
-6.710042627729552456e-02
-6.530862678446716640e-02
-6.791093650887569666e-02
-7.108340120186371069e-02
-7.017018408405376051e-02
-7.481474703269777593e-02
-7.384607426512797279e-02
-7.666250409657315856e-02
-7.891078546114901893e-02
-7.813171353176939782e-02
-8.498442113931126141e-02
-8.447698186276501875e-02
-8.100224017601845294e-02
-8.315186335143627538e-02
-7.254659879159139346e-02
-6.884863332149271375e-02
-7.142830861345442206e-02
-6.228855196731335198e-02
-5.347124941728324810e-02
-4.793476190082590627e-02
-3.626381649542743946e-02
-3.220126808108024485e-02
-2.624130854039487953e-02
-1.599702387353172869e-02
-1.400365549348623478e-02
-4.900076966694075220e-03
-4.862512996688345829e-03
-5.168159357289358116e-03
-2.890038253826452633e-03
-4.045402093796241633e-03
-1.416330484251181188e-03
-2.937470512484726716e-03
-9.389425467924246080e-04
6.236546317217499594e-03
1.028116791322334668e-02
1.168886479823944349e-02
1.227862302017230026e-02
1.107065851771971317e-02
8.244196636051632013e-03
8.843342346846172139e-03
7.445003780545210448e-03
3.040707069600516455e-03
9.791962577703455361e-04
-4.709995336989201108e-03
-8.314142283294558011e-03
-1.209969099000660422e-02
-1.538427554312297475e-02
-2.301406744638907417e-02
-2.481978922061536461e-02
-3.041998056128977779e-02
-3.033006464978682537e-02
-2.569196573723970395e-02
-2.600163725457147954e-02
-2.438665994531551834e-02
-2.052238215449670583e-02
-1.816605490855625199e-02
-1.709108897355289883e-02
-5.265961741158828313e-03
-4.868974722211183090e-03
-2.432560163385776106e-03
6.722605724252908067e-04
9.586475586773432912e-04
2.317269737014836586e-03
3.150656759799866195e-03
4.005860004184541578e-03
3.718733475549063344e-03
5.490368509926950302e-03
5.649850405703769722e-03
3.097057304193532624e-03
2.977354668567464176e-03
8.935122532493511294e-04
3.117386191439254625e-04
5.847371894839875238e-04
1.771282233631483734e-04
3.810886836456921613e-04
3.526118714164982754e-04
2.953124333776356385e-04
3.550916595778683214e-04
3.237357956674157054e-04
3.271684914945763973e-04
3.357228461572455032e-04
3.263899096054269583e-04
3.307879130661881169e-04
3.300456746929360165e-04
3.285935604733394139e-04
3.292747509458857753e-04
3.284129693682467910e-04
3.279678881376648378e-04
3.259301668378094554e-04
3.266624196080170853e-04
3.226296098475854666e-04
3.183641379899425144e-04
3.225130832982340537e-04
3.009927469025286298e-04
3.057075577881453220e-04
3.026766247536986313e-04
2.288243801641507596e-04
3.045094316363119329e-04
1.813529268295493275e-04
5.967785740329765727e-05
3.462761554620676064e-04
-5.018183654874512969e-04
-7.568224550859870003e-04
