-7.621346003197723316e-04
-8.550258188703771392e-04
-3.295322133234094598e-03
-3.336517236375186133e-03
-3.530472127442101354e-03
-3.966707513281255912e-03
-3.541211137962145886e-03
-3.725369340493119019e-03
-3.711251930674376587e-03
-3.638562912349053644e-03
-3.698615238886482793e-03
-3.667658602999139192e-03
-3.666841788934967379e-03
-3.676384547995592035e-03
-3.665984419374570397e-03
-3.669705638188996109e-03
-3.669168645190125713e-03
-3.667103097662768180e-03
-3.668169027803285919e-03
-3.666912556283338440e-03
-3.666464855828848249e-03
-3.665805841842979286e-03
-3.664191689665952188e-03
-3.663492830598211701e-03
-3.660066161980998940e-03
-3.657346913579414063e-03
-3.654492784080345426e-03
-3.642555807303607656e-03
-3.640644209208870885e-03
-3.623762530746854442e-03
-3.592616369943612067e-03
-3.600009492217864059e-03
-3.511346425236565403e-03
-3.474604541486824190e-03
-3.472103277860285817e-03
-3.113832840786956956e-03
-3.172620679418066639e-03
-3.072822491825271275e-03
-3.129248873795278160e-03
-3.200923890940164142e-03
-3.118220162471372833e-03
-3.771878255418972207e-03
-3.914340168569339570e-03
-4.301960675399737512e-03
-4.956968876916146433e-03
-5.112390862692355563e-03
-5.169651169609008196e-03
-4.102262254344361293e-03
-3.376337662352798131e-03
3.024388403735063318e-04
8.326623292957034076e-04
2.129324190095869748e-03
3.929177963334179631e-03
4.253539368189607900e-03
6.060844165602174462e-03
6.428676686484457309e-03
7.177775861559959614e-03
7.544398529462725302e-03
8.847820491194254705e-03
9.428927046057127004e-03
9.785607417247144807e-03
1.400789639231038441e-02
1.212474640598334291e-02
1.263845837390719339e-02
1.256107015278784544e-02
5.207770094946708936e-03
3.771147399359995895e-03
6.867562157283476840e-04
-7.866463222134724865e-04
4.502448736770595528e-04
6.732346968816086113e-04
2.524250195696386631e-03
2.794793813358648939e-03
4.463636427640654651e-03
5.559994185506215818e-03
5.872373701269625011e-03
7.411196299843209392e-03
4.331784241434170381e-03
4.074800346956692493e-03
1.831811541662654429e-03
-2.314757591902270439e-03
-4.841746351602416523e-03
-6.026860205352556343e-03
-1.200685903852190609e-02
-1.311110974142429622e-02
-1.563779912602200617e-02
-1.512632230063631379e-02
-1.117003838985857964e-02
-9.872159383458527226e-03
-8.346280788902550249e-03
-4.362488532856098958e-03
-2.997200538823688136e-03
9.218449201376936915e-04
6.105392649669711541e-03
8.623129724943041571e-03
1.184221570952687617e-02
1.224127124651120876e-02
1.209906512273579114e-02
8.014202765236101700e-03
4.749474385111813156e-03
4.388081143363469806e-04
-2.380536845908190653e-03
-3.403602333327870877e-03
-5.539056680363786678e-03
-6.472931900518026811e-03
-8.567569760477750790e-03
-8.296639270130716157e-03
-2.371943808465332062e-03
-2.227590640254977286e-03
9.496337935693309820e-04
2.584904271651187503e-03
4.125688205211992983e-03
4.439491228656309435e-03
7.254366782209827232e-03
8.693324074827306347e-03
1.058718135308145576e-02
7.172046902082955706e-03
2.768951196570989051e-03
-4.057580901664048847e-03
-1.136027416684620706e-02
-1.123707446293902706e-02
-1.235329227177398709e-02
-1.175028265785535778e-02
-9.345501750374893279e-03
-9.143742201219716079e-03
-9.308935795185577927e-03
-6.892112806279155138e-03
-6.063097577364455655e-03
-5.042474962621161516e-03
-9.164651132672122207e-07
1.443445151735963273e-04
2.065467238063595831e-03
3.117701183243181979e-03
3.042695295237225501e-03
3.147837852390112170e-03
2.712858713018984416e-03
2.326402446480793727e-03
2.362283905789333040e-03
1.224720175803264630e-03
7.179649860151113283e-04
5.748198192522251549e-04
-3.635998521672529488e-03
-4.705040794533562817e-03
-7.196869671702234468e-03
-7.652724639081814884e-03
-6.188035282452669476e-03
2.976577001167581438e-03
6.777130025963706145e-03
1.469879265650725006e-02
1.587925298677490826e-02
1.507565670543048811e-02
1.600736584341419869e-02
1.678842424476317124e-02
1.664132469322825852e-02
1.961471252671747115e-02
2.172535987152171555e-02
2.042585936578239503e-02
2.353725874883569325e-02
2.489620549612014261e-02
2.501729473673388465e-02
2.589646059894254448e-02
2.350105272179922600e-02
1.800361460352372517e-02
1.248180275978266751e-02
9.576673737107995257e-03
4.312828026835219264e-03
-1.581565230697628589e-03
-4.230091215910018222e-03
-1.145297694996779553e-02
-1.283179876890961149e-02
-1.554720014943816384e-02
-1.611520957130900197e-02
-1.184238857408992374e-02
-1.244362695689141957e-02
-7.884490940935819786e-03
-7.548120462219522382e-03
-8.626929206588876409e-03
-6.900393308715863094e-03
-9.688577241366314388e-03
-1.049989314350820678e-02
-9.833042448581495037e-03
-1.310533451456588790e-02
-1.344181276801032637e-02
-1.338876014322639384e-02
-1.569399630231719731e-02
-1.737416143172766658e-02
-1.892570651518913488e-02
-2.078779571538923177e-02
-2.109471506502725788e-02
-2.153423972008043641e-02
-2.223241606313660843e-02
-2.193258524953846378e-02
-2.019952511360099956e-02
-1.858116900567444163e-02
-1.577353222454186410e-02
-1.114671735775966954e-02
-8.513880670509746396e-03
-8.825892038213555696e-03
-8.569599352411685564e-03
-1.052221904737757688e-02
-1.029949863873717841e-02
-1.178353456937916016e-02
-1.212442877854636933e-02
-8.597726417110221342e-03
-8.352896419543436729e-03
-7.228747220391323891e-03
-1.751233627255148256e-03
-5.888323983463114759e-03
-1.123352054025012533e-03
3.847694653319445011e-03
1.093694992078700096e-03
1.013610270344168568e-03
7.338705673691930421e-04
-3.555477219732386396e-03
-6.837299766547331493e-03
-1.009142452561732906e-02
-1.186699807811945201e-02
-1.324837804505120224e-02
-1.265752983890040644e-02
-1.235414338507318487e-02
-1.238154248274805913e-02
-1.002213559773620574e-02
-9.968215124056573062e-03
-8.826811125759302656e-03
-8.205851718718654153e-03
-7.737831717726149916e-03
-5.020197491167588053e-03
-2.716971376550581397e-03
-2.466822285213862969e-03
-7.370796382063629420e-04
-1.752967935956945434e-03
-5.360824721232017830e-03
-4.926227033963300958e-03
-8.383704981623253671e-03
-8.094629946867664891e-03
-8.552558839696206699e-03
-1.164386471317046048e-02
-1.287313559329737213e-02
-1.762776441956112605e-02
-2.101352185873027814e-02
-2.061520248252640686e-02
-2.227238286315487079e-02
-2.201425932253600962e-02
-1.903627080903168289e-02
-1.768573512545129622e-02
-1.536524740482497244e-02
-1.366906429784198185e-02
-1.488156904069733166e-02
-1.254166712873186484e-02
-1.255925217439221066e-02
-1.309325369655520849e-02
-8.158946872002286604e-03
-9.243434899467590712e-03
-9.504507673524998507e-03
-8.277239432612996245e-03
-1.219782237386260459e-02
-1.014623523341984072e-02
-1.027613198203920081e-02
-1.110876825339641993e-02
-3.653945396000159770e-03
-2.542735902231920211e-03
-1.333790676765748322e-03
9.657763134145825939e-04
-1.276077158382191504e-03
-1.888690320973196099e-03
-1.949905078024235768e-03
-8.388217791944831440e-04
9.429653710464771079e-05
2.335300048325572499e-03
1.514222179421283567e-03
1.755163181846835022e-03
1.166643492670483596e-03
1.122540766087516337e-03
1.169199572854483140e-03
8.772369165434966854e-04
1.650844926874634171e-03
1.151986406443931054e-03
1.317872519201575710e-03
6.583282511142451911e-04
4.286126361442981359e-05
1.851840557017762207e-04
-1.538196625614304206e-03
-1.419033849268153949e-03
-1.958768789068309878e-03
-1.459521824406586048e-03
-8.602515245920692478e-05
1.468327945622398701e-03
1.858829530965317497e-03
1.377241497100313138e-03
1.030645130492906800e-03
4.242834117753491868e-04
-6.102911163030446708e-04
-3.095419072709613365e-03
-5.130142066085868410e-03
-6.637327869535240843e-03
-9.031123266042617032e-03
-1.225010325680427406e-02
-1.443398355530474061e-02
-1.714074811388202613e-02
-2.230402128443137108e-02
-2.160231026970553525e-02
-2.381616457269409085e-02
-2.252079807208125922e-02
-1.975169512118090873e-02
-2.087550609847230523e-02
-1.576391356328710885e-02
-1.571980573484761320e-02
-2.212220353501260714e-02
-2.189756000753682527e-02
-2.117063608503824690e-02
-2.480494882958329469e-02
-2.119487345420969365e-02
-1.742821687957369151e-02
-1.712007085291907676e-02
-8.863329026429028756e-03
-8.400799515074119234e-03
-8.277141541342531578e-03
-5.883332390380671163e-03
-5.263628415900742027e-03
-4.697908609623481675e-03
-1.065789608347289140e-03
-3.446457822947212755e-04
1.593042748245825568e-03
3.297757950052620894e-03
4.541550066299564030e-03
5.204014686785924000e-03
5.343922950019490241e-03
3.755015807453713703e-03
5.614403160689591422e-03
4.340748098711292788e-03
-8.209838296382033617e-06
-1.295239019288083396e-03
-2.495812629524042734e-03
-4.530681525669660523e-03
-7.943709003077260855e-03
-1.018149690820769823e-02
-1.185519600390890632e-02
-1.264680203997849139e-02
-1.425529611958944488e-02
-1.442849285911944335e-02
-1.448249802607103412e-02
-1.276482564919691545e-02
-1.167477327059107152e-02
-1.050531551289672801e-02
-9.087261027813478206e-03
-5.967912376620790674e-03
-5.977786003312136713e-03
-3.688402802858295818e-03
-3.859179137574678120e-03
-2.988632966380164440e-03
-1.130894742113334236e-03
-1.739658483774405564e-03
1.560236850860181358e-03
3.212189696334973033e-03
5.267031720158191037e-03
1.036525803807778617e-02
9.530450715924251512e-03
1.038861252954976014e-02
7.650336638015772794e-03
1.675462622090625065e-03
-5.846229208129594818e-03
-1.248909284652934513e-02
-1.313629848674114850e-02
-1.032096881376949951e-02
-9.235136935508656345e-03
-2.924159576131349619e-03
4.464503092407078391e-04
-2.967897277531066427e-03
4.699620449288908000e-03
1.465078038043418976e-03
-4.311078493966112243e-03
-4.485912978324376257e-03
-1.099525994338954905e-02
-1.148134917481877584e-02
-9.466762591508016272e-03
-8.761649417709477944e-03
-4.678506162571986066e-03
-2.456369798971954049e-03
4.218437213278239048e-03
7.572189317711064925e-03
8.400601910244236484e-03
1.201234909266739662e-02
1.309065564395127564e-02
1.416097454200019624e-02
1.619775459729998895e-02
1.720133486563933667e-02
1.743905860689470150e-02
1.992356820950040575e-02
1.944233878299873874e-02
1.852940618752443522e-02
1.846243647122306972e-02
1.461568330585360891e-02
1.441548685297071308e-02
1.217557229092558480e-02
9.244905914504893130e-03
9.469125367424162387e-03
4.776379951756699362e-03
3.367523947042204945e-03
9.434512543258270984e-04
-7.323439633010631056e-03
-9.310905935206649497e-03
-1.442264067927699102e-02
-1.871480841178342625e-02
-2.070185065144160980e-02
-2.644485206656694773e-02
-2.789825602396986404e-02
-3.157316433546236700e-02
-3.321409099497094064e-02
-3.207741955411402140e-02
-3.279279427289709392e-02
-3.275292631545289462e-02
-3.090365588229887842e-02
-3.030139588914061016e-02
-2.971332449506265683e-02
-2.422242222137228895e-02
-2.362238470516667133e-02
-1.587018510382725081e-02
-7.415670655728383125e-03
-3.143547576936156843e-03
-3.226897180824746941e-03
-2.251768889952098906e-03
-2.648769105016057952e-03
-2.089731225781514198e-03
-2.058658561937587277e-03
-1.619029619984447806e-03
-1.407615844230142906e-03
-1.372692708985548448e-03
5.360641297094449493e-04
7.423626798612818463e-04
1.237938990386653823e-03
1.821245132595879137e-03
2.045560920435313124e-03
2.202724090435892804e-03
2.742456008264631921e-03
2.906447918041235416e-03
2.614938624962583232e-03
2.604656317170479449e-03
1.863855896455574035e-03
1.827851918308361122e-03
1.636513150730693365e-03
1.434884274206499289e-03
1.412235306205301532e-03
1.300348742450442270e-03
1.247217910154802987e-03
1.210544501311654544e-03
1.146886732577455685e-03
1.118111420639302661e-03
1.052542702521554446e-03
9.860509317543312766e-04
9.352355701622515859e-04
7.599868647883113119e-04
6.823786951885344289e-04
4.786036148115973285e-04
3.435206464348910128e-05
1.541837898429840510e-05
-9.196214811919563130e-04
-1.634211599058351966e-03
-1.727279422167125010e-03
-5.244587580558362008e-03
-5.290454821577395515e-03
-5.890639381093428981e-03
-6.975336941666352916e-03
-6.723299076367907079e-03
-7.424258205429245215e-03
-7.593105089751973381e-03
-6.968085383667159405e-03
-6.784853678708345145e-03
-6.291180593939574989e-03
-5.719476686426689174e-03
-5.055924291024274826e-03
-4.882383627458746975e-03
-2.849377102799843450e-03
-2.847701512493871785e-03
-2.711768487701889975e-03
-2.207197332935908161e-03
-2.342327621159072046e-03
-2.148295533472791268e-03
-2.091451133732213051e-03
-2.350142361363940884e-03
-2.323697088596472608e-03
-2.297896208154935355e-03
-2.358564619817554112e-03
-2.333554332487282335e-03
-2.344452696955472842e-03
-2.353304633217543143e-03
-2.347287483125663592e-03
-2.353273063396239990e-03
-2.353212290432196447e-03
-2.352868034184382468e-03
-2.354477047238752625e-03
-2.354032380533363760e-03
-2.354208732989169356e-03
-2.354393635927638870e-03
-2.354060428173910223e-03
-2.353687630260518828e-03
-2.353568003099226064e-03
-2.352388871787561373e-03
-2.351269639404669851e-03
-2.350852417386814844e-03
-2.345996108158424423e-03
-2.345349179453433928e-03
-2.340995506808959611e-03
-2.326069700318261334e-03
-2.332799499459784712e-03
-2.300959463807233062e-03
-2.276239376590681596e-03
-2.299392011092232097e-03
-2.145661786889127738e-03
-2.194438308359675845e-03
-2.128168987360312160e-03
-1.587533329951322470e-03
-1.641535383897746014e-03
