3.315168029110540513e-05
-2.178659700989621885e-05
-1.304452360496504175e-03
-1.463665772083999443e-03
-1.290100841638394582e-03
-1.366607649973818842e-03
-5.292757463391776921e-04
-5.594984001438183235e-04
-3.478155651409800368e-04
-1.244770448490716485e-04
-1.184225010375818381e-04
7.503180501429496422e-06
5.783868478237662043e-05
8.380274052316135421e-05
1.325332902937358538e-04
1.462502826332805531e-04
1.644161392815528635e-04
1.795563462308669069e-04
1.847841235660577881e-04
1.923423073996074735e-04
1.949573814043962356e-04
1.953689630109964575e-04
1.952687479326818676e-04
1.902013942737689107e-04
1.857195178399541737e-04
1.765041035833247952e-04
1.606023346409447881e-04
1.497657510572266381e-04
1.174169054835695554e-04
8.620373491389365797e-05
5.791924157336595817e-05
-3.846567865639870232e-05
-7.305507756011575754e-05
-1.876795785252793078e-04
-4.130647930411814311e-04
-3.970565209156627791e-04
-8.696544346554300076e-04
-9.315412590556800421e-04
-1.053240111426145646e-03
-1.289068661291439127e-03
-1.449047929716601414e-03
-1.399471276178072821e-03
-2.016251930722176566e-03
-1.972282887776411961e-03
-2.080850011999446116e-03
-4.172730298505301569e-03
-4.526437430579922754e-03
-6.907050543054038885e-03
-8.803681246033723609e-03
-9.260812736396326073e-03
-1.288713732238564065e-02
-1.468295339334009346e-02
-1.561701300810443803e-02
-2.457635575824008295e-02
-2.475608872622468010e-02
-2.883769186350317731e-02
-3.177888249447074348e-02
-3.107456876133250431e-02
-3.340447384464488578e-02
-3.327278378152433852e-02
-3.238333786724410801e-02
-3.034980951967551979e-02
-2.900912296455376502e-02
-2.809573256646146974e-02
-2.314798562861852815e-02
-1.959571978237210910e-02
-1.225439909387412984e-02
-4.207684788637334854e-03
-6.438013905957341940e-04
1.219992441482157294e-03
1.152064666144405215e-03
1.487739044418972915e-03
2.427137253825361989e-03
2.532226936884866397e-03
3.041193050079640282e-03
4.280979588014444288e-03
4.130825595881249153e-03
5.583726295020322201e-03
7.345297482077380383e-03
6.305380995726181381e-03
1.132980155265034608e-02
1.058461268756817099e-02
7.753030513043944298e-03
8.945568670441540055e-03
4.517563652876022823e-03
-1.747098893813931820e-03
-6.892347580594870848e-03
-1.984451941263954550e-02
-3.058616064805884729e-02
-3.276896838105622378e-02
-4.147433943859948902e-02
-4.132781447529048496e-02
-4.303706273611906941e-02
-4.558622369801041546e-02
-4.420296734555026474e-02
-4.586156418163177262e-02
-4.375803001744073967e-02
-4.136360038630694513e-02
-4.291665911507468179e-02
-3.837619102522320247e-02
-3.323288813617249204e-02
-3.188179640968533124e-02
-2.466467105861729764e-02
-2.649491618659739756e-02
-2.726604337883279869e-02
-2.443246950362913672e-02
-2.842521931789986078e-02
-2.446933358699016764e-02
-2.588331293460427451e-02
-3.345356887451544914e-02
-3.498116085738411929e-02
-4.162879536699091304e-02
-4.582030675730196234e-02
-4.820129185946162714e-02
-5.362305451565040071e-02
-5.813386248006482265e-02
-6.357207806195151745e-02
-7.301257575608513517e-02
-8.583442156349753438e-02
-9.831579448028467116e-02
-1.050629957496255762e-01
-1.118589405914661994e-01
-1.137754995333198627e-01
-1.164814068510209577e-01
-1.161481999023875056e-01
-1.166251498692939814e-01
-1.158518993853311918e-01
-1.095453073202040523e-01
-1.079425402517487365e-01
-9.198362288033137824e-02
-7.771687340761229690e-02
-6.439659707583417214e-02
-4.519656728994726758e-02
-3.679687486789838535e-02
-2.291159752175642855e-02
-1.504388978067800961e-02
-6.177966725553783733e-03
3.707907080540427712e-04
2.568158264223245352e-03
8.059653595569584925e-03
1.027594140059437215e-02
1.104995862689623666e-02
1.292545752527771499e-02
1.301962376161107555e-02
1.420428878061337843e-02
1.441120323463111579e-02
1.540230238467786388e-02
1.611506332940893654e-02
1.567869815707297401e-02
1.906417832292636727e-02
1.929369107415211670e-02
1.583610442102810142e-02
1.478595784994160209e-02
1.248409474050803797e-02
1.405418730647903583e-03
-5.273474307402214144e-03
-1.111613739327486396e-02
-2.735115579684672948e-02
-3.229559277130341494e-02
-3.928528516473760168e-02
-5.049663760500446019e-02
-5.396828346293573719e-02
-6.158330906069568039e-02
-6.456976673759481922e-02
-6.596906889386408568e-02
-6.802081778416765867e-02
-6.827057726643746827e-02
-6.647048852813279562e-02
-5.915143238695976663e-02
-5.242266030171095770e-02
-5.608544340820808410e-02
-5.810679406688402937e-02
-6.756120658620974606e-02
-6.625367057861861197e-02
-6.624854333605866008e-02
-6.545421652881593111e-02
-6.345391235399694407e-02
-6.392418716039442728e-02
-6.180735315665046581e-02
-6.156308148842858097e-02
-6.307886935080694868e-02
-6.380418027777637335e-02
-6.771981700782242486e-02
-7.120827993095106556e-02
-7.283033527209087366e-02
-7.667446136536926193e-02
-7.802209624099062935e-02
-7.547491503821859848e-02
-7.690392345896679416e-02
-7.595000575505694851e-02
-7.203541337971985925e-02
-7.297801779233391295e-02
-7.258121797118803620e-02
-7.149028459735616570e-02
-7.494041233144156655e-02
-7.359874296671417571e-02
-7.452772744321579934e-02
-7.530780147873430974e-02
-7.383151865724783824e-02
-7.462660048060985873e-02
-7.339587782419493278e-02
-7.228632454192374102e-02
-7.259102639353587350e-02
-7.140356664084032690e-02
-6.948076077979609133e-02
-6.952914763075929150e-02
-6.583418064341696463e-02
-6.398582082729514786e-02
-6.211967004969806000e-02
-5.419499258911153472e-02
-5.108050521467273619e-02
-4.184707526135393596e-02
-3.294763146087911071e-02
-2.782197432903302931e-02
-2.290574648149399511e-02
-1.853600880367415465e-02
-1.615653375795788119e-02
-1.170873528499959647e-02
-9.347502016138310027e-03
-8.456940248670495250e-03
-7.101413017978824155e-03
-7.355498286376879920e-03
-6.724524761847486959e-03
-6.565207499046490751e-03
-8.048357280195119617e-03
-7.765768058861888604e-03
-1.021879547754677396e-02
-1.864520508638842222e-02
-2.420325386057628134e-02
-2.744759823930422588e-02
-3.312226462299757562e-02
-3.553101598371423420e-02
-3.651299941910435276e-02
-3.745738823835853548e-02
-3.594055172978385254e-02
-3.514595233492348592e-02
-3.472458249340878988e-02
-3.234378596153866803e-02
-3.292536617574746971e-02
-3.153968830163135506e-02
-2.985977452317354480e-02
-3.028649537672516157e-02
-2.715937137735326828e-02
-2.405615711035771070e-02
-2.270604056528153364e-02
-1.438214418522527384e-02
-1.301968082630683421e-02
-9.591460949661560764e-03
-8.079189192422810833e-03
-7.529260224713472081e-03
-5.783748443882309395e-03
-1.278967553845126439e-03
8.390695144500385713e-04
4.692142501480842803e-03
7.851489466978263040e-03
9.320137027794588719e-03
1.103271049798352013e-02
1.529592674020320911e-02
1.652221656623754920e-02
1.751947262083660209e-02
1.853400471454269213e-02
2.030312202640407321e-02
2.068322891161532284e-02
2.238948836434043882e-02
2.774470407356359469e-02
2.951077101642875233e-02
2.854771851172128658e-02
2.266853223605835854e-02
2.010095005460285633e-02
1.844749535889542158e-02
1.633263156870925700e-02
1.514291484298168136e-02
1.451289508875390315e-02
1.172545106194607806e-02
1.132554684426733717e-02
8.934985237466122610e-03
5.073406073684967772e-03
5.956965767937539777e-03
-1.371904005783752128e-03
-1.562610122778259215e-03
4.387624444273213395e-03
2.497624323569256830e-03
2.121998209661470850e-03
3.022433048288321409e-03
2.331324122633949506e-03
3.172747106208376796e-03
2.908786644777860454e-03
4.507275812061933146e-03
5.108602258355491796e-03
4.186640061228831186e-03
7.502133908275298094e-03
7.535129429915218661e-03
6.280427142821709205e-03
7.786208380274729432e-03
5.474277908723948136e-03
-1.109240004476514074e-04
-1.957374975303231845e-03
-8.258909203138375954e-03
-1.003674030168749329e-02
-1.349864313321397918e-02
-1.544722401287626848e-02
-1.654248284586236697e-02
-1.954357718565639598e-02
-1.976436981039477597e-02
-2.280699614669105119e-02
-2.501971563556813077e-02
-2.674279923485663527e-02
-2.921395845758512771e-02
-2.733842714837080023e-02
-2.839605022950052876e-02
-2.828953174036236140e-02
-2.203571350415074043e-02
-2.127895316968194533e-02
-2.081834681885551958e-02
-1.810105764538861087e-02
-1.680633415488553412e-02
-1.334327905254936372e-02
-7.695665010152134312e-03
-3.932032758265520921e-03
7.544224675525838157e-04
2.408628438996477522e-04
2.148721375187929040e-03
2.237527964123329355e-03
1.910169387723532506e-03
2.849184207068144147e-03
2.571951670294587034e-03
1.815262768933323259e-03
1.732709938130122009e-03
1.430139246227441624e-03
1.160941255357099151e-03
1.079642126603431529e-03
9.663856020719269798e-04
6.926801500470367414e-04
7.928024675973197001e-04
6.095260788096669002e-04
1.755370163088611050e-04
1.036594945802224790e-03
-1.444796359973866181e-03
-3.374326840651593884e-03
-4.382943588524825483e-03
-1.232625549422659839e-02
-1.131746371350029340e-02
-1.581999222996010451e-02
-1.639249241916055158e-02
-1.054070748039792442e-02
-1.109075550486136701e-02
-8.962173982096678648e-03
-6.085999171771886568e-03
-6.951118816134955677e-03
-5.734067305136167012e-03
-6.363648751654929665e-03
-7.689650146950913374e-03
-8.587344924201722324e-03
-7.728609761640711437e-03
-9.091552727047489194e-03
-9.228715505040663986e-03
-1.015448594611453870e-02
-1.115364906726635727e-02
-1.102395052572613214e-02
-1.643436967158407730e-02
-1.959285868645334674e-02
-2.488089378040353114e-02
-3.538734497558619629e-02
-4.058603641569972359e-02
-5.109091521774095090e-02
-5.409504844118846051e-02
-5.629240514183440208e-02
-5.725410414268846532e-02
-5.649469697511498578e-02
-5.673960649714603066e-02
-5.435055381033705030e-02
-5.386762990793268063e-02
-5.200659275684130223e-02
-5.089270100025496124e-02
-5.102500968024157452e-02
-4.917880588855724766e-02
-4.850458357270859971e-02
-4.717320493858465080e-02
-4.482774063510468893e-02
-3.756075836269245211e-02
-2.988144870575827269e-02
-2.218493960923077074e-02
-1.517927234390938247e-02
-6.230146023607789109e-03
-1.270860419188129262e-03
3.764336873474191918e-03
1.071373923920150399e-02
1.225893334288626763e-02
2.748297093988450249e-02
2.954871649869432113e-02
3.904207158807974226e-02
4.695033397141552822e-02
5.104247805902525220e-02
5.647081024731800264e-02
6.047340520318946616e-02
6.340210522913766744e-02
6.661572493119008453e-02
6.875358976059746385e-02
7.064341111712028887e-02
7.239399677859018056e-02
7.353422682195305538e-02
7.452509097567783236e-02
7.548411150835150629e-02
7.574491819617280852e-02
7.622455136586046842e-02
7.658837403109047814e-02
7.581572382922117936e-02
7.651459080977333904e-02
7.551758273601577587e-02
7.418362084096630227e-02
7.616156627328024564e-02
7.437982154507201404e-02
7.139100283461913277e-02
7.203875173917638486e-02
6.547794471530939131e-02
6.351984142368213848e-02
6.138037005796073003e-02
4.578612502714039800e-02
4.389498763476162163e-02
3.531417713240244532e-02
2.910247788535714336e-02
2.558742284718826254e-02
1.688827435054507733e-02
1.513833167323977782e-02
6.784413528755371507e-03
5.506316784310526062e-03
5.071211221197918437e-03
2.343158074575675195e-03
2.257129403432007065e-03
1.685614944647038102e-03
7.900586082046510885e-04
7.903797492178832795e-04
1.344795495904243425e-03
1.341861434281400303e-03
1.615670203462119588e-03
2.049176754076047040e-03
2.031381858988824587e-03
2.670717123038309111e-03
2.643749290672652540e-03
2.712717541963341299e-03
2.883482329653663453e-03
2.860028512390425364e-03
2.929925509916861230e-03
2.964585057558478867e-03
2.968817592281511059e-03
2.998937653158047743e-03
3.005360979552992428e-03
3.013284438285887372e-03
3.022967608318511985e-03
3.025286841966522838e-03
3.029886623369804424e-03
3.032770418772931433e-03
3.034265275389305076e-03
3.036280748270626592e-03
3.037485499332202681e-03
3.038443286789921718e-03
3.039552168934711324e-03
3.040716838343768703e-03
3.041289621344738653e-03
3.043195771031801614e-03
3.044726968321583276e-03
3.045436426285234865e-03
3.051182743777654423e-03
3.051328904520711656e-03
3.056460526687232015e-03
3.070387125834352863e-03
3.062262104518983369e-03
3.093317179935772387e-03
3.107286249862826946e-03
3.088191973786563651e-03
3.210869807891648855e-03
3.143421890893491333e-03
3.210251666990304471e-03
3.506228750371898854e-03
3.089171249391606255e-03
3.827414610474611737e-03
4.001084684558677343e-03
