-2.359600753339036885e+02
-5.994534396661916986e+01
-2.310594255428858190e+01
-2.279294346206698663e+01
-2.693374536891167459e+00
-7.492989932221560956e+00
-5.461297103997943658e+00
-1.282439619197311087e+00
-3.193166321859323364e+00
-1.134953662602322222e+00
-7.281266469562981403e-01
-8.994486776792711691e-01
-1.556767256625292972e-01
-2.305271683826126405e-01
-1.219610270978205291e-01
-3.550316280687379478e-02
-2.120643405909215101e-02
-1.866816460184150539e-01
-2.707786848833517723e-01
-2.318809938674277482e-01
-1.214172312200530124e+00
-1.250457457663090910e+00
-2.073669204066252547e+00
-2.276889023856456085e+00
-2.498199247319725647e+00
-2.573103271696455252e+00
-2.650564775939491913e+00
-2.595071095510639303e+00
-2.052048414843635538e+00
-2.442178764209023800e+00
-1.278425295180129595e+00
-6.562452307101663829e-01
-1.458693382031170716e+00
1.306718847251308047e+00
1.702008244774662060e+00
2.719879122817630002e+00
3.215547126251068644e+00
3.363998636165266731e+00
4.135043858662014848e+00
4.192712202377388842e+00
4.498029134278962893e+00
4.611424365292571714e+00
4.626141828453619986e+00
4.765165295240827881e+00
4.792358114737268693e+00
4.837418935905668071e+00
4.889330942828691740e+00
4.934151784368377314e+00
4.890204169540661283e+00
4.843252101482350191e+00
4.740873897947313509e+00
4.461004179461141916e+00
4.255836384925306248e+00
2.586966225663479779e+00
2.055649383985326484e+00
1.270505064661037853e+00
5.614403253522341763e-02
-3.772966655775468192e-01
-1.379448819691858841e+00
-6.976147970547822430e-01
1.091579422406302680e+00
1.563238954183855389e+00
4.452583853585911910e+00
4.830038825694638049e+00
4.945482517335650918e+00
5.874691412391658929e+00
5.403624858495122751e+00
6.120352886314258001e+00
6.612756932946708410e+00
7.040108966219017717e+00
7.122059793490873147e+00
7.190283091871147114e+00
7.154599469925221555e+00
7.211691960598110462e+00
7.170419277929449109e+00
7.110196032754206641e+00
7.104153412118618505e+00
6.976875888168479811e+00
6.925228051187993117e+00
6.842709879843912546e+00
6.679695977496573178e+00
6.612157702747090582e+00
6.388579089420796997e+00
6.175204534921005184e+00
5.972298531448520187e+00
5.353087987214335541e+00
4.906559374274735319e+00
4.232940343728738952e+00
9.746252826236045941e-01
6.470336359070986143e-01
-1.563991970368720397e+00
-2.199761318573815849e+00
-2.332391238965451752e+00
-3.950704311910417488e+00
-4.201924606882779578e+00
-4.486707226190862485e+00
-8.657913550805787395e+00
-7.596077559314925232e+00
-9.848465967855631220e+00
-9.686126386243220310e+00
-7.158877907495667436e+00
-7.612820736057097193e+00
-4.777899046647433146e+00
-4.636563217161346451e+00
-3.120465894720704458e+00
-2.166098476090368763e+00
-1.122146182647564272e+00
1.164418424118985884e+00
1.661163998126077956e+00
4.026509325491248070e+00
4.465275169590481319e+00
4.744243776570618465e+00
5.084037488842896302e+00
5.349973497537333422e+00
5.564425040175112080e+00
5.876614326587969117e+00
5.989161286904739256e+00
6.181853212430669764e+00
6.390137987264473907e+00
6.385374129301529145e+00
6.578187796774441765e+00
6.582988855226050262e+00
6.560054435598054567e+00
6.650454744586170364e+00
6.478254295985018452e+00
6.471550060080080158e+00
6.317269633714054144e+00
6.026309663364950886e+00
5.870378708035982385e+00
5.539127195234906154e+00
5.197930173897062467e+00
5.009115543749340205e+00
5.093393794310958178e+00
5.001870632366125946e+00
5.027499621923832152e+00
5.014258317610810423e+00
4.984863528283967504e+00
5.000666853735692641e+00
4.988207632367595679e+00
4.977584239511379849e+00
5.000819753808560364e+00
4.983334520179909077e+00
4.987890759766927751e+00
5.045111734856735808e+00
5.033757227662304601e+00
5.076062505061906371e+00
5.100916133116520257e+00
5.068941845801641755e+00
5.175061090093994842e+00
5.144263424249989392e+00
5.640087834715059145e+00
5.920163970666599162e+00
5.958701127639542960e+00
6.256738668804240788e+00
6.304665910885794311e+00
6.156831078634694698e+00
6.370130723460988520e+00
6.212774569544730952e+00
6.291395870190736872e+00
6.383971912027109674e+00
6.246264455244185498e+00
6.398213497074467959e+00
6.496097883756431379e+00
6.672624503258989037e+00
6.655362201581660919e+00
6.706116661137340174e+00
6.695543230760848452e+00
6.644687731667479724e+00
6.654941406416005734e+00
6.566785096650203712e+00
6.515124713312642868e+00
6.433803429482174430e+00
6.291025859828573985e+00
6.170539545260792735e+00
6.067905540086661276e+00
5.924239754197490271e+00
5.837210468530729557e+00
5.723328343735286872e+00
5.604375219040006684e+00
5.589995621884335186e+00
5.505234560801256727e+00
5.497432616647681236e+00
5.467298982183018907e+00
5.426102441408865218e+00
5.440647171417165140e+00
5.412779898281421254e+00
5.420929374656829225e+00
5.448605844728514391e+00
5.578037040260149126e+00
5.669074898944690410e+00
5.905186564784289160e+00
5.995261099612951838e+00
6.090893415013185042e+00
6.244686512358711639e+00
6.267689621647837939e+00
6.303051709574783779e+00
6.278796416428132687e+00
6.255146837468684495e+00
6.148391549913545973e+00
5.985401885155667401e+00
5.762704505278007261e+00
5.544280633761164978e+00
5.537889029262376361e+00
5.404116961261225427e+00
5.425410771391513620e+00
5.332703426826592263e+00
5.257162329408613388e+00
5.261900160335638788e+00
5.126312170385664224e+00
5.191090010673740096e+00
5.159222860074345718e+00
5.469683510934105541e+00
6.399524999070099085e+00
7.062201921915389313e+00
7.333594148849591932e+00
8.749307688592937282e+00
8.796345716436569262e+00
9.172740073235788216e+00
9.516800811744291266e+00
7.697548872818322785e+00
7.583669377454061333e+00
7.059693010508968136e+00
6.997680688506195956e+00
6.756996881670437993e+00
6.504666801926825670e+00
6.472327189928773983e+00
6.131076707096787537e+00
6.108546920565403049e+00
5.910042007687418497e+00
5.909166973864859784e+00
6.035477594160811421e+00
6.083255875327782114e+00
6.231749146515883631e+00
6.373751716116599297e+00
6.493840975182813224e+00
6.626872707289955144e+00
6.733883967951159732e+00
6.836805669161910792e+00
6.939414171351025118e+00
7.005626796492955499e+00
7.096510935899902783e+00
7.150110421749034550e+00
7.193403935711017994e+00
7.247262815904570665e+00
7.279610332670945816e+00
7.327304813288388452e+00
7.396320123934571278e+00
7.448471312545874135e+00
7.540177231913176570e+00
7.647173751474233505e+00
7.741799957791188902e+00
7.909307845049181829e+00
8.114523332397347133e+00
8.273809734920900993e+00
9.770822674634867866e+00
9.798583986494074693e+00
1.952879134336231459e+01
1.797563897107333730e+01
1.960276583732356315e+01
2.974088848380701933e+01
2.422154808638667944e+01
2.889169782992892266e+01
3.078646600017379953e+01
1.528600137302331419e+01
1.640395898960359844e+01
1.189132908089488438e+01
1.142833207296076203e+01
1.151658589978376135e+01
9.076398402299989954e+00
9.908555302746517413e+00
8.862749582223942824e+00
8.063982428347410192e+00
8.699885738659299150e+00
7.262337447291813852e+00
7.316626838896158169e+00
7.856359797811408363e+00
7.065131196510091804e+00
7.455663186101201489e+00
7.017908080252293068e+00
7.080597451897433281e+00
6.947561601705045220e+00
7.055127043447900093e+00
6.949812758805706814e+00
6.354967136327614341e+00
6.372694827415021024e+00
6.212881108274426190e+00
6.607816231821521669e+00
6.761445992178520825e+00
6.703803828639545159e+00
6.612063250187545371e+00
6.682337803812854915e+00
6.296391217376037019e+00
6.119864734708880150e+00
5.743527363905441163e+00
4.867790875780996451e+00
4.244327058994445068e+00
3.535574446076426014e+00
2.669671914750156638e+00
2.492987003538557289e+00
1.249791934557902051e+00
9.379768343886688564e-01
2.901365902540319119e+00
3.314812304737662974e+00
4.760411803063752778e+00
5.773737590207878689e+00
5.907642703309597287e+00
6.396204570016186253e+00
6.443076645055041851e+00
6.465741425307538037e+00
6.497584623443551699e+00
6.495943203007557010e+00
6.526821463841815607e+00
6.538184351402423822e+00
6.554831252949061771e+00
6.579816311018924502e+00
6.591372535176668990e+00
6.622153857598387816e+00
6.636073467189477881e+00
6.665954401578660260e+00
6.693368765960436839e+00
6.708973234047832079e+00
6.755302383566270663e+00
6.759543682219066874e+00
6.785504876991484302e+00
6.793562174077536930e+00
6.758162291045374914e+00
6.776212642330907698e+00
6.736498650617630091e+00
6.721978720611686775e+00
6.709512345517059551e+00
6.638528057045370190e+00
6.610309537198055807e+00
6.519839851963434185e+00
6.429587627050361576e+00
6.366156546423458629e+00
6.267777933996062423e+00
6.198237766706643725e+00
6.099700857123485420e+00
5.984801350027020739e+00
5.877780878353275895e+00
5.713585749536013836e+00
5.323708115177322675e+00
5.144733189406350604e+00
5.043769461311860880e+00
5.107365718696826207e+00
5.058145535539973814e+00
4.991143096842925786e+00
5.030478739064125904e+00
4.893909673169355656e+00
4.795016391734790773e+00
4.407414740748568427e+00
3.784730098494913708e+00
3.966364659860538211e+00
3.997284514901942920e+00
3.934783728398906888e+00
4.932235681628817758e+00
5.137524550203915297e+00
5.357403780387492986e+00
5.681080261737111670e+00
5.736254199569384760e+00
5.954187646299529568e+00
6.424863914929216158e+00
6.558724722164234855e+00
6.697130233628476148e+00
6.842453853839322697e+00
6.886943024808062752e+00
6.987260098910676120e+00
7.022413636302271556e+00
7.061861623316257663e+00
7.099186204945077350e+00
7.099439742273355058e+00
7.107682606552550020e+00
7.108432694361069615e+00
7.103335305657848764e+00
7.092518124825681447e+00
7.085253737656858952e+00
7.065500045753482894e+00
7.029645603873746929e+00
7.003162340752078663e+00
6.964293575973056427e+00
6.932894926386174994e+00
6.903644891232058711e+00
6.869637896546588962e+00
6.844441025748756680e+00
6.815120447159099371e+00
6.787705071443491001e+00
6.764725219859657024e+00
6.736321597948773388e+00
6.714375951131438924e+00
6.690418505052768694e+00
6.664130856875863707e+00
6.645551524351122730e+00
6.617848526904094086e+00
6.596127905648440759e+00
6.575998763501275768e+00
6.543993895083075607e+00
6.528157471251740951e+00
6.495508397700360703e+00
6.459236850582579237e+00
6.428696345542180168e+00
6.317418416015983418e+00
6.294128214950821310e+00
6.199084088088679501e+00
6.128418904542271228e+00
6.101183026570984325e+00
5.984736484087281205e+00
7.287375034349219405e+00
6.591167187540879269e+00
7.190443435315243548e+00
7.393276238130439104e+00
6.386137940402707436e+00
7.274968229223227389e+00
6.252343100779497398e+00
6.827415000400290701e+00
7.314019240155546164e+00
6.742501465845822217e+00
7.487914677248762807e+00
5.104846897038003206e+00
6.972550088476928032e+00
3.797744155747182937e+00
4.324016291800233169e+00
4.410241425486272071e+00
1.752832611407039831e+00
4.602448042519723614e+00
2.356007448683026251e+00
4.080681935022566265e+00
4.353776901636138064e+00
4.629420799529845532e+00
4.945761495770014449e+00
4.968541608464412285e+00
5.166736602208110263e+00
5.272222317803454850e+00
5.276371074958136731e+00
5.411272544223868053e+00
5.414156042922108725e+00
5.389099152700438822e+00
5.487261196956297660e+00
5.329124746308373517e+00
5.228814298030638241e+00
4.969219290005167267e+00
4.742222016151037778e+00
4.589407023609225256e+00
4.345441411541901111e+00
4.176717274139626568e+00
3.983938516069281732e+00
3.789523955136554711e+00
3.611522750719116992e+00
3.419771563007012016e+00
3.246976190572942400e+00
3.037996201152085796e+00
2.878471712858285070e+00
2.671116062548674730e+00
2.459382214872993355e+00
2.325427559989345028e+00
2.039986019804559181e+00
1.931114387646299280e+00
1.846867933742901258e+00
1.698342243114171479e+00
1.664667151835160341e+00
1.558802688670587688e+00
1.486337221112138840e+00
1.456876968154268370e+00
1.301663833054623076e+00
1.271473424708854161e+00
1.192599763716470695e+00
1.143698857417553505e+00
1.102715299962302664e+00
1.058694372425045049e+00
1.026312841852857316e+00
9.428423231771321245e-01
9.311217056744466314e-01
8.084512722565085907e-01
6.720192436573250161e-01
6.738915405184195961e-01
2.336385605300046464e-01
2.603558821468965889e-01
1.595568051662623332e-01
2.444021095199743754e-01
2.361126921264522505e-01
2.300727554008633879e-01
2.576005701227838118e-01
2.478748679510813790e-01
2.552228814937679835e-01
2.603487341027123647e-01
2.582086822241380641e-01
2.625142796598758932e-01
2.629638700251216155e-01
2.636266819898236968e-01
2.651133217836424971e-01
2.658006816536483963e-01
2.667270092840224316e-01
2.674608898644575405e-01
2.698379249047353490e-01
2.697028838816667995e-01
2.726902204531811424e-01
2.772389047642431215e-01
2.742884196401880192e-01
2.882345777509341955e-01
2.887423656157209750e-01
2.875451063052498202e-01
3.307867447577867437e-01
2.966086063576131027e-01
3.463630343668264722e-01
4.164034370719408296e-01
2.890277164038960178e-01
6.034537135096460503e-01
6.449074713484262977e-01
