1.235084164806980356e+00
1.286952435840557074e+00
1.255531271964233975e+00
1.255033987912607785e+00
1.203927060241733127e+00
1.208438491071262444e+00
1.212342971528361346e+00
1.199501631693565606e+00
1.204416962945745295e+00
1.200449959170964309e+00
1.197713044677728877e+00
1.198239289871403601e+00
1.192012415935769232e+00
1.192379133114572110e+00
1.186365111006309814e+00
1.174395872151837050e+00
1.180716523576734289e+00
1.146737038539799691e+00
1.137834191511856163e+00
1.141574532539113118e+00
1.003882080299805857e+00
9.976035755169954111e-01
9.479796806853477698e-01
9.197985244415556316e-01
9.339596063773398793e-01
9.465600723356670798e-01
9.486534512785603779e-01
1.051041701174249887e+00
1.088856193808579009e+00
1.152948543916636481e+00
1.528035811261050370e+00
1.638972505552191761e+00
2.034993882836554135e+00
2.905750714416551084e+00
3.231223540897306457e+00
3.773937431595436376e+00
3.951954750540896288e+00
4.093336272451744584e+00
4.442546933508621620e+00
4.467995126590444066e+00
4.645844829162066425e+00
4.681287085855270647e+00
4.708484727463766895e+00
4.781992365365155706e+00
4.798466199552658296e+00
4.843104489077820318e+00
4.876757671842040232e+00
4.920866240138678016e+00
4.918333434047523767e+00
4.886663189684811393e+00
4.853409076574068948e+00
4.750878836339058608e+00
4.659914949091255920e+00
3.737840244015135038e+00
3.508956175806218880e+00
3.156364548281718196e+00
2.556966877956102113e+00
2.421887375064768477e+00
1.900403021059317688e+00
2.475292764706756188e+00
3.396491704735241868e+00
3.854767547853694243e+00
4.915158361570409085e+00
5.149875187755959871e+00
4.996493167903827803e+00
5.180841091787102393e+00
4.902917941530768431e+00
5.411491010284036562e+00
5.905670776102509123e+00
6.484709165104968420e+00
6.550857513921400255e+00
6.684105629277802052e+00
6.648655148753526589e+00
6.712487886898726330e+00
6.714172957596503011e+00
6.632627462756433445e+00
6.654312853749948076e+00
6.544822132112965818e+00
6.480698083903510209e+00
6.443360667640384065e+00
6.280844806288612858e+00
6.233381770475816985e+00
6.074701796317015123e+00
5.871738891056493159e+00
5.743473897992816823e+00
5.397789299821283748e+00
5.060069835546263661e+00
4.723599447688742181e+00
3.723903402789622508e+00
3.076591692711091230e+00
2.750940716487062510e+00
1.637230753042534959e+00
1.588455830464177820e+00
1.580305279801980989e+00
1.042459441586162550e+00
1.316585060303760990e+00
1.040774860874710717e+00
1.025241156364824269e+00
3.353690151710708278e+00
3.530370809428010848e+00
3.621992239797658275e+00
3.924695060928412360e+00
3.455027524094808733e+00
3.385016861537749833e+00
3.833205482054046875e+00
3.410381273948836167e+00
3.715033270662681630e+00
4.170399508880842099e+00
4.287520852500403379e+00
4.665519778179108457e+00
4.816095494930879184e+00
4.954498307040823946e+00
5.106158480456268300e+00
5.261114620709472334e+00
5.406551816941925992e+00
5.600718988872605664e+00
5.695373919880939440e+00
5.869854779478957951e+00
6.044433625833720569e+00
6.040864034597341004e+00
6.209559053313186361e+00
6.200581802974171275e+00
6.178832993384808070e+00
6.240690633911615492e+00
6.068745076395928528e+00
6.049873492352427107e+00
5.871290355881461309e+00
5.593568261104533867e+00
5.443831270126270105e+00
5.162530114021298466e+00
4.826575490423560488e+00
4.746721820844213013e+00
4.845997598392800754e+00
4.813535664983662699e+00
4.839449435989216397e+00
4.831823934636855000e+00
4.823225872199422781e+00
4.833789787708739460e+00
4.827453239636733784e+00
4.824219526468666253e+00
4.835773858970879857e+00
4.824504877374570455e+00
4.827258985679769410e+00
4.854579455523764686e+00
4.852780867418715616e+00
4.848392311195940607e+00
4.851042300980173749e+00
4.816960544233372055e+00
4.806678099343592692e+00
4.768002771918567362e+00
5.114645608367741403e+00
5.436867428215673925e+00
5.480653632987717572e+00
5.737129494010607900e+00
5.702231405041624512e+00
5.712642473575696656e+00
5.719503255010066844e+00
5.649559639234611907e+00
5.750596990197825775e+00
5.747682439614487215e+00
5.750565450970901438e+00
5.878809793175880927e+00
6.059784474241212138e+00
6.228184750226647637e+00
6.225638307874688415e+00
6.304545958818824403e+00
6.272612659766294563e+00
6.253474881334734725e+00
6.259380333330839541e+00
6.171845510895425768e+00
6.148603081879517873e+00
6.055805012321219039e+00
5.946909851199092323e+00
5.836826691263320654e+00
5.750453819558506652e+00
5.623831922074638889e+00
5.539008009006563427e+00
5.445199372198283427e+00
5.328768814802181453e+00
5.322178207243958070e+00
5.249269996988363829e+00
5.233186567354314533e+00
5.213901695078270393e+00
5.162048112473685002e+00
5.167536177222685545e+00
5.138606084220655568e+00
5.113488603102066321e+00
5.134211919780605093e+00
5.199908983811580399e+00
5.253155973297076287e+00
5.477168464909049739e+00
5.536309932494085650e+00
5.603513095216355211e+00
5.742485316466960477e+00
5.730437879686156144e+00
5.787026443015964361e+00
5.748403112059884634e+00
5.739698930133156907e+00
5.669207942327084027e+00
5.506184103472826941e+00
5.325320666304028450e+00
5.121928675819718890e+00
5.111862753480441945e+00
5.003153801424061520e+00
4.987647043224336940e+00
4.905366359987032077e+00
4.812012825717120634e+00
4.769626703530096989e+00
4.633954019020350756e+00
4.568139584209610859e+00
4.471612058030913772e+00
4.260645391013254901e+00
3.881948544689810543e+00
4.053921112073650690e+00
4.055089611120852311e+00
4.281882666139326332e+00
4.402483316036779115e+00
4.733679455523462032e+00
4.861978680064853009e+00
4.611855711952122405e+00
4.634766565206578370e+00
4.726008076771885946e+00
4.753651636177380624e+00
4.771757490342268149e+00
4.840856870372300058e+00
4.836166552980532884e+00
4.862593447503813060e+00
4.925933087750648198e+00
4.939548544910299377e+00
5.042356187583351357e+00
5.199310315523772985e+00
5.306867581695569491e+00
5.484605182689932690e+00
5.636605754441093907e+00
5.757347867913949813e+00
5.914524363413264041e+00
6.004207066780009150e+00
6.120124656231921811e+00
6.225901141816617468e+00
6.273096989344583818e+00
6.385867658717270245e+00
6.413874734102400055e+00
6.450952364011585338e+00
6.478789128386912566e+00
6.458970905881317393e+00
6.481129953231040020e+00
6.463235711015117957e+00
6.429504243787375728e+00
6.435433002857284812e+00
6.358725129664532183e+00
6.311685212293674851e+00
6.238982784037183649e+00
6.028196617945881464e+00
5.923405887883055776e+00
5.470404804180637015e+00
5.196765216544346977e+00
4.266583967650865006e+00
3.783919175685142466e+00
3.398421387666406446e+00
2.596984270830039243e+00
2.593849191502945573e+00
3.219649327204583855e+00
3.072118828786449818e+00
3.788430793166662980e+00
3.915385802712852303e+00
4.383200180215776953e+00
4.537631492760089813e+00
4.584002948390265786e+00
4.844552074740128056e+00
4.885900727337145533e+00
4.932270644564646922e+00
5.188961817901404316e+00
5.093210536684024348e+00
5.132702477653394268e+00
5.098730305720324374e+00
4.693092495116578000e+00
4.696604339072604439e+00
4.236338132843850524e+00
4.020469963022793358e+00
3.833171445249259346e+00
3.525003310629935882e+00
3.970825459252343759e+00
4.427842512431523048e+00
4.352938109596594884e+00
4.735929845921135417e+00
4.942264583469190953e+00
5.367280303522566243e+00
6.017279979361203957e+00
5.995125401835830203e+00
6.002925859253620544e+00
6.052327486345673080e+00
5.741770971884261776e+00
5.615304081375423806e+00
5.252949470864217041e+00
4.591644759365756556e+00
4.163458025460214706e+00
3.712179309421935081e+00
3.187204562100279137e+00
3.071420548048683141e+00
2.326237972782681851e+00
2.193087304392559833e+00
3.523870302822559530e+00
3.802643952475173172e+00
4.652581215484675070e+00
5.363558111479857615e+00
5.465826289871206001e+00
6.059796364158936299e+00
6.066459384747172834e+00
6.137066294513157771e+00
6.171470503342716185e+00
6.172741754155519622e+00
6.204984137176153602e+00
6.216766228996990051e+00
6.234033266101945969e+00
6.258569777291842051e+00
6.268650308808206617e+00
6.298876512515752424e+00
6.310239835823595378e+00
6.337395875655844613e+00
6.363290247278533762e+00
6.373534617416712678e+00
6.417482631687475347e+00
6.417684197498076060e+00
6.436601441673371227e+00
6.443691123159178247e+00
6.400272277917588681e+00
6.415455561914968463e+00
6.372823750181797919e+00
6.348669684048036110e+00
6.337356572340796745e+00
6.254815846748297048e+00
6.217653643898004567e+00
6.123312400652570986e+00
6.008176110739787745e+00
5.940702346718301996e+00
5.822308442340466073e+00
5.746130667466022857e+00
5.644940998235387752e+00
5.515611871145921441e+00
5.411323100324542779e+00
5.239482329783797354e+00
4.889694047246091024e+00
4.760753986927230841e+00
4.659656102094832164e+00
4.759437016333391668e+00
4.708847091291920250e+00
4.649168876001626316e+00
4.710636876559238573e+00
4.519159779783556985e+00
4.464046617185806198e+00
4.108353942649653590e+00
3.641044709129194423e+00
3.775474117166091048e+00
3.794114921158982412e+00
3.778583231543986898e+00
4.621147937872365219e+00
4.814560713670232417e+00
5.045414256493794269e+00
5.352107310645250138e+00
5.409394759494771776e+00
5.624989975720018798e+00
6.096044715101390565e+00
6.230079688032573948e+00
6.373775859387750486e+00
6.518770206919603183e+00
6.564418225920316985e+00
6.667350118474580256e+00
6.699705215008258996e+00
6.740758657424761324e+00
6.775484808557655114e+00
6.773263185368778139e+00
6.780684812773217551e+00
6.775351426185147297e+00
6.767837723130756267e+00
6.751364520045570750e+00
6.736059507754243114e+00
6.713032570800653964e+00
6.666477258724311739e+00
6.635725633847285643e+00
6.592139846982719931e+00
6.553281066943535293e+00
6.521612001069406084e+00
6.481392785144758584e+00
6.451632447504936252e+00
6.419112787186733726e+00
6.385223529574943768e+00
6.359439224613830710e+00
6.325783443338546697e+00
6.298144514142444805e+00
6.271545785216728675e+00
6.237303266506444288e+00
6.214980440727217115e+00
6.182021562883462273e+00
6.150558580467803793e+00
6.128747641798090839e+00
6.084763197270106616e+00
6.060599960951652321e+00
6.022417919063586922e+00
5.960981916613164344e+00
5.915828620702733964e+00
5.721055487904298076e+00
5.632024104570316325e+00
5.488134085644958304e+00
5.321691194031519245e+00
5.166617755737777706e+00
4.956459753836655935e+00
4.206229551194320848e+00
3.983491492120314614e+00
3.548573619909579868e+00
3.158149450318565421e+00
2.654247096573867370e+00
2.362258161338634199e+00
1.861387325132892512e+00
1.765402763279308118e+00
2.319225031033824269e+00
2.142084863026666230e+00
2.357311854084066738e+00
2.498770044542988789e+00
2.473708562065159544e+00
2.641853742032147512e+00
2.717483966063059420e+00
2.775191093939608056e+00
2.988102543103149600e+00
3.113333163010708837e+00
3.289783137113500455e+00
3.752676476044852549e+00
3.870738400484555530e+00
4.360148972709811055e+00
4.427496381837016770e+00
4.532197800451815084e+00
4.722402737507066739e+00
4.726730794777791900e+00
4.823244609380977543e+00
4.905194262419498408e+00
4.928361656860750450e+00
4.985198657984281745e+00
5.072274285760207668e+00
5.024984368519571198e+00
5.011429590183753113e+00
4.763321692340357849e+00
4.620732928554805774e+00
4.502475651517086952e+00
4.316226788189862162e+00
4.219299596287410026e+00
4.073455124311792019e+00
3.954355993135902025e+00
3.832643588191759765e+00
3.700036288529110262e+00
3.593426583515054951e+00
3.424302950334865425e+00
3.326325031868752724e+00
3.153189668125037759e+00
2.964697793269148285e+00
2.880702856595132477e+00
2.569365547576736297e+00
2.495121207741230140e+00
2.420129432365502709e+00
2.272778741326613172e+00
2.262149070434726461e+00
2.151268959093058264e+00
2.079326508178167998e+00
2.065383120897184011e+00
1.866799210716705737e+00
1.849586313213560373e+00
1.768904589080802614e+00
1.715217271118170572e+00
1.696380812359253420e+00
1.653496637534294100e+00
1.636980587968695833e+00
1.596790753966041754e+00
1.573113149038567693e+00
1.532692748167040042e+00
1.443414894521938496e+00
1.434138532576430647e+00
1.274034088178267021e+00
1.254490844311343389e+00
1.283170798774516674e+00
1.210551298653044006e+00
1.229359294008292691e+00
1.223032327831874433e+00
1.207811397472607684e+00
1.215017237689117513e+00
1.208034567692439554e+00
1.206559698170655448e+00
1.207324366767058121e+00
1.204685832909792254e+00
1.204891963028908553e+00
1.204452998167313549e+00
1.203626846180949617e+00
1.203702410070749851e+00
1.203307536879564488e+00
1.202596410553282924e+00
1.202937432335913881e+00
1.201829046793432498e+00
1.200834811248509437e+00
1.202153573483149218e+00
1.197070086030664671e+00
1.198749578709064512e+00
1.198560074298278710e+00
1.182951969962479088e+00
1.200997935531684879e+00
1.175649249823747189e+00
1.155873333344961118e+00
1.215381536231106230e+00
1.070627240897069621e+00
1.164994904191754221e+00
1.231098672087540313e+00
