-3.737744950378074616e-04
-3.156032023638914523e-04
3.634086219252549623e-03
3.358315874268658074e-03
2.671732332258441259e-03
3.484879861353342139e-03
3.300721260097788309e-03
3.353386822617215098e-03
3.553952120591623905e-03
3.473615031613376623e-03
3.556934645479547293e-03
3.584400418970328656e-03
3.576330375090714091e-03
3.611976539771943970e-03
3.613409208520812748e-03
3.621330816802734252e-03
3.634119351007004169e-03
3.637527968459239661e-03
3.646451112939149992e-03
3.657124016932023804e-03
3.665046338122790112e-03
3.680156248759081875e-03
3.701205718569472967e-03
3.715784314032390557e-03
3.759281978079276158e-03
3.797920188360783770e-03
3.836344486741344924e-03
3.964549979283505353e-03
4.004322658018727443e-03
4.168344999924522565e-03
4.465323729207433361e-03
4.443672229527232363e-03
5.158367732212636517e-03
5.507207208507824796e-03
5.585557205314887162e-03
8.159196225554964099e-03
8.639990670422377506e-03
9.902502412086962302e-03
1.158534991711621109e-02
1.240698534668358693e-02
1.383688805988711121e-02
1.688654138001918076e-02
1.690945376842064446e-02
2.143138002487268712e-02
2.234893507777196628e-02
2.415924792954716321e-02
3.588174404872603029e-02
3.662769520498494746e-02
5.055072584034918382e-02
5.832292950287608357e-02
6.031530714945839561e-02
8.628483580614737525e-02
8.739901922887104158e-02
9.745969540295966460e-02
1.107332949146429268e-01
1.037724534955349470e-01
1.120815263862642158e-01
1.038039274525867639e-01
8.111788250442633630e-02
7.376653008881348117e-02
5.896882884554315030e-02
4.898976757774264890e-02
4.109124575827038939e-02
2.657559738555113904e-02
2.124522168642278136e-02
9.152750575448823436e-03
-7.522093803175958779e-04
-6.754257407954972377e-03
-2.076091604374265265e-02
-2.481189486316000628e-02
-3.675833668656486308e-02
-4.708680358888726186e-02
-5.381801469867013993e-02
-7.207921876251967286e-02
-8.188525011442458756e-02
-8.559202426568307542e-02
-9.686388909661203250e-02
-9.997160708615887570e-02
-1.039905113559647654e-01
-1.127621887576173432e-01
-1.110936393711697973e-01
-1.148169363710884461e-01
-1.145376777683106140e-01
-1.157950429428096228e-01
-1.209746936247656779e-01
-1.204795818397958185e-01
-1.279859133460251874e-01
-1.350233558988609972e-01
-1.428566748166131550e-01
-1.525771179264021615e-01
-1.553285348235956820e-01
-1.632579118405393381e-01
-1.556385482010042565e-01
-1.547193706253164325e-01
-1.518092044800196105e-01
-1.005130086531891009e-01
-9.286795751280117750e-02
-7.414501319295578596e-02
-4.202916378968307720e-02
-3.930855882878891289e-02
-1.491296028179382380e-02
-1.264273405593909806e-02
-1.100654850654094949e-02
-4.242770851041322358e-03
-3.358091567337127478e-03
2.280459822025153113e-03
1.969497484122646226e-03
1.238075041806886711e-02
1.487561512138372427e-02
1.171451679526598968e-02
1.492783175852509074e-02
8.531544723661136503e-03
7.927281044930577919e-03
5.145255185771449059e-03
-4.681224678785351166e-03
-7.598341159482998632e-03
-2.526866716903597085e-02
-3.981118987333265996e-02
-5.131149362760178967e-02
-7.467673201419428031e-02
-7.835673038416948732e-02
-8.125567728941976431e-02
-9.494881367202118172e-02
-1.035341400073515605e-01
-1.297752781068632899e-01
-1.540225702447880207e-01
-1.683998961309317310e-01
-1.833292422639167529e-01
-1.978201053126543707e-01
-2.056481250407111716e-01
-2.128818288836728523e-01
-2.163344229244636985e-01
-2.158152132345902419e-01
-2.173334723399938662e-01
-2.140720530868163440e-01
-2.150962364593890785e-01
-2.101242700309718103e-01
-2.105178030756260366e-01
-2.114859087803324933e-01
-2.098107279501382760e-01
-2.131213246235283965e-01
-2.075826134476923268e-01
-2.037332941191763169e-01
-1.948065452805724518e-01
-1.882301582335074164e-01
-1.774001068876696896e-01
-1.654910723498632386e-01
-1.604149588875437293e-01
-1.423700853278389578e-01
-1.378077438399174515e-01
-1.349252081824547089e-01
-1.232207324528426795e-01
-1.286573109564704553e-01
-1.219064619491625062e-01
-1.083477019695679999e-01
-1.071839830475389554e-01
-9.123386153872195536e-02
-7.950432128042551894e-02
-6.727810282655730112e-02
-5.775775704213328282e-02
-3.481294703363124743e-02
-3.085112553057021978e-02
-2.140754507103345347e-02
-1.406651001483894513e-02
-1.010124661511431834e-02
-6.467038195048642425e-04
-1.229856205481294614e-03
1.324413294493055095e-02
1.840426923029507555e-02
1.300326786659789652e-02
1.758458213031086070e-02
1.474629485321308879e-02
8.392115356084551073e-03
1.110999567598386535e-02
1.248457554401414919e-02
1.414644631443434143e-02
2.356463077875232612e-02
3.081828359461601802e-02
3.107482853419433685e-02
3.414263174009687929e-02
6.801794179781883720e-02
5.839263272703559132e-02
6.794631723515212607e-02
6.509632574683442419e-02
1.289748600924926422e-02
1.038322267063028319e-02
-1.034988864706553290e-02
-2.457140867669724282e-02
-2.490358685078803216e-02
-3.907641602749633430e-02
-4.037504125836044455e-02
-4.666727536292222811e-02
-4.720265145327062067e-02
-3.153716024556185021e-02
-1.268926886606474083e-02
-8.317520072854535026e-03
-7.373044806282080636e-03
-4.930697797049311045e-04
3.473681770237152869e-03
5.416650366130294769e-03
1.786137021517442136e-02
2.128576370140375026e-02
2.567555502352830005e-02
2.985491497662400018e-02
3.083545955291421350e-02
2.298645627154252691e-02
1.037445506755268858e-02
4.303384777311900118e-03
-1.993098914690200757e-02
-2.036611665966636675e-02
-3.810914178353480564e-02
-4.051533747589994294e-02
-5.510205930828535048e-02
-8.641639351003946312e-02
-1.047200702961993690e-01
-1.226299203714940333e-01
-1.421973536015366801e-01
-1.450398135730921467e-01
-1.526006577877887516e-01
-1.698280285303947479e-01
-1.668442014804973061e-01
-1.767711601332873639e-01
-1.788956937502162448e-01
-1.770245927553588672e-01
-1.865117432863093450e-01
-1.851418729761929727e-01
-1.862286805528256539e-01
-1.878188400738275976e-01
-1.828512300297186199e-01
-1.709305678591422628e-01
-1.293792485771526612e-01
-1.243677787836102444e-01
-8.762918578328018904e-02
-7.125593240264403716e-02
-3.401044630339847274e-02
-2.530992251882081129e-02
5.029986154266495590e-03
3.784565961595371536e-02
4.676492231384689335e-02
1.084472208516677888e-01
1.141249928146121639e-01
1.325853411076773347e-01
1.365568805685504761e-01
1.325830326488482147e-01
1.416214540949705669e-01
1.363023927199400465e-01
1.393930873290613048e-01
1.401014626671711338e-01
1.372815651619480048e-01
1.412315471567937575e-01
1.362340170112805449e-01
1.397236071144856706e-01
1.380701211399170680e-01
1.356504620086121105e-01
1.461182829175385611e-01
1.452557617464019790e-01
1.500634798931129721e-01
1.561193906533559494e-01
1.491987230144917742e-01
1.515982534519647040e-01
1.453955517403164588e-01
1.285174560243714237e-01
1.208884849607661516e-01
8.793120302502334396e-02
6.138877275089640873e-02
4.115327393226945324e-02
1.391759592934163972e-02
-4.715286848092283965e-04
-1.829708327085371664e-02
-4.230402270966349132e-02
-4.811819706810431529e-02
-4.731091648466437261e-02
-4.905568463460406592e-02
-3.042467969245881559e-02
-2.694885993837486601e-02
-3.159098344190809475e-03
3.116448652774514525e-03
1.892247776980066553e-03
1.161744356685155515e-02
1.073658339302483063e-02
1.190154512463295795e-02
1.392105086729645072e-02
1.158565608634227161e-02
6.028417839801589705e-03
3.820369313625621675e-03
-3.634079483219924706e-03
-4.158258013473324632e-03
1.048025046070088021e-03
1.200762390005975615e-02
1.586560236430939463e-02
2.671893599045731607e-02
3.305460715673293887e-02
3.659600185845891807e-02
4.414133658337168753e-02
4.739851797535916955e-02
5.077097449411585584e-02
5.581994985580023688e-02
5.780439816493286587e-02
5.962727760698871560e-02
6.367951291314401241e-02
6.206268129895310681e-02
6.192292205896055002e-02
6.044756037972165430e-02
3.238261129194146964e-02
2.401570470571644592e-02
1.376162177422344916e-02
3.180315759266831663e-04
3.340684520507920807e-02
6.204431231776724731e-02
8.683542971694967194e-02
8.471426128506161224e-02
7.215057713616579438e-02
6.827018913439707182e-02
6.811312101893676751e-02
5.921616993158051317e-02
6.264712707976778649e-02
6.274691710040106174e-02
5.307848048880546565e-02
7.343510483947730816e-02
6.888476918768243751e-02
5.541343692623857536e-02
7.085712200787210036e-02
5.867647410727331453e-02
6.679948091243939623e-02
6.742504737983753826e-02
6.428284605898171300e-02
6.442097550451186816e-02
6.416449424829970272e-02
5.754926715580371138e-02
5.362801721669770844e-02
5.480269059876931997e-02
2.995265814166400697e-02
3.317356600520657978e-02
2.716449780292808786e-02
2.363639971321090591e-02
3.660373382617407995e-02
3.328334957635118579e-02
4.053905825797263218e-02
4.615251051532804488e-02
5.290580337418201995e-02
6.799725640869770660e-02
6.536135646920701592e-02
6.204909036155430851e-02
6.392076837375550158e-02
3.760230757988828471e-02
4.349301466491093532e-02
5.026150413997380884e-02
5.502691959611746841e-02
7.094568284013179349e-02
8.348861717719029130e-02
7.594269944450729448e-02
7.660586666327023897e-02
6.634319726339453493e-02
5.709145973694219889e-02
5.340984058498994547e-02
4.389488806545376737e-02
4.460082139543503771e-02
4.174446936120104756e-02
3.998339688377845064e-02
4.160216880873172235e-02
3.608640266465509838e-02
4.096692865856203791e-02
3.588052944141503081e-02
2.906793388410408574e-02
2.507194741462862378e-02
1.020883712309451734e-02
4.824231463661165890e-03
-5.789666658690874150e-03
-8.579638979749448779e-03
-1.652468535916960107e-02
-3.370152232176459178e-02
-4.571500533976781411e-02
-5.604562048742558339e-02
-6.504703693565162814e-02
-6.602000126455138951e-02
-6.143188473672850369e-02
-5.531668440738296555e-02
-4.886992289116647709e-02
-4.863614177011592321e-02
-4.372702356546214614e-02
-4.103467214790725709e-02
-4.008085929887646864e-02
-3.608470822217709623e-02
-3.417790813597881144e-02
-3.290118304307478730e-02
-2.754518314734528267e-02
-2.427540936867616725e-02
-1.823313927149939825e-02
4.066788094527240853e-04
5.548422978648585684e-03
1.823824638536762632e-02
1.821561416912342857e-02
2.355724439256844105e-02
2.887800358513240365e-02
2.734992549989260710e-02
4.019403938713095314e-02
3.775448827444793237e-02
3.461495627187103491e-02
3.872614935670225245e-02
2.493328118335246674e-02
2.655921449065816800e-02
2.493293678696598473e-02
2.088898793095854065e-02
2.202191717496456563e-02
2.003603202250836893e-02
1.974476936173510597e-02
1.949547962354506586e-02
1.936569545319900831e-02
1.984245400009251870e-02
1.909475720993281458e-02
2.185698082760220012e-02
2.063380071035478616e-02
2.225244440821113126e-02
2.956077605294613747e-02
3.048576783090339165e-02
4.508505082890454374e-02
4.886788638162614662e-02
5.469702950933263974e-02
7.121092806082041093e-02
6.789612128068241159e-02
8.253455981202124925e-02
8.009948966264895942e-02
6.634644432154526705e-02
7.090062695688965910e-02
5.553470001215907170e-02
4.374169494835278976e-02
4.184386343745955666e-02
1.314241611630814939e-02
1.149532965536596320e-02
4.891489517040000824e-03
-5.436903000139678074e-03
-5.309547855064523057e-03
-1.211145260248491611e-02
-1.297193686439337967e-02
-1.512089445790450008e-02
-1.754922089297273127e-02
-1.248170847936095652e-02
-1.264307319000737562e-02
-1.068654093758624433e-02
-8.924965122796524666e-03
-7.833650492942009422e-03
-6.514415666845604740e-03
-4.740087050341869161e-03
-2.330947737561282328e-03
-1.812000908879822991e-03
3.442806358366813299e-03
3.671048625183834929e-03
3.995157568794848076e-03
5.570236213217263400e-03
5.366845913958704153e-03
5.213362599465641220e-03
5.476153893370973649e-03
5.437566555980126969e-03
5.476730593003009510e-03
5.542640471079315033e-03
5.527833980639554161e-03
5.558937928956875739e-03
5.568384066758242171e-03
5.569380896786106823e-03
5.578272963136214450e-03
5.577134054027607993e-03
5.578605543441238560e-03
5.570486260118874718e-03
5.571150027279744843e-03
5.559653047571144410e-03
5.533868712166723977e-03
5.548121101780847247e-03
5.478726208914891198e-03
5.459088249488186148e-03
5.477062710613656883e-03
5.226734606506177119e-03
5.377048004110729709e-03
5.150187571561657025e-03
4.543952768019462671e-03
4.664614135063330398e-03
