6.518674667369064868e-02
7.004952469163910900e-02
1.395307046795175032e-01
1.448003771959233132e-01
1.427263948852695030e-01
1.537956092397576580e-01
1.456701227850519809e-01
1.484168805904589050e-01
1.491091156194986611e-01
1.471593229598978925e-01
1.485733051031554175e-01
1.480258888806516293e-01
1.479638538594545416e-01
1.482450476440008713e-01
1.481044971878780481e-01
1.483338793694481128e-01
1.481900791539517148e-01
1.487847509380764432e-01
1.486673081548184616e-01
1.487743458176848388e-01
1.511432504514306496e-01
1.516920748021610421e-01
1.562492891270982898e-01
1.572615423626361197e-01
1.610367123558621993e-01
1.655523840346615760e-01
1.675326288392720853e-01
1.789572679653387843e-01
1.840023802814044762e-01
1.965113917855946801e-01
2.280765498857271756e-01
2.468274501465315685e-01
2.898519877966670988e-01
3.256529151995597449e-01
4.034525688308839841e-01
4.237256432256311101e-01
4.930744040824564522e-01
5.127658003460234815e-01
4.981901778465308572e-01
5.257660193426052508e-01
5.164297708116687424e-01
4.902896257379831813e-01
4.926175182956153975e-01
4.849145077891272027e-01
4.792220082294447181e-01
4.811985726974655209e-01
4.731957482244859570e-01
4.775136509014666908e-01
4.736646600319444622e-01
4.635251506967666413e-01
4.666449430357264561e-01
4.236929155884318066e-01
4.172389379342440474e-01
3.973187692932668158e-01
3.050604347250336357e-01
2.677504256529940063e-01
2.098204253547540921e-01
1.005091939755055064e-01
8.183229189417540184e-02
-9.954244743371971904e-02
-1.548381180099467347e-01
-1.296596008491420760e-01
-2.186426530149965242e-01
-1.538852768200744126e-01
-8.317072113378959353e-02
-4.941362394790475149e-02
2.366768692606081859e-02
3.528123636407048958e-02
4.784971622927011725e-02
6.062124255093392922e-02
3.000407906486200760e-02
3.311156538889661882e-02
4.529702287672314476e-02
2.813400411543477697e-02
5.949087776421049106e-02
5.957820093354678631e-02
7.535248959656556944e-02
1.198681886818442899e-01
1.308840355261525479e-01
1.737651247796205833e-01
2.048447295373262145e-01
2.258472589875304970e-01
2.727127211397881168e-01
2.874261852747516666e-01
2.902179788605041555e-01
3.025604887263172449e-01
2.913354823181372177e-01
2.834713779868091033e-01
2.599381027958495571e-01
2.262808175968696878e-01
2.117854745078993628e-01
1.861693053953772936e-01
1.620764999553945818e-01
1.575731790262270282e-01
1.391435553208590359e-01
1.320419058281499802e-01
1.247520373472335298e-01
9.034786363526120523e-02
9.460398987208896993e-02
1.091577746119853226e-01
1.178106357360050732e-01
1.627540291444037057e-01
1.850878581643017606e-01
1.732698578852124860e-01
1.873520988484509986e-01
1.864334650653589609e-01
1.852262666994531348e-01
2.058654045818261169e-01
2.062672600700273529e-01
1.598590403741874666e-01
1.281613099287941537e-01
1.288289695615502939e-01
1.231586422609317333e-01
1.092685576448047119e-01
1.084234703829126956e-01
9.591180834866322447e-02
1.037889719410102635e-01
1.136996916884669695e-01
1.219060018353285979e-01
1.746263655898000478e-01
1.769270777786614846e-01
2.029121621387894037e-01
2.129043691459618359e-01
1.980811089631612509e-01
2.119782754521376822e-01
1.995548034121303327e-01
1.840048335944743374e-01
1.659796407425762621e-01
1.535423844708660723e-01
1.914481958372423187e-01
1.986339322012048991e-01
2.556105935877350244e-01
2.790947526864253625e-01
2.992328549787999226e-01
3.172890489483608523e-01
2.881210524005921036e-01
2.747445141134490232e-01
2.633636344491462333e-01
2.409087182120593917e-01
2.291465938748491193e-01
2.199781090791073090e-01
2.056561402874921840e-01
2.052493136156686993e-01
2.025909529512041063e-01
1.984128002424696557e-01
2.052608282163617959e-01
2.011152565819447069e-01
2.086451294642743537e-01
2.178672861592776122e-01
2.237301822996112521e-01
2.338295983840057435e-01
2.382715683842545618e-01
2.461974429451060375e-01
2.497187263119662881e-01
2.409042054378085218e-01
2.415105696120798395e-01
2.162127117759756745e-01
1.971047370493873019e-01
1.833053764944135855e-01
1.441008397346978387e-01
1.402817137324195162e-01
1.343739645354006529e-01
1.412403253016968896e-01
1.578683132299975034e-01
1.609434650062982752e-01
1.819152508195987505e-01
1.842748790176522711e-01
2.025530410415982419e-01
2.024048285604936326e-01
2.051331054976862078e-01
2.171442927501061326e-01
2.088215283354120377e-01
2.282156139070327106e-01
2.321611098472479151e-01
2.256933678667996102e-01
2.908861484423991839e-01
2.819917851522963925e-01
2.407797872634681591e-01
2.344665338993168480e-01
1.947850382070146491e-01
1.797142034209527339e-01
1.435987984302715681e-01
1.367894435716816570e-01
1.420163704401021243e-01
1.386898691903327430e-01
1.375804445720037184e-01
1.419530078699332842e-01
1.649250438551407849e-01
1.677514882543787444e-01
1.580068334545631503e-01
1.605432567172194736e-01
1.369167251073741265e-01
1.439550070015807870e-01
1.323945609734048789e-01
4.811240078273533449e-02
4.535926218276423172e-02
6.266897079820785144e-02
7.026524268663564277e-02
9.912511233913390285e-02
1.213812687280853703e-01
1.369115113163320019e-01
1.413629384072896678e-01
1.472574852172201243e-01
1.520713535946321970e-01
1.599893377615471679e-01
1.674320856388913370e-01
1.753834548270242211e-01
1.834636483294121434e-01
1.944602121372076275e-01
2.021403610090517500e-01
2.107815266690749589e-01
2.188604153366002780e-01
2.254831970657990292e-01
2.327431030106474341e-01
2.392094183638271976e-01
2.457180441654625014e-01
2.520803519172504781e-01
2.591646968659802042e-01
2.657508275617410098e-01
2.730709123558565654e-01
2.815405762175817728e-01
2.721539216071632850e-01
2.806323652925569734e-01
2.828424229376585997e-01
2.754923304496313952e-01
2.935041551232933088e-01
2.846682105076586700e-01
3.104473881857063855e-01
2.744138068279941001e-01
2.756159551270964125e-01
1.888693132875408631e-01
1.940743635347813578e-01
1.859732685552638876e-01
1.658716200168899035e-01
1.842379451280606595e-01
1.557381137125193882e-01
1.611568647197231252e-01
1.821048338879265593e-01
1.931729076409141321e-01
2.458726357014300590e-01
2.563282938402355882e-01
3.092883463950178435e-01
2.920299782686399670e-01
2.988604632581080001e-01
2.825783745635165878e-01
2.735850704958304735e-01
2.779668113490515458e-01
2.657175839950938201e-01
2.651706399303461748e-01
2.623897693058762082e-01
2.595688119514413250e-01
2.592826142989940186e-01
2.575434102301330519e-01
2.566007879997197483e-01
2.552347854722474829e-01
2.555043921366542681e-01
2.531251004269605143e-01
2.536926918620958649e-01
2.528348046955474770e-01
2.492520215872781608e-01
2.532729828728271793e-01
2.487291380411943975e-01
2.464127107550067031e-01
2.557393927682102275e-01
2.370210081025244109e-01
2.501958248994430312e-01
2.467632078504925497e-01
1.954743774901043785e-01
1.943617153454531288e-01
1.941909238351349209e-01
1.997748142987379738e-01
1.938404123567726289e-01
1.995799280029562917e-01
1.925274934549098815e-01
1.817431527627777210e-01
1.750430470168217456e-01
1.369796879309886917e-01
5.465349460522970007e-03
-8.472990428929499940e-02
-8.857663427391751498e-02
-1.315498882563761462e-01
-1.158291767564076091e-01
-1.330962952966958657e-01
-1.418308574284928014e-01
-1.271848140386133141e-01
-1.447222076624020137e-01
-1.073725076274042733e-01
-9.326180139153608661e-02
-2.593516654757490464e-02
6.485175546143483183e-02
1.254652455921028142e-01
1.837568782161684844e-01
2.117842791769888877e-01
2.143479014061820676e-01
2.117079021387322513e-01
2.105683545885932428e-01
1.916022942436805820e-01
2.035944848920542838e-01
2.023761043126741099e-01
2.023428711673933567e-01
2.059477548568999228e-01
1.957528968429089189e-01
1.946649577531390229e-01
1.869922162112275799e-01
1.678564918565470798e-01
1.598574355490755550e-01
1.404790071323541722e-01
1.229172289718731964e-01
1.099376697215627419e-01
8.551585913110584802e-02
6.732232806696566985e-02
4.365697741954632782e-02
1.965180032064900439e-02
-8.440708130523204983e-04
-2.941943671206332864e-02
-5.050371096929004433e-02
-5.003185332702816956e-02
-5.587640399413960901e-02
-4.707147074275296744e-02
-6.064036363637788119e-05
6.648335587301804073e-02
1.025224761035194998e-01
1.160393622636233385e-01
1.383716214411681023e-01
1.780700306204135441e-01
1.855943724318637467e-01
1.684389541370324705e-01
1.764681760048561476e-01
2.093255448580725597e-01
1.917886658404030220e-01
2.402248935779245087e-01
1.847159014853008152e-01
1.469918667378264654e-01
1.104572821651907955e-01
6.914473754377162273e-02
4.958791694283938567e-02
2.270233152614632710e-02
1.786198817377698117e-02
-2.799453026992233112e-02
-6.866953876553391622e-02
-1.435685028235844651e-01
-1.501133556115543666e-01
-1.617403472908029716e-01
-1.659437915230649874e-01
-1.687155922202376868e-01
-1.744014051092654671e-01
-1.784971153651374876e-01
-1.791867719239323975e-01
-1.858778018524219200e-01
-1.870512066385235095e-01
-1.659537511887900774e-01
-1.682834834069049934e-01
-9.708764192556240680e-02
-7.545190112327798682e-02
-1.466562818347115493e-02
9.369724448252614302e-02
1.239841099214113590e-01
1.903308040928758937e-01
2.345022472594307517e-01
1.933030328752552429e-01
2.216163899643373569e-01
1.900874312398085353e-01
1.620399666278743989e-01
1.628461132050464666e-01
1.345829788303326002e-01
1.222591324204963664e-01
1.247757289357034477e-01
9.837021172320573048e-02
9.744573569126280255e-02
8.867004298898503722e-02
7.527265697100909980e-02
8.271124874981972130e-02
8.166060017288341577e-02
1.194752626606126189e-01
1.700370542955151332e-01
2.003070450224949117e-01
2.190696963958043142e-01
2.479689420256025456e-01
2.733822859778177738e-01
2.768104100932340939e-01
2.771302977881217044e-01
2.835705582347999854e-01
2.853416683679010357e-01
2.906889882693749483e-01
2.949443262768767782e-01
3.081548860735234263e-01
3.140989812311009155e-01
3.277524517557791617e-01
3.357214121892691527e-01
3.354647134616924875e-01
3.446740440222031410e-01
3.446547444549730721e-01
3.468840322320485559e-01
3.522108900095429762e-01
3.502741977664139417e-01
3.545132499137582105e-01
3.561156880134332958e-01
3.544742883154660129e-01
3.591165026568691188e-01
3.547309698177766313e-01
3.532143190397362131e-01
3.527208176392335193e-01
3.396081278184985841e-01
3.300800109123682713e-01
3.140132103826367427e-01
3.108418070025058544e-01
3.931638907193955035e-01
4.133400999495853156e-01
4.957516190279155355e-01
5.796634838438119441e-01
5.993617541502926915e-01
6.122130188067514966e-01
6.262699567635919840e-01
5.760933723952361696e-01
5.738587451722741983e-01
5.685733795541811908e-01
5.518222388655753541e-01
5.544854835686195971e-01
5.468013729565546210e-01
5.437967718252620930e-01
5.440131340532665671e-01
5.380569848569157765e-01
5.414562728697382976e-01
5.368060494566722074e-01
5.344291468603832307e-01
5.465402011093178913e-01
5.413829657017508179e-01
5.533303770821782486e-01
5.432586675478012772e-01
5.416139383748796998e-01
5.392829559538808715e-01
4.962029562234405722e-01
4.900941435506898092e-01
4.354293040659695802e-01
3.987994681302509670e-01
3.533392822337725891e-01
3.131838403150498662e-01
2.557579242091394534e-01
2.323056960938202076e-01
1.705007823396386402e-01
1.628964846855614768e-01
1.676784413484366243e-01
1.507751374219156448e-01
1.565804105137650615e-01
1.546801508449883178e-01
1.519471165453100403e-01
1.542569720885041407e-01
1.573828244975571944e-01
1.553064552374507357e-01
1.613172337462751571e-01
1.693615795229697629e-01
1.550860504485994384e-01
1.629252039102159766e-01
1.676566391158739733e-01
1.848568123480355263e-01
2.381745647744705208e-01
2.453373851047836174e-01
3.028391348090989088e-01
3.153510798606454224e-01
3.102981334887931486e-01
3.310922841875179601e-01
3.281351391391114092e-01
3.325028387598095714e-01
3.367983306876253802e-01
3.368985432213031928e-01
3.381868349294857024e-01
3.378956958342195782e-01
3.416185995628534533e-01
3.336419563928711418e-01
3.398235696738541312e-01
3.373628038597041856e-01
3.108120997908748184e-01
3.088573304907830108e-01
2.873160563087343022e-01
2.851006786926062464e-01
2.803765117505409576e-01
2.723794710663117180e-01
2.900986614341025116e-01
2.791149099328099070e-01
2.801672070713039364e-01
2.692954200715919066e-01
2.539813557552103029e-01
2.531289359607087341e-01
1.972646834621393508e-01
1.952356159628238497e-01
1.780234295541197886e-01
1.630350100469292185e-01
1.633561818529586651e-01
1.576143592240770164e-01
1.560027693742883081e-01
1.553331028793908664e-01
1.533849487230679043e-01
1.531642817743011087e-01
1.525465158525840526e-01
1.520352994451745487e-01
1.519298485645840247e-01
1.516419566217564741e-01
1.515216357126059343e-01
1.514376539118783560e-01
1.513403291451154431e-01
1.512897416613958879e-01
1.512319934935407728e-01
1.512095209117416961e-01
1.511157499092535272e-01
1.511059702640009106e-01
1.510565532669897737e-01
1.508201909762377502e-01
1.509852344603758445e-01
1.505499620230059399e-01
1.502487316231151115e-01
1.507306266935481698e-01
1.487187192801758262e-01
1.496470911581695429e-01
1.490734986992799105e-01
1.435725811224630444e-01
1.504566760663925418e-01
1.390236256717864438e-01
1.330286399171577982e-01
1.404270500597676885e-01
