5.487023141474420881e-04
6.866786777460069137e-04
1.543247046541791016e-03
1.295847193598455120e-03
2.723345444829515516e-03
3.037310523816330252e-03
3.605849922071346740e-03
4.060155547961851429e-03
4.221612655092835467e-03
4.483778458401781707e-03
4.617056985393541528e-03
4.709068706487413991e-03
4.807298980176769390e-03
4.853985120148472665e-03
4.899182848795385729e-03
4.933574926488045603e-03
4.953817127272708114e-03
4.973836294317125935e-03
4.987035264293420388e-03
4.997852052646311466e-03
5.007843483306989585e-03
5.015572071755521055e-03
5.025404779642563859e-03
5.033760549542465323e-03
5.044988675258396324e-03
5.062030057564559371e-03
5.074126203470907641e-03
5.105452270516301107e-03
5.137789923639553974e-03
5.166201866180700555e-03
5.261209309879121693e-03
5.303096376820151669e-03
5.416324978605922998e-03
5.654916270649808403e-03
5.667909108244856276e-03
6.219740319551437038e-03
7.040924407212130823e-03
7.150374298112275456e-03
9.006424072718986068e-03
1.010887642560696562e-02
1.010703704603405778e-02
1.706045416955884880e-02
1.768584406843131535e-02
1.880672432081769915e-02
2.054750565991780159e-02
2.118555515964981595e-02
1.763310762980688229e-02
1.749969427782155362e-02
1.618967599689023762e-02
8.187260605679041667e-03
6.322385339123539824e-03
9.734261520999345357e-05
-5.240294554751903644e-03
-7.624011820777279458e-03
-1.089257561994835116e-02
-1.257145540728699107e-02
-1.261679605464216536e-02
-1.427535491507189030e-02
-1.611583234104944917e-02
-1.622648722669153137e-02
-1.876934435286256586e-02
-2.239661727103360589e-02
-2.421510900914215780e-02
-3.027374514903721087e-02
-2.661199954292479616e-02
-3.415162216876506396e-02
-2.510500414038874598e-02
-4.696513707744619237e-03
6.375243325802509159e-03
-2.383784511627330682e-04
8.436210669088249625e-04
-9.060649964729255296e-03
-1.165331970140553661e-02
-1.842941364285605177e-02
-2.559322624636916482e-02
-3.092952752193579846e-02
-3.663485138690586451e-02
-3.884804314421716476e-02
-4.235114091094745875e-02
-4.606780845388208645e-02
-5.165964722031428369e-02
-5.460166212858712231e-02
-5.940355619187438763e-02
-5.721412678936343976e-02
-5.338928292841799844e-02
-4.998160910750243380e-02
-4.429336778127447583e-02
-4.706961696093182185e-02
-4.834499532140463379e-02
-4.511901701333539266e-02
-5.811539557079722224e-02
-5.773768820333321367e-02
-6.384828398921330028e-02
-8.495156494617618625e-02
-8.659755393521925693e-02
-9.411817941097619378e-02
-9.871596585824554682e-02
-9.280832486414980487e-02
-9.457118158866595348e-02
-8.773676211340858400e-02
-8.242944968440230058e-02
-7.810390883915088733e-02
-6.550424140533797623e-02
-6.081665009313304282e-02
-5.510495333345346441e-02
-4.469855317671564410e-02
-4.529304330745690527e-02
-3.085879935066084684e-02
-3.174379752571972191e-02
-3.135418212646273045e-02
-3.000584949026323389e-02
-4.527189972503735393e-02
-4.587920258492306225e-02
-5.052714925122511747e-02
-6.100535881884863731e-02
-6.156441711182292914e-02
-6.889502732269167651e-02
-6.791514536814413638e-02
-6.178783389002096005e-02
-5.752265804955877804e-02
-4.710840400756806379e-02
-3.486599431419428602e-02
-2.158773708428324972e-02
-5.235982894746703080e-03
3.399496591346492722e-03
6.142299451538288033e-03
8.463559559855112630e-03
7.259320787759435470e-03
5.723381797870050018e-03
-1.749731647707038207e-03
-1.554723377591170179e-03
-2.701244956909518852e-04
-2.323982314634558035e-03
5.469579693141805692e-03
7.693507417200090917e-03
4.636479165614030076e-03
7.867215104830382541e-03
6.898775124369476743e-03
1.455837455314429145e-03
5.389266182121227149e-03
-2.708249753542250112e-03
-1.296413589529785484e-02
-1.751073268939284944e-02
-4.232845463707974459e-02
-4.672270830938004410e-02
-6.150886272002078353e-02
-7.829637856174129218e-02
-7.543462967269581876e-02
-8.981217917079112323e-02
-8.457474709184842343e-02
-7.276411513613789683e-02
-8.122071219259718866e-02
-7.443756487810407330e-02
-7.533976047058318914e-02
-9.121437425170889068e-02
-8.501603340252519847e-02
-9.636403997887171835e-02
-9.992277080720110560e-02
-8.783519311894388837e-02
-9.708233034915482451e-02
-8.214009076636361040e-02
-8.024727796559420756e-02
-8.988893537441222659e-02
-7.759889982138380715e-02
-8.000490577955068905e-02
-7.148339189001458316e-02
-4.955734456763108420e-02
-3.765309256387897041e-02
-1.702365695004251500e-02
1.364258076585156756e-03
2.144757575669386032e-02
3.753463542138323061e-02
6.436721695651305419e-02
7.358666115951949249e-02
8.532091352612443391e-02
9.392364024136637402e-02
9.484203130988240471e-02
1.029580900214785988e-01
1.020961818897725137e-01
9.979740054955560380e-02
9.483646040532148214e-02
7.797860241152687610e-02
7.082410075708284181e-02
6.918488395320882001e-02
5.287056747831990478e-02
5.182229844437470645e-02
3.534772132441113546e-02
2.866796278312313054e-02
2.054143645481696159e-02
5.171264272335173579e-04
-8.406832100158597929e-04
-9.378312211450147082e-03
-1.250190877270310717e-02
-1.037346257199986584e-02
-1.432144906642420293e-02
-1.028474922370577194e-02
-1.021533816300556480e-02
-1.272359063117351960e-02
-9.294549516563619176e-03
-1.616234961065814504e-02
-2.261110532871006898e-02
-2.353679229799791536e-02
-2.589482432871325832e-02
-2.770969222037562157e-02
-2.485285378117416122e-02
-2.243099673224974167e-02
-2.376705802011016416e-02
-1.942771737737597482e-02
-2.960477582742942343e-02
-3.465765616655967774e-02
-4.056905316089403496e-02
-4.685194372296394572e-02
-4.765886763285125116e-02
-5.066604797293615403e-02
-4.636241874921979977e-02
-4.432177339773074598e-02
-4.043694642916477455e-02
-2.816040617103115692e-02
-2.365019413030479065e-02
-4.229259083943922096e-03
-2.901318685466051928e-04
1.024078801518210277e-02
1.307656580942892846e-02
1.264328881715332323e-02
1.736575901496223429e-02
1.674817069492057567e-02
1.968335418576063617e-02
2.172210232888054093e-02
2.213842322610662036e-02
2.649096720075902814e-02
2.586586979797389843e-02
2.299096806149185379e-02
2.568634858153411374e-02
1.948723898822781603e-02
2.071606961802060359e-02
1.660358687686339443e-02
2.826011118936551381e-03
1.874617041549476396e-03
-1.186071342522692675e-02
-2.052388236714215025e-02
-1.886695529046823749e-02
-3.041338849021879912e-02
-2.962552163434673674e-02
-2.568302171439058521e-02
-2.949296078615930294e-02
-2.033971209634663838e-02
-2.020984956746178784e-02
-1.549561699947185969e-02
-9.910812582506447338e-03
-1.888000019763162729e-02
-1.148446036631125926e-02
-2.178219911431255457e-03
-9.945976934691916349e-04
8.553594084204156969e-03
1.195246363511464315e-02
1.330497244594169154e-02
1.566769549742044396e-02
1.785266675937247083e-02
1.703808187042063493e-02
1.985776718916638928e-02
1.920248403919411553e-02
1.313101837159329557e-02
1.202204138170378384e-02
9.738010724596027345e-03
3.306986598352036361e-03
2.276306234538647694e-03
5.019093341785306299e-03
2.396804708281344374e-03
4.574004267297738201e-03
7.891012423930270428e-03
6.484866408759493855e-03
1.161455201090332012e-02
1.363548159327218623e-02
1.579877285140801266e-02
2.193938760064478855e-02
2.518213198501900729e-02
3.127193724351370191e-02
4.343371618177284399e-02
5.416337345754770882e-02
7.082111135082817810e-02
8.508362605694103076e-02
1.089616969816049746e-01
1.262970618581210624e-01
1.568392897237772809e-01
1.944004422183995828e-01
2.050783621837611870e-01
2.298121906596966579e-01
2.353698353656061837e-01
2.398101673233056785e-01
2.483251947026052231e-01
2.447553528345891571e-01
2.428459741187434795e-01
2.390677371921247907e-01
2.254422798301123632e-01
2.026803577433248238e-01
1.905940958808772234e-01
1.490285065104233475e-01
1.326626836129070619e-01
1.195264144764065090e-01
9.966676780541509906e-02
1.005868979206920449e-01
9.513826391890145562e-02
9.093587211026078754e-02
9.022926432838732080e-02
8.104630742385192377e-02
7.817614480947979172e-02
6.997532942307323200e-02
5.504221606717309145e-02
4.767360025946276031e-02
3.626140679887504548e-02
3.544768942153254943e-02
3.076789454781648711e-02
2.448958998453607330e-02
2.503184284041769930e-02
1.775735460110341307e-02
1.852285877631106720e-02
1.666353933694527875e-02
1.643542496022789429e-02
1.663431145656900367e-02
1.502571443238824925e-02
1.747815075163811072e-02
1.372488380726390352e-02
1.406092364091816524e-02
1.163259972026916417e-02
7.767792230514852792e-04
-3.867200999872296395e-03
-2.075810708902992366e-02
-2.530772955695556950e-02
-4.041949183123734468e-02
-4.485678440459660299e-02
-4.759827581007285840e-02
-5.242713721415241668e-02
-5.765839854172895296e-02
-5.945215397581207761e-02
-5.559516054147169845e-02
-5.425156126353303243e-02
-5.128921461241911506e-02
-4.945676695482199153e-02
-4.739602665521154556e-02
-4.499527914168344883e-02
-4.123801573210189586e-02
-3.516934686786248043e-02
-3.175621191460041570e-02
-2.031644809081754183e-02
-1.639229524741304261e-02
-4.625862857864027761e-03
-2.305671337193649327e-03
3.179481069959515672e-05
4.234420358363474336e-03
4.115110087999055040e-03
9.972692546515646989e-03
1.105763958921732008e-02
2.684281143067996853e-03
-3.540847838994509028e-03
-1.359131396731853153e-02
-2.443131331632078518e-02
-3.269904688259635261e-02
-4.124150166145350294e-02
-4.319878124182425366e-02
-4.517799283191634152e-02
-4.101862115978893719e-02
-3.146441722727278539e-02
-2.553906499515873341e-02
-3.394687099908220984e-03
-8.260583533338160256e-03
3.904093485423889426e-05
3.881468035244268339e-03
-2.894668898585979477e-03
9.982631962683181925e-03
6.185923352341089754e-04
-2.690607877467972309e-02
-3.230572422277781797e-02
-6.374373432094689040e-02
-7.971020945339223063e-02
-7.965466587533456821e-02
-1.000616278772250844e-01
-1.133765412568131375e-01
-1.227517640698625595e-01
-1.505003116842325572e-01
-1.589288369239586773e-01
-1.671166496599385543e-01
-1.817664872838924417e-01
-1.851527057637456786e-01
-1.936728792036322422e-01
-2.030163449174813561e-01
-2.072133914975464175e-01
-2.150420877394520480e-01
-2.249507685561222825e-01
-2.261929285647412136e-01
-2.335843928359093435e-01
-2.323141029924181700e-01
-2.327502763330394353e-01
-2.329400404829254922e-01
-2.287615719100033196e-01
-2.257379172628044273e-01
-2.210535108704337892e-01
-2.141893652778842916e-01
-2.068425956304098257e-01
-2.002187922599878434e-01
-1.903269678330588577e-01
-1.849867977961242027e-01
-1.765000856867798007e-01
-1.716339057151914649e-01
-1.630827249265716650e-01
-1.569337751890679533e-01
-1.492260633995614316e-01
-1.332302960941127434e-01
-1.222287854936159324e-01
-1.122707634518248510e-01
-9.822508000348649515e-02
-9.101714507753586036e-02
-8.083682797601349224e-02
-7.025067080915106676e-02
-6.603238328906806121e-02
-5.593366390549942696e-02
-5.198199188594948561e-02
-3.158513177987290477e-02
-1.054239158669164483e-02
6.944113261048873512e-03
1.089040051412379362e-02
1.766828158181770261e-02
1.795540582266417357e-02
1.795333426676579136e-02
1.993293198993644627e-02
1.932371156100996454e-02
1.970714393076157533e-02
1.993682130356215498e-02
1.908234050325761239e-02
1.900175803142326383e-02
1.786018934207455819e-02
1.571104836104063665e-02
1.557558326380567917e-02
1.131702142869900340e-02
8.272937427894526408e-03
7.558579601864462948e-03
-5.716195497923537774e-03
-6.516882016567100006e-03
-1.070094436592930812e-02
-1.526834349303841584e-02
-1.586585205450598973e-02
-1.884594871502529023e-02
-2.020837276472643024e-02
-2.112466869477078527e-02
-2.262981404215283834e-02
-2.318731327643248907e-02
-2.407442217981070609e-02
-2.483232866085787610e-02
-2.531121200953337369e-02
-2.625109106900765793e-02
-2.670156090614203559e-02
-2.757486007133056957e-02
-2.880042266524777614e-02
-2.909194042006932324e-02
-3.143519890871172145e-02
-3.254486067972345298e-02
-3.357038191114642550e-02
-3.909502002218775973e-02
-3.774871539172779122e-02
-4.266376957357083388e-02
-4.095489789343992326e-02
-3.436558400764749832e-02
-3.508661908787767680e-02
-2.807581118597838460e-02
-2.132481529371530599e-02
-1.989447733272180566e-02
-4.628102420920618930e-03
-3.704445295314248102e-03
-1.874274122111819346e-03
2.189337803145991086e-03
3.263125950444764958e-03
4.809756841225362040e-03
4.155433661586378606e-03
3.785969869392506043e-03
3.524537166674755057e-03
3.119054628054528967e-03
3.003592065442703147e-03
2.619616968757810041e-03
2.539798594260529035e-03
2.387618405724984197e-03
2.384868025489534152e-03
2.355658144652199564e-03
2.317741432177129052e-03
2.317112637613393152e-03
2.298946174001987360e-03
2.290634669197713028e-03
2.287453954115576532e-03
2.280408186342325946e-03
2.278370548187005386e-03
2.275949407259808977e-03
2.273642222617803296e-03
2.272779361230397970e-03
2.271351552638528701e-03
2.270526120136996846e-03
2.269799481150472191e-03
2.268486411827958134e-03
2.268222305838690604e-03
2.266425478810225706e-03
2.264649441903094935e-03
2.264748186375812808e-03
2.258221440218904658e-03
2.258204002223581329e-03
2.254783871903302817e-03
2.236338503765752245e-03
2.249407961168539000e-03
2.216267285005198324e-03
2.190817213274146892e-03
2.234297972414240382e-03
2.074121099851061831e-03
2.147119218156271544e-03
2.123489817941951255e-03
1.583314352145776677e-03
1.553605008346111566e-03
