-2.680600664747818419e-03
-2.843938953317279132e-03
-5.488527981924408092e-03
-6.476701545779016238e-03
9.355954123139445999e-04
1.658203705857973871e-03
2.272079329938907124e-03
2.717326588220202090e-03
2.713949223111130488e-03
2.708175999198300220e-03
2.710176343916337154e-03
2.709894332376005643e-03
2.709857735782549449e-03
2.709865159403523471e-03
2.709864856625067084e-03
2.709864856895376900e-03
2.709864857430157020e-03
2.709864857374800259e-03
2.709864857377890669e-03
2.709864857378397641e-03
2.709864857377297393e-03
2.709864857395719289e-03
2.709864856993320255e-03
2.709864859484580925e-03
2.709864861907055472e-03
2.709861804296771585e-03
2.709908016986406661e-03
2.709818496834004182e-03
2.709081312102627065e-03
2.715220985835313083e-03
2.671263035973442650e-03
2.546962239745757806e-03
2.640218301174271885e-03
1.692870440311236655e-03
6.601428919302804567e-04
3.615984561572751013e-03
3.670651256285625570e-03
5.477312402122971879e-03
7.390072762979729010e-03
3.750712362517040922e-03
4.213139250421434751e-03
3.633969085872032490e-02
3.893283815107283913e-02
3.797821423673031910e-02
4.556482243166377205e-02
4.721354818207571663e-02
3.074786896602956301e-02
3.586753104548829479e-02
3.677400244336846702e-02
-3.227753504782803970e-03
-7.647869870623707524e-03
-1.637744051728343142e-02
-2.575827563649601623e-02
-2.943035632076346220e-02
-3.258850719994484807e-02
-2.892485844119049854e-02
-2.107897331226477045e-02
-2.070972721810435471e-02
-2.051735741190820195e-02
-1.404286468062726848e-02
-1.122378840680658164e-02
-2.061307206619589910e-02
-2.848341760845005122e-02
-3.949766844380171726e-02
-5.913139406050475777e-02
-1.641868878257538300e-01
-1.119876653728743288e-01
5.830898338780609452e-02
1.638750660995631769e-01
8.120492782590044145e-02
6.927008101501345994e-02
2.182823405449864709e-02
7.938407760023944576e-03
-2.779232197962665588e-02
-3.617086240718144635e-02
-6.051120605649928236e-02
-6.295465592767315877e-02
-2.892118346937838300e-02
-2.052370781394171131e-02
-1.059778362593986195e-02
-4.299442112412002470e-02
-6.096919078701262124e-02
-1.214983686208866431e-01
-1.061616660714519850e-01
-6.902728929047984019e-02
-2.444778394665937313e-02
-7.288044529126951054e-03
-2.329927851468319849e-02
-4.199425257161275987e-02
-3.151882298206142713e-02
-6.129829529147420852e-02
-3.963975962346726403e-03
-2.822610009244926402e-02
-9.895406514816668109e-02
-1.351446319896719150e-01
-1.065608854040558384e-01
-1.240495526135320381e-01
-8.175509314360539237e-02
-5.327485082065918504e-02
-3.766777324247513881e-02
-5.608728404582771776e-02
-4.159408215824200034e-02
-2.404607695394145664e-02
-1.296507366160641085e-02
-2.190672367518639585e-02
-2.611862762122974663e-02
-3.262462961001047490e-02
-7.180506918403683526e-03
7.344969054397315449e-03
3.098557400591507582e-02
2.076080713205463030e-02
-3.453164491650023704e-02
-3.096937544520016183e-02
-1.622368117325564268e-02
-3.215631337490084535e-02
-5.608486689095269068e-02
-9.924149752706608318e-02
-9.900031554999769168e-02
-8.031506070743198167e-02
-4.617551695055823607e-02
-4.449427142299296201e-02
-4.027148585346547460e-02
-1.670001374779226527e-02
3.054930600834960402e-02
5.489360548337936241e-02
4.486788677187690533e-02
6.472771689383542693e-02
5.617249443448874002e-02
2.172461057722567535e-02
-4.608415561160482399e-02
-4.848869024740673495e-02
-4.241749647938941603e-02
-3.817548063982389994e-02
9.835475182557808921e-03
2.340395786383736229e-02
9.141357817262862548e-03
1.266962708305873798e-02
1.372579246535203350e-02
1.216447306885825273e-02
4.050015424944255343e-02
4.426908156519364368e-02
2.191154693675632578e-02
1.066936106973150750e-02
-3.840720466422758300e-02
-2.242117217028252382e-02
-6.740670123857188389e-02
-1.209520922881632821e-01
-1.575099346917387677e-01
-2.069624879799496497e-01
-1.108006876774475236e-01
-1.837460006973398383e-02
2.477647064900964299e-03
3.217367230251065580e-02
1.853737244706504111e-02
-1.120674450115963644e-01
-1.324962143947306104e-01
-1.992627698500361033e-01
-2.273918720652938208e-01
-1.438629144533181969e-01
-1.419064405957527475e-01
-1.834756505280087102e-02
-2.081619316194772279e-02
-1.185195674902636137e-01
-1.298876065061211893e-01
-1.886390239780198486e-01
-1.900557051545465337e-01
-6.616123989246677772e-02
-2.641150437700093626e-02
-4.087670354786909765e-03
9.077461210096310351e-03
2.527147990247751580e-02
7.437080370215318897e-03
2.970702921883860287e-02
2.979929550480919787e-02
3.172493368362568761e-02
2.937852025868625816e-02
3.340622679192357947e-02
4.582459216667970903e-02
6.189878964840229286e-02
6.488203605277709229e-02
1.431714757774836186e-02
-2.932995128101888171e-02
-2.621050356021351058e-02
4.939391738127008047e-02
4.290359056222545903e-02
4.569741718477877274e-02
3.835696666546709044e-02
4.810479819351645009e-02
7.909367847540732521e-03
-7.008238760749323226e-02
-7.479712767680844754e-02
-8.896670109179309616e-02
-8.015518563458354229e-02
-6.412103352981851634e-02
-4.007917454363325860e-02
-8.550495085202476989e-03
4.810222831240370221e-03
1.515929672907209182e-02
3.998914536161977951e-02
-1.008252495224704580e-02
-5.267273896623379109e-02
-6.671618504323602317e-02
-5.409462297919308271e-02
-5.607688563917394287e-02
-3.888093444749469996e-02
-1.399712154867624112e-02
-5.807873826881583892e-03
4.496343776287202443e-02
1.007300297890700858e-02
-1.005333749740620550e-02
-4.219281870519706046e-02
-6.659343656729964367e-02
-8.338239725310143957e-02
-7.680837412925149710e-02
-6.958257826075893437e-02
-7.384577926383052715e-02
-6.652385872069595252e-02
-3.320315115479682833e-02
-3.283864341425458966e-02
6.515377008243779938e-03
1.511052798018391180e-02
6.136964926686019201e-02
5.525540518734558398e-02
3.856144788437768089e-02
4.460526957986480495e-02
4.070753342246932749e-02
2.668384089032706935e-02
2.791858149843091247e-02
3.779690153876766323e-02
3.479317134849152504e-02
3.438999222043876564e-02
1.868484006926103558e-02
2.332099909208058125e-02
3.139546826223691550e-02
5.390022233499468240e-02
4.770855825572007519e-02
9.537223700553036643e-03
2.799211170446510872e-03
-3.815521698337793338e-02
-5.385721932175565468e-02
-2.741411069379223395e-02
-8.793461313050919548e-02
-9.737988377501760606e-02
-6.585175194380256392e-02
-5.306992096794535541e-02
-2.846626363646232588e-02
-4.985572064058558985e-04
4.391052872475727925e-02
1.432386844263163102e-02
-7.323500543709345056e-02
-6.547960452323813019e-02
-5.885812563639744935e-03
6.424788203851517117e-03
9.184264818218549481e-03
1.348391156246616859e-02
3.331653101416020418e-02
3.234558106311188203e-02
4.109510004319667786e-02
4.435211626485872916e-02
5.363817412210847291e-02
4.904864393464535011e-02
1.115926659598181006e-02
4.943732090106237737e-03
-1.840613869445405053e-03
-3.453184323973504388e-02
-3.559388964156131457e-02
-1.102148744270964840e-02
-1.782919268526648657e-02
-1.815175435903099155e-02
-6.707277548351724475e-03
-1.586928134856832942e-02
-5.841794834158758540e-03
-6.210026299278687337e-03
-6.753194148303449940e-03
-6.244958156772388580e-03
-1.411738154950074528e-02
-1.859590337881652025e-02
-1.223793383115062174e-02
-8.557665678324095568e-03
4.428909326045001732e-03
7.534913572867671556e-03
1.331118657847883344e-02
1.312945643040401567e-02
3.614934979227572148e-02
5.809796711402803737e-02
7.015657753041244782e-02
5.355202173836701857e-02
5.139922201883503905e-02
2.894807161485606767e-02
2.833914466923148287e-02
3.555609994577692279e-02
3.449244895431657215e-02
4.730188273603423005e-02
3.786064383619840851e-02
2.197401866181114896e-02
7.730391253305346835e-03
-2.678941927569110024e-02
-4.597062781379671753e-02
-1.898485848390169678e-02
-5.600390576882983973e-02
-1.936199995221552991e-02
8.015759083006205113e-03
3.342082282544332067e-02
3.285793536204247717e-02
3.965380304014326507e-02
3.881615099236725153e-02
1.657804330231726908e-02
-3.062974738612499193e-02
-8.084367928838076534e-02
-6.385144749887078364e-02
-1.414916775451598857e-02
-1.822583160691842227e-03
-4.457841416382364932e-03
9.530123803318803991e-04
2.150428743205592269e-02
2.518472278462472597e-02
2.570847130491933988e-02
2.703664080868983105e-02
5.439975997104398719e-02
5.375786080355907798e-02
3.697163641234835901e-02
3.737250897703635333e-02
4.997846107674139976e-02
5.384923993711687729e-02
9.313365534133175722e-03
-1.382422750695645741e-03
-2.123802858382376618e-02
-2.224294737888882906e-02
-7.834238997345588373e-02
-7.585758287369306907e-02
-2.151096947850762373e-02
-3.476153550715303797e-02
-9.614305417989202351e-02
-1.054740967218538855e-01
-4.640273710024597764e-02
-3.607607865772177042e-02
-3.958117765661059440e-02
-4.502020046471848225e-02
-5.546832616623676576e-02
-6.304913706777104387e-02
-6.106685439875957078e-02
-4.955695190702822522e-02
-5.283925851257917361e-02
-2.451146297704688559e-02
-1.411441728192977876e-02
1.379930200893107750e-02
9.267189617761531495e-03
-1.195652201632010957e-03
-7.849047453547657385e-03
4.439437905050205857e-03
5.067387119093170328e-02
6.725422924765250832e-02
3.670790209093365702e-02
1.817533478500876418e-02
5.635925568225763280e-03
-1.122510079718248843e-02
-4.202842459378361428e-02
-7.140492250764395032e-02
-1.083898350377403008e-01
-1.036871711024472814e-01
-1.073995598661119377e-01
-5.704570373468880601e-02
-5.984346345245871585e-03
6.023813246141764693e-02
3.514864339577987440e-02
2.643157747382001918e-02
-2.127255849415401502e-03
3.656953585498456255e-02
1.271424767581498527e-01
1.206064694991165753e-01
2.498415026744958342e-02
-1.056580185327543088e-02
-1.375843321548375631e-01
-1.301543337882414275e-01
-3.049974431441257114e-02
-3.699893184162721116e-02
-6.507753932819018705e-02
-7.472392780808778667e-02
-2.641658214542464966e-01
-2.837488017436948784e-01
-2.758114128318927549e-01
-3.111814357458519420e-01
-2.836001067668531550e-01
-2.680419277003374678e-01
-2.829510469396539496e-01
-3.082723227934514032e-01
-2.906414091221415918e-01
-3.149629192459132421e-01
-3.031945159686814106e-01
-2.257916158672486906e-01
-2.163067909728736693e-01
-1.792295659112966011e-01
-1.392816603901738393e-01
-1.567253493838345058e-01
-1.499213578404121616e-01
-1.208700554345539663e-01
-1.374102426389907372e-01
-1.325050336527823225e-01
-1.355523112465175095e-01
-1.791583106334899977e-01
-1.783729197891453788e-01
-2.256476166815209183e-01
-2.797229720706476130e-01
-2.435343238621972273e-01
-2.535432429807222832e-01
-2.393479718898808006e-01
-1.004528458627571980e-01
-7.821746743645981159e-02
-5.407639234810287382e-02
-7.260954810206574593e-03
-1.639914925166172793e-02
-2.911127562946968020e-02
1.790610533658305902e-03
-2.040584635198041535e-02
-4.425592037417803298e-02
-9.784974745289988507e-02
-5.413870374582524514e-02
1.883326115797890471e-02
7.572900628885585739e-02
5.500304805683495918e-02
5.048882599214297301e-02
3.211199365445370491e-02
2.248030776751636095e-02
2.177363145400539393e-02
2.090711295661367569e-02
2.074304868257548229e-02
2.123997398017552635e-02
2.239700130607762130e-02
2.241876564000959762e-02
2.142957267686844761e-02
2.167599934796091490e-02
2.213948092306860724e-02
1.996820818212049348e-02
2.338733067686951661e-02
2.292201168114479937e-02
-3.494608205946049539e-02
-3.689188293474993108e-02
-3.688813966018748142e-02
-3.907917070717868008e-02
-3.869708693879200107e-02
-3.860984779500631348e-02
-3.863001921022315988e-02
-3.862713938468403940e-02
-3.862710346993158961e-02
-3.862721413626681033e-02
-3.862720455579610884e-02
-3.862720454785151941e-02
-3.862720451096827989e-02
-3.862728368180058658e-02
-3.862649730221973110e-02
-3.862733847784888264e-02
-3.863265646526076874e-02
-3.850418180276261176e-02
-3.913717215147557299e-02
-4.021248460709216099e-02
-4.095129901516400550e-02
-6.111491553100419777e-02
-7.024228821559830305e-02
-8.556903687924324875e-02
-7.680043022273577713e-02
-5.605342221067188824e-02
-5.636198307359426701e-02
-5.270426192685098016e-02
-4.624735538052528183e-02
-3.883615881916036711e-02
1.752007449430048949e-02
1.623431519556547270e-02
1.760590442202935755e-03
3.598927184418456663e-03
1.506306501214950064e-02
1.547366393872450473e-02
5.983088928378194754e-03
2.115304899455422829e-04
-3.304616252144286156e-03
-4.090832177826561611e-03
-4.395364790982451107e-03
-6.010529156662733699e-03
-5.989903358699241731e-03
-5.067093753683074228e-03
-4.368670888739112530e-03
-4.225533990308492395e-03
-4.145996836283869294e-03
-4.109960369565433987e-03
-4.109064103669787110e-03
-4.109225594615275624e-03
-4.109119818196798994e-03
-4.109138180391808289e-03
-4.109140735005566668e-03
-4.109140440291847961e-03
-4.109140441876761585e-03
-4.109140441874566292e-03
-4.109140441848171607e-03
-4.109140441848818659e-03
-4.109140441849781430e-03
-4.109140441848324263e-03
-4.109140441849238462e-03
-4.109140441857495746e-03
-4.109140441638274403e-03
-4.109140443043545268e-03
-4.109140444306681565e-03
-4.109138798853566657e-03
-4.109164273855952891e-03
-4.109108646597091179e-03
-4.108667824353812517e-03
-4.112412081266276880e-03
-4.088055034890986095e-03
-4.024759452904162239e-03
-4.194817085150157748e-03
-3.730126320015711688e-03
-3.275622663699362998e-03
-7.294515083631264787e-03
-8.012503515374790400e-03
