5.134001235038186846e-03
5.890047429663282201e-03
2.160074828910179753e-02
2.082280258670251780e-02
2.533279581544548714e-02
2.907516800184855796e-02
2.906961067317164957e-02
3.140156609205974753e-02
3.212887261568013464e-02
3.258624893519579402e-02
3.341118993320131569e-02
3.360046885500767022e-02
3.391702455200652083e-02
3.416190007363042319e-02
3.425433478133580595e-02
3.439622956173513102e-02
3.446631875832739667e-02
3.451423742619767060e-02
3.456290561553663349e-02
3.457847084692685508e-02
3.459510531151688967e-02
3.459765349403042672e-02
3.458234219999848508e-02
3.457755552877644911e-02
3.452878365732622856e-02
3.448503886546998298e-02
3.444663530136543583e-02
3.427651307678666881e-02
3.423840822678743401e-02
3.403337741298772395e-02
3.362414123213542522e-02
3.370913705155426793e-02
3.273160039176070679e-02
3.226251300195495664e-02
3.232332669979390283e-02
2.872652255372684996e-02
2.909808787312285344e-02
2.769798951618523269e-02
2.724094026462118082e-02
2.780908828103090605e-02
2.638152601584062978e-02
2.882776948836123995e-02
2.821074515810813310e-02
2.535801248857427748e-02
2.648123680875451996e-02
2.252081732130502625e-02
1.607590938329953728e-02
1.200499247181664557e-02
-2.446187535688298682e-03
-9.572255868485545632e-03
-2.195119368684443975e-02
-4.570649315626715281e-02
-5.550905218546345332e-02
-8.761849608284803803e-02
-9.591857376458901019e-02
-1.248453054779341403e-01
-1.521357199751722233e-01
-1.535001835345901344e-01
-2.204738499984172928e-01
-2.089109179870016764e-01
-2.173730860503790274e-01
-2.161919387419781458e-01
-2.049291833029669163e-01
-2.106960903236815286e-01
-2.051082464969060659e-01
-2.013881940540865889e-01
-2.019223411738642338e-01
-1.946099793581744786e-01
-1.895853013087236416e-01
-1.885377693236202079e-01
-1.745596288111936067e-01
-1.691086649096224526e-01
-1.571278248317928838e-01
-1.362637529330811836e-01
-1.275379743396865273e-01
-1.129226280284470058e-01
-1.040702004980792184e-01
-9.400997017712107995e-02
-8.394481488086594223e-02
-7.647841209931310891e-02
-6.897164087609708449e-02
-6.292968548982907917e-02
-5.911716855171192386e-02
-6.022617147446673869e-02
-5.768931249615832230e-02
-5.988355332328641062e-02
-6.039739711826924706e-02
-6.061765505021896039e-02
-6.382646835831577714e-02
-5.957947225873053837e-02
-6.270422776494596895e-02
-6.581760555934969281e-02
-6.428996363065876685e-02
-7.226403038616972807e-02
-7.106897858727920236e-02
-3.139012896893757926e-02
-2.740269928742927741e-02
-1.555357960778864547e-02
6.145399603712982557e-03
5.968374220704372561e-03
2.441781080736269219e-02
2.759674201791807030e-02
2.422914383521003120e-02
3.426327694903207044e-02
3.087904290768853435e-02
2.509034205697935338e-02
2.388297675848020940e-02
6.403736007214097525e-03
1.997644518275016896e-03
3.957211945765730030e-03
-2.869220517206742729e-03
-1.632055016356658743e-03
-4.518103426008411583e-03
-8.346501140219730885e-03
-8.076746797034838402e-03
-1.199200609708599846e-02
-2.344096198472147771e-02
-4.928242705102497262e-02
-7.800589365632301653e-02
-9.990725388434670839e-02
-1.295753287281448118e-01
-1.512956535875570052e-01
-1.718002517001680773e-01
-1.840126040499036608e-01
-1.978911877834267641e-01
-2.000194634640564684e-01
-2.048060602403174446e-01
-2.000011438232346672e-01
-2.020009766790628047e-01
-2.007990942412161695e-01
-2.009608593391258302e-01
-2.083564533726783852e-01
-2.056583923744091658e-01
-2.172685650709353933e-01
-2.173031464098652832e-01
-2.199333919847270280e-01
-2.418155006121538997e-01
-2.382133836426683360e-01
-2.572905311391042726e-01
-2.677517342478113460e-01
-2.479194112744943779e-01
-2.696268010135836057e-01
-2.637074849954140765e-01
-2.674699389281359752e-01
-2.958866449282568922e-01
-2.811434239087404197e-01
-3.089398301400405056e-01
-3.012634965353672145e-01
-2.951150102862005742e-01
-3.027384459336044387e-01
-2.719539827766327411e-01
-2.810868906001793288e-01
-2.503449702552973943e-01
-2.345362233766085658e-01
-2.193206777449442924e-01
-1.820594230801143576e-01
-1.520844827667545140e-01
-9.868231689849352173e-02
-5.808847225964099831e-02
-3.472019775945468095e-02
3.249988561020364375e-03
1.135076896360240686e-02
1.281674881314938917e-02
2.711354146224614209e-02
2.511047962283344953e-02
2.049578954031742659e-02
2.279875604247329907e-02
1.373916540406406629e-02
1.167099685759579591e-02
1.788953205962191470e-02
1.362852329062868607e-02
1.513907999502158395e-02
2.632147956380263137e-02
2.324563138930122591e-02
2.110331310020530787e-02
2.295668773955380007e-02
-3.401705406640012121e-03
-6.145252583781239848e-03
3.735985120889578990e-03
-1.226150720699632247e-02
-4.708598988933856283e-03
-1.785089114511759223e-02
-4.742053825052693766e-02
-5.483524081218431323e-02
-9.260057614027161765e-02
-1.006110556837621905e-01
-1.135112782751797195e-01
-1.220950600218560500e-01
-1.071496076641391404e-01
-1.036167663939895345e-01
-9.964880643250442760e-02
-7.890910968350796362e-02
-6.013197381575582229e-02
-2.105255179722181208e-02
1.148974355872574987e-02
1.613197521997890294e-02
2.268723805738884561e-02
2.950566162287759919e-02
2.428729060692479819e-02
2.337824908180302641e-02
1.483937336991937757e-02
6.772900838344885800e-03
1.197079175149155274e-02
8.072137444796569430e-03
1.356254208709788134e-02
8.306933404666332413e-03
1.568731613017375652e-03
-8.157556531935566610e-03
-2.792026304733338793e-02
-3.427895187601387450e-02
-3.459320018008277264e-02
-2.395807432503212209e-02
-1.601417326855415074e-02
-1.412712310899433624e-02
-2.176989354883853041e-03
-2.677855067665949051e-02
-3.784634515348199446e-02
-6.158653112665828100e-02
-8.256588874849063453e-02
-9.348604062416997207e-02
-1.217196226625863326e-01
-1.357739747020351717e-01
-1.545898220770402232e-01
-1.730650494069759793e-01
-1.817881244992431700e-01
-2.009100365160736423e-01
-2.091170379228126375e-01
-2.185026031906779631e-01
-2.333505881789315894e-01
-2.285391894179581718e-01
-2.035236481426801747e-01
-2.081910817284946535e-01
-1.809896830308023730e-01
-1.707736652920355536e-01
-1.432362079346095884e-01
-1.395179086630573551e-01
-1.303760880484756690e-01
-1.125160370306827889e-01
-1.095902216239490190e-01
-8.841841877430260677e-02
-8.535417173310264061e-02
-7.187922049459778695e-02
-7.057201404486923568e-02
-6.849577999763277469e-02
-6.497152470755497566e-02
-6.526663871310575682e-02
-6.424257072362675458e-02
-6.367255577761868346e-02
-6.428584930901233563e-02
-6.490973809879711787e-02
-6.494524593457905171e-02
-6.804505226975368637e-02
-6.967720965076536210e-02
-7.183224240986972597e-02
-8.297987024231184838e-02
-8.661238208331413502e-02
-9.489227452065471247e-02
-1.022245210599579540e-01
-1.067466532632967147e-01
-1.135111853653656550e-01
-1.182905596174042701e-01
-1.236537255836865495e-01
-1.291030802666555677e-01
-1.290970735567082417e-01
-1.301207629637241570e-01
-1.270807326299155104e-01
-1.335040255422503819e-01
-1.351077727798261907e-01
-1.342420935673470095e-01
-1.434005104583652712e-01
-1.376080677016551235e-01
-1.226999485894452041e-01
-1.196347031254168802e-01
-9.270314072149236917e-02
-8.226841128995923680e-02
-4.893620539599053548e-02
-3.602365600083540925e-02
-3.331141626243386972e-02
-1.314971245318718486e-02
-1.478460616245183025e-02
-1.196829717301276831e-02
-5.129860995322177517e-04
-2.539743390983287535e-03
-2.377987692421135862e-03
-9.341894087254287021e-03
-3.484826629902743056e-02
-2.927947806773508951e-02
-4.258405706590904366e-02
-4.993140773290415807e-02
-4.898083451745275513e-02
-6.584714489654065750e-02
-6.926192516760985851e-02
-7.567896005381481717e-02
-8.860960656487128217e-02
-8.999621820758545165e-02
-9.953429074564232315e-02
-1.082269161865803964e-01
-1.092814908604154422e-01
-1.208756463686579963e-01
-1.252842233800961491e-01
-1.276000444819740676e-01
-1.415924755202607743e-01
-1.403055975411373058e-01
-1.333095513171964897e-01
-1.349269716724480483e-01
-1.234862626231312405e-01
-1.144871775988026974e-01
-7.259187499371515251e-02
-2.872279920805451484e-02
1.826053206109487861e-02
2.432746343435817846e-02
4.530818482472147996e-02
4.853679766928952616e-02
4.858946385919669236e-02
5.579634096518095582e-02
5.426989010678241049e-02
5.552670342692499206e-02
5.472257197816935564e-02
5.272043584421728241e-02
4.489269176624435809e-02
3.825895667108046572e-02
1.901482150002594546e-02
1.805954057532237200e-02
1.132339345713727699e-02
5.770694011787740746e-03
5.157274789985394695e-03
3.555997037903779051e-03
6.038092644195972936e-04
3.855825253759366609e-03
4.717206078325239353e-03
1.156009654219772916e-03
1.801519723313762048e-02
1.622475128583397361e-02
7.546508699556393231e-03
1.002658916762253806e-02
-1.825145462924106826e-05
5.663587484730267085e-04
6.852745178229061214e-03
4.117535487688674459e-03
1.482759714733845012e-02
1.799064857457729344e-02
7.982961829674324258e-03
-1.313820017376193111e-02
-2.228591625941738624e-02
-5.539230665783684282e-02
-5.852256726717394719e-02
-7.609024446391234042e-02
-8.879126616940033467e-02
-8.148161357372057934e-02
-9.319165045684749127e-02
-7.904437809666897685e-02
-6.542419764963523787e-02
-6.390198504411651048e-02
-5.561850501467673069e-02
-5.753204579333059260e-02
-6.535742972643678039e-02
-7.081349469316439160e-02
-7.488717206962508532e-02
-8.181042791396626879e-02
-8.523485323144042169e-02
-8.805977447345719744e-02
-9.210381713579847418e-02
-8.847783270966343150e-02
-8.879430254600183259e-02
-8.446949326044420059e-02
-8.142312519418530570e-02
-8.293177688274538939e-02
-7.825318226124701460e-02
-7.873866834013032445e-02
-7.924744587074597502e-02
-7.452111674681639875e-02
-7.097123233061375380e-02
-6.381982824199776416e-02
-5.766126189914996120e-02
-5.412319809221315114e-02
-5.789430272798223170e-02
-5.667027203537651492e-02
-5.901660319026928031e-02
-5.707717084146186892e-02
-5.703948422793694850e-02
-5.635714807376505930e-02
-5.457380909228458366e-02
-5.496172971663983164e-02
-5.209426287776020709e-02
-5.298223773639323259e-02
-5.166398687527994082e-02
-5.123595950575241670e-02
-5.323456220692963231e-02
-4.304873669303031086e-02
-4.145680326727191334e-02
-2.147647871157769284e-02
-2.384797648106549983e-02
-1.782401904896026984e-02
-1.224622464484103300e-02
-1.334726387161199422e-02
-1.607521860447705050e-03
7.652956205558349460e-04
1.054975630962933474e-02
1.472580972166220338e-02
1.971400210088121094e-02
2.323027186249244924e-02
2.480127185974696433e-02
2.731747084849976345e-02
2.874375461599169845e-02
2.982000882513288417e-02
3.131734143067300968e-02
3.217187467407166268e-02
3.296000508016333486e-02
3.477689114712981255e-02
3.497833491336707623e-02
3.675979922061798494e-02
3.965647000619329510e-02
3.819333000207494888e-02
4.516913467270351062e-02
4.455663314567196581e-02
3.223422057864699930e-02
3.566753242481382480e-02
2.330308953891613646e-02
9.501933795258835080e-03
1.379125111688752833e-02
-2.228105380048453835e-02
-1.835507929839332725e-02
-8.782469718693458258e-03
-2.249294502640300161e-02
3.478296933715662917e-04
9.373880133094472308e-03
8.847649834961659673e-03
6.172843866802855961e-02
6.025720192924428203e-02
7.877970121641585111e-02
9.639529211098311900e-02
9.344304640486210400e-02
1.072724475691650969e-01
1.053888412007985415e-01
1.023172734407760409e-01
1.078297112262062568e-01
8.921874929711891278e-02
9.020587756983704242e-02
8.490619473837392184e-02
7.872042536879586550e-02
7.651705204684210171e-02
7.297836361834439400e-02
6.730914946565218215e-02
6.237858524774207714e-02
6.045931487262899695e-02
4.445366220581853378e-02
4.325476168648994396e-02
4.092131283303578754e-02
3.551352519198906765e-02
3.573113955293293759e-02
3.473886896655669493e-02
3.402663242121551496e-02
3.388987321467026165e-02
3.342153803416172270e-02
3.325425032646690815e-02
3.312741955377283831e-02
3.296269392547482302e-02
3.291065422065898166e-02
3.284304030929296320e-02
3.278142425858945885e-02
3.277142845553081274e-02
3.273083854615436300e-02
3.269451856644316895e-02
3.273973280569218020e-02
3.263351032425938075e-02
3.267417757365095876e-02
3.275855073132981354e-02
3.239957083437772917e-02
3.289327496541072371e-02
3.256081883418399103e-02
3.197647933100211670e-02
3.386184499901102873e-02
3.087443682844481785e-02
3.242727294819386374e-02
3.422335722430824845e-02
