-1.255365265031694599e-01
-1.403930430797505902e-01
-2.093500393136567272e-01
-2.329715511949060625e-01
-1.631316904540704715e-01
-1.338881977356973230e-01
-1.205296935687721199e-01
-1.205277142696110221e-01
-1.205270197121301734e-01
-1.205268292102349287e-01
-1.205268638961397576e-01
-1.205268638961399658e-01
-1.205268638961382588e-01
-1.205268638961308064e-01
-1.205268638961407845e-01
-1.205268638961406458e-01
-1.205268638961324162e-01
-1.205268638961352334e-01
-1.205268638961331379e-01
-1.205268638961331934e-01
-1.205268638961379396e-01
-1.205268638961406874e-01
-1.205268638961359967e-01
-1.205268638961333461e-01
-1.205268638961414923e-01
-1.205268638961331934e-01
-1.205268638961423944e-01
-1.205268638961335681e-01
-1.205268638961381200e-01
-1.205268618931522873e-01
-1.205268773305277208e-01
-1.205269254019985109e-01
-1.205266767613308171e-01
-1.212976903746068452e-01
-1.212783222270816946e-01
-1.091218294759451757e-01
-1.087363898726006195e-01
-1.087753099409589780e-01
-1.087741166519793218e-01
-1.133004054383859038e-01
-1.139296025247301947e-01
-6.735532738776589534e-02
-6.509190122235049281e-02
-6.383360029277872216e-02
-5.577347526379529408e-02
-5.739632497041140952e-02
-8.052516474136772739e-02
-9.414648924338030189e-02
-9.184003427122210128e-02
-3.486103311610166261e-02
-3.006505969000097811e-02
-2.818835622712635366e-02
-2.766003355227901472e-02
-2.658237027367150659e-02
-6.114768934205875445e-03
-6.378427212440198127e-03
-8.533793609380167441e-03
-8.533209033403226298e-03
-8.532368609357833533e-03
-7.592153463509015814e-03
9.987652399638441772e-03
4.541349895313553237e-02
4.494167095863295380e-02
9.644739511005469279e-02
9.639768635947400244e-02
-3.963236969165612189e-02
-1.196976889604886296e-01
-1.789440821126052350e-01
-2.882259915847312226e-01
-1.818301416150596428e-01
-6.886551319626030288e-02
-8.270395144580474159e-03
-7.410494209697152113e-02
-8.097605938340980691e-02
-3.420156096505806015e-02
6.990561444229333177e-03
1.122107394557738946e-01
-1.698272186278743101e-02
-8.328648214447756382e-02
-1.692966784475151976e-01
-1.341528236820085651e-01
-2.085511822357538625e-01
-4.371440418815892293e-01
-5.664886461000564477e-01
-3.878928345475808892e-01
-1.287160722601129181e-01
1.039603401688505430e-01
3.720740352120710526e-02
8.134552916818081278e-03
-3.888185736238244927e-02
-2.148468591197174038e-01
-2.165007125132032972e-01
-2.239129990213772348e-01
-3.848637958419289240e-01
-3.959713586920868833e-01
-2.145307343659069443e-01
-1.342078814213906179e-01
-1.589544372515263870e-01
-1.436085150658018839e-01
-1.572417628076659690e-01
-1.708156008319274277e-01
-1.072369247259291059e-01
-1.166415582421623659e-01
-1.261652313455934316e-01
-1.319075398112208308e-01
-7.865505430742045223e-02
-5.014841052053398834e-02
4.749125888826107728e-02
4.143124378841753913e-02
-9.178614092994547002e-02
-1.361316741635323624e-01
-1.668824491113396480e-01
-1.812927150245305374e-01
-2.925062271249512791e-01
-3.193523257904083423e-01
-2.812175234377688460e-01
-1.912694360489407830e-01
-1.947549269196605648e-01
-1.567665764650241766e-01
-7.412872702041775619e-02
-1.526154318796719544e-03
1.281542115801303887e-02
-2.477033436737784491e-02
-3.327438248540671301e-02
-2.831641266819111269e-02
-5.022400231111894681e-02
-7.883789390718039247e-02
-8.896646946616530716e-02
-3.612672071393439877e-02
2.085604792628867939e-03
4.676880444846352042e-03
-1.777042826348739293e-02
-2.307701186390582679e-02
-9.670085208047639325e-02
-1.143870976829635955e-01
-1.037728285052211402e-01
-1.037744878804613136e-01
-1.037745269919232716e-01
-1.037729378905296873e-01
-1.069761703043571044e-01
-1.005437763364655235e-01
-2.878506887005776588e-02
-4.321626781273767148e-02
-2.099749551158765770e-01
-1.926864951788108404e-01
-5.613694795678179084e-01
-4.419953219665415656e-01
-2.158020379203771655e-01
2.978010935272292214e-01
1.433439313925646830e-01
7.520527988544689624e-02
-5.578134025802145013e-02
-1.311474951555090251e-01
-2.528686562930863024e-01
-4.833009124143759494e-01
-5.236900789927911859e-01
-4.859950385953704100e-01
-6.007463489560957992e-01
-5.362058742702218161e-01
-4.333062824475509833e-01
-3.042470289239493364e-01
-1.363903709045777013e-01
1.388949103584921074e-01
1.891522744543644996e-01
7.324478316117721821e-02
8.235805329026497576e-03
-1.649298267459828049e-01
-2.748323155482880753e-01
-2.206330124577011997e-01
-2.515111976826697737e-01
-1.659625137589618438e-01
-1.280122202864591163e-01
-1.710551606803447089e-01
-1.093363752092433999e-01
3.529085109156683553e-02
8.767091414503598579e-02
7.041469526814382596e-02
7.216822655453598856e-02
5.678479785592294160e-02
4.368678313112247386e-02
-2.122337735949651749e-02
-1.747266840842267299e-01
-1.647697744944301990e-01
-3.815877587949736277e-02
1.042410900712094218e-01
2.370414654437527635e-02
-1.901689258857916232e-01
-3.260507306386004056e-01
-2.724148700272918666e-01
-4.448911371030216111e-02
-4.478631552183839903e-02
-3.135450952201935260e-01
-4.845090184285646417e-01
-5.267711247178831213e-01
-4.102000502955128192e-01
-1.008100328739274520e-01
-9.330678552924697583e-03
-1.429940936411175645e-01
-5.008083864391248835e-02
-8.570988645174441520e-03
-4.621696294955447704e-02
-1.900417181422891233e-01
-1.794706466118098087e-01
-7.338597926104260816e-02
-3.908862122563509095e-02
-1.688537684363582841e-02
-5.771018897564894092e-03
9.255868419073973175e-02
-1.113691086734205221e-01
-2.474948995805275331e-01
-2.421678976254510729e-01
-1.354541768016409020e-01
-1.444641039922698045e-01
-1.899188563051998624e-01
-2.424671757572280095e-01
-2.838424015481034735e-01
-1.412192278618264740e-01
-1.706230990148929760e-02
-1.125020540810393009e-03
-4.712831223659888491e-02
-5.068700259425232973e-02
-8.335891570629337666e-02
-9.268354597073596990e-02
-8.556055838867562824e-02
-1.173132429035497609e-01
-9.960719436499702872e-02
4.353493324904099231e-03
7.413887376264725881e-02
3.743286897289766629e-02
-1.599544632977444383e-02
-4.295059016034670496e-02
-5.422867556011281426e-02
-4.976173317616381514e-02
-6.114558842161445240e-02
-3.797062264634758905e-02
-4.043917200350588548e-02
-1.900061153367482367e-02
-4.314186146995511312e-02
-2.099391607277764360e-01
-2.980321513544404999e-01
-1.515706832628214984e-01
-1.920287213511940871e-01
-3.581547383728327927e-01
-5.127923787157024904e-01
-3.645950103360803274e-01
5.811700638456163831e-02
2.257139615439540323e-02
-1.342741899535359051e-01
-8.006479341568323305e-02
-3.809389993526081375e-02
-8.935538708322898760e-02
-1.420145585362371510e-01
-1.466113767509108212e-01
-1.426336150270563208e-01
-1.372467408956225821e-01
-7.388540533816652378e-02
-6.631545854563081210e-02
-1.008335775065503509e-01
-8.210574500978455592e-02
8.005136940068907636e-02
9.899433939265102345e-02
1.110182615626696158e-02
1.163141185033950663e-02
-4.110621886004371499e-03
-6.906622094369109510e-02
-9.557917527948181502e-02
-1.338219973623132053e-01
-1.452590600821520861e-01
-6.338462214412922402e-02
-3.200711685763621417e-02
-1.988897197021268284e-02
-2.124586541107500309e-02
-2.124506132017371998e-02
-2.124447162339683157e-02
-2.124430154653763128e-02
-2.761604631478910363e-03
6.695729145327429868e-03
1.455814838733042807e-02
5.317078487987588961e-03
-1.706598147876411606e-02
-2.147093490698891161e-02
-3.546535629058744643e-02
-3.524628672692056708e-02
-3.554558623505643666e-02
-1.392054677905362192e-01
-1.285537360269307650e-01
-1.064764075010608962e-01
-5.586381784012020568e-02
-7.108800587296240647e-02
-7.105862951253291704e-02
5.122370083810739820e-03
2.848640044944729735e-02
8.510283802959825450e-02
4.244923609134272635e-02
1.196447781095055264e-02
-3.197189055794609491e-02
-1.119372116603448292e-01
-1.347096529320171987e-01
-1.243718942872498179e-01
-1.549359174561050490e-01
-1.528530338673081135e-01
-1.110058852989841277e-01
-9.390040217481090967e-02
-1.067933802494690498e-01
-1.049123872212739811e-01
-1.106970730741616282e-01
-1.348947774407503186e-01
-1.360212484160321367e-01
-1.065115884087324410e-01
-7.860984620588873373e-02
-4.674178696222536233e-02
-4.075810508977052715e-02
-1.748109486132827517e-02
-9.145707603333965569e-03
-4.966803276729683109e-02
-6.119285046758995289e-02
-7.215547086584837844e-02
-7.277804753329160381e-02
-1.003590561756195071e-01
-1.048714070475063043e-01
-6.792628589516418181e-02
-6.854516364975409004e-02
-5.675829147881512188e-02
-3.970091115758081490e-02
-6.320942601017476639e-03
-1.055806293111318656e-02
-2.954195206511314384e-02
-5.044958604232477328e-02
-2.131600755882378517e-01
-2.128044551614259594e-01
-1.945867337773306838e-01
-2.201096547503894607e-01
-1.710719167233387128e-01
-2.356264926722995146e-01
-2.779704499436943532e-01
-2.707365945964800846e-01
-2.842257076136696647e-01
-3.086082021884650195e-01
-2.549767620238045929e-01
-1.646980619091653331e-01
-1.174215881416386942e-01
-3.257288082805116780e-02
-3.716481411296274767e-02
-6.466581241906854682e-02
-7.207950232481712127e-02
-3.592223088033240364e-02
-5.122155846101517779e-02
-6.488390343446821806e-02
-7.019139250173228595e-02
-3.916295678534601615e-02
6.941667726980568776e-02
1.051448464400983746e-01
-2.674789581538591227e-02
-1.206131210266661175e-01
-2.161532913539758183e-01
-3.020456768788339907e-01
-3.418427100726649792e-01
-2.144149944413794306e-01
-1.912628918566521841e-01
-1.947494386212736683e-01
-1.160052358762449221e-01
-5.999150715220841201e-02
-1.368261111923187168e-01
-2.150078929360930979e-01
-1.379875578569036698e-01
3.815421515453353007e-02
1.315479201630520845e-01
4.918240021537007359e-03
5.372093626829656937e-02
-2.325944623434961570e-02
-2.209479906608959598e-01
-2.837709284252366571e-01
-3.044850084059479434e-01
-2.492151898864364556e-01
-9.017407193689447320e-02
-3.987151959189436101e-02
3.974871913675323554e-02
4.379369211258801048e-02
-1.832323749866143492e-01
-2.586097656045922566e-01
-2.667486974854134107e-01
-2.668044493209084655e-01
-2.667937467330069867e-01
-2.667779761931133864e-01
-2.667780453074048985e-01
-2.668048482360956819e-01
-2.668498989297606316e-01
-3.468559090261663647e-01
-4.563805319182093201e-01
-5.534300274989055746e-01
-5.135362349290135686e-01
-2.944620025169465416e-01
-2.944522257359407647e-01
-2.942588039383219889e-01
-2.942956568989993360e-01
-2.944997301692706126e-01
-2.943022959066999844e-01
-4.740147199750888718e-01
-3.181497070085916867e-01
1.077651525339523852e-01
1.977549009679205605e-01
-1.138956228735945736e-01
-1.137464184776979664e-01
-1.138964520787212054e-01
1.203973648991417261e-01
6.964404971814336376e-02
-1.270098483397864020e-01
-2.442008812762243020e-01
-1.427146438875400158e-01
-1.427879778525412702e-01
-1.427950419158282580e-01
-1.427648434239423281e-01
-2.463237426048635603e-01
-2.691711972215871662e-01
-2.094798584820339593e-01
-1.497647589264238244e-01
-8.193851829264832409e-02
-2.814656291780351025e-02
-5.225186872676545330e-03
-5.333826366245100065e-02
-6.833375748775072367e-02
-8.177768165437582226e-02
-7.386796954242712265e-02
-7.386857764791995851e-02
-7.386772578680983470e-02
-8.172340172715372719e-02
-7.542207706494566399e-02
-3.419128592547899387e-02
-3.026315085751607806e-02
-4.286580261111447993e-02
-4.286473415148044780e-02
-4.286459568984992557e-02
-4.286610755406725787e-02
-2.949190506382539864e-02
-3.021297616661892602e-02
-1.014229499901680848e-01
-1.081100713978826872e-01
-1.066685391355145229e-01
-1.066697915131737950e-01
-1.066697275813639212e-01
-1.066696911322246588e-01
-1.066696940660321752e-01
-1.066696940660325083e-01
-1.066696940660340903e-01
-1.066696940660339654e-01
-1.066696940660337017e-01
-1.066696940660334103e-01
-1.066696940660335213e-01
-1.066696940660314397e-01
-1.066696940660340626e-01
-1.066696940660342291e-01
-1.066696940660325638e-01
-1.066696885993686506e-01
-1.066697292580178758e-01
-1.066697807863613012e-01
-1.066698599957673632e-01
-1.093584041735855134e-01
-1.103021378011250359e-01
-1.152680706465411681e-01
-1.139238557040123251e-01
-1.120363625629945681e-01
-1.120364878731267833e-01
-1.120371028389581386e-01
-1.171028628386020370e-01
-1.216569382956359247e-01
-1.580253134556939276e-01
-1.554928223806608112e-01
-1.463847772158197169e-01
-1.463840771019822573e-01
-1.492592772459175876e-01
-1.460272234703952343e-01
-7.639322082670911562e-02
-7.495518488257774115e-02
-8.141858970767509862e-02
-8.141703319894870450e-02
-8.141808606222980527e-02
-7.759538167926928465e-02
-7.744079598101623330e-02
-1.156959912117636047e-01
-1.176074216500965636e-01
-1.179169064950922885e-01
-1.179176938921954465e-01
-1.179176336386928287e-01
-1.179176344637912627e-01
-1.179176336219554949e-01
-1.179176336219571880e-01
-1.179176336219574239e-01
-1.179176336219576182e-01
-1.179176336219566051e-01
-1.179176336219599497e-01
-1.179176336219598248e-01
-1.179176336219563553e-01
-1.179176336219569243e-01
-1.179176336219588395e-01
-1.179176336219573962e-01
-1.179176336219542320e-01
-1.179176336219567717e-01
-1.179176336219574378e-01
-1.179176336219585619e-01
-1.179176336219581595e-01
-1.179176336219579097e-01
-1.179176336219582150e-01
-1.179176336219558835e-01
-1.179176336219557031e-01
-1.179176336118775981e-01
-1.179176342279227435e-01
-1.179176762005324924e-01
-1.179173431911885173e-01
-1.179210708531358009e-01
-1.177213590723039383e-01
-1.009279396517013816e-01
-1.010012493486591723e-01
