-1.345399890001646170e-01
-1.423642803143281010e-01
-1.288854642669556849e-01
-1.345945636414059565e-01
-7.027593969311130007e-02
-5.857858052939645538e-02
-6.049313641445665246e-02
-6.049313641446533996e-02
-6.049313641445899781e-02
-6.049313641445708267e-02
-6.049313641447273682e-02
-6.049313641445906026e-02
-6.049313641446819878e-02
-6.049313641446329992e-02
-6.049313641445450140e-02
-6.049313641446858042e-02
-6.049313641447193191e-02
-6.049313641446381340e-02
-6.082925968634683017e-02
-6.182637549011016365e-02
-5.687276739698460953e-02
-5.670470576106659277e-02
-5.471047415356226212e-02
-5.471047415355517057e-02
-5.471047415355756449e-02
-5.471047415355347054e-02
-5.471047415355433791e-02
-5.471047415356497523e-02
-5.753442378543080493e-02
-5.355171260225077140e-02
-5.136758287291730979e-02
-6.345194084627467368e-02
-3.041367275812555462e-02
-2.237632420014838697e-02
1.587934007503138262e-02
2.267261689217993370e-02
9.665319883734901918e-02
9.102169948905362851e-02
7.743514585477179191e-02
7.867377271293796159e-02
8.075841707702494099e-02
1.163450985251218844e-01
1.157257850960320411e-01
1.115564963678802590e-01
1.115564963678773586e-01
1.115564963678821325e-01
1.115564963678805366e-01
1.198748619237432617e-01
1.283287386643443551e-01
9.129312516774501507e-02
8.713394238981779505e-02
7.022618890863444041e-02
8.002742089039457940e-02
7.423522371693483390e-02
3.224283680514885425e-02
6.761474567330659491e-02
9.376237786377271399e-02
1.654673372615419677e-02
-5.165449557190538409e-03
-9.943363822797177121e-02
-1.617887113487820328e-01
-1.370337613608162697e-01
2.141056483182669085e-02
4.275906133356454676e-03
-1.568662546950957137e-01
-3.444275813763537086e-01
-5.899236466184979433e-01
-6.347287128078359375e-01
-8.578828416174651972e-01
-8.312825283456665160e-01
-5.437511103353716013e-01
-3.161570604184152922e-01
-3.693576869619925040e-01
-3.693576869619984993e-01
-3.693576869620111558e-01
-3.884470295020073238e-01
-2.607632586801160168e-01
-1.274291971476228802e-01
-1.178845258776403809e-01
-3.732520675213688022e-01
-4.179304182134225415e-02
-5.198946890221287087e-02
-2.775693009479501261e-01
-4.432988137979637644e-01
-4.229059596362015339e-01
-4.229059596362031992e-01
-4.740056644474964220e-01
-5.902340640001006999e-01
-4.719096647574194670e-01
-4.463598123517636407e-01
-2.821237432700893222e-01
-2.100900448813115551e-01
-3.582742045488323396e-02
-1.717055443120606281e-03
-1.457844522206713789e-01
-1.012990115898444038e-01
-1.186036281020894645e-01
-1.453459339513104298e-01
-1.675886542667319734e-01
-1.655178890854796248e-01
-1.702029050790794806e-01
-2.010416544339746481e-02
3.478798463362769294e-02
2.926085659542665765e-02
-1.998275522684807640e-02
-2.771894053474627251e-02
1.165021610996902629e-01
2.080200891828007659e-01
2.518844150134862958e-01
4.367838871369455339e-02
-1.025580524366513785e-01
-1.499015568222538397e-01
-2.385898049230339990e-01
-2.442128655339829701e-01
-1.064446883650810999e-01
-3.330950691161660426e-02
-4.370842227230138655e-02
-1.359252265537687354e-01
-1.226424543741804207e-01
-3.750870793934386188e-02
-1.608426847202486937e-02
-2.022453781087347590e-03
-1.977788727609074496e-02
-6.262676621071823491e-02
-6.004420043713201705e-02
-6.680429585511750423e-02
-6.803694676324593960e-02
-9.876641825804523267e-02
-8.847774062750433932e-02
-2.410486158668036921e-02
-9.385767282663069755e-03
6.118660522976420574e-02
9.632347041354394346e-02
7.966480717577151260e-02
1.422165414163797104e-01
6.584512782141817289e-02
-2.136090857484626293e-01
-2.851178033842717841e-01
-2.351814384303063943e-01
-3.348863151116553416e-01
-2.021490203112224493e-01
-1.345081999577283360e-01
-6.718230007171684115e-02
-2.358348337121147220e-01
-2.358348337121178584e-01
-2.358348337121068394e-01
-1.228140738564838415e-02
-9.664031587300579706e-02
-4.040782072934955838e-01
-5.158549204567103308e-01
-4.494329360666222128e-01
-4.766342077463524562e-01
-3.327220151071575982e-01
-2.815740988148502932e-01
-2.940613422101877039e-01
-2.762596884320681623e-01
-5.125485107249801858e-02
-1.780995769510088783e-02
-5.341326525134921371e-02
-4.710010419324865000e-02
-4.619033752185365549e-02
-4.443802380648675249e-02
-4.759460433553750619e-02
-4.941413767832423393e-02
-4.941413767832453230e-02
-5.548904036900948605e-02
-5.479520495678259079e-02
4.591514482938310188e-02
4.895259617472952351e-02
4.756492535026841245e-02
4.756492535026762836e-02
4.756492535027288804e-02
4.756492535027549012e-02
7.663073063476524838e-02
1.207716930055217214e-01
1.819427178055958438e-01
1.476179285477131065e-01
4.609109390539168510e-04
-1.962320975342414509e-03
3.597786053685794044e-02
1.789333501722823599e-02
-9.474990799552701626e-02
-9.392811213598800668e-02
-5.775906109672491323e-02
-5.775906109672442057e-02
-8.633806598081372741e-02
-9.181849902193123247e-02
-5.996352928969315293e-02
-7.397644373917892924e-02
-1.290254088980142579e-02
1.567049933786366922e-01
1.611967503484650899e-01
4.775342216058363343e-02
-2.783544657785375423e-02
-9.741165901341462818e-02
-1.838703303508966991e-01
-2.593245413842493741e-01
-4.978360175416151612e-01
-4.313062801242099620e-01
-3.614681399781831117e-01
-4.895691855368798362e-01
-3.233753625047958713e-01
-1.792379668942209459e-02
9.301489873790971807e-02
-1.866627854082716920e-01
-1.866627854082959503e-01
-6.338314790115204267e-02
-8.198694249423414682e-02
-1.277460022813116658e-01
-1.893858210349050053e-01
-1.521782318487119035e-01
-1.521782318487147900e-01
-1.521782318486905039e-01
-1.521782318487135133e-01
-1.521782318487180929e-01
-1.521782318487317487e-01
-1.521782318487101548e-01
-5.227498631556209974e-02
-1.390457505825886397e-01
-2.620261800768661220e-01
-3.119778028434240236e-01
-1.384362743094040005e-01
-1.384362743094088855e-01
-1.699305983884389359e-01
-1.638655520447762637e-01
-2.030418625953017975e-01
-1.872947005557866751e-01
-1.994247932431129910e-01
-2.184839993970529581e-01
-1.990291074124708459e-01
-2.316304771889000913e-02
-1.363344464192178113e-02
-5.254322861108211284e-02
-3.270137420764014646e-02
-2.509215144463477001e-02
-6.362911066265770910e-02
-8.915672646045091909e-02
-6.947892561810077583e-02
-4.617833127918136854e-02
3.291595132939282436e-03
3.216457553723624935e-02
1.172641073875454604e-01
9.845983295005673874e-02
9.367016026817194529e-02
2.683544645042400950e-03
2.776242341815747961e-03
2.590764349235999062e-02
2.388785828484297352e-02
2.726268030623773056e-02
2.397088658396319058e-02
2.984625134120931153e-02
2.984625134121233342e-02
2.984625134121281220e-02
2.984625134121391202e-02
2.691462889530760877e-02
2.622762328968050033e-02
-2.723049161352861930e-02
-2.576468039057778006e-02
-2.439066917931548284e-02
-2.439066917931904596e-02
-2.439066917931885514e-02
-2.439066917931802247e-02
-2.439066917931703715e-02
-2.439066917931951781e-02
-2.439066917932057599e-02
5.940555802904547156e-02
8.939532189091972669e-02
4.149631894444749669e-02
-4.045696101064949479e-02
-2.224822627837588218e-01
-2.679203542712824682e-01
-3.057956998014551009e-01
-2.863408652689040101e-01
-2.472484919259580471e-01
-3.188529540390487305e-01
-5.263073163775482399e-01
-4.859502718994964665e-01
7.344733315610563716e-03
2.265305712274399141e-01
-1.805376812007741805e-02
1.524445297550496015e-01
1.736431998634247742e-01
2.053118324185494725e-01
1.653374594740197878e-01
-6.737423860660281087e-03
-9.176441104181511099e-02
1.899727378001919362e-02
7.617248276005410268e-02
-2.175509019660515787e-03
-1.915085194977380612e-01
-1.654111875246059571e-01
-8.016514842878098845e-02
3.727707865503503137e-02
3.650559618898510106e-01
3.033695429480094963e-01
-9.085447145940961367e-02
-2.286532182357330634e-01
-1.357293608390996997e-01
-3.862238112788726752e-01
-3.833393078153201627e-01
-3.570455163705159585e-01
-3.570455163705223423e-01
-5.594799302795615548e-01
-5.437085812066728696e-01
-2.749984797289332650e-01
-1.737812727743915653e-01
-2.053239709201958862e-01
-2.053239709202232532e-01
-1.916562764871949098e-01
-2.361028131422816534e-01
-2.486118647893009181e-01
-2.554457120058200581e-01
-1.729646489158259692e-01
-1.574397999813164084e-01
-8.064424010991454173e-02
-5.365860454558756681e-02
-8.676086158106975643e-02
-1.344500207616387000e-01
-1.944201483478166514e-01
-1.643289815911498364e-01
-4.910355453260970005e-02
-2.506339835307276609e-02
-8.267907536163476845e-02
-9.124972317427551549e-02
-4.601068354069116906e-02
-2.213973798665233583e-02
9.916224937741814627e-02
1.887944626345800792e-01
1.616555266591932216e-01
7.912108012444143967e-02
7.682988641368845850e-02
3.326460287109630348e-02
-3.720035092428491952e-02
-5.001994244956681213e-02
-4.141587867123498051e-02
-1.684285472163906117e-01
-2.738306588949315223e-01
-2.722920461851963680e-01
-1.285065928893154574e-01
-5.252086517933203524e-02
4.290018578209013611e-02
6.224474543547713068e-02
1.034058046162099898e-01
7.368392389845537793e-02
5.071622340052586372e-03
5.071622340043934439e-03
4.659663099471433867e-02
2.816484614687229590e-02
-1.457279849338027206e-02
-2.887829685694091528e-02
4.610772053804447837e-03
-3.515986322931947961e-02
-4.257500605111568664e-02
-4.282069557517780012e-02
-3.280129676071284750e-02
-8.922086184236795170e-02
-3.813507346681591775e-02
1.614094184702788981e-01
2.810915053367143979e-01
-1.693123118059125173e-02
-2.236291462393802665e-01
-2.585471095750013770e-01
-1.855236270425215106e-01
-2.530563608198150849e-01
-1.494762976399093557e-01
2.544075702015672139e-02
4.804372626191784346e-02
-1.674432338530498429e-02
-3.283668317159695038e-02
-5.924844979367972775e-02
-9.542963348435459792e-02
-2.103572270546180123e-01
-2.577329113162715735e-01
-1.786550220295087255e-01
-4.344952772770833971e-02
-9.097002884456162905e-04
2.706769231001898354e-02
9.267062288751716503e-02
1.885560020406813475e-01
1.476181686491789269e-01
3.250690354365556867e-02
3.092357414423287931e-01
1.600964098581022788e-01
-1.435073983791600727e-01
-3.078861953784098326e-01
-5.313388549864873633e-01
-5.427285640539712963e-01
-4.319697850914313020e-01
-2.548622025573247241e-01
-2.320827844223653513e-01
-2.320827844223564418e-01
-2.320827844223638803e-01
-2.320827844223670722e-01
-2.320827844223825320e-01
-2.320827844223616043e-01
-1.825165650037813003e-01
-2.884374698115405034e-01
-3.958950636717509797e-01
-4.206781733810608936e-01
-2.481288021516372677e-01
-2.415285497802874271e-01
-4.002568751662689550e-01
-2.877686048030620447e-01
4.669619951723079365e-02
1.157926056817091959e-01
-8.625636686406748521e-02
-4.783950492514443126e-02
4.525523575928828285e-02
1.045658600803510696e-01
2.139652326894807277e-01
1.712606428754908927e-01
1.537965347138847416e-01
1.606687292080267171e-01
1.657252797891227980e-01
1.478764499597299831e-01
1.341320609714510836e-01
1.341320609714519441e-01
1.341320609714510281e-01
1.341320609714491130e-01
1.341320609714511947e-01
1.341320609714507506e-01
1.341320609714505563e-01
1.341320609714495293e-01
1.402295823569845168e-01
1.436514439211039329e-01
1.491082141882488221e-01
1.460594534954820778e-01
1.392157303672436619e-01
1.392157303672426072e-01
1.614304854186188465e-01
1.716785419800078705e-01
8.383079485276036247e-02
7.481118393345985440e-02
1.690395003299096375e-03
3.743474673314395665e-03
-4.320585394552164753e-04
-4.320585394567335994e-04
-3.671397825010742216e-02
-5.453147418541810787e-02
-1.063191803370321237e-01
-8.817822048170707860e-02
-5.254322861108189774e-02
-5.254322861108091242e-02
-5.254322861108184223e-02
-5.254322861108281367e-02
-5.254322861108111364e-02
-5.254322861108175202e-02
-5.254322861108346593e-02
-5.254322861108261244e-02
-4.072090648516380612e-02
-4.465909502108080659e-02
-7.818699303603790507e-02
-8.815743139614720669e-02
-4.237433688149931654e-02
-3.216746777494929738e-02
-1.398989586960448957e-02
-8.356184979171182511e-03
6.017426879570351994e-02
5.514476014017834909e-02
4.387733835931144355e-02
4.387733835931141579e-02
4.387733835931276888e-02
4.387733835931127008e-02
4.387733835931167947e-02
4.387733835931121457e-02
4.387733835931201254e-02
4.387733835931277582e-02
4.387733835931175580e-02
4.387733835931148518e-02
5.498409807583670011e-02
5.995502426856062772e-02
2.273221936338850474e-02
1.717883950512627197e-02
7.236987119679912962e-03
7.236987119679664029e-03
2.809782405502470742e-02
3.777693204550225392e-02
1.273044645158356580e-01
1.168740460481630661e-01
9.751583006720837554e-02
9.751583006721016578e-02
8.451519709329959051e-02
7.523324711181908486e-02
-4.462577531109760548e-02
-3.812545882414234560e-02
-2.580854026945582705e-02
-2.790651078397781218e-02
-6.622139534279720963e-02
-6.309790463866157828e-02
-5.890196360961832273e-02
-5.890196360962030031e-02
-5.890196360961751088e-02
-5.890196360961810068e-02
-5.890196360961599126e-02
-5.890196360961709454e-02
-5.890196360961508226e-02
-5.890196360961678923e-02
-5.890196360961565819e-02
-5.890196360961790639e-02
-5.890196360961637290e-02
-5.890196360961601207e-02
-5.890196360961831579e-02
-5.890196360961777455e-02
-5.890196360961681699e-02
-5.890196360961676147e-02
-5.890196360961784394e-02
-5.890196360961891253e-02
-5.890196360961509614e-02
-5.890196360961737904e-02
-5.890196360961844763e-02
-5.890196360961680311e-02
-5.890196360961712230e-02
-5.890196360961558186e-02
-5.890196360961874600e-02
-5.890196360961723332e-02
-5.987246161976818998e-02
-5.871089621367053119e-02
-3.939890994201898644e-02
-4.005754135475365907e-02
