2.891939781711446583e-02
3.114165812209358786e-02
7.121375677239777380e-02
7.279616432798032000e-02
7.014780254961389128e-02
7.630800701720857893e-02
7.115353091559813159e-02
7.235787719558461895e-02
7.264842146008070045e-02
7.135673536506589865e-02
7.203743433882360547e-02
7.168467915623424891e-02
7.153795172079846498e-02
7.168533334271819102e-02
7.151957782523274409e-02
7.154544935336534794e-02
7.154725814877187229e-02
7.150675166087896995e-02
7.152546881857863026e-02
7.152086060610129969e-02
7.151718061650159941e-02
7.153425395305988699e-02
7.154873560820206035e-02
7.155080720020993990e-02
7.161206108404227777e-02
7.163258958519887198e-02
7.166540550426415968e-02
7.186654506455371350e-02
7.180479901103332951e-02
7.210662908469642196e-02
7.251592073159941754e-02
7.219138286338248889e-02
7.377243521195428477e-02
7.370456510126782712e-02
7.382052717801922126e-02
7.962207547896588133e-02
7.872920318289293451e-02
8.236374952216721224e-02
8.048983123703341847e-02
8.062805520918103763e-02
8.217564216005228406e-02
6.909925270511654838e-02
6.945299788389218409e-02
6.225339981188567767e-02
5.948972197862317096e-02
5.882789529463514078e-02
5.369583076483887274e-02
4.936302943802738097e-02
4.819569360803157426e-02
2.494048041972842661e-02
1.982363704890098902e-02
1.040765769012536208e-02
-5.572822559331530590e-03
-6.572764045225353881e-03
-1.121334041073989742e-02
-1.044530053643175083e-02
-7.539820378960976344e-03
-1.234199943445752137e-02
-6.011087761782163419e-03
-1.277825309153283323e-02
-1.373276413383302773e-02
2.865869611224014166e-03
-7.073552565896243371e-04
2.911564164930300486e-02
4.587966599284473007e-02
3.308896105669478782e-02
9.741924342347055288e-02
1.751882941700655394e-01
2.700095575763671318e-01
2.703171368495016491e-01
3.149790518941694151e-01
3.212804518839709189e-01
3.202692492840807370e-01
3.503423723476400409e-01
3.361310496085996857e-01
3.490317300111076548e-01
3.555248680296492769e-01
3.457022464221097824e-01
3.663592107790296648e-01
3.544869832379685115e-01
3.280893075620746613e-01
3.137266228512368693e-01
2.686765774437810395e-01
2.307495483506600831e-01
1.735054290347895767e-01
1.152673494266333309e-01
5.921365932200997606e-02
7.394871336202046841e-02
9.934469817048256768e-02
1.035320662339136027e-01
1.680553214173970411e-01
1.953329344771472242e-01
2.221654562415788514e-01
2.980705956320641170e-01
3.101702011354745547e-01
3.184558311503381534e-01
3.344782040331769624e-01
3.160957987434167560e-01
3.146674087011969156e-01
3.007857516129219810e-01
2.557854927811503143e-01
2.464422684225921478e-01
1.954596676222119522e-01
1.744980675069958687e-01
1.627416032189467898e-01
1.016087330634929398e-01
1.053298580848543164e-01
7.448858420717646700e-02
8.774547250702494083e-02
1.447975336897150411e-01
1.689219155809976447e-01
2.297765452255876029e-01
2.494515755419567382e-01
2.923273500143651615e-01
3.257206660312992885e-01
3.369689273445293232e-01
3.175008135398779130e-01
3.195462131976216646e-01
2.793343774064001028e-01
2.464126021844746384e-01
2.087886225892528480e-01
1.616519131001060428e-01
1.587469176292890527e-01
1.098022548469654441e-01
8.633095483198507947e-02
8.766561862367083791e-02
7.946244805775150299e-02
8.819843601175095249e-02
7.452022491346001198e-02
6.449982260866718442e-02
7.696716187836057099e-02
9.473881202439961291e-02
9.795098888232850465e-02
1.673567350335023463e-01
1.821785200792910842e-01
1.848702538256077887e-01
2.074110274679655530e-01
2.131947877134034441e-01
2.070116188742586183e-01
2.303457797816406138e-01
2.244891739345314940e-01
1.896474335312193782e-01
1.871327090089723866e-01
1.326272213658040711e-01
1.488539488816503220e-01
1.826484159588265266e-01
2.014161334288617766e-01
2.401141949279215759e-01
2.619336493964662393e-01
2.840738977707879531e-01
3.158851064235450035e-01
3.301089858823051393e-01
3.540981864517291910e-01
3.705509749737916358e-01
3.835107473046562854e-01
3.967723047510526291e-01
4.042125062628636467e-01
4.107507380125023921e-01
4.145589407882347421e-01
4.084867761713874557e-01
3.936621280437738180e-01
3.807324184852622362e-01
3.509565776422004513e-01
3.289158336939833616e-01
2.984956618226978775e-01
2.668141964810482047e-01
2.375404909395598119e-01
1.925948710297662736e-01
1.529212692651922001e-01
1.043728107542490624e-01
2.145348280312418462e-02
-2.745366256705129154e-02
-1.760848141948910817e-01
-1.965319851247440686e-01
-2.545642749356905599e-01
-2.581529394221679929e-01
-2.530697431587833890e-01
-2.753283340493232201e-01
-2.380827677894860606e-01
-2.387026459671079404e-01
-2.131417004999309195e-01
-1.685974118561851531e-01
-1.391913358407079471e-01
-1.026723633867515639e-01
-6.307892463640439595e-02
-5.883818405719754702e-02
-2.639306434478627672e-02
-4.523705641279769998e-03
2.814611127968830867e-02
8.695468838074035811e-02
1.184345214017271386e-01
1.961585448122430408e-01
2.055095171892988015e-01
2.267644790550503164e-01
2.366711684286537942e-01
1.794724210460600378e-01
1.740749231312743173e-01
1.429816532208116886e-01
1.004076214525885524e-01
8.550248939425728056e-02
4.290387788027964777e-02
5.882604524437716476e-02
5.791690490518285050e-02
5.905580445177853466e-02
7.442771832278176347e-02
4.856011335148743835e-02
7.564445720580076360e-02
7.807383674863774270e-02
1.317956235757427874e-01
1.996352337112466402e-01
2.187909329907969935e-01
2.211372146939505900e-01
2.513193779036548836e-01
2.247740549423343781e-01
2.206018940233891723e-01
2.023745462266352546e-01
1.591025993019074269e-01
1.368596918127608919e-01
9.203626084652236083e-02
1.310422881447614318e-01
1.123552342809863019e-01
1.194105702345695103e-01
1.274955787657181261e-01
1.079350032446990681e-01
1.147446507219567480e-01
1.137648829360966701e-01
1.046965761872893919e-01
1.169208983079187691e-01
1.071239996171569064e-01
9.692263658888425337e-02
1.032372423784052862e-01
1.075650887248631726e-01
1.145187589587613880e-01
1.459553239402079372e-01
1.720229370166702076e-01
1.566594286979940409e-01
1.490594214572542597e-01
1.246987872793997726e-01
7.993883514335198281e-02
1.137876280572994170e-01
1.120045544001912474e-01
1.884475086923493303e-01
2.181745653671086083e-01
2.290688724410517296e-01
2.163870263218090617e-01
1.922817150012560150e-01
1.637545448790753699e-01
1.336322597464211226e-01
8.562903183624548387e-02
4.270996028703051561e-02
2.950146562701113501e-02
-3.003033825857690658e-02
-3.562258116991933593e-02
-4.927862690018882524e-02
-5.726642009414258105e-02
1.633319284085308493e-03
6.479316338709611295e-03
3.796146780150330691e-02
5.326851943341181367e-02
6.191617831616055140e-02
6.937306979802437823e-02
4.793289359413591827e-02
5.674367399858995520e-02
5.924767405420024169e-02
4.639422682565309819e-02
4.138792707127190995e-02
2.877629857668027522e-02
1.012883711883480302e-02
-1.913670553852936732e-02
-3.930330301027196160e-02
-3.966232989787123187e-02
-4.208499013225675683e-02
-4.415795380286324096e-02
-4.494951858800590866e-02
-3.962079788548239501e-02
-4.110799851242735725e-02
-3.777386909563423129e-02
-1.608245772748397376e-02
-1.623712803314119463e-02
3.967781248299630942e-03
-2.804234737324965906e-03
8.163939629266484671e-03
9.457051465277784355e-03
-2.049670425297774740e-02
-1.781598804874442304e-02
-3.188628461356990407e-02
-3.507153853047706438e-02
-5.266693315426972805e-02
-5.726423595901658503e-02
-6.798252050042546957e-02
-8.405550473576520187e-02
-8.473093831120447061e-02
-1.037260302904485787e-01
-1.036827666842488338e-01
-9.152948130153619466e-02
-8.694027516407168421e-02
-4.747264240737920915e-02
-1.974314881491597354e-02
1.542999035629440130e-02
5.599354118509661249e-02
5.807857714906251856e-02
8.184745148997576991e-02
8.016732832593886915e-02
8.184544866274873209e-02
8.972476971493023590e-02
7.481397925692734319e-02
7.739456563532401412e-02
5.556913560812907354e-02
3.314956522128523209e-02
1.637716412977564817e-02
-4.500098729601114886e-03
-6.219435678393766230e-03
1.131737872493115277e-02
7.797311858838079993e-03
5.110064081856993679e-02
6.288588442965341307e-02
6.682727722878800680e-02
7.834636340217782102e-02
1.093568653521252709e-01
1.157767454043074073e-01
9.466419543271917258e-02
1.039045728937444818e-01
1.252198221823279112e-01
1.224408392215942387e-01
1.665133489191806815e-01
1.848002628986285256e-01
1.725853252373311941e-01
2.133923655958056553e-01
2.162047536377854351e-01
2.258093091922865336e-01
2.987578396756712662e-01
2.907096618802080812e-01
3.061696770577808646e-01
3.207652577797256988e-01
2.831439536022187786e-01
2.953569092667242546e-01
2.472163881855199974e-01
2.200716138581320647e-01
2.019291979742040000e-01
1.297938164856817789e-01
1.128092067887221522e-01
7.272760648567883068e-02
4.998002837001013637e-02
7.586461528045339298e-02
6.199649018399192024e-02
8.439366838338087373e-02
9.246486831502888359e-02
6.820308536686259249e-02
7.299046962039890118e-02
6.988372892302799344e-02
7.131179116975105980e-02
5.105423245680570932e-02
9.842188112785812959e-02
1.351669361947536174e-01
2.099501908934499894e-01
2.771924042900077989e-01
3.028883737599608050e-01
3.148325776329619075e-01
3.064649918996801281e-01
2.961076053451432433e-01
2.695200586626157468e-01
2.176640669239933157e-01
1.674634995970509799e-01
2.991444077381686176e-02
1.083993491529901959e-02
-4.300724806919151155e-02
-7.118352333849373159e-02
-2.307457342022371793e-02
-5.492679848298565037e-02
1.215155549681943420e-02
1.108110840222431420e-01
1.712210981330103410e-01
3.147495115181226932e-01
3.866806077964201060e-01
4.204802288609597039e-01
4.649256354932372881e-01
4.941723884471876382e-01
5.012282716025497908e-01
5.090961105462570302e-01
5.072904961616138131e-01
5.143390291099223521e-01
5.164272729005456863e-01
5.188011172512763114e-01
5.234780090685122733e-01
5.267611018387008404e-01
5.303092854918072252e-01
5.346649252641181294e-01
5.408188887595795080e-01
5.425021011344581812e-01
5.507801463378036999e-01
5.541840526479209217e-01
5.499642436873608542e-01
5.566104918458827377e-01
5.494839004719789255e-01
5.466660442665229880e-01
5.477494298244169890e-01
5.308609610102454912e-01
5.304642016808287508e-01
5.136552377047854945e-01
4.869607719336401797e-01
4.725406046849581765e-01
4.331656296684043839e-01
4.126721720545265537e-01
3.828000102403775751e-01
3.465987887701436621e-01
3.276920657229699940e-01
2.842114604063842309e-01
2.593864667622800546e-01
2.335170013586242432e-01
2.002594377030619266e-01
1.832416418521344015e-01
1.546265755630556460e-01
1.318581072192932524e-01
1.127840534967777808e-01
8.452441516357800388e-02
6.752105580862226286e-02
9.352445125663230718e-02
1.216640128994425085e-01
1.476046916039934764e-01
1.741582891448113513e-01
1.973298742288999708e-01
2.075254593405568282e-01
2.012306792381949039e-01
2.095818917848029650e-01
2.052066340680180068e-01
2.030415576474240702e-01
2.036691640990954677e-01
1.898940189789916633e-01
1.892672246221659138e-01
1.942009633202745333e-01
1.916729576992795558e-01
1.929330737386795724e-01
1.976239593814692608e-01
1.989810095637077614e-01
1.993577625963306177e-01
2.173741408293193844e-01
2.175589152991018183e-01
2.261103634200221091e-01
2.309324269190343726e-01
2.322409286829039687e-01
2.361486232933446838e-01
2.372578257194378759e-01
2.385464232956902297e-01
2.399178059840450516e-01
2.404150120549674863e-01
2.412923490936526583e-01
2.417571626843987853e-01
2.424234178638403625e-01
2.430292069482692663e-01
2.434267509842742150e-01
2.448995798671287083e-01
2.451053324217503937e-01
2.468032487398796881e-01
2.496607039998361699e-01
2.489750006557011897e-01
2.563196364489760959e-01
2.585397848129446507e-01
2.600327506895933061e-01
2.838813017401267680e-01
2.847577142270589223e-01
2.833602011313287594e-01
2.930855979093480723e-01
2.828714854565977932e-01
2.868520920782980377e-01
2.847179828555085335e-01
2.546181617016841092e-01
2.435667806316955952e-01
2.306173584685196620e-01
2.089435736237731378e-01
1.900969164255343902e-01
1.827993191458732458e-01
1.320382194309294988e-01
1.297247284477683338e-01
1.175764277543264041e-01
1.022186104551602026e-01
1.015398830365610294e-01
9.016817445504797524e-02
8.739237639033585470e-02
8.167585913183593449e-02
7.962670144920167004e-02
7.943965510261256913e-02
7.753218885076874900e-02
7.731802939963750010e-02
7.687018306487551633e-02
7.635216701570349263e-02
7.629448972347968594e-02
7.605385843909816257e-02
7.593811382378587438e-02
7.588850257178172964e-02
7.580047879947213185e-02
7.577215452583603572e-02
7.573927233794069958e-02
7.571377693494385497e-02
7.569610806033211237e-02
7.567695442338506773e-02
7.567042539758023212e-02
7.563218347481581727e-02
7.563276795695800248e-02
7.560418884641881276e-02
7.551130110322502864e-02
7.557955955591949548e-02
7.536931607035975145e-02
7.527469964170427352e-02
7.543362263742807439e-02
7.453217274335929843e-02
7.503513042106119135e-02
7.453370891090696504e-02
7.223661194972449962e-02
7.537119640073250415e-02
6.949767620136032553e-02
6.806527919071719834e-02
7.199241267903969121e-02
