-2.364465761343608960e-02
-2.290701578680486017e-02
-2.517090733077892092e-02
-2.809661424209778172e-02
-2.572174894211422605e-02
-2.698712081624801695e-02
-2.768044605948231929e-02
-2.717731314724993949e-02
-2.788284538845016772e-02
-2.783760674598454929e-02
-2.786855792148855079e-02
-2.808186537176580316e-02
-2.803418954010093722e-02
-2.811216374536288504e-02
-2.815676692241459583e-02
-2.815702110001130562e-02
-2.820012170555513675e-02
-2.821366306227611129e-02
-2.823322074555765712e-02
-2.826136395415435043e-02
-2.828359084914217059e-02
-2.832050319672245464e-02
-2.836157067288459788e-02
-2.841659851276245527e-02
-2.849645297914781689e-02
-2.858473756899524570e-02
-2.872851932178001333e-02
-2.890630238813871045e-02
-2.912072019529175076e-02
-2.949671270033695988e-02
-2.986992690933461606e-02
-3.045837866449326720e-02
-3.136766845684469535e-02
-3.214404010100224696e-02
-3.388861450783689500e-02
-3.578583554475856660e-02
-3.796793890411683664e-02
-4.470480556943372957e-02
-4.784194315340670189e-02
-5.506202600800506886e-02
-6.997337463840980210e-02
-6.939692862867903600e-02
-9.862669870069969147e-02
-1.151965792103698122e-01
-1.203132029520530555e-01
-2.092140936288529596e-01
-2.146309133268307079e-01
-2.712176978155761975e-01
-3.023184894399917888e-01
-3.114979514037742314e-01
-3.448477244769939665e-01
-3.401776084719883020e-01
-3.481099218004942153e-01
-3.499558901340521500e-01
-3.161279236101771084e-01
-3.019993792740579552e-01
-2.516780623561305497e-01
-1.999559890239017701e-01
-1.836957199821851461e-01
-1.517908832088480375e-01
-1.360022445515603196e-01
-1.240068117699729966e-01
-1.099972724150835579e-01
-1.114897808289262299e-01
-8.899101772966208634e-02
-8.742864378786127655e-02
-4.185917454768511847e-02
-5.973070330378476775e-03
3.805719413397137818e-02
7.084617211095227407e-02
1.046027637106268920e-01
1.209223903512521292e-01
1.218537462545210004e-01
1.373140873403173035e-01
1.348934056437425810e-01
1.336751270461075114e-01
1.414822067216573998e-01
1.197916377466243520e-01
1.249699991878365779e-01
1.149081746896173928e-01
5.944956203722194521e-02
6.497861526155378209e-02
-3.614687926631942466e-02
-6.247701407555770331e-02
-8.091931447543290745e-02
-2.511164006848733976e-01
-2.466152813809794064e-01
-2.258339689037588971e-01
-2.109650782488176057e-01
-2.217045677482905319e-01
-2.186607885381365857e-01
-2.331297524838520374e-01
-2.272603602459954408e-01
-2.224396534556038474e-01
-2.322243430745201953e-01
-2.120648662520548955e-01
-2.077367668411691515e-01
-1.976584650794357134e-01
-1.610571249493916168e-01
-1.564384807938151989e-01
-1.608869408713980154e-01
-1.522322641171789115e-01
-1.860320930617838375e-01
-1.822269290000902431e-01
-1.494777973226431578e-01
-1.183895842226972139e-01
-9.656775174458551159e-02
-7.881934480824301370e-02
-7.551728419480385757e-02
-7.719771833569913366e-02
-7.274149621475498040e-02
-7.487365441790551357e-02
-7.878629294422656582e-02
-7.023802069500413581e-02
-8.176951122451037168e-02
-8.541543896968777083e-02
-1.236589983630607681e-01
-1.635945032695711177e-01
-2.078762215220748832e-01
-2.671969470217673281e-01
-2.851094195350261096e-01
-3.131521908247465458e-01
-3.213187522523346384e-01
-3.251746887216805382e-01
-3.302160022291957819e-01
-3.283795932638018389e-01
-3.298349325643203933e-01
-3.112704433373985058e-01
-3.040118429904639097e-01
-2.832851499506911508e-01
-2.396521707860073958e-01
-1.950364544597319172e-01
-1.599689970628248303e-01
-1.240614328494250018e-01
-1.035191532753242660e-01
-7.920449424049488818e-02
-5.389238865869041412e-02
-3.915410419224585326e-02
-8.170946981652316837e-03
2.225766711905855649e-02
3.670572197838020689e-02
8.885680519007743694e-02
9.943894296948319056e-02
1.038469062863530967e-01
1.296244797146596794e-01
1.285892608809556248e-01
1.425860928269357675e-01
1.572017878546695391e-01
1.529568340288990358e-01
1.804837060507731850e-01
1.774784878119715636e-01
1.579833001504887258e-01
1.515808339592189524e-01
1.303492144582277246e-01
7.582863164083351870e-02
3.349843653735391780e-02
1.663184990524106048e-04
-9.394866301542377507e-02
-1.461923463857127403e-01
-1.562192273493266947e-01
-1.729276306233027694e-01
-1.539789360371517646e-01
-1.260475280686725874e-01
-1.310998698496908532e-01
-1.120137409785605664e-01
-1.159168414264694774e-01
-1.278981224637676384e-01
-1.338545750010107227e-01
-1.551956652402400050e-01
-1.653867396745588303e-01
-1.702582873957033116e-01
-1.834844071304507773e-01
-1.831571682858710304e-01
-2.149251550018966839e-01
-2.278027869790789917e-01
-2.501552203402149233e-01
-2.680291174796919917e-01
-2.708215215392530961e-01
-2.979720039966088363e-01
-2.956805819034774574e-01
-2.975468813127112311e-01
-3.076575227756851438e-01
-2.595751502788383180e-01
-2.589012240661625608e-01
-2.177526213529514254e-01
-1.506358502209733663e-01
-1.210278109495824123e-01
-3.564779613449596540e-02
1.711456261529823927e-02
6.683181437426127802e-02
1.517970228124281284e-01
1.765529039795783461e-01
1.916105139854630546e-01
2.080558808149788885e-01
1.768090653746762775e-01
1.585139939179089630e-01
1.723605613210855703e-01
1.438597417724158944e-01
1.473989016463456425e-01
1.589260786179514662e-01
1.413375458491488157e-01
1.705775712136727851e-01
1.953744688443609379e-01
2.168404628662574662e-01
2.498622233364795053e-01
2.732680057718704369e-01
2.956076272949013650e-01
3.273974415161075013e-01
3.401516803198689765e-01
3.570754005828027933e-01
3.689918873142777334e-01
3.357680273296960727e-01
3.274582950560972483e-01
2.918046900567070612e-01
2.649563257387907989e-01
2.402886820601879969e-01
2.024310809922646448e-01
1.549222551380282920e-01
1.246603796040466894e-01
9.431978556184165974e-02
6.156503275270124725e-02
7.279734551769648232e-02
5.751242687569411982e-02
1.217707301668393832e-01
1.408898314130673513e-01
9.863682115383187732e-02
1.387647674876089365e-01
1.398167037741474550e-01
1.997044120660636524e-01
2.213148812388152087e-01
2.254515897449945183e-01
2.359393634463979872e-01
2.210312521922684903e-01
2.060969894201419850e-01
1.904556515427882069e-01
1.873413288148370881e-01
1.732464696129371873e-01
1.733518367110037928e-01
1.780851981977276677e-01
1.870689434874111823e-01
1.932652778059292809e-01
2.063804393955693817e-01
2.106326440604199823e-01
1.758030665759695299e-01
1.682588733854383789e-01
1.251781453275400968e-01
8.230147936390089236e-02
8.650681657166557625e-02
5.175613599135617943e-02
5.703673419274121748e-02
7.610890892711502653e-02
8.136192296854308226e-02
1.147885653905414000e-01
1.105275805776909509e-01
8.675628952262780247e-02
9.386662191632778873e-02
1.018220064943723968e-01
9.967354813918402612e-02
1.111124503985680412e-01
1.480609578863448517e-01
1.534525852246661493e-01
1.537441481498957596e-01
1.768421518536489323e-01
1.799890228442098672e-01
1.856605204735496395e-01
2.136366402595563652e-01
1.854340290310450001e-01
1.780338752493240695e-01
1.649992779642078244e-01
1.697702964934348913e-01
2.355729827333858384e-01
2.414594793153733432e-01
2.550928349177320476e-01
2.627898668029448603e-01
2.621716537882100573e-01
2.509358064216080653e-01
2.243782056852736406e-01
2.281595436015353418e-01
1.531076450107410336e-01
1.471426996472084969e-01
1.573309645872204010e-01
1.359230911973948741e-01
1.366456862923571547e-01
1.289033664681015767e-01
1.246349489684681899e-01
1.283415194739719878e-01
1.278955855090673777e-01
1.362960815358602307e-01
1.411402917177042027e-01
1.170522916320546614e-01
1.018632136737444571e-01
7.973190484219175311e-02
9.943687894335634381e-02
5.634049879829510638e-02
7.593587481908928294e-02
8.836460241493021561e-02
1.089642832986590648e-01
1.426255736085749182e-01
1.568808990727603714e-01
1.882012116905784072e-01
2.074569359297489257e-01
2.238175880831878573e-01
2.517905662522297860e-01
2.613644837600017645e-01
2.841653585561338402e-01
3.057822101298580675e-01
3.137130654545384756e-01
3.290534313506252584e-01
3.234313918357463735e-01
3.132816202203755895e-01
2.678774294627728203e-01
2.322711007579997267e-01
1.896425607407591085e-01
1.579085370278589529e-01
1.306481247023410786e-01
8.427099863182027639e-02
6.241154590786027190e-02
5.335774347401658901e-02
3.334801356705437148e-02
4.827515217672393583e-02
5.881971210598365557e-02
9.135331450888728444e-02
1.029679733026259980e-01
9.018140713974087674e-02
1.083613882047971266e-01
1.025898470230907633e-01
8.779790707245324621e-02
8.780838898579837459e-02
7.701212037824249623e-02
7.451589106850230182e-02
6.850312765599882170e-02
6.456433750416823436e-02
6.465277458465472360e-02
5.234500577788023939e-02
6.146631192404408695e-02
4.855241038372860168e-02
3.338815994282352123e-02
2.493665170498831490e-02
-5.527924460489604119e-02
-5.516459264880951147e-02
1.725736135629643564e-02
8.191545491054427535e-04
8.384228000242298015e-03
1.518505650102636509e-02
-1.802995300985557256e-02
-1.228313095807223934e-02
-3.765240232767912837e-02
-6.607254003526362440e-02
-6.870672569882312064e-02
-7.976538431256992301e-02
-7.914272420754299431e-02
-6.717512901645909806e-02
-6.280787738664564412e-02
-4.916855832780907959e-02
-4.020525240966052460e-02
-3.082716623674835663e-02
-1.670587957327534720e-02
-1.350671593131150955e-02
-2.259869217145534914e-03
7.186300381998867717e-04
1.983894366202046920e-03
4.709420539022778421e-03
-5.858525591188637818e-03
-1.529566668643835697e-02
-7.276234444028174819e-02
-7.308522146647171425e-02
-9.418564227981759962e-02
-1.089228392804387768e-01
-1.057062123768966883e-01
-1.275852470817679107e-01
-1.300923613685541214e-01
-1.375066861185344769e-01
-1.591933527647420299e-01
-1.591624908003230754e-01
-1.776791641772387798e-01
-1.881281910596753759e-01
-1.907774594477475993e-01
-2.099161400122805943e-01
-2.102491226633098342e-01
-2.030955129102626489e-01
-1.982348026068139479e-01
-1.603042395383649232e-01
-1.298966055405225417e-01
-9.232944926971875521e-02
-3.580476658585642763e-02
-2.409772871521881354e-02
8.621034335850801672e-03
2.002780043157069510e-03
-1.315745898010495588e-02
6.778450156264090743e-05
1.967724676190716823e-03
-1.840308885914450658e-03
3.005938112317350919e-02
3.172538284717867779e-02
3.683367207710496610e-02
5.035791494756703540e-02
4.947514211177353460e-02
5.639177779062351514e-02
6.041425924334093561e-02
6.043497370628592158e-02
6.431983531649869412e-02
6.428166913496759227e-02
6.341205401185828761e-02
6.487772226528625008e-02
6.120089796134306481e-02
5.930563140049002757e-02
5.878600237498989023e-02
4.897109524009037040e-02
4.983266688893789320e-02
4.154493201264845142e-02
2.345698730953929209e-02
1.627125723827243381e-02
-6.481737049413984625e-03
-1.520309383680659883e-02
-3.400609056648985773e-02
-5.621708214201621284e-02
-6.152313630236354997e-02
-1.043101281469128588e-01
-1.105284086776959079e-01
-1.259582298037566495e-01
-1.448276402316980016e-01
-1.451891023746150478e-01
-1.558753206854211759e-01
-1.612661599238129906e-01
-1.536031170986285610e-01
-1.572251946553833712e-01
-1.486865750212145454e-01
-1.406025832618247873e-01
-1.395869214978268658e-01
-1.242000686962161787e-01
-1.132550172249717352e-01
-1.101109245184569013e-01
-7.234459126377607019e-02
-6.975317342784785601e-02
-5.987331795657387101e-02
-4.676690512940028660e-02
-4.627686306892526275e-02
-4.151129120428399821e-02
-3.930135972632523012e-02
-3.848029850052406275e-02
-3.651936368321143100e-02
-3.597966620668744536e-02
-3.530491470910685631e-02
-3.465619868035033774e-02
-3.443376838060745182e-02
-3.408677562116521620e-02
-3.388573918390797024e-02
-3.376226974349890581e-02
-3.362022976231045235e-02
-3.355038472686708989e-02
-3.348615836269932394e-02
-3.343341691125879117e-02
-3.340372183584938010e-02
-3.337307437813466504e-02
-3.335274320433324197e-02
-3.333726629425580457e-02
-3.332027495642827380e-02
-3.331125492468944849e-02
-3.329648425572016845e-02
-3.328170748447854821e-02
-3.327607317217505523e-02
-3.324234534178795164e-02
-3.323274308544926781e-02
-3.321039124066990644e-02
-3.312638527703652691e-02
-3.315511113132837279e-02
-3.301546380036166767e-02
-3.289206040056376346e-02
-3.299333246141990250e-02
-3.241237480845662183e-02
-3.256527928745638761e-02
-3.239131266651830432e-02
-3.085753724552252331e-02
-3.243551532401703352e-02
-2.964861864272789679e-02
-2.785063327819177828e-02
-2.978466401714980477e-02
