1.321976852445818675e-03
1.558198786089056483e-03
5.110484779737849148e-03
4.974528044293637964e-03
6.323875338717593539e-03
7.255502582285082609e-03
7.226990867925189160e-03
7.944478929438423404e-03
8.125440498938161019e-03
8.287095572989665662e-03
8.557212385763544177e-03
8.616277287009074803e-03
8.737966236315808724e-03
8.825286356615197336e-03
8.863506768828527047e-03
8.922066542577693909e-03
8.950793266414394309e-03
8.973040533352545992e-03
8.994142029661438345e-03
9.003015407114598606e-03
9.009176287262634503e-03
9.011335710920175684e-03
9.007713442780182836e-03
8.997129496890956743e-03
8.987138358574345981e-03
8.963624180093490365e-03
8.932218015089199437e-03
8.907148851913159956e-03
8.835409890628193388e-03
8.784175461116528610e-03
8.711783163605792829e-03
8.533473337822597773e-03
8.491698458235993202e-03
8.220939954949334910e-03
7.905737170054891530e-03
7.903012298846247285e-03
6.971466060540413776e-03
6.976671945562951116e-03
6.829819636734952085e-03
6.558416642508357354e-03
6.624134873617908321e-03
6.579071667959529406e-03
6.455595858544557232e-03
6.729793269656192747e-03
6.641666571233336737e-03
6.481545863488115226e-03
6.300259887068687496e-03
5.462157482009653148e-03
5.403180973145655687e-03
4.798562440007216566e-03
4.510528428761526910e-03
4.225698978010091270e-03
3.372952508897865929e-03
3.842301336448462196e-03
4.153588001359112200e-03
2.879709446821984188e-03
4.391091235160475038e-03
3.598430815449563461e-03
3.966904248769110609e-03
3.410707373762452213e-03
-5.248207963766672547e-04
-3.237410243191090123e-03
-8.549871216859039960e-03
-1.199696375954715372e-02
-1.220067864353636782e-02
-1.699214842152062255e-02
-1.800481029636358948e-02
-1.743341177376557527e-02
-1.716666942729098977e-02
-1.764059737013486118e-02
-1.764026571820550421e-02
-1.835454785890278800e-02
-1.791056974206452906e-02
-1.814021292279880543e-02
-1.801114843697038462e-02
-1.785673944815830208e-02
-1.776911077738831807e-02
-1.725939768046739695e-02
-1.736751032378278103e-02
-1.646296962056699800e-02
-1.617239363018006110e-02
-1.671494682008741253e-02
-1.259311558196854128e-02
-1.179417467539690956e-02
-1.112979012881207264e-02
-1.424837422864831237e-03
-4.241454453089857162e-04
1.301675578166861360e-03
2.545774820508380637e-03
2.673342507770133983e-04
-6.408309219447491699e-04
-1.068356385614064024e-03
-3.154049877187092409e-03
-2.885060698545682291e-03
-4.143096285694230184e-03
-5.896565539737276887e-03
-4.407800659448093267e-03
-7.313595526775258822e-03
-7.932996002806041308e-03
-8.647397725837422527e-03
-1.358706753434394190e-02
-1.373048576639834470e-02
-1.693156208474637728e-02
-2.113482868298924289e-02
-2.366670326721983381e-02
-2.568670285144251247e-02
-2.794806903837868117e-02
-2.452456110501962869e-02
-2.563276172194277336e-02
-2.552313832125536336e-02
-2.452717512561154029e-02
-2.924376892854225335e-02
-2.908595817240732656e-02
-3.112126516007869895e-02
-3.520449400767133863e-02
-3.613266954015143667e-02
-4.381362150844551190e-02
-4.605233345166049458e-02
-5.058246376794361954e-02
-5.378501612766858897e-02
-5.601690096789375267e-02
-6.054398943766721441e-02
-5.965708524529338835e-02
-6.077875082530642681e-02
-6.030373432856231397e-02
-5.778363350778982499e-02
-5.815339936077234401e-02
-5.277405770556747866e-02
-5.138990106337990027e-02
-4.816856324583664029e-02
-4.070607877118891105e-02
-3.760111106624594579e-02
-3.089707239972413338e-02
-2.839082920250281250e-02
-2.708780972265590475e-02
-2.355965906529886023e-02
-2.782714671641356441e-02
-2.695608172627269455e-02
-2.510500846697082122e-02
-2.676328509397399302e-02
-2.501936762538318690e-02
-2.206327950632834545e-02
-2.137510986203992533e-02
-2.018293687678485854e-02
-1.829738925220972603e-02
-1.800754251314001797e-02
-1.601810544753180451e-02
-1.464435429160092055e-02
-1.444048864433743543e-02
-1.027174946143508474e-02
-9.365180201798465817e-03
-1.013854499732506215e-02
-8.041909851663133976e-03
-9.280545753827073099e-03
-1.245162516768098630e-02
-1.282936078652236953e-02
-1.102934501861726688e-02
-8.942069041576593269e-03
-8.036871260125977301e-03
-9.332813163326198619e-03
-9.666668151444389803e-03
-1.123716163357888972e-02
-1.359808580912069860e-02
-1.511712521483925091e-02
-1.563626484964403957e-02
-1.676056441910149172e-02
-1.917012104158884872e-02
-1.956179150068210540e-02
-2.037417219399175611e-02
-2.061393959701943862e-02
-2.077860800362821281e-02
-2.152278004020439367e-02
-2.071416769779612504e-02
-1.783353158171523123e-02
-1.431903632400086113e-02
-9.736832063341815252e-03
-7.776795557435723857e-03
-3.237426182372053068e-03
8.386287466057206147e-04
3.327982474364469308e-03
9.756622354793910781e-03
1.279883830835958775e-02
1.630059281276584338e-02
2.188982193147215663e-02
2.354209229269985798e-02
2.739563914594087685e-02
3.005797399515183072e-02
2.851796788398554272e-02
3.068081080311697156e-02
3.085172712744132378e-02
2.754965685185103985e-02
2.947065588266314581e-02
2.841056131123703699e-02
2.812197401488274184e-02
3.177515853222581677e-02
3.147095500956718916e-02
3.258677567500838090e-02
3.384498749217472457e-02
3.340515237144946192e-02
3.361613103031518834e-02
3.380021622593751274e-02
3.236822849079970532e-02
3.116350496342100082e-02
2.931411511545890108e-02
2.638231726363035254e-02
2.471732617218807410e-02
2.134878078149680253e-02
1.827714470103412869e-02
1.610119935292401647e-02
1.118401593059455829e-02
9.041499535420691874e-03
5.993868506717732296e-03
3.229765456432468103e-03
1.948895850006999650e-03
1.964627317105380189e-03
1.417370256628844088e-03
2.567046887007764025e-03
6.944153104444285469e-03
8.329261988148583054e-03
9.675423334618845489e-03
7.432028447168618351e-03
8.660763103367613222e-03
8.249102078634475144e-03
9.294915268835900538e-03
9.802466450494042374e-03
1.808366887269799786e-02
2.139920532927902172e-02
2.860520411512287170e-02
3.497726474959161891e-02
3.577038955160023737e-02
4.040430105222352769e-02
3.930983404742174891e-02
4.144659942869492741e-02
4.041452272359356140e-02
4.053818563418340459e-02
3.704287035112409365e-02
3.539040108332044965e-02
3.310489135935658356e-02
2.725544533293030106e-02
2.559113224103555864e-02
2.296633982971001131e-02
2.001249014811492047e-02
1.992724006253803609e-02
1.315104976793999951e-02
1.219825628712367660e-02
1.186519315403033840e-02
9.772506824715017013e-03
1.507103017089207568e-02
1.324423627861299503e-02
1.477246457353163442e-02
1.171607978546583551e-02
4.997503368184460712e-03
2.019348633232371289e-03
-3.364409533678987783e-03
-7.251595002576716187e-03
-5.161170994549716534e-03
-6.542886427525041772e-03
-1.778742009985773836e-02
-1.772724101580788053e-02
-1.738422671277720100e-02
-2.087779229082719484e-02
-2.137347818761303753e-02
-2.359613979054266120e-02
-2.485641826359922396e-02
-2.781698250535166034e-02
-2.908212743603947811e-02
-3.172630531665036890e-02
-3.254753659779968666e-02
-3.364624076327696334e-02
-3.323089599159794599e-02
-3.683300808667268333e-02
-3.697504334999432429e-02
-3.884407998910359427e-02
-3.887427160967238393e-02
-3.857106103870335673e-02
-3.738727604666656351e-02
-3.525889250009091314e-02
-3.378263523397579543e-02
-2.904371725475682342e-02
-2.888482039203045873e-02
-1.988856007798725165e-02
-1.800256866732591679e-02
-1.948471139396753746e-02
-1.652552677187938551e-02
-1.732192775976005433e-02
-1.767512391986682599e-02
-1.781979465944611221e-02
-1.840309665834004293e-02
-2.054560925315195713e-02
-2.148880402911797910e-02
-2.514467202389884457e-02
-2.712438461053203950e-02
-3.114312263686930260e-02
-3.374328259970199584e-02
-4.008586696036357117e-02
-4.656110860991373446e-02
-5.272847302256813973e-02
-6.316099620425119632e-02
-6.778921931266321255e-02
-7.577603804079510730e-02
-8.142139875622837752e-02
-8.752075724060455475e-02
-9.255361967309788662e-02
-9.531630754854601706e-02
-9.816023710782406653e-02
-1.003862541013111620e-01
-1.001344033361429436e-01
-9.738057522332195515e-02
-9.612194732835160904e-02
-8.737902978145677124e-02
-8.128094463894290633e-02
-7.561460146724321985e-02
-6.800017396612594023e-02
-6.122220747250505662e-02
-5.640502370211468441e-02
-4.895624635039177303e-02
-4.445771818354178617e-02
-4.053533499936409767e-02
-2.934739831538130117e-02
-2.596298488130084625e-02
-2.212101997130382081e-02
-1.729643466698617404e-02
-1.583801634971249497e-02
-1.365669034219467448e-02
-1.155688352084164108e-02
-1.062012382963415345e-02
-1.026644711546690486e-02
-9.373285681511491635e-03
-9.067447008530585273e-03
-8.407205993483433601e-03
-7.544205653566545509e-03
-7.409074461028585835e-03
-5.815833856029667577e-03
-5.238210644297251924e-03
-4.727835685517326608e-03
-8.647654185346512505e-04
-1.147159194175697249e-03
2.656392804596796782e-03
5.572683908844699302e-03
6.488668274406118874e-03
1.474887137626948452e-02
1.706679727873337479e-02
1.392093926579800363e-02
1.668724259109155561e-02
2.207690316085166721e-02
2.392735369891828626e-02
2.607954587681722211e-02
2.850136723754220086e-02
2.798992043739848695e-02
2.882922118387122590e-02
2.814521476754216697e-02
2.609365274355183659e-02
2.447238141456437380e-02
2.155828926583304786e-02
1.954144288623713491e-02
1.584754234752900129e-02
1.395313441836612024e-02
1.068545392467118785e-02
8.401455450611003753e-03
7.846551170458269248e-03
4.331905823108105590e-03
2.223573733920263060e-03
-8.655897947040901283e-04
-5.479586111729387726e-03
-1.084582487141347827e-02
-1.430253983924051515e-02
-2.115600453102702352e-02
-2.380877225075064135e-02
-2.729771197830101886e-02
-3.042577907006084950e-02
-3.197772238611118478e-02
-3.444602977145912182e-02
-3.420069647859935030e-02
-3.490607592653689750e-02
-3.438303690051153910e-02
-3.215035524415722074e-02
-3.240559724711570416e-02
-2.788612630897727152e-02
-2.584167744987306975e-02
-2.223132920073903410e-02
-1.297203999090506057e-02
-1.114137729086900688e-02
-8.266086810609311192e-03
-4.553311207393089671e-03
-5.448420586992240230e-03
-2.108738055337477848e-03
-2.382047277803643788e-03
-1.128002696323885182e-03
1.242629186051644012e-02
1.088562184610144049e-02
2.146282417351837168e-02
3.114201220990889252e-02
3.036479430075732233e-02
3.824013165911540474e-02
4.204425034967326780e-02
4.463341877696457710e-02
5.019567763698932344e-02
5.268016680177929623e-02
5.605212854686916074e-02
5.975106806767412765e-02
6.215719389897208375e-02
6.485428592659016334e-02
6.808179098628829029e-02
6.968218486160873693e-02
7.206151400539255458e-02
7.529766856544799214e-02
7.488578073203584762e-02
7.907282559263717481e-02
8.034661150447837408e-02
7.863262096802482726e-02
8.779473289364331245e-02
8.530801088341968819e-02
8.380086191137099683e-02
8.678860333204867217e-02
7.806777600666887917e-02
7.590528341631934406e-02
7.380053786750988276e-02
5.489193288207698529e-02
5.351760604593686771e-02
4.430630704724759089e-02
3.708929633834658068e-02
3.402396699900223781e-02
2.578139912015905630e-02
2.356736294170039964e-02
1.702421016545625429e-02
1.493619368344389388e-02
1.400050799061021249e-02
1.122914943019144400e-02
1.069447913206232267e-02
9.555816177664004998e-03
8.288734865608604618e-03
8.064413298771123603e-03
6.945046766855005570e-03
6.786356162988611655e-03
6.328977537964371354e-03
6.058072708432245441e-03
5.927884258075505862e-03
5.617092919087340701e-03
5.467233026826605335e-03
5.349611188975935371e-03
5.222750473763324540e-03
5.162606913618981823e-03
5.098558830506786169e-03
5.050700138506007859e-03
5.021363662544220050e-03
4.991753740617790869e-03
4.972845195884992298e-03
4.958134450452097823e-03
4.945512814444380859e-03
4.937313457165385874e-03
4.930231958640655769e-03
4.924892445884359107e-03
4.921035322217341169e-03
4.917586111351770518e-03
4.915240129124971540e-03
4.913049329038798006e-03
4.911049834827754465e-03
4.909994702546018747e-03
4.907529740267859049e-03
4.906399759081044205e-03
4.905261064071640524e-03
4.900218602438002717e-03
4.901840520103304365e-03
4.895460403420142693e-03
4.887568279597646372e-03
4.895960464630721466e-03
4.866405551990896430e-03
4.872383096556260479e-03
4.876278251726283430e-03
4.789418951987696287e-03
4.880682429578995542e-03
4.769667905557418985e-03
4.654918662169883238e-03
4.957758682481667144e-03
4.321755777159959691e-03
4.699457316944336861e-03
5.183585275087988081e-03
