-2.158269267605497210e-04
2.549057623049573711e-04
3.134028454677782044e-02
4.117167072902181563e-02
3.055727047749837166e-02
2.228288503546702742e-02
1.567294237540335644e-02
1.567230539837607267e-02
1.567179760422251003e-02
1.567159615428695418e-02
1.567162365950174399e-02
1.567162365950159481e-02
1.567162365950208747e-02
1.567162365950224012e-02
1.567162365950145950e-02
1.567162365950170930e-02
1.567162365950256625e-02
1.567162365950207012e-02
1.567162365950167113e-02
1.567162365950157399e-02
1.567162365950162603e-02
1.567162365950151501e-02
1.567162365950198685e-02
1.567162365950242400e-02
1.567162365950127215e-02
1.567162365950179256e-02
1.567162365950186889e-02
1.567162365950164338e-02
1.567162365950193134e-02
1.567162365950202849e-02
1.567162188757626265e-02
1.567163749725914920e-02
1.567163674465068060e-02
1.567174489841057644e-02
1.609767556301417921e-02
1.599844976846692343e-02
1.929929268211339616e-02
1.908634392019824960e-02
1.928482808621116013e-02
1.928493803555708305e-02
1.928511449162088887e-02
1.928561351508702171e-02
1.928491459342285622e-02
2.386711832246543943e-02
2.651195275798012840e-02
1.059862233945428611e-02
8.307611794237557135e-03
3.016952423854664736e-03
3.016166904050117132e-03
3.015637032414200495e-03
3.015476932945473486e-03
-2.914064280070299915e-03
-5.492115057195086879e-03
-4.158000182742546159e-03
-1.192809664958288489e-03
-1.209095166645093519e-02
-9.573372801339304072e-03
4.760070197749753131e-03
3.534189870485426876e-02
5.928372620215872218e-02
4.086167433181242536e-02
-9.209598901194810880e-03
-5.421833071677607113e-02
-4.716089999647352787e-02
-1.462563672527008446e-02
-3.198768820014011999e-02
-3.571528689497019404e-02
-2.231267297891059015e-02
-4.413817626765956410e-03
-9.394671255936902152e-03
-1.931784397201153150e-02
-2.306133904291645872e-02
-2.019473255097824910e-02
-2.019511117116965307e-02
-2.019509165930866157e-02
-2.019493737077399792e-02
-2.019493125046016926e-02
-2.019490662871351039e-02
-1.797677366015275682e-02
-1.924847760661425183e-02
-1.613295186349247151e-02
-1.724261008121601504e-02
-1.469810533447417356e-02
-2.819859628528662704e-02
-2.937629683789728247e-02
9.267258367836860369e-03
2.645591646256602661e-02
3.430331909066253182e-02
3.661135920964400658e-02
1.517021247720981743e-02
-5.830712596881347347e-03
-1.072625745256395279e-02
-9.601270802546668301e-03
-9.600388132074783032e-03
-2.005223318722777065e-02
-2.129966164575368415e-02
5.532723288613958061e-03
6.827801481413760080e-03
3.232486243616290028e-03
-7.539099755367897199e-03
-2.702965673666846841e-02
-5.094661364933467454e-03
-6.710850586637183250e-03
-2.082216443659069133e-02
-3.733896213986002272e-02
-5.041049178754739707e-02
-6.716589741136108627e-02
-3.135491410763067283e-02
-3.825579441322377906e-03
8.891027483524311867e-03
1.605393888220427168e-02
-1.727318433593965892e-03
-1.118364654291903633e-02
-1.062179728126696560e-04
-2.608975299559887669e-03
-1.317360691844827146e-02
-5.047597955759904054e-02
-5.811518471170210032e-02
-4.156891526131659131e-02
-1.582749584169457213e-02
-4.087313562449713250e-02
-4.015792771634106584e-02
-3.895830754666328860e-02
-2.186093285585879314e-02
-2.185727117876363687e-02
-1.844200749925245519e-02
-9.057155691912273029e-03
3.591853917993043013e-03
-1.921505184794867691e-02
-5.295035974433926623e-02
-7.253075029661670836e-02
-4.599043429300862101e-02
-1.039164914156964943e-03
-3.102360828231957596e-03
3.634758832577930730e-03
-2.526208083968638847e-04
-2.582052080149692397e-02
-3.216123307120820340e-02
-2.438381205505669655e-02
-3.330592863150188404e-02
-3.091738533793083471e-02
-1.835082907660397569e-02
-1.389028883252137886e-02
-1.866666937904642651e-02
-1.866626921996970140e-02
-1.866651201490461542e-02
-1.866591812713715506e-02
-2.274328585100141714e-02
-2.028944970664138883e-02
2.910860391415380933e-03
4.950099675774046436e-03
4.118115981585504601e-05
1.330077565822267334e-02
3.319082039207980287e-03
-3.374421066276188375e-02
-4.834493454960427095e-02
-2.045794696086198142e-02
6.238060727948732676e-03
1.237594006910524257e-02
1.852521460640913203e-03
1.059541584564913271e-02
2.740762701246950150e-03
-2.457933742803383032e-02
-2.680647332687453518e-02
-1.007514844111021858e-02
-9.078377777019489003e-03
-2.514894322021002035e-02
-2.655917517470747155e-02
-3.510458774248349095e-02
-1.470583003078445271e-02
-2.949082320483364245e-02
-7.603289566594860494e-02
-1.301745209203659381e-01
-9.630281450464583948e-02
-3.378546900224812383e-02
-1.109123344702808017e-02
-2.111347012061860762e-02
-2.110099791882338177e-02
-2.253373681680885879e-02
-2.154766274389096486e-02
1.301270261355121777e-02
1.373329818616839462e-02
1.176192563931267344e-02
3.864142756069880585e-02
5.525645624004534018e-02
8.798870032888084225e-02
7.455894806234659999e-02
4.131229645435370579e-02
5.356640043514103444e-02
5.143327676969065149e-02
2.767298916381691083e-03
-3.354843670188983017e-03
-1.691956839900373225e-02
-1.772578387694737773e-02
4.623239335894063079e-02
5.513995706420116855e-02
5.675191565369173269e-02
5.675976873910311415e-02
5.676261801043702704e-02
5.675785702145720590e-02
7.264800376894228751e-02
7.638037425970259364e-02
1.999345973127711340e-02
1.204872237671985626e-02
4.574223573254224996e-03
4.567250878848390025e-03
4.566084646856301797e-03
-2.694134055203285458e-03
-5.357512062714581830e-03
-2.549532628862113959e-02
-2.673157632890092381e-02
-2.935063798425050288e-02
-3.715932137791853884e-02
-3.836572968692091717e-02
-2.749545622633828637e-02
-3.771736980342142026e-02
-2.991890706887553528e-02
2.024096622955011415e-02
4.154735957312195860e-02
3.757335664503370920e-02
2.281329897046215430e-02
3.070779904577482927e-02
4.006701033732511241e-03
-3.453049812001739161e-02
-4.300572618684079390e-02
-6.549455608667432462e-03
1.236175124683981490e-02
5.890713501779998307e-02
7.664669632781727360e-02
5.723623937146920387e-02
2.737191880304926106e-02
6.012971548100957617e-03
4.075015258395855988e-02
8.852321377668594116e-02
9.495387933358084842e-02
5.473125043683835234e-02
7.463251438681302308e-02
5.840509094069853274e-02
-3.538618536471450221e-02
-5.989533116818690495e-02
-1.917418585083569341e-02
2.333489155747186031e-02
2.427810074212219740e-02
-4.078649605595337235e-02
-5.504641137046393379e-02
-3.247271925659075270e-02
-1.801107200701860048e-02
1.481360042929395424e-02
6.582803869298307908e-02
9.603696598096098103e-02
7.145390621184211088e-02
1.055584352701388444e-02
-2.537131968221081196e-02
-6.219280561628207082e-02
-3.390233025991393201e-02
2.912231459561006458e-02
2.882310743778256773e-02
-4.908701389234988721e-02
-5.270155237365194839e-02
-1.834999751842690888e-02
-1.389171607288801520e-02
-1.866691153873202558e-02
-2.166532854615079925e-02
-1.927403394994982311e-02
-5.792653008698818613e-03
-3.615323467907457285e-03
-1.166221391237427969e-02
-1.760614883795961344e-02
-1.039358189966779755e-02
-1.140032196513248190e-03
-6.719082660739543293e-03
-1.049437081121116014e-02
-1.594520383736562283e-02
-1.594523442495281162e-02
-1.594526945071222251e-02
-1.594682762411040594e-02
-9.531208923418632573e-03
-1.986400218718145649e-02
-6.348552055287001727e-02
-5.732042935519020277e-02
5.085334061475544655e-03
1.176434128884273379e-02
-1.538205931047344557e-02
-1.740521178230070368e-02
-1.751256760943148416e-02
-1.958630215513407907e-02
-2.138586485986367081e-02
-9.521467155381010614e-03
-1.486256672970295845e-02
-1.331652201642310324e-02
-1.641741821548942104e-02
-1.322850628347555652e-02
-9.121837617928514608e-03
7.621053529410300349e-04
4.890721180252289441e-03
2.544374912094746373e-03
-7.916850122014299287e-03
-2.121864361672935045e-02
-8.520774941290200355e-03
2.779673889688421759e-02
2.349478469418579338e-02
-1.798388794688068892e-02
-2.480409605745105203e-02
-2.609397593693657189e-02
-3.581106680226860128e-02
-3.075720978251039045e-02
-3.334654201149830910e-02
-2.424911395336913633e-02
-2.233327391840689638e-02
-8.512210728820978484e-03
1.221861378987799344e-03
-4.799920350744156863e-03
-1.314839474859133897e-02
-1.850383244830959562e-02
-1.778421733695249168e-02
-1.530568223158321889e-02
-3.393989361653156067e-02
-3.628462100458837436e-02
-1.199396202574021762e-02
-4.885619692997782322e-03
-1.217771324172190958e-02
-1.123269147785162410e-02
-1.148199285781701523e-02
-1.108519120402731532e-02
-7.034838898998649684e-03
-6.981469535653883791e-03
-1.538107771951361877e-02
-1.740617018461552284e-02
-1.751319351954555570e-02
-1.751349443778255424e-02
-1.751357842115607369e-02
-1.751373812292741569e-02
-1.751339970734278398e-02
-1.958626126788375055e-02
-2.138588976239104780e-02
-9.521867280036509437e-03
-1.558835427196374364e-02
-1.590332007068755160e-02
-2.759825313482575440e-02
-1.120828105569638376e-02
7.197295015408936014e-02
6.286848290557962848e-02
-6.031444040774860266e-02
-7.354415299372610293e-02
1.937884925943359274e-02
6.168191952253591903e-02
6.063121093512633536e-02
6.874221989314660552e-02
5.952442512521845253e-02
6.534264312087260940e-02
7.283084564126628135e-02
5.910305593499570742e-02
4.918836360800448587e-02
3.420539514042263141e-02
3.419951136445242151e-02
2.604621324962727927e-02
1.585800653686816886e-02
-1.002730409382642830e-02
-1.534114045598684384e-03
3.658720994881543842e-02
1.946469104971782632e-02
1.626066820600780352e-02
-8.228010989962106008e-04
-7.958474514864524382e-03
1.282738558955738312e-03
5.706784866177567507e-03
-3.676688574029896711e-02
-4.178690033483987987e-02
-3.746917443893881677e-02
-3.747641566145459152e-02
-5.147562986131435508e-02
-5.412683012281956085e-02
-7.777882313059282515e-02
-7.078327962365420223e-02
-6.547630873280051167e-02
-6.938843048799542279e-02
-7.787965219789719229e-02
-5.559984425875292430e-02
-6.469565683109052001e-02
-3.233106868296701381e-02
1.122564888153894207e-02
1.611416244869477363e-02
1.016607955248519796e-02
1.207001501438353074e-02
4.226011184863178588e-03
-2.168248289540397264e-02
-4.933836086477563776e-02
-5.103995347746953515e-02
-5.773241238095062899e-03
-1.151751009583118490e-02
1.690684870498521813e-02
3.603745778007365341e-02
5.150844296663872196e-03
-7.542493626686705074e-04
1.867746812089852385e-03
1.866826821337949941e-03
1.866889715591823259e-03
1.866970919731836395e-03
1.866960196728134624e-03
1.866960196728538381e-03
1.866960196728207916e-03
1.866960196728483087e-03
1.866960196728504337e-03
1.866960196728225697e-03
1.867013006207687408e-03
1.866732191012826720e-03
1.866270411241320896e-03
1.867103793308635311e-03
-1.104644918119273948e-02
-1.108581326470477538e-02
2.323391121440794224e-02
2.969041776806423741e-02
2.977057560738675251e-02
2.977248420826393571e-02
2.977208233109230814e-02
5.069198664209906280e-02
5.501446148939552472e-02
4.111433993809619769e-02
3.065526991643391028e-02
2.200859170302068776e-02
2.200750860269727258e-02
2.200649427976325567e-02
1.268319708816726885e-02
8.355732797119781036e-03
-5.148190714260696133e-03
-4.872514720452437282e-04
8.168504797167673928e-03
8.168057109938028568e-03
8.168544430831221198e-03
8.168926153722959674e-03
6.448000553781190781e-03
7.069989984119876350e-03
9.093753788302457591e-03
9.954256124757499338e-03
8.710239542415247962e-03
1.000614926424303608e-02
1.000457325346037867e-02
7.593906938576085869e-03
6.946044048131026251e-03
6.949024914548039555e-03
6.948913460681028186e-03
6.948900926542387127e-03
6.948903858571554328e-03
6.948903845163121110e-03
6.948903845163060394e-03
6.948903845163098558e-03
6.948903845163154937e-03
6.948903845163073405e-03
6.948903845163128916e-03
6.948903845163379583e-03
6.948903845163401267e-03
6.948903845163043914e-03
6.948903845162732532e-03
6.948903845162827074e-03
6.948903845162904269e-03
6.948903845163214785e-03
6.948903845163292847e-03
6.948903845163128916e-03
6.948903845163398665e-03
6.948903845163051721e-03
6.948903845163198305e-03
6.948903845163109834e-03
6.948903845163203509e-03
6.948903845163012689e-03
6.948903845162985801e-03
6.948903845163115905e-03
6.948903845163296317e-03
6.948903845163045649e-03
6.948903845162982332e-03
6.948909750180921364e-03
6.948864832083648420e-03
6.948775881867390661e-03
6.948817521122799788e-03
5.593090092389059291e-03
4.782458916126609318e-03
6.415003313266829862e-03
7.874746947995602334e-03
