-1.460966220553302792e-03
-1.648468872233084092e-03
-3.465431131064804129e-03
-3.339255122054363319e-03
-4.249139034994474200e-03
-4.664801009231900504e-03
-4.973465720983213066e-03
-5.326441399241541204e-03
-5.472666581683884382e-03
-5.632616352616336315e-03
-5.750699893792985545e-03
-5.815633939559814239e-03
-5.883754386161246797e-03
-5.924635938938300518e-03
-5.954761401968489132e-03
-5.980862897053027330e-03
-5.996312314658545917e-03
-6.009463094672707652e-03
-6.018875001499242490e-03
-6.024759541562398416e-03
-6.030218683293907082e-03
-6.032436895707428762e-03
-6.034433877505157584e-03
-6.036403992095337387e-03
-6.032772920975242731e-03
-6.035623171284508655e-03
-6.031518419512004597e-03
-6.020777860460319042e-03
-6.033226429233385854e-03
-6.001152550423743091e-03
-5.998610128978537626e-03
-6.020780316205566821e-03
-5.896795373218309370e-03
-6.002662041840807483e-03
-5.909956177754620982e-03
-5.610817645293453802e-03
-5.782463080757959187e-03
-5.823161553738021891e-03
-6.339726778168144027e-03
-6.562325344258003110e-03
-6.669520211481270826e-03
-8.890556775158962172e-03
-8.582999148579214047e-03
-9.513122946138071259e-03
-1.017718928745513056e-02
-8.946931175860119850e-03
-1.254334900076677257e-02
-1.034675390582907167e-02
-9.700235620673803780e-03
-1.066283384312996171e-02
-2.250826642535539140e-03
-1.458287916230651196e-03
1.955146749595325101e-03
1.263762739977831832e-02
1.415433689527203012e-02
2.514920035514344940e-02
3.039869422155696763e-02
3.552957934032061754e-02
4.847802973833968687e-02
4.919518141187934068e-02
6.301941412954356614e-02
7.101647847107482592e-02
6.481199956723697475e-02
9.432419274521486319e-02
1.029449136070662296e-01
1.337946611782414585e-01
1.475468548078470443e-01
1.543266665490643508e-01
1.735056675801624204e-01
1.749628430865285411e-01
1.825589274545831309e-01
1.881560394617506904e-01
1.856735495957018700e-01
1.867295419705377324e-01
1.830619332291530399e-01
1.763123738335547752e-01
1.689784740964268839e-01
1.615275061778071453e-01
1.487991778042417890e-01
1.424695255352197987e-01
1.345643305662085620e-01
1.266244143795073884e-01
1.208364972306518736e-01
1.139944281007703730e-01
1.074030194606321875e-01
9.939167008444775575e-02
8.953899773490855973e-02
7.800838433487020107e-02
6.659054340646172743e-02
5.608983828869205240e-02
5.553828770376929153e-02
4.698392152189805743e-02
3.678991419791222822e-02
2.684317781658138169e-02
2.166671924738709787e-02
1.045480403367863957e-03
-8.837799379601137765e-04
-1.281462064782048355e-03
-7.796272114748739081e-03
-6.334683833033961063e-03
-3.315765079475743726e-03
-4.438537965826687068e-03
4.394382029405986823e-04
7.977601173937245212e-04
1.974323119218463873e-04
1.909347391982458685e-03
-1.378637085626897331e-03
-1.122753718064808991e-03
-1.986517413606711090e-03
-3.161333311120934682e-03
-2.219362349557107983e-03
-4.324992038290051410e-03
-1.008950572892143051e-02
-1.027963182642704573e-02
-9.923870997152360249e-03
-1.008946364150110214e-02
-7.460404084247584076e-03
-5.635146823127623085e-03
-6.014854921863600247e-03
-5.055074401935839325e-03
-6.433704500374700166e-03
-7.211820198657237224e-03
-8.166027221633294364e-03
-7.991830285900721614e-03
-9.166058561732375390e-03
-1.141973524351350307e-02
-1.135569961459753467e-02
-1.205198167391526715e-02
-1.165389656694403725e-02
-9.276894730469395847e-03
-9.704989858117581136e-03
-6.735933568832628074e-03
-4.685029454453414413e-03
-4.177451265198302982e-03
7.006676294093256568e-03
1.192107042104834438e-02
1.634175807341934489e-02
3.421355356334822989e-02
3.563793609128662609e-02
4.708204862814027725e-02
5.060440966306462007e-02
5.478933777502394825e-02
5.561688864681628430e-02
5.042161737536428323e-02
4.989370167007999013e-02
4.426207301827086299e-02
4.273217250579667420e-02
4.066007326648336806e-02
3.851074444377278194e-02
3.560566877102895600e-02
3.470774312897657865e-02
3.238165361413786886e-02
3.112936292894786725e-02
3.007105288017575956e-02
2.867216302573073750e-02
2.805881857609222527e-02
2.704187225224273169e-02
2.654509455797636822e-02
2.582692282350414550e-02
2.535077650203664684e-02
2.512601219551257453e-02
2.421118713480351764e-02
2.448431759896069898e-02
2.344765600311867620e-02
2.247916086174153727e-02
2.165690181793446939e-02
1.935430756149530279e-02
1.822612906991905729e-02
1.643490720451698528e-02
1.324795138524365555e-02
1.243004478668449826e-02
8.448102573174331650e-03
5.322810223365184723e-03
3.663933162383392183e-03
-3.921557108152265783e-03
-6.427181931698804605e-03
-1.142099250708878549e-02
-1.804314541355604012e-02
-1.820769734971713905e-02
-2.345642321155409771e-02
-2.466826683780861187e-02
-1.856637815548149717e-02
-2.078020256425249651e-02
-1.556964418630772326e-02
-1.353968291853973986e-02
-1.083863233309288396e-02
-5.705463633529846666e-03
-6.030642136980175587e-03
-1.545121040083412929e-03
-1.247384392028648512e-03
1.501403497148272748e-03
2.244590483932484230e-03
5.260795818805653022e-03
3.268909238630244869e-03
5.472832587559069498e-03
4.119772086130491472e-03
3.107779466805832020e-03
3.392356344186737288e-03
-1.319534353580659571e-03
-3.763621166219771434e-04
-4.185346929148870201e-03
-5.833089639865506569e-03
-3.726017900277752825e-03
-6.142402720070993215e-03
-1.263447484983762012e-02
-1.321200390679162437e-02
-1.338056955795867246e-02
-1.575643578567074640e-02
-1.486716007145032041e-02
-1.559702658299274777e-02
-1.607438875505287287e-02
-1.401762498576613995e-02
-1.447411595671816223e-02
-1.460302543506863948e-02
-1.467885879088037457e-02
-1.518321864277411351e-02
-1.614152056756412365e-02
-1.736877981701791945e-02
-1.809070511713464086e-02
-2.185291003086508102e-02
-2.312534363417504193e-02
-2.666146465850046179e-02
-3.622915196763542428e-02
-3.711504269317361659e-02
-5.337490283495533588e-02
-5.907814597337013307e-02
-6.101548155902904169e-02
-7.438155539914836911e-02
-7.556084038174915030e-02
-8.515761994270891477e-02
-9.905356701622830551e-02
-1.019970413073009730e-01
-1.145128028606962473e-01
-1.260204433183272632e-01
-1.288586398222814344e-01
-1.391788500280290442e-01
-1.384631321367771062e-01
-1.382059926724147902e-01
-1.406904668638983280e-01
-1.324193586490764740e-01
-1.294497947697201001e-01
-1.176743725197988699e-01
-1.002156147256164781e-01
-7.995066207557338656e-02
-6.565782774954515011e-02
-4.688950735761029942e-02
-4.014322545467972903e-02
-2.779147003125761323e-02
-2.194263492740966201e-02
-2.448901470557986876e-02
-1.703560253436042088e-02
-2.094373432134437676e-02
-1.830021526902947740e-02
-9.313457386501935303e-03
-7.824889751220630643e-03
-2.147463351166721632e-03
1.492772788037986711e-03
4.543014364371395636e-03
7.266882934359439328e-03
8.896890240654126147e-03
9.264238971126773775e-03
1.060770894279385382e-02
1.168638051054652488e-02
1.122256898827265689e-02
1.367075402175037951e-02
1.272117824915878527e-02
1.141622285943885706e-02
1.034741419687893425e-02
6.585663831376490501e-03
4.644294247681575970e-03
2.131953210799584185e-03
-1.657785016599931010e-03
-3.716027568619588699e-03
-6.999209755396831184e-03
-1.095945527123004179e-02
-1.246911910455170830e-02
-1.622438299001877429e-02
-1.688158482778084890e-02
-1.601147877656213664e-02
-1.665447171384250996e-02
-1.524659918051304505e-02
-1.496471095602015973e-02
-1.460368814656237517e-02
-1.354792454652914944e-02
-1.369343211895091353e-02
-1.109751465596399075e-02
-1.072378886718649942e-02
-1.063741850726945132e-02
-9.856457090815964883e-03
-1.162047956451730396e-02
-1.152088509374321092e-02
-1.184412050607486569e-02
-1.126969464422832544e-02
-1.142966231490336569e-02
-1.064262671625433761e-02
-7.895141311401381728e-03
-8.175620840571959022e-03
-5.139177366059798774e-03
-5.825985099816286851e-03
-9.417771201468168665e-03
-1.013939577912779597e-02
-1.240885584049957260e-02
-1.192956652744850930e-02
-1.173612252657535091e-02
-9.410379793578178831e-03
-1.966125795339432759e-03
2.529140851168425273e-04
-6.029188042987748556e-04
1.544070287131901406e-03
-9.277398455575837106e-04
-1.221596931585652076e-03
-7.610926974871707728e-04
-3.121488267237141224e-03
-2.634900800019900936e-03
-3.663478596173943939e-03
-6.416577034354002847e-03
-6.376720377934054496e-03
-8.258340483705675639e-03
-7.834444824751993566e-03
-8.177457523587812818e-03
-1.169184274878854596e-02
-1.278720883196120088e-02
-1.826847966432576173e-02
-2.208221056823965467e-02
-2.585663912147924751e-02
-3.370147461568342995e-02
-3.811604361216143488e-02
-4.782972410919873740e-02
-5.879872010839415353e-02
-6.708047087494511951e-02
-7.791772924310770565e-02
-8.252482365438032486e-02
-9.423063994815859823e-02
-9.632474312043870501e-02
-9.625550246834564672e-02
-1.000799890348776644e-01
-1.050190231738879210e-01
-1.082418706009328074e-01
-1.083691418443298582e-01
-1.101900659164982976e-01
-1.094912445913545362e-01
-1.062611321632817574e-01
-1.054331560982761096e-01
-9.834688909929299727e-02
-8.372168828535067608e-02
-7.564784551970434034e-02
-5.587063950904599952e-02
-4.673047326205669733e-02
-3.302638250343958165e-02
-3.462952042909561712e-02
-3.054932586312217313e-02
-1.954515382897054759e-02
-1.861465507155164387e-02
-1.801613646720224421e-02
-1.639331577590523448e-02
-2.189778355048736802e-02
-2.181234482029884014e-02
-2.587018700132881141e-02
-2.785777586249474358e-02
-2.728477443958997675e-02
-2.847488951263050377e-02
-2.722879400439418701e-02
-2.787150722189458280e-02
-2.748044844044865431e-02
-2.753832125604223705e-02
-2.675429529207561802e-02
-2.653189683758296405e-02
-2.597065230924049117e-02
-1.880520303986995406e-02
-1.673842050578604884e-02
-1.355027780729520237e-02
-7.231192151995075382e-03
-5.399523977905434403e-03
-1.355075342801162529e-03
1.308318676792201429e-03
3.593087051168825704e-03
5.108171304294579010e-03
7.710987092875668837e-03
7.514092223187044360e-03
7.955753890185471647e-03
1.696550271925292841e-02
1.676787431248881119e-02
1.445392426866383244e-02
1.567527921557346562e-02
1.350484891752484935e-02
1.291089061760077386e-02
9.445574718711323078e-03
6.466921906291564839e-03
3.194500389030091852e-03
-1.145242609788027402e-04
-1.330259604919216149e-03
-1.398486670971206764e-03
-2.917627281730729785e-03
-3.044374303405027096e-03
-4.899197715525990988e-03
-4.662902767154951562e-03
-4.823085143589934606e-03
-1.237353085993222676e-02
-1.331583363009941449e-02
-1.272930352240599777e-02
-1.278091577247008476e-02
-1.032632043081730885e-02
-9.222176975468218685e-03
-8.758365940604667665e-03
-9.348874442872037727e-03
-1.081913920114140233e-02
-1.168041614079546632e-02
-1.219408270953331597e-02
-1.315185883043808179e-02
-1.314599748268380219e-02
-1.384431412127139563e-02
-1.059486875149589710e-02
-1.008848478902863929e-02
-8.103965078781957820e-03
-2.571848726391618573e-03
1.823558224015041623e-03
4.501131126119679166e-03
1.051944821368093128e-02
1.326137973510652969e-02
2.140581300827588268e-02
3.572047419547383362e-02
5.038739456244431536e-02
5.672273352777398858e-02
7.201899560229782504e-02
7.571517063183977325e-02
7.748316196483150120e-02
8.391123308656150970e-02
8.068628917184414440e-02
8.382335360896379928e-02
8.238714851464878919e-02
7.885063446328803571e-02
7.917922017205161755e-02
7.124154665386304985e-02
6.849109686892333737e-02
6.157220164185438216e-02
4.989123896731952057e-02
4.696491513319171751e-02
3.095025440582231668e-02
2.747852678046330127e-02
2.385047698388084378e-02
1.579710796992228258e-02
1.700126095207244586e-02
1.307305137545315687e-02
1.087247976169675168e-02
1.300597622212250858e-02
9.554473077509393827e-03
9.963417593820153226e-03
9.578469136364503936e-03
7.684370695239779205e-03
8.351905194986490241e-03
7.019745995593179924e-03
6.536929518464594524e-03
6.570044070344564086e-03
5.761504283588903853e-03
5.805514363535943870e-03
7.121083028779735813e-03
6.886646908880865274e-03
9.081014466565732329e-03
9.486383811627467633e-03
1.029808912763957758e-02
1.181643208953869761e-02
1.146792390053806912e-02
1.283466688090582376e-02
1.267734623241331682e-02
1.190415395184827967e-02
1.163554482607411129e-02
8.614707640275122078e-03
7.677140070035872767e-03
5.364884814105309527e-03
3.323888350005042413e-03
1.708179952596284613e-03
-7.569547976932300502e-04
-2.018545830011355714e-03
-4.560994514087226420e-03
-5.576666209707411247e-03
-6.727542781406548392e-03
-7.477379124652395320e-03
-5.095489634638752062e-03
-6.347762057755102633e-03
-2.468605127435537401e-03
-1.194961297405923700e-03
-5.260505296117325494e-03
-3.359106663738479701e-03
-3.570711066345303233e-03
-2.521577681543184409e-03
7.906620762012629916e-04
3.609270993258087358e-04
5.463446053279994406e-03
6.292472954958780798e-03
8.665205285207895972e-03
1.575009313084002605e-02
1.743340250853609233e-02
2.190505997510935193e-02
2.353528926133607521e-02
2.668041236726063914e-02
2.838106906740075000e-02
2.601083629613304762e-02
2.566478312230485379e-02
2.226008095977559734e-02
2.085856342722398546e-02
1.798563934272170983e-02
1.607620065895640563e-02
1.282820082352831639e-02
8.305212381256144027e-03
7.250975658084651658e-03
-2.043650442461678127e-03
-2.571622325789839954e-03
-3.270867956908461976e-03
-5.968512877350545115e-03
-5.739628430066996863e-03
-6.778777988453877495e-03
-7.106184670790043068e-03
-7.356661324120121817e-03
-7.665891213319424823e-03
-6.849924179810376948e-03
-6.744540088443605995e-03
-6.769180452290134674e-03
-6.445327217836129170e-03
-6.320703072373110541e-03
-6.243585520310679371e-03
-5.881328808391724124e-03
-5.561171737374158430e-03
-5.546088601582063043e-03
-4.364440785007643771e-03
-4.382811202930503476e-03
-4.063446043046380768e-03
-3.761376450941398240e-03
-3.743206023276741436e-03
-3.571661954730766080e-03
-3.505988023251139108e-03
-3.469469852055507945e-03
-3.406758659975466386e-03
-3.389059492083047308e-03
-3.365319495765716970e-03
-3.345978289933488562e-03
-3.338180762008264267e-03
-3.327565298614688308e-03
-3.321660083266374415e-03
-3.317801648183195482e-03
-3.314125475621904071e-03
-3.311928946490930777e-03
-3.310903683214485877e-03
-3.309989668016682495e-03
-3.308873287944788608e-03
-3.311381843315362814e-03
-3.309697369065945673e-03
-3.311430002386219016e-03
-3.319343883963809909e-03
-3.309924241226069614e-03
-3.329084341304463374e-03
-3.334164383523594097e-03
-3.311770436424641990e-03
-3.395541798797212154e-03
-3.330303341739745612e-03
-3.362376458691917168e-03
-3.567824857697181329e-03
-3.211029495819005437e-03
-3.750298233460567718e-03
-3.927031956757404303e-03
