-1.251179692545525447e-02
-1.177784465600630742e-02
-1.116224696571640508e-02
-1.222850705166505028e-02
-5.098714071578159916e-03
-4.940540909481466042e-03
-5.191659315459765459e-03
-3.091198948142823231e-03
-3.513308772408539615e-03
-2.984132399987559151e-03
-2.541662219403760005e-03
-2.620442917570843695e-03
-2.331937756131127835e-03
-2.270249300736137607e-03
-2.235368413258670937e-03
-2.139835736306405691e-03
-2.134251427980460303e-03
-2.106063219124961264e-03
-2.086927686305629654e-03
-2.094753072054406258e-03
-2.091408743104165770e-03
-2.107628114110315660e-03
-2.139795927017897233e-03
-2.158765529785611637e-03
-2.233894598728258969e-03
-2.303016095324360996e-03
-2.369051181766198937e-03
-2.606467520227296903e-03
-2.682854644180407509e-03
-2.981550022812662262e-03
-3.555082822201365792e-03
-3.513849437757873666e-03
-4.861322317301346174e-03
-5.595130361916374716e-03
-5.690585405338064069e-03
-1.065150160352775974e-02
-1.113801816419412657e-02
-1.269393454361301618e-02
-1.445264329631914396e-02
-1.543291223032174607e-02
-1.586428192786570879e-02
-1.823684645561567813e-02
-1.842685114826778797e-02
-1.771035219671675959e-02
-1.797428744394330771e-02
-1.764249510040595895e-02
-1.255948607955807012e-02
-1.114548739345350495e-02
-1.171725294789578709e-02
-6.861304618752928595e-03
-1.558185126007072957e-02
-1.323316319264476910e-02
4.827468736211919242e-04
2.324813409687766577e-03
4.147327180385450632e-03
9.413038080063767556e-04
2.428035552148436610e-03
9.689858269956833775e-03
1.697725105683899061e-02
2.724851432077101537e-02
3.677578437306742998e-02
6.700655995679474786e-02
9.804153408310403717e-02
1.164443229209482095e-01
1.702924595680830877e-01
1.860538879094172371e-01
2.088621837129794878e-01
2.430642077651075650e-01
2.426037257022341520e-01
2.725032048306526011e-01
2.765406825735123308e-01
2.708128140844472398e-01
2.780563311663374337e-01
2.596514297766271406e-01
2.531145807995171526e-01
2.456002757890780597e-01
2.223398743831854207e-01
2.151598970609431283e-01
1.949427887379603930e-01
1.688098452804690786e-01
1.548461731163441879e-01
1.184451738747188260e-01
9.027390524697845309e-02
6.079974739845706716e-02
3.449882477755458060e-02
1.937026473045145442e-02
8.628325609667772053e-03
1.472715571983368964e-02
1.035426563888003186e-02
3.713874418018479028e-03
-1.123406096250499728e-03
-4.012699875033701527e-03
-2.044363671254668599e-02
-1.874207346469848601e-02
-2.357319493467666810e-02
-2.469948378791192792e-02
-2.862542695453853744e-02
-7.020173020741266035e-02
-6.809173470271631667e-02
-1.087032452040214703e-01
-1.600961617564282680e-01
-1.464890159000929171e-01
-1.619777777538307650e-01
-1.942051507878453376e-01
-1.989120846162186207e-01
-2.264809852210606655e-01
-2.406120072093521634e-01
-2.478488170735836660e-01
-2.726849963962004741e-01
-2.706859621564015050e-01
-2.767009766814597649e-01
-2.769030959825971028e-01
-2.646582538010538999e-01
-2.650326438222896375e-01
-2.547108360475510702e-01
-2.494604405909103262e-01
-2.356443610405464517e-01
-2.303472141822035246e-01
-2.226067876946562774e-01
-2.175145499513831959e-01
-2.153856132472379559e-01
-1.921680260279261532e-01
-1.841222563732404227e-01
-1.599171072104538793e-01
-1.588967592245830451e-01
-1.589148713765541898e-01
-1.580936803641508348e-01
-1.597646178772093029e-01
-1.523413428430922256e-01
-1.543120824790376600e-01
-1.521846369075444683e-01
-1.464170574236191291e-01
-1.480402274347427938e-01
-1.519856008738193764e-01
-1.531466760306749442e-01
-1.613613938692742278e-01
-1.677588577517191148e-01
-1.488495109254323601e-01
-1.531805709483305411e-01
-1.383018120808185980e-01
-8.636525871547609534e-02
-8.243915694409897910e-02
-6.332811952112507581e-02
-4.947505507096550126e-02
-5.035000184892646918e-02
-3.991420920437464132e-02
-4.088792167919580445e-02
-3.059657948216609746e-02
-3.408675982374613500e-02
-2.974520424453490353e-02
-2.679660280406731890e-02
-3.682346723148925000e-02
-1.959513255755721689e-02
-2.896381226218189275e-02
-1.843811078619717395e-02
1.622760326963923472e-02
4.249807329857580029e-03
5.092315346290027245e-02
6.979365296612247138e-02
9.427453231385667098e-02
1.046438358665311985e-01
1.047277347049530571e-01
1.052323753304597320e-01
9.819408948636550172e-02
9.190327670966956519e-02
8.244885333639270786e-02
7.154897129232175301e-02
6.705426540828278437e-02
5.456315088353671378e-02
4.355181368170949613e-02
3.006643876556773509e-02
1.479047202061116797e-03
-1.728567928765643164e-02
-4.936141379210695623e-02
-8.341222416014679175e-02
-8.717522273402858457e-02
-1.156091424702617165e-01
-1.274968618374748841e-01
-1.204605421409744304e-01
-1.305784375201619052e-01
-1.077331903078606601e-01
-7.985761454472709020e-02
-5.840030645942553833e-02
-1.346459064701785967e-02
3.635972815461914476e-03
3.139047897140257587e-02
5.154229770322657500e-02
1.874200435805553969e-02
3.105964819383739972e-02
1.531704965829899789e-02
8.547779681558507689e-03
1.933982036074877175e-02
7.989270193723228136e-04
8.689997069935898738e-03
3.699805098201194159e-03
-1.063034549735655462e-02
-6.512476519040780523e-03
-2.352766217752018732e-02
-2.700616057284878704e-02
-3.118097497793591993e-02
-4.217594614038413375e-02
-4.193090124960900666e-02
-5.042640919515336412e-02
-5.540205536980116752e-02
-5.376203996703895344e-02
-6.282490494353193400e-02
-6.066821806273557660e-02
-6.426914146926873683e-02
-6.957762319396679218e-02
-6.493438539137962040e-02
-7.292678270784624939e-02
-6.842313381565565122e-02
-6.344936102543749512e-02
-6.182522874193324691e-02
-4.181007050926539848e-02
-3.604817495084725043e-02
-2.095460267446506292e-02
-1.141259635928490793e-03
7.587321184191560611e-03
1.872614714533662669e-02
2.593851316974469384e-02
3.269461192465593358e-02
3.511673544740465114e-02
3.950802491117662296e-02
4.163409267934908842e-02
2.322260653807577124e-02
1.887237859112131724e-02
2.257758182953094848e-03
-1.372554203737287246e-02
-2.613800561569561143e-02
-3.176753757740243683e-02
-3.915284591585980328e-02
-4.942614527212861597e-02
-4.643073717273046852e-02
-6.444295369706820598e-02
-8.558215638234531464e-02
-9.840028273655979096e-02
-1.669290661031032630e-01
-1.579457888195283100e-01
-1.765486188879901164e-01
-1.645348426052367641e-01
-1.576917787117428360e-01
-1.665898616371496166e-01
-1.028750045490776782e-01
-1.040910314136980763e-01
-1.426026780744716893e-01
-1.268811207277504016e-01
-1.443638632509689490e-01
-1.356031085890040955e-01
-1.057565955502248745e-01
-1.332252863470607396e-01
-1.177124093640764396e-01
-1.509804746477287629e-01
-1.739989780927900798e-01
-2.006330551565397580e-01
-2.044584895104659683e-01
-2.038057543760140589e-01
-1.944570150834706024e-01
-1.942343229208107758e-01
-1.843434405551269695e-01
-1.768268041092382059e-01
-1.720657836368279237e-01
-1.572672147887562433e-01
-1.509711949099666328e-01
-1.487765231101243757e-01
-1.417023861348057912e-01
-1.437622858586223296e-01
-1.362218315706640870e-01
-1.379883302679515422e-01
-1.469446976741573541e-01
-1.578967971864537745e-01
-1.640480431575632725e-01
-1.885471206432966507e-01
-2.046465876325348487e-01
-2.042376636073321150e-01
-2.301387312750406700e-01
-2.291593476655137962e-01
-2.241755322532257289e-01
-2.394999769943879087e-01
-2.137780056847702892e-01
-2.182613441031374946e-01
-2.249588251792707938e-01
-1.880161540275626098e-01
-1.903016823009985592e-01
-1.548028653248125774e-01
-1.012477994494257599e-01
-9.457788590703705700e-02
-7.758184136629270311e-02
-7.739318594252037053e-02
-1.103349890345185214e-01
-1.177322723878913013e-01
-1.302200223797947143e-01
-1.393871403465283820e-01
-1.283224519767440230e-01
-1.264184308320951411e-01
-1.212205812686785178e-01
-1.097979107651784747e-01
-1.075991210916620311e-01
-9.702948960246809973e-02
-8.984714371923777088e-02
-8.437951298493091834e-02
-7.334723125214767658e-02
-6.853669071761056553e-02
-6.000898642508621650e-02
-5.304358899411784622e-02
-5.233373969296821471e-02
-4.673718686122124710e-02
-4.543301641349464792e-02
-4.544900507223983283e-02
-5.662222271936810658e-02
-5.609155466431797743e-02
-4.223937808697053597e-02
-3.292779611891045316e-02
-1.888432343670191915e-02
-1.218976745527851346e-03
-2.499108416036364966e-04
5.091601041729289581e-03
1.017655990355793849e-02
-5.969501245568801726e-03
-3.275822556935063454e-03
-7.979206647769944427e-03
-1.283641860857683351e-02
-1.311307190215061161e-02
-1.875578284677166876e-02
-2.125335081875010662e-02
-2.560400219171993577e-02
-3.493578325550539265e-02
-3.758915416764453676e-02
-3.586516026992968981e-02
-2.646509825084424061e-02
-2.140477927314776360e-02
-4.874958313079645958e-03
5.527505544561083992e-03
1.239095083714790435e-02
4.199353550101676130e-02
4.864402765692751873e-02
5.858674037787321015e-02
7.138043842503805081e-02
7.704582425387673794e-02
8.147439379229243217e-02
9.100236156851490565e-02
9.314465961236023661e-02
8.893658743479777862e-02
8.884203097251332226e-02
7.974766691641299587e-02
7.482009028503841530e-02
7.200712779983098333e-02
6.176116836076862848e-02
5.464506537137137077e-02
5.177951848457130329e-02
2.801207590965641009e-02
2.621804426006569752e-02
1.980706277764406747e-02
1.191815918137375391e-02
1.056872355062263291e-02
6.172383750737534674e-03
3.089851381736054888e-03
1.305839960360493865e-03
-7.846797244082054455e-04
-4.308394684849934687e-03
-4.569625809009716759e-03
-6.721133705133676070e-03
-6.163103507147862405e-03
-4.759946073820410864e-03
-5.483217627568958037e-03
-3.201636899824264037e-03
-3.390266616199271582e-03
-3.121123168258785330e-03
-2.525940343440345563e-03
-2.629893532319542079e-03
-2.376523557154459031e-03
-2.266070860817399803e-03
-2.254931696238873361e-03
-2.150461113840562190e-03
-2.133059896784571599e-03
-2.106168530645232892e-03
-2.074297048693864165e-03
-2.067973499536006603e-03
-2.051825140274687442e-03
-2.043566432417305654e-03
-2.037936192555257937e-03
-2.029891034852626674e-03
-2.028941549116456116e-03
-2.019194291086073845e-03
-2.017741031922715318e-03
-2.016875620822131121e-03
-1.992155555709610934e-03
-2.012874554989508343e-03
-1.980966787839347383e-03
-1.942889347177687151e-03
-2.023337364002010443e-03
-1.832707247610155729e-03
-1.914006893062652256e-03
-1.979213823841730578e-03
-1.246533290001735055e-03
-1.136906138427461578e-03
