-8.393173107708147562e-02
-9.198716589650650366e-02
-5.944136585933106065e-02
-5.302802483395179650e-02
-8.997694445589645568e-03
-7.110423558319319860e-03
-1.755423147839213840e-02
-1.755423147839307862e-02
-1.755423147839129186e-02
-1.755423147839158329e-02
-1.755423147839309944e-02
-1.755423147839288781e-02
-1.755423147839372741e-02
-1.755423147839233963e-02
-1.755423147839085124e-02
-1.755423147839236392e-02
-1.755423147839500417e-02
-1.755423147839320699e-02
-1.755423147839198575e-02
-1.755423147839161105e-02
-1.755423147839368925e-02
-1.755423147839204473e-02
-1.755423147839093798e-02
-1.755423147839320006e-02
-1.755423147839293985e-02
-1.755423147839229453e-02
-1.755423147839403272e-02
-1.755423147839468151e-02
-1.755423147839236739e-02
-1.755423147839025450e-02
-1.755423147839116349e-02
-1.755423147839279066e-02
-1.755423147839124676e-02
-1.519658558027360551e-02
-1.488032445580463395e-02
-2.987652931520650909e-02
-3.105535226426476766e-02
-3.168787451320202037e-02
-3.168787451320187465e-02
-3.256582302967241799e-02
-3.276506196590300846e-02
-3.499851063228457543e-02
-3.455953637404918927e-02
-3.416105850158845242e-02
-3.888090535132459474e-02
-3.692487539932740731e-02
-2.581466563016848736e-02
-1.631631090703068721e-02
-8.090339707278827730e-03
-1.422380418288842277e-02
-7.766232699311753640e-02
-7.509407644897403422e-02
-8.733427717925307514e-04
2.230419200357502615e-02
-9.757502756701270799e-04
-3.291652103369625132e-02
-4.011861368585890181e-02
-2.789984527572043904e-02
-2.789984527571865575e-02
-6.868004933285384861e-02
-9.566841034038980895e-02
-9.773999274758018996e-02
-1.315100213704132881e-01
-4.073722914373574533e-02
9.367467526769478192e-02
1.207547405933938334e-01
4.716260017017952222e-02
4.716260017017483153e-02
4.716260017017708667e-02
1.641000805058765444e-01
1.911644377835906017e-01
1.469278841091980203e-01
8.845914394134786474e-02
3.433042938592067300e-02
3.433042938591911175e-02
3.433042938591659987e-02
3.433042938591692600e-02
3.466045060091238472e-02
3.321551638458029865e-02
-1.060150037136893715e-02
1.246560342146820280e-02
-2.434290268768746213e-02
-1.080096593327485033e-01
-1.952144552590491244e-01
-1.204147750737794564e-01
-8.124902804650065147e-02
-2.231674454790395432e-02
-5.871860543431487540e-04
1.552494164669252982e-02
4.955984578925977553e-03
-8.080799828805820470e-03
-1.422380418289359745e-02
-7.766232699311444165e-02
-7.509407644897546363e-02
-8.733427717905760434e-04
3.410439898158745820e-02
1.951939664209121836e-02
-1.878943069705479169e-02
4.542866232584690661e-03
-7.583488677887867402e-02
-1.741176761684242180e-01
-2.205340822126706027e-02
6.821615097960108398e-02
8.831830016923038207e-03
-7.323457385351080096e-02
-5.502029962027424337e-02
-5.842778173083967158e-02
-8.531270664219496591e-02
-1.613688413025567148e-01
-1.685281521071098909e-01
-1.342580242093842635e-01
-9.622995687920171681e-02
-5.198910637779829286e-02
-6.036562260311170713e-02
-1.148231368661120633e-01
-1.258976365173060386e-01
-8.385366339005805025e-02
-4.154521631434864026e-02
-7.569449982623185913e-02
-9.275770810490562013e-02
-1.827696301023860603e-01
-1.028284784277172237e-01
4.669256198612315584e-02
1.653266348587588142e-01
6.548278789273728751e-02
-4.713208890491608904e-02
-8.745770985802998887e-02
-6.089479189363648098e-02
-1.103022173445926228e-02
-4.936478528583010394e-02
-3.689941203871695274e-02
4.055106755914283934e-02
5.407032570140001687e-02
1.790407971557179956e-02
-2.407156056663456792e-02
-8.640142783923902836e-02
-9.830042846152022007e-02
-5.809606555301489311e-02
-9.661546148710349613e-02
-7.948802037892481465e-02
-2.110541149656603235e-02
-7.436144509037063803e-03
-1.710914461822837795e-02
-1.450724984262994136e-02
-5.574029458707784046e-02
-5.309746417172762217e-02
-5.823071740881342190e-02
-3.003301603956299790e-02
-3.447368051106740328e-02
-3.114751036666552758e-02
-3.710140093090583124e-02
-4.195634395175089348e-02
-4.368996533806702998e-02
-6.810961010702004659e-02
-5.148714006290777689e-02
-2.517391198851012812e-02
-1.573305816005872715e-01
-5.370977164934928605e-02
4.654730229171143152e-02
1.481790344632185619e-01
8.201483057918879105e-02
1.048922748114952397e-01
7.490518188519959542e-02
8.469733638797659336e-02
7.034792667326508764e-02
1.693761201199399380e-02
-1.724491192520470357e-03
1.829948856533710269e-02
8.784204874641732275e-02
1.289173275426974130e-01
1.332547473784822523e-01
1.536876802079704118e-01
6.657791262340732874e-02
-1.701623536701921124e-01
-2.499213802660146533e-01
-1.142230817760047090e-01
-1.723612825240626312e-01
-2.267711960701205010e-01
-2.075105777305644716e-01
-3.287564914131512195e-01
-3.300863946260808035e-01
-1.341494662098679791e-01
-1.538830862051717915e-02
6.461514209615289162e-02
1.582753036008799907e-01
2.546845575618421620e-01
2.160127354164390612e-01
4.493135031403350070e-03
-2.212561178863536177e-02
-7.529744995807399754e-02
-6.319781127028364920e-02
-9.960317630199017752e-03
-9.960317630197095679e-03
4.687701253175859811e-02
5.283070679798070740e-02
-8.050485157368969871e-03
-3.646915023834451652e-02
-4.837653877078931103e-02
-4.837653877079177434e-02
-4.837653877079151760e-02
7.547956325484349305e-03
-9.784654954593111423e-03
-4.878608152845315821e-02
-7.674832907659136227e-02
-4.208310651643602796e-02
-4.208310651643504263e-02
-4.208310651643584060e-02
-4.208310651644128070e-02
-4.208310651643417527e-02
-4.208310651643558387e-02
-1.304951343237704953e-01
-1.696551441398502780e-01
-1.654499467849957772e-01
-1.212439328813308265e-01
-4.292391324916661893e-02
-4.824748930257190954e-02
2.016941976736871898e-03
9.481952498617962632e-02
9.748131301288033568e-02
2.347183387760856318e-02
1.135735437308680977e-02
5.182755449105575472e-03
-8.076936262574151495e-03
2.580819759874235578e-02
3.050339520288146769e-02
5.139119708188243443e-03
9.569869400345312402e-03
-3.149539690509265463e-03
-3.795892010482916634e-02
-5.549760143969082599e-02
-5.394439703587928375e-02
-4.130930083538070230e-02
-2.940513290027717275e-02
1.633318583486019623e-03
1.519524521840682520e-02
1.604954997042248865e-02
-1.520831305150782513e-02
-1.858476320651080427e-01
-2.022614595116812575e-01
-6.933655832658439100e-02
-1.064509894658291905e-01
-4.630757117928400723e-01
-3.175404337143454825e-01
5.055418482844431516e-01
5.576405378043347572e-01
-5.388452190881087844e-02
-4.622505787256733223e-01
-3.240317235305654187e-01
-8.714661636483443663e-02
2.549925849299542469e-01
1.359539074733732977e-01
1.004758415264691146e-01
-4.139893228007213849e-02
-6.243407401060142164e-02
-1.665381457416308664e-01
-1.172592132126648590e-01
-9.124218128184140297e-02
-5.067345303891900021e-02
-3.673620950584998573e-02
-3.673620950584490646e-02
-4.012079278613445155e-02
-1.402247747395923838e-02
4.581891776282612933e-02
6.200739633049211913e-02
-5.617798238245208520e-03
-4.652906988221785362e-02
-4.444082188721726334e-02
-2.726972980024862294e-03
-2.483507988431203021e-03
-2.535225121650752644e-02
7.106949930416711983e-03
5.975924457092619477e-03
-7.617105381262691266e-02
-9.240065438608933979e-02
-9.013860343943835840e-02
-1.508260855075028162e-01
-1.621821619442934681e-01
-1.421784155362602053e-01
-1.118346745022266581e-01
-2.076535714324459839e-02
-8.379615658455551175e-02
-1.801138437348329679e-01
-2.142924259775330909e-01
-3.737823411522501749e-01
-2.027592479032820083e-01
1.754562022147370393e-01
3.182319592434085798e-01
3.062714188151802741e-01
2.155943513063997841e-01
-5.212378550846757247e-02
-2.171666085433194560e-01
-1.709515888972455433e-01
-2.001300475073278240e-01
-1.854417529113674967e-01
-1.178721952256263500e-01
-5.951527800545768077e-02
-5.951527800545900609e-02
-5.951527800545897140e-02
-5.951527800545862446e-02
-5.951527800546153185e-02
-5.951527800546770053e-02
-5.550136508669551577e-02
-2.041357964774293682e-02
5.096368764231005988e-02
4.895673118292568488e-02
-1.280280262665455492e-02
1.149223539087936875e-02
9.182527262689138547e-02
3.771977543981541031e-02
-1.437781830934889982e-01
-1.651464858825779924e-01
-5.684283389475945636e-02
2.205913537826717508e-02
2.484062041134001142e-02
7.823231047382007974e-03
7.823231047380557746e-03
1.229530495376122620e-02
1.431490239143195890e-02
-2.026585995562667566e-02
-2.250189690881627610e-02
-2.654109178415695047e-02
-2.654109178415755763e-02
-2.654109178415731476e-02
-2.654109178415769987e-02
-1.407846562760153505e-02
-2.378426734652988248e-02
-1.172846174461656815e-01
-1.531116081879065338e-01
-1.375475441704417934e-01
-4.836080050117117640e-02
-3.356296166943968651e-02
-2.586788282865725569e-02
-2.862686165986413900e-02
-2.341458938737962792e-02
2.387393111769730777e-02
2.525342053330126638e-02
1.482887598833434670e-02
1.482887598833401016e-02
1.482887598833436751e-02
1.482887598833419057e-02
3.152334008214151967e-02
4.024659890857002625e-02
5.189654231535652251e-02
4.354931026845254571e-02
2.610279261559529662e-02
2.610279261559454722e-02
2.610279261559514744e-02
2.610279261559469294e-02
2.882040800850377976e-02
2.654774767916861025e-02
-1.981778912427592521e-02
-2.117659682073021188e-02
-1.663127616205902631e-02
-1.663127616206003939e-02
-1.663127616206103165e-02
-1.663127616206123635e-02
-1.663127616206093451e-02
-1.663127616206011919e-02
-1.663127616205916509e-02
-2.353951038612587046e-02
-2.533216411802267226e-02
-2.915298140323422174e-02
-2.569886429120148141e-02
-2.083296428143410067e-02
-2.068681484430557466e-02
-1.663446621683614332e-02
-1.727476248982284454e-02
-1.756706136407996596e-02
-1.756706136407987576e-02
-1.756706136407992780e-02
-1.756706136408030250e-02
-1.756706136407951493e-02
-1.756706136407924085e-02
-1.756706136407910901e-02
-1.756706136407952187e-02
-1.756706136407881064e-02
-1.756706136407921656e-02
-1.756706136408043087e-02
-1.756706136407941779e-02
-1.756706136407910207e-02
-1.756706136407956004e-02
-1.756706136407995555e-02
-1.756706136407949065e-02
-1.756706136407977861e-02
-1.756706136408059740e-02
-1.756706136408102067e-02
-1.756706136407874125e-02
-1.756706136407917146e-02
-1.756706136408022617e-02
-1.756706136407981678e-02
-1.756706136407915064e-02
-1.756706136408000760e-02
-1.809925933310894616e-02
-1.831508022000349900e-02
-1.601462592741492372e-02
-1.552895791332271208e-02
