-1.492405383663497967e-02
-1.447820113353920010e-02
-1.600123441032291760e-02
-1.673137754859804066e-02
-1.159742363990920455e-02
-1.202972070643455391e-02
-1.281820505484465925e-02
-1.156860729563249229e-02
-1.211087010218146916e-02
-1.195066545015049247e-02
-1.176057164564657705e-02
-1.190742699539742641e-02
-1.179491268050347763e-02
-1.179680060856910448e-02
-1.181212339993980426e-02
-1.177986572827526002e-02
-1.179131492765293082e-02
-1.178816547158469119e-02
-1.178486307652596744e-02
-1.179332111778761023e-02
-1.179448534484290288e-02
-1.180403259686521600e-02
-1.182049185600436356e-02
-1.182874216413388677e-02
-1.186888471503912135e-02
-1.190210807133073277e-02
-1.193504855694993080e-02
-1.207711908566113865e-02
-1.210529754815058666e-02
-1.229822772111927379e-02
-1.267990267645188740e-02
-1.259929200724570035e-02
-1.362731820485887577e-02
-1.413371182400274643e-02
-1.413211880393812347e-02
-1.846811340913781865e-02
-1.886960799060663496e-02
-2.007191935117372955e-02
-2.158924993061405589e-02
-2.249981860173741813e-02
-2.272786405389983291e-02
-2.544719930609275205e-02
-2.553927986519778301e-02
-2.499966997920124653e-02
-2.564458589369367561e-02
-2.512207769039508445e-02
-2.069393119343240425e-02
-1.991654614302031806e-02
-1.958302000684902094e-02
-1.757988237328920317e-02
-2.608523218981909086e-02
-2.492898001778670256e-02
-1.861596851637522393e-02
-1.741781410082381826e-02
-2.115761131845026941e-02
-2.790353196469101682e-02
-3.156818741963899472e-02
-3.277661658123037780e-02
-3.076650402878247648e-02
-3.647054700585765363e-02
-3.544222639513011641e-02
-1.820645981443535719e-02
-4.194609501287025095e-03
8.358391381549671803e-03
4.026543270338318881e-02
4.862425714995140258e-02
6.030365763243016736e-02
7.963533401946817913e-02
7.663118886757652737e-02
9.410640236010402171e-02
9.422197777649744810e-02
8.646801840689741225e-02
8.797497408992351053e-02
7.292097031642733040e-02
6.557594075676023704e-02
5.951483139894088448e-02
4.242809467440712690e-02
3.656274068722862453e-02
2.377858980285216250e-02
4.700421875819310071e-03
-2.919000087689006817e-03
-2.544322780374973225e-02
-4.193174518529229483e-02
-5.628613097057661580e-02
-6.133909567835852533e-02
-5.836939095369407526e-02
-4.926800793159107072e-02
-3.010620028235081597e-02
-1.878894833068356363e-02
-1.899152748185329101e-02
-1.934851040903858704e-02
-1.698901727725859317e-02
-2.688072397366648991e-02
-2.312484282575145642e-02
-2.102493496834677289e-02
-1.714857508612305931e-02
-1.730497056155969743e-02
-4.268698225898164000e-02
-3.530519229426128114e-02
-6.015415352027735085e-02
-9.014135192556273213e-02
-6.998899903576261128e-02
-7.299020869705191705e-02
-9.330587771926734941e-02
-9.412020800255369024e-02
-1.106480633051947216e-01
-1.217393984286256337e-01
-1.248197049613355147e-01
-1.430015787039814745e-01
-1.419351872466835529e-01
-1.431998635238398432e-01
-1.436603178841066586e-01
-1.339450446424216290e-01
-1.337239001339916578e-01
-1.294112341659783838e-01
-1.262616073258520100e-01
-1.162055319942655596e-01
-1.116317525004469485e-01
-1.069932848477258835e-01
-9.990274021027306661e-02
-9.905021438433948833e-02
-7.836651423315471598e-02
-6.954601100835516858e-02
-4.951761113501673695e-02
-5.044030947321878622e-02
-5.263793899420385336e-02
-5.301498586975403327e-02
-5.687480288357074643e-02
-4.996246491591234407e-02
-5.303119508213355315e-02
-5.277365699685231809e-02
-4.650722935671658398e-02
-5.109104674719888023e-02
-5.624847427387293097e-02
-5.920964381538439125e-02
-7.498373217604065166e-02
-8.235031077481588802e-02
-7.504402764738794807e-02
-8.682953823518574366e-02
-7.854536594521732695e-02
-4.952234578908455004e-02
-4.874927566078385982e-02
-4.129203296359914427e-02
-3.508474505348031791e-02
-4.022041494109079851e-02
-3.548281915699362521e-02
-3.838881481982610311e-02
-3.188383323612353076e-02
-3.629457621442885862e-02
-3.408756373819625540e-02
-3.426499952996382714e-02
-4.459037896988468641e-02
-3.469283627481915128e-02
-4.633899976123739828e-02
-4.008137996194061081e-02
-1.810002340524348094e-02
-3.119047521275981547e-02
5.009429065682817830e-03
1.955466731190791743e-02
4.214050412747574054e-02
4.776446071448090663e-02
5.208629980959812028e-02
5.193670511721214245e-02
4.772017488814341013e-02
4.526442759269708183e-02
3.763262994592379840e-02
3.183824746924748123e-02
2.949381119588120187e-02
2.144672478981321864e-02
1.521066126522561436e-02
5.048158298922621537e-03
-1.658962352225818587e-02
-3.129591402988331911e-02
-5.820014640139287848e-02
-8.588624522519769378e-02
-8.775196990556577425e-02
-1.110622295645352642e-01
-1.208825476727709292e-01
-1.139839902911796710e-01
-1.224219253957017778e-01
-1.032480721730497375e-01
-7.765288827536433180e-02
-5.911680713502871776e-02
-2.097071065930770917e-02
-6.218831339225718013e-03
1.547966940287714629e-02
3.065759708406924286e-02
-2.754815690800761080e-03
6.124160966744366871e-03
-8.148651633813414757e-03
-1.356895456642017751e-02
-4.766616390594322072e-03
-1.923551469586475687e-02
-1.186532951445760757e-02
-1.536203792251124647e-02
-2.559488544741828769e-02
-2.188659263789987514e-02
-3.402362590978322276e-02
-3.556170032310733420e-02
-3.829516923030468895e-02
-4.497269143793644619e-02
-4.464155863216233422e-02
-5.089338803326039218e-02
-5.465201214524818829e-02
-5.323803492054547670e-02
-6.027936893783215899e-02
-5.876006237300124280e-02
-6.183634869504563147e-02
-6.652653060139862573e-02
-6.334189753538360668e-02
-7.056317641491680059e-02
-6.765528967335046606e-02
-6.412592477039712191e-02
-6.321762100049092836e-02
-4.718763692225282080e-02
-4.280842154398499522e-02
-3.126353300593441575e-02
-1.568482078993409246e-02
-9.626185985946356452e-03
-4.839017863668543945e-03
7.401480990894379781e-05
2.346800701236116497e-03
1.610870366600456079e-03
7.550830500207642362e-03
7.778117876129687219e-03
-2.838801290285798608e-03
-3.845297984842001044e-03
-1.426994509689320442e-02
-2.344779658458285079e-02
-3.116847856220551077e-02
-3.280284258800864050e-02
-3.567214795132054445e-02
-3.964410071728856344e-02
-3.411105681437735793e-02
-4.384444349138051644e-02
-5.622710952073647211e-02
-6.475478477726906434e-02
-1.169974431536851545e-01
-1.091044208688941308e-01
-1.191221606551735729e-01
-1.031165086239300005e-01
-9.875311932032962425e-02
-9.951574183652524275e-02
-3.695762235606953050e-02
-3.718925342184709049e-02
-6.742301271488819470e-02
-5.547213935995690126e-02
-6.768250768285027918e-02
-5.504665068529937533e-02
-2.759708079378411782e-02
-4.498809028841876945e-02
-2.987620439787410515e-02
-5.598192147455411521e-02
-7.063967524830658262e-02
-9.196228401273720543e-02
-9.139566261438565598e-02
-8.917398348753655113e-02
-8.164820377922621386e-02
-7.901222374066899090e-02
-7.200421542798440822e-02
-6.572776131165046498e-02
-6.132919709044604151e-02
-5.175882217217069037e-02
-4.667491526690313586e-02
-4.987930397236131630e-02
-4.891927720354323494e-02
-5.342437555566671714e-02
-5.169173821707412353e-02
-5.347488939678117503e-02
-6.336867461828905868e-02
-7.239235238119565152e-02
-7.722303718283315965e-02
-9.984091202068862136e-02
-1.123704800092679701e-01
-1.129894486950457355e-01
-1.355944493904552572e-01
-1.345758347608528027e-01
-1.319289016015479099e-01
-1.452096794880942676e-01
-1.246558031163906011e-01
-1.316417865659809117e-01
-1.404930195984688268e-01
-1.118585067386898557e-01
-1.165318063711780483e-01
-8.688736011218531341e-02
-4.032582278654607555e-02
-3.515883441834895956e-02
-2.366941436724890116e-02
-2.650794180723700655e-02
-5.885140805520086560e-02
-7.026094350839154346e-02
-8.344620577549091700e-02
-9.379217749586213349e-02
-8.720074393077871522e-02
-8.594795430639361189e-02
-8.350063008774437356e-02
-7.513894621778366423e-02
-7.381665336853240889e-02
-6.681467674299834680e-02
-6.135397778225680498e-02
-5.766489670084481295e-02
-4.977536415627932531e-02
-4.587296592447423493e-02
-3.987307248199203902e-02
-3.502548188730980616e-02
-3.516824064755952328e-02
-3.258943516276356644e-02
-3.216597362647007768e-02
-3.427141915744778833e-02
-4.884524493358329000e-02
-4.921442339599929605e-02
-3.997710995995407829e-02
-3.360313691114256290e-02
-2.262535707171775198e-02
-1.399783719015489786e-02
-1.248488832393322701e-02
-9.079276292862637626e-03
-6.939522979926362328e-03
-1.591030646567408516e-02
-1.497362338151654766e-02
-1.806394555673178359e-02
-2.081830397104310684e-02
-2.143656201623332647e-02
-2.532253935908318834e-02
-2.739504091152980894e-02
-3.109544219142153232e-02
-4.005786640503020829e-02
-4.386738522955247604e-02
-4.237814665978716089e-02
-3.800483797283929488e-02
-3.444909722001494867e-02
-2.444727478345777583e-02
-1.905933144343549893e-02
-1.521256218708593594e-02
3.643227012000381775e-03
6.911712571673313266e-03
1.083619587312389769e-02
1.856204210811533695e-02
2.118322761808786106e-02
2.383681139768688631e-02
3.207427331772999546e-02
3.309390030238683333e-02
3.471164231629334657e-02
3.418024624877397111e-02
2.828195740208934786e-02
2.680927288846841200e-02
2.503656198896207080e-02
1.932911813402438811e-02
1.549939764253976601e-02
1.423448299185879271e-02
-2.545538369057502841e-03
-3.104503953391811455e-03
-6.450688446132652951e-03
-1.104327016256835201e-02
-1.135003443151251859e-02
-1.343696819929974390e-02
-1.493467723600390776e-02
-1.570133054264202105e-02
-1.639083633020593789e-02
-1.867909047097440767e-02
-1.844607047370881714e-02
-1.907475603105760614e-02
-1.814698697783333203e-02
-1.629918556859743031e-02
-1.654065161725321031e-02
-1.361608102686900391e-02
-1.363778369436001447e-02
-1.316393665293350869e-02
-1.246875408127826046e-02
-1.249947151901439728e-02
-1.220901384058135919e-02
-1.207935741606497998e-02
-1.204696090353034668e-02
-1.194449068615961382e-02
-1.192071980791327770e-02
-1.189318121005735959e-02
-1.186511382844763693e-02
-1.185721059570347784e-02
-1.184459937415999198e-02
-1.183811664759737425e-02
-1.183197987149876840e-02
-1.182957496460733393e-02
-1.182646701990691142e-02
-1.181745995312989683e-02
-1.182845643127501678e-02
-1.180837442634033799e-02
-1.180479514580284883e-02
-1.183862225800903431e-02
-1.173748392044326322e-02
-1.183178927830089676e-02
-1.181121029773672323e-02
-1.152325283243178615e-02
-1.208682656776951386e-02
-1.134053558030231022e-02
-1.112493154296318593e-02
-1.148864136815274523e-02
