4.427750402486370124e-04
5.700474817588658313e-04
3.261579963874521558e-03
3.357744440677774833e-03
4.078077712532432626e-03
4.516767765418830405e-03
4.057684511430475864e-03
4.375508691141446332e-03
4.329213141569050911e-03
4.284801407643938978e-03
4.373144196293586236e-03
4.336337522793202830e-03
4.359547944267479387e-03
4.379764423515135688e-03
4.376730598470806449e-03
4.421934323940637096e-03
4.425872502169522944e-03
4.471023346751785456e-03
4.574578203484538398e-03
4.535235662038623015e-03
4.784303290555302207e-03
4.752518865338778778e-03
5.029042528189009084e-03
5.041514310407963634e-03
5.198720648677690979e-03
5.426093971827230557e-03
5.309261639763772356e-03
6.026291691576014797e-03
6.015371994493452258e-03
6.178876196352302286e-03
8.772152221510332720e-03
8.384420051298132476e-03
1.046227848975296061e-02
9.849299400458550596e-03
1.021818820304391112e-02
1.099737320292117938e-02
6.116228011922171179e-03
6.060527286215820590e-03
4.765669640947444580e-03
3.402803068981192103e-03
3.411825233125775035e-03
5.206936608963814821e-03
5.268009207231359389e-03
5.161904833463707917e-03
5.339746732161511356e-03
5.360223521062620899e-03
4.453221680729271825e-03
4.273610874776343112e-03
3.970985697782095786e-03
3.463203618543113848e-04
1.117776349950261727e-05
-1.554771673592179307e-04
-4.862036463844903594e-04
-7.845722565585470671e-04
5.988690881321037489e-04
3.982719716797186835e-04
2.141478503923169296e-03
4.914757789204268409e-03
5.430950425002162296e-03
4.760199787645355736e-03
5.514079045057736911e-03
1.968325866052670053e-03
-1.296525333190497956e-03
-4.239768621300082224e-03
-9.993794268789006965e-03
-1.298013198892672242e-02
-1.905452226922756814e-02
-1.961331539563123533e-02
-1.812459161940136246e-02
-1.831556639433044170e-02
-1.117960597343582371e-02
-8.973602533369200163e-03
-8.876149995565577738e-03
-4.317433800830561448e-03
-5.631628914447886838e-03
-2.782197430632557533e-03
-2.353436595700243456e-03
-4.726141477467383882e-03
-5.159591283905496165e-03
-6.018720930361457118e-03
-7.857044079374870052e-03
-8.149839446251017777e-03
-8.601871380824018670e-03
-9.236366308412301968e-03
-9.851981530476301013e-03
-9.468409644318246873e-03
-1.124903139955352183e-02
-9.757820994442362172e-03
-8.875931464404988522e-03
-6.736869155165159731e-03
-5.774131287659045510e-04
2.822095548319154996e-04
7.308232222611156514e-03
9.425613043173096395e-03
7.393416152686127507e-03
1.041284937463093571e-02
9.602309978841006358e-03
7.325854035444582732e-03
7.118422361201446474e-03
5.982577270757641341e-03
5.144758042291117800e-03
3.512044168742655889e-03
3.023424919648159091e-03
3.714711298400867698e-03
2.997509659145017845e-03
4.594238456735465909e-03
3.170032987582656423e-03
3.065645258891599220e-03
6.202674199791194908e-03
4.888778395115156612e-03
1.081027688468596398e-03
1.202451799840285798e-03
-5.665269734654821907e-04
-7.794463366197518662e-04
3.526143506856039373e-04
8.878642774077557653e-04
4.256862247614623396e-03
7.492173698693113323e-03
1.122762256417228488e-02
1.306341718857990074e-02
1.231878130587679178e-02
1.274689289732302243e-02
1.123480846481210438e-02
6.255197207131351668e-03
3.369116009234493069e-03
1.812227287168908683e-03
-2.921634592060375762e-03
-3.283337906811876344e-03
-4.943144037395137344e-03
-6.105402260284763585e-03
-8.413524892396155586e-03
-8.683352689153118337e-03
-8.510975123697517991e-03
-8.770511908552328789e-03
-8.757782123799528334e-03
-7.921803725591036738e-03
-7.523680657417938268e-03
-7.391975417377426305e-03
-3.910396002090605477e-03
-5.304840680119118912e-03
-6.037572541795973267e-03
-8.118443904222403043e-03
-1.307359717753639981e-02
-1.529298212874077509e-02
-2.192150214634868560e-02
-2.561954208993140469e-02
-2.966529760208704014e-02
-3.368933884873610146e-02
-2.962103011947738937e-02
-2.973578516671958327e-02
-2.637107089539985141e-02
-2.862383425839021278e-02
-2.717504044339988031e-02
-2.529257196454853113e-02
-2.587264239996454537e-02
-1.953480710387098945e-02
-2.130769063465792409e-02
-1.780730070558476930e-02
-1.581117542766876174e-02
-2.130980985337276035e-02
-1.809057104316411091e-02
-2.109885684480367757e-02
-2.191336985776801832e-02
-1.662752799957011030e-02
-1.801794901549527012e-02
-1.166274048270439859e-02
-8.204500347053519591e-03
-5.083878319792207480e-03
-3.645018566309175638e-03
-4.513165726037149210e-03
-5.365881466390536730e-03
-5.742673635702435359e-03
-6.657698994877348994e-03
-6.927842265495765157e-03
-4.395264709653850729e-03
-5.038316580549829712e-03
-1.999486963133847821e-03
-1.925606517624524252e-03
-7.490198447343434209e-04
3.657786909532898326e-03
4.591235855752506118e-03
1.052932326961547940e-02
1.183471267652043413e-02
1.209653341192869214e-02
1.235573064973093105e-02
1.017151223750037935e-02
9.835474623919567352e-03
9.572534515190952997e-03
6.304855630854422355e-03
5.303696079274674603e-03
4.684619020571358095e-03
-1.729480197295396203e-03
-1.098705291868492433e-03
-2.642393018416192875e-03
-3.990443627588160028e-03
-3.989011241555704898e-04
-6.619971197370861293e-04
3.174226966820805533e-04
6.543923892702641944e-04
-2.670242718321679779e-04
-5.448336112077547568e-04
-1.622800798748352813e-03
-4.409182179028811946e-03
-1.393146801544781774e-03
-3.018772832359220906e-03
1.916654197684438429e-05
6.444839003880866281e-04
-2.096730458095034336e-03
-1.148968721934829837e-03
-5.252702397042983279e-03
-6.265265284158079775e-03
-3.947518249504998814e-03
-5.823700731583251675e-03
1.643176597360832339e-04
-5.534874638673945718e-03
-3.580656068148410729e-04
-4.767269645455742000e-03
-6.687148877579407111e-03
-7.384572453133693599e-03
-9.214438389989606723e-03
-8.872764616801157023e-03
-7.547085816835923805e-03
-7.785586559854999755e-03
-6.188222564874609928e-03
-5.712466690165358268e-03
-6.306374247215455579e-03
-5.421314818019736144e-03
-5.491380071200967564e-03
-5.452220761887852096e-03
-4.521898082804311908e-03
-4.893735937640125017e-03
-4.413606333711050586e-03
-5.065017366805406145e-03
-4.445749812614441590e-03
-4.696918308971861564e-03
-3.783236202761741575e-03
-2.183062121875579877e-03
-1.772683582433377727e-03
1.365673728787151911e-03
1.822320414407957055e-03
1.702367945889412789e-03
2.688337162051704799e-03
2.916973897315005074e-03
3.946841812289899817e-03
3.617010838012515214e-03
3.536890151059855162e-03
6.953712441031309477e-03
7.255216998865818279e-03
4.506388597392425518e-03
1.878214398195997021e-03
5.062580510848983459e-04
-9.139886806125514709e-04
-1.701251112910071896e-03
-8.030799954130247390e-04
-7.316720077075319299e-04
1.826756877749036124e-03
5.677402017372471313e-03
7.280496102634958708e-03
1.035531008222801384e-02
1.177073909464265190e-02
1.021736191397527513e-02
9.460241874444904817e-03
9.140770944691685440e-03
7.619342713281723918e-03
6.825653399510616531e-03
7.681302970316210288e-03
3.022552349006917081e-03
4.686526442037522791e-03
7.213092003870872964e-04
-7.099580214417658408e-03
-4.993530832264728853e-03
-2.980242541022696829e-03
-1.451427244832811285e-03
-5.491175843034263107e-03
-6.076919748757398168e-03
-7.531701784096921093e-03
-1.268991007433764237e-02
-1.531487369890823132e-02
-1.811379108290947504e-02
-2.148449325233383472e-02
-1.665865029040406939e-02
-1.444331565596361847e-02
-1.211535868625267069e-02
-1.041114683225250262e-02
-1.137319483413413816e-02
-8.706636508825658927e-03
-9.168072072881214285e-03
-7.015283308734177742e-03
-4.997755154045008946e-03
-4.437422215618084913e-03
1.342734873369727175e-03
2.551802768598973245e-03
6.271002898513232914e-03
9.074393142012665558e-03
1.044365193720904993e-02
1.308021444090105151e-02
1.433477393998184787e-02
1.597908893708899908e-02
1.738916400361787892e-02
1.874579391792871585e-02
2.019671763774171652e-02
2.115177779043538736e-02
2.303977274217293425e-02
1.667197874103713146e-02
1.849645928166292197e-02
1.525899434278484880e-02
7.515062396805697979e-03
5.139415671975209460e-03
2.688429966814147830e-03
-6.531160441937347442e-04
7.185904174139078711e-04
-7.765258096476102098e-05
3.956727177828829947e-03
3.917527525246560297e-03
2.736512091178835721e-03
4.062796248848692116e-03
2.387520162105200103e-03
2.135927459157707219e-03
1.772803973147967904e-03
-1.905681665303377275e-03
-1.651662662809561498e-03
-2.572336509523993030e-03
-2.409536681330657140e-03
-2.265149202470185304e-03
-2.457437160144422279e-03
2.785377158106276674e-03
2.604691709376493868e-03
5.246367931357340253e-03
8.819524122599991384e-03
7.031263738258958576e-03
1.485501274375998840e-02
1.538021920609924931e-02
4.126602226913019672e-03
5.791741845673509942e-03
6.552072466412133672e-03
4.919911133428469564e-03
8.907449856860146647e-03
8.313186048949115781e-03
9.798858639025829348e-03
1.002647674641811600e-02
7.024057010329013903e-03
9.157571182887661379e-03
5.063778816841381543e-03
8.759172596491168056e-03
6.409864581127886624e-03
-1.126955634474259820e-03
5.600228897007066345e-04
-6.183003641592513776e-03
-4.943836203707447675e-03
5.446417572602252344e-04
2.623103303005547629e-03
7.396059567096116560e-03
1.056465772338539486e-02
1.418225118224515982e-02
1.780371994697961535e-02
2.079753312010992547e-02
2.587564651139676042e-02
2.735314568763469803e-02
3.194471780309447728e-02
3.180526626986818206e-02
3.167506528660682386e-02
3.286103430962128424e-02
3.015965279305900595e-02
3.147608822189728456e-02
2.848170781179093156e-02
2.668585812206557620e-02
2.624741738149771048e-02
1.803110643836727811e-02
1.617504184785380911e-02
1.501093221454949563e-02
1.144527040357384493e-02
1.209701798255651863e-02
1.023992900396536454e-02
9.894588817434747663e-03
9.233872645521024394e-03
8.559273207468782660e-03
9.469849804838189819e-03
9.094854575131742017e-03
9.257415080577518357e-03
9.008611133461692788e-03
8.519299603478082752e-03
8.535365685363055857e-03
8.323282891424994140e-03
8.215727922006617681e-03
8.141265152086346948e-03
7.978869051911204047e-03
7.944212120393475546e-03
7.660024462266278727e-03
7.478695052648481542e-03
7.371916007636144380e-03
6.274445438155707919e-03
5.952867780374012513e-03
5.020104368275325225e-03
3.851368627754472081e-03
2.418386820026917697e-03
1.878722593851510922e-03
-2.042882324118527361e-03
-2.442537124758848918e-03
-2.562382717848047265e-03
-3.540465202961470131e-03
-3.307709289118498062e-03
-3.549879143072507542e-03
-3.229681919037117113e-03
-3.211922225881954068e-03
-2.649639275038790862e-03
-1.389614800353447749e-03
-1.827435429422942601e-03
1.799470496816756417e-03
2.941865205684067973e-03
3.676287397880061234e-03
1.656019147985096640e-02
1.454463490325863181e-02
1.639931679197822664e-02
8.136249379050565153e-03
7.640837478773147146e-03
7.637332914248774057e-03
5.341587117557094339e-03
5.680903759741078377e-03
5.153029673672633246e-03
4.596943054002008630e-03
4.876324945240873877e-03
4.509612379395865935e-03
4.191404830179462637e-03
4.012094278281948603e-03
3.969800072446506151e-03
3.782214885748751143e-03
3.721780510206264443e-03
3.606245363905439313e-03
3.307931976117972975e-03
3.344174618559318888e-03
2.858715535453068557e-03
2.915153436225139533e-03
2.799021307021774818e-03
2.700909048976276195e-03
2.708682623466642046e-03
2.654335904754718482e-03
2.639685690400456110e-03
2.632576103475604574e-03
2.616111794453597917e-03
2.613816383383018617e-03
2.608738910994557771e-03
2.605230998822617976e-03
2.604407157297079431e-03
2.602682279061309476e-03
2.603695067826021763e-03
2.602576773587874856e-03
2.605037714946187907e-03
2.609098214676561483e-03
2.605423075984172887e-03
2.622563698264012214e-03
2.622000281815617916e-03
2.621495154196162945e-03
2.685649798202368373e-03
2.631291351798321389e-03
2.718060085618905202e-03
2.848416835858742779e-03
2.604599307897380745e-03
3.250158355187163488e-03
3.358909432607070158e-03
