-7.166088121814923962e-04
-8.534116392277032049e-04
-2.904042923108360492e-03
-2.946051804071078261e-03
-3.644366815149522112e-03
-4.043509088761235160e-03
-3.588708460675385341e-03
-3.945974976969676695e-03
-3.882946557553418332e-03
-3.841666736366440571e-03
-3.948512288423770486e-03
-3.897504106664953765e-03
-3.921981837075950821e-03
-3.938551406218481800e-03
-3.925383223429766179e-03
-3.940077459936420709e-03
-3.938971049959754528e-03
-3.938565837691541775e-03
-3.942789730650736457e-03
-3.940735207030634721e-03
-3.941766996106235016e-03
-3.941183911534568325e-03
-3.939190627015040982e-03
-3.939407156809821876e-03
-3.934220997393196237e-03
-3.932807662607825348e-03
-3.929758541147356302e-03
-3.915347878851146816e-03
-3.920842502818653805e-03
-3.898337173816605189e-03
-3.875722231310545652e-03
-3.898543051421141624e-03
-3.797957379497854825e-03
-3.823987772789395889e-03
-3.813441885406135008e-03
-3.495846296984700223e-03
-3.518521903503243724e-03
-3.382949729240704393e-03
-3.400547094988383336e-03
-3.397362235612463692e-03
-3.352436321541352009e-03
-3.720137976569789541e-03
-3.793460891347437067e-03
-4.735081040847040519e-03
-4.939972044984090177e-03
-5.561092220009562770e-03
-6.403470184048845257e-03
-6.314632892846025122e-03
-6.017249417500409800e-03
-3.788484933789046036e-03
-4.216836689320580499e-03
-3.702260498322178413e-03
-3.020050741638408056e-03
-5.640342225954523767e-03
-3.986566111122961942e-03
-7.019940523692496173e-03
-1.219088448721224877e-02
-1.356650653998922595e-02
-2.237655256647035767e-02
-2.949294154552076566e-02
-3.415367981777803902e-02
-5.417559003752159263e-02
-6.293466768286197499e-02
-7.529783898802837327e-02
-9.305259148871550257e-02
-1.013633284612529689e-01
-1.149594432080018880e-01
-1.381663845785596478e-01
-1.585419420405566049e-01
-1.645101569583001799e-01
-1.842906390782432235e-01
-1.853675574241361035e-01
-1.859922851609882299e-01
-1.915156560810204467e-01
-1.840303528253957321e-01
-1.803333864067531156e-01
-1.764136463260610466e-01
-1.635424834071868838e-01
-1.560993376119733100e-01
-1.423064018960636945e-01
-1.236513850712220586e-01
-1.167312617327261048e-01
-8.598993728878338849e-02
-8.180394490555187303e-02
-7.009443881461024928e-02
-5.139725245635702600e-02
-5.153775553363475204e-02
-3.537766879863644964e-02
-2.989579398147481151e-02
-2.543633921315622062e-02
-1.348372841108340554e-02
-8.425962090957774681e-03
-1.977885375184636804e-03
7.555679147369582724e-03
1.203372012915259782e-02
1.936087753852504256e-02
2.350467397508338233e-02
2.260484738038481822e-02
2.098641195356610450e-02
1.879196317012904460e-02
1.709312019914056152e-02
1.683065724731767215e-02
1.560287472432811927e-02
1.202347017613684260e-02
1.268417224878806704e-02
1.017330830906766105e-02
8.723924890211351771e-03
1.457157032078206481e-02
1.386269361339616604e-02
1.109297680236035616e-02
1.229611561402350201e-02
1.315789051212452876e-02
1.415556706859405142e-02
1.728100230240065330e-02
1.997421630460357797e-02
2.409608887645468128e-02
2.253085256771392500e-02
1.925935325148906210e-02
1.528448513479589710e-02
1.174474870165397380e-02
1.109464684442558469e-02
6.153223484987294448e-03
2.411031671432147840e-03
-2.325043351746629381e-03
-4.613966348528774145e-03
-6.175947572687918996e-03
-4.880333419540952913e-03
-3.467389333947011511e-03
-2.073879797636454109e-03
8.256504577788233504e-03
9.329298928619127532e-03
1.332602195453671916e-02
1.705313050789204407e-02
1.542466794381397791e-02
1.703325120803295123e-02
1.561909696038289545e-02
1.479321425764572664e-02
1.538184441004781210e-02
1.332458242700896092e-02
1.272764597879171358e-02
1.324798154836833580e-02
7.987934501068326074e-03
8.906640931218692825e-03
1.032901724541320301e-02
1.281115201370858908e-02
1.411817761143572235e-02
2.114393842919629757e-02
2.720910348222556341e-02
3.738232959606679895e-02
4.125506801328121531e-02
4.658643670911354756e-02
4.982207728975850125e-02
4.979332476074315589e-02
5.377446354555458913e-02
5.340309736032842342e-02
5.678971356404428211e-02
5.862612707653740152e-02
5.909053081615558978e-02
6.450720990160391244e-02
6.293466877266283566e-02
6.522055561418801939e-02
6.337448314924379322e-02
5.610999641833657597e-02
5.119342003778443173e-02
4.074263651589243862e-02
3.188915701271963221e-02
2.260422558287836919e-02
1.071989551609613123e-02
1.144717838007955520e-03
-7.944719064600414687e-03
-2.145252874692672035e-02
-2.739128138222438752e-02
-3.319320375466340567e-02
-3.878685132597235047e-02
-3.969899395481601978e-02
-4.254855366448801607e-02
-4.552420691560287586e-02
-4.592670813599526031e-02
-4.741325207395374886e-02
-4.759715417716572222e-02
-4.541084794903166300e-02
-4.314233391018617442e-02
-4.100136485197188041e-02
-3.921225969648926141e-02
-3.750535650067879367e-02
-3.948872962909112661e-02
-3.969908984632201931e-02
-4.154435884196916451e-02
-4.303260960977190602e-02
-4.226893577724594175e-02
-4.556346370786876210e-02
-4.135877807687245167e-02
-3.620612290848466280e-02
-3.648656459648730310e-02
-2.861411317638407059e-02
-2.026110073206941961e-02
-1.522105224980815734e-02
-1.002110010511682477e-02
-8.653631816438620006e-03
-5.961597979169239517e-03
-3.506056826119819704e-03
-3.212117512722757924e-03
-6.457601784939522548e-04
-3.394187590917060191e-04
-5.765390775250868721e-04
1.369238649302640786e-03
5.910724518792245287e-03
2.199486698779382510e-03
5.692217480608342470e-03
7.310282000028235638e-03
2.833557019099084730e-03
6.421770143751693964e-03
5.557775654508553299e-03
2.653653723208262115e-03
3.063277761317115787e-03
-8.337375941104203415e-04
-2.387948994075309896e-03
-4.641485770776180610e-03
-6.212551453547179164e-03
-8.515718410619094528e-03
-9.641257573638872813e-03
-9.201517300232199548e-03
-9.745101288079652951e-03
-7.287028014089860437e-03
-6.722619331959373175e-03
-6.182085838427413792e-03
-7.202935768575709306e-04
1.885877330761481785e-03
1.811531876890140266e-03
7.017403743499982249e-03
4.541509820190295886e-03
-5.944057843126730745e-05
6.019344574262996787e-04
-7.833568275407175319e-03
-9.405646296613282692e-03
-1.148376065939814630e-02
-2.029519200978925977e-02
-2.186111749147960637e-02
-2.926255577283893086e-02
-3.358944656158736886e-02
-3.775753871770350101e-02
-4.206511733348114457e-02
-4.398167293443377285e-02
-3.779256059477560659e-02
-4.034600901532214151e-02
-3.216813503292501736e-02
-2.895840660657575394e-02
-2.844879188855182345e-02
-2.050661947738822294e-02
-2.050100076835417034e-02
-1.818228329939367699e-02
-1.109774961779282088e-02
-1.257664652657925278e-02
-1.143710686099599916e-02
-9.560578286743722648e-03
-1.191229331224268745e-02
-8.672516663093907813e-03
-7.143526868053087613e-03
-7.284040939626649364e-03
2.581924428466824285e-03
5.096669729230347834e-03
5.564419537382041779e-03
7.881354617674331958e-03
5.257225474714938285e-03
-4.500968210965090172e-04
-1.831033325867474637e-03
3.168087307876279145e-03
2.625811900282318343e-03
4.912553576750823374e-03
5.971959179903293426e-03
4.854409326971466029e-03
4.295258920013344736e-03
3.467159035443199630e-03
2.572160757050232383e-03
2.511652066358822585e-04
-5.311225665676187497e-04
-3.080851763790603583e-03
-8.317595796721581614e-03
-1.124105220955238724e-02
-1.778708310132765674e-02
-2.157681277425349195e-02
-2.665967236446006167e-02
-3.044188604362640244e-02
-3.519541802821764265e-02
-4.106041525567870332e-02
-4.217559035017792723e-02
-4.621305363579553127e-02
-4.774235468833361307e-02
-4.878332597527373915e-02
-5.151452915387148834e-02
-5.194129864698920906e-02
-5.302962905200615806e-02
-5.523503456145234525e-02
-5.518338125902751828e-02
-5.392267272153659224e-02
-5.423162585833533889e-02
-5.090925134854977496e-02
-4.963988820711309757e-02
-4.979547348167508158e-02
-4.855190172645250379e-02
-4.821578364737302835e-02
-4.899099886337521942e-02
-4.648827979000438176e-02
-4.605335292760924515e-02
-4.410657305910536952e-02
-4.013073336561540083e-02
-3.885298605433552821e-02
-3.440249625147033530e-02
-3.084428677502111180e-02
-2.528149523193955195e-02
-1.990715557411197600e-02
-1.647655570191004087e-02
-1.388204411259600160e-02
-1.196494757279720211e-02
-1.039023672353135003e-02
-8.838380580086494312e-03
-7.663158414955205389e-03
-5.181736613563070297e-03
-3.050832137875859017e-03
-1.636260593354820631e-03
5.558640131970373974e-03
7.899795560732720059e-03
1.251952893679178502e-02
1.563208589366386903e-02
1.985950533517499145e-02
2.053557443815712258e-02
1.875215662020202761e-02
1.789969654482243683e-02
1.313419404342496682e-02
1.098558465087505834e-02
7.507011786751352500e-03
5.912757379846977912e-03
3.425648825652093023e-03
1.108679631992016013e-03
8.752814877618793864e-04
-1.379416582824766375e-04
7.520229633213740359e-04
1.100373801796740957e-03
1.417280923907554991e-03
2.990195819899859123e-03
2.999836413950150282e-03
2.793936453547414371e-03
3.765986607523697828e-03
3.051770285514921258e-03
4.443732164526235234e-03
4.963568605441489277e-03
4.548874291403704612e-03
8.638079762058960970e-03
8.374743765134586362e-03
1.152440837357249226e-02
1.571663543001047131e-02
1.590742297948167377e-02
1.807775073108927252e-02
1.343126967855649834e-02
9.912834986461206699e-03
1.532556404593778468e-02
1.172334655712178354e-02
1.351069848577365201e-02
1.173955223738270062e-02
2.965563682325251041e-03
-2.770167456675897213e-03
-8.013530802815803031e-03
-1.470128728091684225e-02
-1.649206873902872572e-02
-1.785666629103408592e-02
-1.765636235352323336e-02
-1.493794890282213947e-02
-1.894016410619378185e-02
-1.663205569376146817e-02
-1.887606932374021051e-02
-2.293228675784488718e-02
-2.219048967121321769e-02
-2.411622028571292625e-02
-2.243849545556952235e-02
-1.993675617450241591e-02
-1.698077843765936207e-02
-1.240269926325639899e-02
-8.750315667773903711e-03
-6.899227161467916475e-04
4.470969730168868062e-03
8.732796660430147337e-03
1.495662860015402849e-02
1.917445340643724599e-02
2.324793286899917710e-02
2.881835963095713549e-02
3.250121762497210770e-02
3.613804350971475121e-02
4.220433123691032240e-02
4.349451553945235527e-02
4.725730820891266282e-02
4.874587902266518114e-02
4.698576962378465949e-02
4.901301775423616558e-02
4.696213972212233412e-02
4.507632201008160422e-02
4.566391800408280133e-02
4.035614931266920391e-02
3.913123154750774990e-02
3.599138359646134738e-02
2.681969730682033648e-02
2.442228070742902962e-02
1.680949507230130452e-02
1.121773375427444208e-02
8.274264387404072288e-03
5.710841208354175413e-04
-1.347650619568097714e-03
-5.046031088710347529e-03
-7.631619383971000037e-03
-5.900712695292586324e-03
-7.480137021538592508e-03
-6.771751821658513262e-03
-5.107322848850501251e-03
-5.006431894478675579e-03
-3.089709088031773656e-03
-2.680027633471331570e-04
8.142968054865534853e-04
4.747462941053165117e-03
7.798486194318721143e-03
1.046909480798803756e-02
1.251736206746394825e-02
1.164552069702030207e-02
1.267700410316194640e-02
1.360762118623061109e-02
1.357718836692836314e-02
1.579828647487964421e-02
1.669717139993436364e-02
1.765037527436501968e-02
2.296204702227826189e-02
2.430381572121246767e-02
2.675261084638840686e-02
3.093333983640448454e-02
3.196831105356188335e-02
3.679771637432027731e-02
4.125543809900333869e-02
4.235690598588626871e-02
5.388304320762359045e-02
5.493830487729274570e-02
5.898406091372339344e-02
6.335099970362723099e-02
6.402394270359401673e-02
6.684170311667807229e-02
6.804270522859359738e-02
6.855095792130069809e-02
6.951830638040315535e-02
6.941507747018549335e-02
6.901048766604377105e-02
6.864180969642591501e-02
6.735629425612524313e-02
6.560698514213469945e-02
6.424900602811293993e-02
6.075676924438882381e-02
5.790666656259470246e-02
5.477402783459238422e-02
4.741726244051766570e-02
4.477092013537797149e-02
3.587206758076843388e-02
2.472071078349399528e-02
2.316891672159293591e-02
-3.826724540646492950e-04
-1.906461204400087921e-03
-5.588144077918010336e-03
-1.406466422240745980e-02
-1.164320058730974883e-02
-1.263576492482144931e-02
-1.426917096653108723e-02
-7.523618209174541549e-03
-8.714955840887817634e-03
-8.542049291359130742e-03
-6.268393693836953745e-03
-5.929834327931473789e-03
-5.310592883538408499e-03
-2.576064665875605394e-03
-2.807001655607212556e-03
-2.295608226764044805e-03
-1.595229319197908864e-03
-1.739736763421027323e-03
-1.314604557350669990e-03
-1.239167289173134876e-03
-1.367024564814516441e-03
-1.278147304194225892e-03
-1.169446094634116716e-03
-1.192653665707052967e-03
-1.128737472997748056e-03
-1.111490995624114970e-03
-1.105359488829656209e-03
-1.081183854589268158e-03
-1.078601817281860456e-03
-1.070743467744495348e-03
-1.063770539636860928e-03
-1.062341580239046113e-03
-1.058305404179538632e-03
-1.056704591079055166e-03
-1.055833441016541373e-03
-1.054435711748251316e-03
-1.054879667294917776e-03
-1.054593582069512751e-03
-1.055021853285997586e-03
-1.057553968279762932e-03
-1.056823464624878639e-03
-1.061664255069650654e-03
-1.065866611769282751e-03
-1.063890361514430432e-03
-1.083353213356823535e-03
-1.079631726120944138e-03
-1.088295968018445324e-03
-1.139095690460184811e-03
-1.091451161074125618e-03
-1.186791085695929494e-03
-1.237966890935554998e-03
-1.109842985016949723e-03
-1.575777280310874115e-03
-1.613829899424235612e-03
