-1.398913698381124837e-01
-1.533175889458357199e-01
-9.907259135968110586e-02
-8.838329602684145969e-02
-1.499670964992041652e-02
-1.185114233839752729e-02
-2.925812986881386885e-02
-2.925812986881410824e-02
-2.925812986881808422e-02
-2.925812986881439967e-02
-2.925812986881405273e-02
-2.925812986881392436e-02
-2.925812986881464253e-02
-2.925812986881556194e-02
-2.925812986881681094e-02
-2.925812986881638419e-02
-2.925812986881350455e-02
-2.925812986881294597e-02
-2.925812986881492703e-02
-2.925812986881565214e-02
-2.925812986881481947e-02
-2.925812986881547173e-02
-2.925812986881701216e-02
-2.925812986881393823e-02
-2.925812986881417069e-02
-2.925812986881379252e-02
-2.925812986881293903e-02
-2.925812986881500335e-02
-2.925812986881608235e-02
-2.925812986881576663e-02
-2.925812986881590194e-02
-2.925812986881408048e-02
-2.925812986881562092e-02
-2.532857533623038282e-02
-2.480145405134525152e-02
-4.979604922093418956e-02
-5.176082648722599849e-02
-5.281506905700254773e-02
-5.281506905700512206e-02
-5.427837046924310904e-02
-5.461044759140842170e-02
-5.833299911504928603e-02
-5.760134840893104541e-02
-5.693719416460324423e-02
-5.580935027107208207e-02
-5.652197906385976467e-02
-3.742756261380977140e-02
-3.799148456057160894e-02
-2.993826521324450748e-02
-3.139514412928766374e-02
-6.028121110146368589e-02
-8.981586057779417098e-02
-8.529689470819160069e-02
-4.722746875076368894e-03
8.387587422652354255e-03
5.177171347628278103e-03
5.177171347625834745e-03
5.177171347625332543e-03
6.221019611991597531e-02
8.228383607661328425e-02
3.242723963868294340e-02
-6.126503393130101199e-02
-1.963328575746901838e-01
-1.992714968644130613e-01
1.035390251541576812e-03
2.858953826539747944e-01
2.923128252007418659e-01
1.524020957042053481e-01
1.524020957042079016e-01
1.524020957042163116e-01
1.524020957042145352e-01
1.524020957042060698e-01
1.524020957042073465e-01
1.524020957042143964e-01
1.524020957042152014e-01
1.524020957042117874e-01
1.654841117944655937e-01
1.532774510745008867e-01
-1.694057900871841563e-02
-2.348158705384524592e-02
9.317343860811912485e-04
9.317343860794243243e-04
9.317343860816398914e-04
-9.307319568208642646e-02
-2.313909496520712150e-02
8.611959689752844704e-02
2.287375049140222272e-01
4.106084030022397885e-02
-1.529168588526629846e-01
-2.405558916871612385e-01
-2.134507312725084649e-01
-1.778457750842980800e-01
-1.420946559502158923e-01
-1.744757190330412377e-01
-1.578565945020554695e-01
-7.239801204410575841e-02
-5.620748050269619434e-02
-8.944572956465857150e-02
-5.508517949902205779e-02
-6.261726654410729176e-02
-1.224392156444542579e-01
-1.421298301325471802e-01
-8.693255604812252790e-02
-5.881047306676684405e-02
-1.891004102852469199e-02
-1.851698841409134266e-02
-4.094364676252958829e-02
-3.930615567467491550e-02
-4.605352093899240523e-02
-3.437025577175763236e-02
-2.209241434036018741e-03
-2.669431742023415516e-02
-7.801938701782412666e-02
-1.872413233378532882e-01
-1.359861233607594644e-01
1.020542778863508387e-01
2.071786506471610945e-01
3.310025860526917274e-01
2.071720879598455967e-01
-3.721126864391701566e-02
-2.048708201199646028e-01
-2.910808063233684129e-01
-2.860185762271601484e-01
-1.206117397905142746e-01
-7.633092099499834415e-02
-5.537626446598783309e-02
-3.148881860565881652e-02
-1.936619724818025579e-02
-2.468782194075510791e-02
-7.246271366141558701e-02
-7.246271366141991688e-02
-7.246271366141521231e-02
-5.137548421651930153e-02
-6.500040215909536068e-02
-8.420804170815439360e-02
-1.190462858544472924e-01
-7.479144807024143415e-02
2.408414585743064162e-02
3.623146056935476478e-02
8.354464172170039671e-02
6.919340663134319891e-02
-1.011690733557584071e-01
-1.418306658309741175e-01
-2.557976270076295355e-01
-2.897237276932769778e-01
-2.298867548132096372e-01
-1.585520391345155156e-01
-2.555200698353260122e-02
3.577768444297792227e-02
3.545431640019993530e-02
2.880401010357980848e-03
-1.197789818426713143e-01
-1.197789818426735764e-01
-1.197789818426749503e-01
-1.197789818426730074e-01
-1.197789818426738817e-01
-1.197789818426762271e-01
-1.197789818426692882e-01
-1.197789818426725633e-01
-1.197789818426754499e-01
-1.197789818426741593e-01
-1.197789818426728686e-01
-8.282190165669416071e-02
-1.074320731428583253e-01
-4.316238188253074259e-02
-6.164092197552178964e-02
-1.242057900319767580e-02
-1.242057900319214377e-02
-1.242057900319903582e-02
-1.242057900319116538e-02
-1.242057900319220795e-02
-1.242057900319638516e-02
-4.091244565276962175e-02
-5.937598126865691744e-02
-2.062424415346729434e-01
-1.919965082098882281e-01
-1.550694369781053794e-01
-1.443920544090319946e-01
-1.345342000336092192e-01
-1.051932353999314590e-01
-9.825530510458145572e-02
-2.176827540883893505e-02
-1.119011526541524235e-02
-7.590958397202896002e-02
-7.537136358496877853e-02
-4.799675440411827615e-02
-4.811781867874182633e-02
-6.443535500452139686e-02
-3.733617177073161094e-03
9.805566508992200753e-03
2.556256272142103797e-02
-4.586413714061871039e-02
7.833960908207213483e-03
-1.649238606693896429e-03
2.067855613366251406e-03
2.067855613368103224e-03
2.067855613367589745e-03
2.067855613367788371e-03
-1.310142528533784177e-02
-1.622756258490472975e-02
-5.384490722363037551e-02
-4.294094691749639203e-02
-1.653507929876543714e-02
-1.752292133917931691e-02
-2.481041588498235362e-02
-3.185745057187196194e-02
-3.396269099692326987e-02
-3.396269099692347110e-02
-3.396269099692440785e-02
-3.322271414019715985e-02
-3.197914386178500601e-02
-4.599507563672474569e-02
-4.636506406508918848e-02
-4.885220462191736113e-02
-4.885220462191749990e-02
-4.885220462191700724e-02
-4.885220462191779828e-02
-4.885220462191728480e-02
-4.885220462191521701e-02
-4.885220462191858931e-02
-1.755971398410849371e-02
-1.571799537171006053e-02
-1.058570965602512182e-01
-1.391644444646815415e-01
-1.909688092269584136e-01
-1.532573277436843073e-01
-1.069039873049895811e-01
-7.307244613167365732e-02
-2.721819693322386630e-02
8.551487216369263412e-04
7.851528233740089069e-02
3.486187078472281070e-02
-7.723378699957648974e-02
-3.809505963122124250e-02
-4.452262368796574415e-02
-1.247847353214027732e-01
-1.467532111806087169e-01
-1.647927925888715284e-01
-1.227620881789238533e-01
3.130426565440697778e-02
9.069176635099873707e-02
-2.136703994804884862e-02
-8.000504751549943061e-02
-1.309476803796916500e-01
-7.028214022609548250e-02
-2.736309303471696000e-02
-3.061971275437343210e-02
-3.581765629664841050e-02
-3.764894136249231915e-02
-3.087175647850014248e-02
-6.623514075895080289e-02
-2.356049260205279050e-01
-1.708976232517401828e-01
8.646520995685744171e-02
1.500263977193908860e-01
1.371128265679204608e-02
1.371128265679238435e-02
2.124445042244892390e-01
1.957387863690975283e-01
4.828702195966717153e-02
-5.107958882417750618e-02
-1.766815311339224939e-02
-1.766815311339045569e-02
-1.766815311339519148e-02
-1.124154182550051589e-02
-3.761663995923482384e-02
-1.196779843681632233e-01
-1.228912900121130053e-01
-7.014109374464619351e-02
-7.014109374463846358e-02
-7.014109374463894930e-02
-7.014109374464008728e-02
-7.014109374464390367e-02
-7.014109374464132241e-02
-2.174998997816006696e-01
-2.827689862849406821e-01
-2.757600659295366130e-01
-2.020806629110601382e-01
-7.154248990436821998e-02
-8.041544339873299418e-02
3.361693752642040504e-03
1.580383612668981308e-01
1.624748380140804416e-01
3.912116373169896577e-02
1.892962102174350694e-02
8.638243844214412229e-03
-1.346205616596987502e-02
4.301524666308759182e-02
5.084086417478455439e-02
8.565514931176838528e-03
1.595036969220148260e-02
-5.249426123006536993e-03
-6.326719660009758051e-02
-9.249940860862221337e-02
-8.991063927312173409e-02
-6.885137011661308926e-02
-4.901035959705827422e-02
-2.210823037520501591e-02
-1.832112009399691765e-02
-3.897112135576676073e-02
-1.234094327652492454e-02
-2.695831475239020628e-02
-1.167518333002919018e-01
-1.670071909063211291e-01
-1.729850944275141966e-01
-1.532648340348942984e-01
-1.131398543205301144e-01
6.362626440664899408e-02
8.388839304316220158e-02
1.210070823686434927e-01
1.412281432015217164e-01
1.049961883951105734e-01
6.460350642975869195e-02
2.416138476400314303e-02
2.416138476400116544e-02
-6.894719931666357451e-03
-4.007273993497689757e-02
-9.655080400864128609e-02
-6.601348685310168274e-02
1.467722158293522901e-03
2.045122708182762691e-02
1.294659467798025404e-02
1.069625666842057010e-02
1.069625666841600084e-02
-5.334081288786434588e-02
-6.214236301089737062e-03
1.289950246710092618e-01
1.582209682940046436e-01
7.197145499080354059e-02
4.215622929303394079e-02
6.244555874367356540e-02
-5.008217833309725614e-02
-4.776357775130409267e-01
-4.360953297671368856e-01
5.569844068806913823e-02
1.902207236278236624e-01
5.853507516455477844e-02
1.426148990452412793e-02
-3.819055096350355838e-02
-3.819055096350517514e-02
-4.299358105333665053e-02
-6.687795768942303432e-02
-6.039568910731344525e-02
-7.331472076434573937e-02
-1.034341238953012387e-01
-1.520233550968541625e-01
-5.900114637333095380e-02
5.068549179705127833e-02
1.428942155447849860e-01
-2.006248875944117438e-01
-4.103158542488157812e-01
-2.608458979459200577e-01
-2.657639406504058374e-02
5.633769447131125457e-02
1.928470060579777837e-02
-7.787524093224289928e-03
2.646747160533444252e-03
-2.894252931820535599e-02
-1.085012388765872055e-01
-7.533287044606351568e-02
-8.219719095021539579e-02
-5.667980060272101439e-02
-8.227767194575646981e-02
-6.150128479509804624e-02
6.758760145238634776e-02
9.012052811129300789e-02
2.984123173632696399e-02
-4.012074502210463689e-02
-1.440076826879697625e-01
-1.638400807023315808e-01
-9.683034161361631087e-02
-1.173629018818566211e-01
-9.640712657640768124e-02
-1.263688353274406428e-01
-1.254202832763016418e-01
-1.471562825205564029e-01
-1.697471107038000249e-01
-1.700364502934669231e-01
-1.048520869880789630e-01
-8.226318876372071265e-02
-4.743642111683545742e-02
-4.670809754437241224e-02
-4.245267172685554535e-02
-4.333963358688272538e-02
-2.547898260940921478e-02
-2.322258660954470283e-02
-4.013509894992463301e-02
-6.365367114880063348e-02
-7.531301051517194645e-02
-5.460320557368839034e-02
-4.582480660241616821e-02
-3.153171186912748225e-02
-3.153171186912749613e-02
-2.362216029974779571e-02
-2.219796446679059287e-02
3.180007392680325642e-03
-1.164554974045966911e-02
-6.090118228940606671e-02
-1.576541409586113274e-01
-1.438776913893780318e-01
6.781786842951140204e-02
2.071786506471551548e-01
3.310025860526930042e-01
2.072845797685454738e-01
-1.315322292710378316e-01
-3.539973787614681400e-01
-2.814164984396993474e-01
-2.029932082945850313e-01
-1.645603365350415404e-01
-1.810189506215003907e-01
-1.529971007286533846e-01
-2.601236178968142562e-02
5.545870366734308859e-02
-1.125050180896369593e-02
-5.833671264798629547e-02
-9.346893990513463479e-02
-5.527779270897276859e-02
-1.268640963931549036e-02
-9.080425860377027911e-03
-7.800858884372986746e-02
-1.186303466768820619e-01
-1.481084398096375876e-01
-1.972430982331566801e-02
9.047786016653050489e-02
7.216446117019556517e-02
-4.440545832790179087e-02
3.349339615803213765e-02
4.985862771567237117e-02
5.112507759453942952e-02
5.112507759453747969e-02
5.112507759454024137e-02
5.112507759453923523e-02
5.112507759453868705e-02
5.112507759453994993e-02
5.112507759454031769e-02
1.772905855844529865e-01
1.488129119950576673e-01
-2.106859334489515900e-01
-2.737686874439114182e-01
-2.168133402651185870e-01
-2.168133402651171160e-01
-2.168133402651170605e-01
-2.377562747539139487e-01
-2.264526019814041002e-01
-1.966021820012556487e-01
-1.861307147568606324e-01
-2.087380603018698377e-01
-2.087380603018621217e-01
-2.087380603018649805e-01
-2.087380603018706426e-01
-2.629160072348787902e-01
-2.955385273004065283e-01
-2.680843478299618221e-01
-2.347897781018949692e-01
-1.364847850408520968e-01
-1.580205397618802271e-02
-1.890485210697189292e-02
-8.502475796692413046e-02
-8.502475796692311738e-02
-8.502475796692116061e-02
-8.502475796691492949e-02
-8.502475796691980059e-02
-8.227593070180987123e-02
-9.126671976898438621e-02
-1.444836356931125110e-01
-1.458580493256756150e-01
-1.278764711913360497e-01
-1.278764711913309149e-01
-1.278764711913202012e-01
-1.278764711913255858e-01
-1.278764711913342456e-01
-1.278764711913293606e-01
-1.278764711913275565e-01
-1.197541892674039848e-01
-1.007285639072126870e-01
-6.530453528469948310e-02
-9.586415305392900765e-02
-1.225051311111153285e-01
-1.498272952281531623e-01
-1.610316989954582723e-01
-1.324849126049326142e-01
-1.438122031118390862e-02
1.273838128276788204e-02
-1.209506814613997838e-01
-1.598202923949701149e-01
-8.130888491903739967e-02
-4.838505119376085989e-02
5.425849026637685063e-02
4.583977932615241474e-02
7.867590738797065886e-03
3.117256125271760173e-02
3.154906407232118543e-02
3.189164510254373364e-02
3.189164510254356710e-02
5.377095175254516246e-02
6.486516032653895369e-02
7.663432691183497125e-02
6.569467358683563074e-02
4.350625643884793725e-02
4.350625643884628579e-02
4.350625643884485638e-02
4.350625643884538374e-02
4.350625643884775684e-02
4.803578222281991439e-02
4.424787552093825682e-02
-3.303086487292700157e-02
-3.529562776491369097e-02
-2.771981436114910255e-02
-2.771981436115010869e-02
-2.771981436114846764e-02
-2.771981436114858907e-02
-2.771981436114910255e-02
-3.923396206625903021e-02
-4.222182831162763633e-02
-4.859009162599237097e-02
-4.283301777343635069e-02
-3.685728528270135196e-02
-3.685728528270175441e-02
-3.685728528270159482e-02
-3.685728528270029725e-02
-3.685728528270133808e-02
-3.472288577536707110e-02
-3.447929441011617774e-02
-2.772513131490170896e-02
-2.879233106856749283e-02
-2.927951379906970283e-02
-2.927951379907070897e-02
-2.927951379907250615e-02
-2.927951379907063958e-02
-2.927951379907042795e-02
-2.927951379906875221e-02
-2.927951379907104551e-02
-2.927951379907083734e-02
-2.927951379907200655e-02
-2.927951379907077836e-02
-2.927951379907003937e-02
-2.927951379907112184e-02
-2.927951379907117388e-02
-2.927951379907171511e-02
-2.927951379907050428e-02
-2.927951379907111143e-02
-2.927951379906983814e-02
-2.927951379907257554e-02
-2.927951379907044877e-02
-2.927951379907215920e-02
-2.927951379906977916e-02
-2.927951379907108367e-02
-2.927951379906932813e-02
-2.927951379907188165e-02
-2.927951379907082347e-02
-2.927951379907006019e-02
-2.927951379906983120e-02
-2.927951379906927609e-02
-2.927951379907123980e-02
-2.927951379907128143e-02
-3.016654307819184588e-02
-3.052625780252674753e-02
-2.669202612267906199e-02
-2.588254962426565081e-02
