-1.282754101754028913e-03
-1.432622874356629999e-03
-3.535781496507882111e-03
-3.568516742435837510e-03
-4.247964169100365561e-03
-4.589342902890937090e-03
-4.286986077534714334e-03
-4.560352918802189001e-03
-4.531089721926281205e-03
-4.514297256987128207e-03
-4.585567770951494079e-03
-4.560707973564456265e-03
-4.576600911523659616e-03
-4.587594925429473031e-03
-4.582298221239144466e-03
-4.590053189730343604e-03
-4.590332023176506640e-03
-4.590538257334224152e-03
-4.592538660591310995e-03
-4.591948354115525308e-03
-4.592645784802517478e-03
-4.592097831545384479e-03
-4.591669369487671841e-03
-4.591996083641932888e-03
-4.588139572311260642e-03
-4.589912003503646837e-03
-4.586183700315212691e-03
-4.576124624727258630e-03
-4.588150578179883352e-03
-4.557696916232566349e-03
-4.553835207831622572e-03
-4.580413498922819050e-03
-4.444653711238180128e-03
-4.558421902783828597e-03
-4.463882455159924253e-03
-4.052223408831458901e-03
-4.117436124712951263e-03
-3.943396192087820530e-03
-4.329508451652462966e-03
-4.218691558578773620e-03
-4.204523504356431560e-03
-6.225730634356197411e-03
-6.405199378200421810e-03
-7.220185094530826367e-03
-6.885302946490531179e-03
-7.848410731823950506e-03
-7.019009250635676808e-03
-6.506870811973609545e-03
-7.361215144324492407e-03
-5.699885482470355355e-03
-4.966373678074093891e-03
-4.258693727502871340e-03
3.992123237700218215e-03
6.388173527850715856e-03
5.509993229711709212e-03
1.103642919186801491e-02
9.279704540482545602e-03
1.250253453665585782e-02
1.119896917132748304e-02
1.214996890732748802e-02
1.154322879234602299e-02
4.333542874304359069e-03
1.820826047352201585e-03
-1.028807152298636231e-03
-5.333190275650080692e-03
-6.144495062909262686e-03
-1.099793541804814333e-02
-1.310479345260061670e-02
-1.607101041842345923e-02
-2.114631243715688752e-02
-2.253182333421915526e-02
-2.831308613318275769e-02
-2.983252180229684775e-02
-3.065295937364930640e-02
-3.271136654574751529e-02
-3.279181521634600555e-02
-3.297310118084775810e-02
-3.290286499024799860e-02
-3.293853998411980233e-02
-3.063784914210247040e-02
-3.065858497538566027e-02
-2.826339829388137270e-02
-2.543467048372378969e-02
-2.270986200504425748e-02
-1.834489900909653387e-02
-1.267282342154117149e-02
-9.296569708142571678e-03
-8.398323181406094212e-03
-6.819667183021824869e-03
-6.430037211364670116e-03
-7.249406683113775521e-03
-6.124031071141360430e-03
-5.864561001626289287e-03
-4.672679595642665294e-03
1.345812393939174951e-03
3.873554411485147578e-03
2.838876600515503369e-03
9.529529136136224380e-04
-1.809067836919163019e-03
-6.938118791454853107e-03
-1.273478087719668098e-02
-1.201771256594704775e-02
-1.333034803563683431e-02
-1.707094146540665686e-02
-1.587791547731030872e-02
-1.911719538115455932e-02
-1.974072690739245989e-02
-1.835056447798980722e-02
-2.157662492919461272e-02
-1.894996007466250368e-02
-1.931431471483232090e-02
-1.828016257346661011e-02
-1.580594704134081693e-02
-1.654407703185968234e-02
-1.406997692345409931e-02
-1.522173812884125219e-02
-1.628619931075612343e-02
-1.811940750988098175e-02
-2.115387822540210766e-02
-2.330135379255213884e-02
-2.640499621373129657e-02
-2.395064695374604299e-02
-2.495978735732428538e-02
-2.618112077104978175e-02
-2.458541251263534830e-02
-2.629087749066844754e-02
-2.800314765340036760e-02
-2.811263363242781643e-02
-3.073733410246883013e-02
-2.867349087088613691e-02
-2.912113835178847809e-02
-2.975270445210220424e-02
-2.796952964997738433e-02
-2.850090723134702381e-02
-2.676210745231828725e-02
-2.217881770552467338e-02
-2.148158403471649852e-02
-2.035523752436783906e-02
-1.873125445490962659e-02
-1.901955451969937483e-02
-1.406407519230437608e-02
-1.264887327049149003e-02
-1.198055517361982722e-02
-1.076640413785445033e-02
-5.362449589552327131e-03
-1.819971029181389598e-03
-8.216454536832805845e-04
7.663908955818764072e-03
7.102090563345806774e-03
1.005891751347434346e-02
1.178081908294354233e-02
1.050048849912737017e-02
1.032960648964935911e-02
7.189300250740516054e-03
7.982027119028125076e-03
2.935918886570458575e-03
1.039864688280302046e-03
5.064775453279217639e-03
3.225885161478664158e-03
3.752919846183448791e-03
3.621030605331510954e-03
-2.071454047033286904e-03
-1.065162024417498762e-03
-2.947902211243679741e-03
-3.793093086691451312e-03
-2.308127037602841942e-03
-3.163148268509239323e-03
-2.567532032282876867e-03
-3.671938438390563893e-03
-4.256969406788712294e-03
-8.463343595653344265e-03
-1.539240059353592059e-02
-1.880192500166030789e-02
-3.165087979974547799e-02
-3.489902893296574493e-02
-3.337092505188042624e-02
-3.736133208990972260e-02
-2.829588071853849848e-02
-2.472770720405922940e-02
-2.449241105244149425e-02
-1.762764205664675565e-02
-1.631881435168963668e-02
-1.368401483010884059e-02
-9.980544151796937047e-03
-9.511915520614745018e-03
-8.375953083461402937e-03
-7.729310968728343723e-03
-7.324170279281010283e-03
-6.868729927436281052e-03
-4.190984525777766839e-03
-4.481191731217611454e-03
-3.577510521875239963e-03
-2.879380636996229162e-03
-3.885907849555368405e-03
-2.797152164861156642e-03
-3.832745283760327984e-03
-3.630869807738157720e-03
-2.034137848342762889e-03
-2.457394930947456174e-03
-6.906923409382028202e-04
8.008157837280100843e-04
1.159961491408749131e-03
4.651975377160405371e-03
5.353390775605293070e-03
5.502699476578182952e-03
7.701358926206280237e-03
7.073384291786329742e-03
7.892151484138600764e-03
9.211909377862412263e-03
7.674507995036480845e-03
9.516276261759909483e-03
8.583301526431021816e-03
5.385520723791506308e-03
4.166759364564396814e-03
-4.845708148111363997e-04
-4.258688042033915468e-03
-6.146487044013437817e-03
-1.125587247826086504e-02
-1.253591233886005608e-02
-1.277682076657915208e-02
-1.535512150645093089e-02
-1.527102913565677247e-02
-1.588461208501760341e-02
-1.419960543202272545e-02
-1.393603184800155763e-02
-1.011304123375792938e-02
-8.441081778421836990e-03
-9.407627649300105005e-03
-6.846084656212925688e-03
-7.075232283851696363e-03
-6.077867679182353405e-03
-2.261134430799934501e-03
-2.279767302545112045e-03
-5.874585785216775158e-04
-8.591698157947542458e-04
-3.498045902890872718e-03
-5.627841556514026448e-03
-8.380699755901194203e-03
-1.318438475059593648e-02
-1.636815853847141747e-02
-1.703498500018385542e-02
-2.804280079328626968e-02
-2.703084601997381153e-02
-2.777291973178994122e-02
-2.889636966016325900e-02
-1.865161625686991703e-02
-1.593620492053436991e-02
-1.475103366918620318e-02
-9.410287411500486282e-03
-1.151548097046103600e-02
-1.317139073412838118e-02
-1.383648594194060444e-02
-2.090297207777988553e-02
-3.014160701216866967e-02
-3.997474941915601931e-02
-4.283008476565127592e-02
-4.535294923208141316e-02
-4.480117454221708984e-02
-4.427995364891305213e-02
-4.437770145364287183e-02
-4.273901042170676068e-02
-4.316065835466841027e-02
-4.170069091869972600e-02
-4.149241333119722819e-02
-3.894255747725021422e-02
-3.337620039826323659e-02
-2.968344036380984180e-02
-2.694773422601473567e-02
-2.398979474345254784e-02
-2.516850018280365753e-02
-2.247676160751294755e-02
-2.277470597557205295e-02
-2.308281390691947418e-02
-2.344620570864134473e-02
-2.294965500755595869e-02
-2.188604870475900979e-02
-2.277555471412286495e-02
-1.977293640577601833e-02
-2.259340373738006127e-02
-2.468327020627122947e-02
-2.611162250506956009e-02
-3.395623411590136670e-02
-3.585553143391752295e-02
-3.783692228088315901e-02
-4.058082368089593189e-02
-3.923343240575602464e-02
-3.659796538480734884e-02
-3.479261941182750645e-02
-2.980108198534347705e-02
-2.300219454952279891e-02
-1.801703134834650374e-02
-1.147365110002504171e-02
-7.895271152321260352e-03
-3.405358184843570828e-03
-1.385987070040928769e-03
-1.547674309118088299e-03
8.928044108203595820e-04
7.502306409129732515e-04
1.437310783272553174e-03
2.910418872243416936e-03
2.043658624082639146e-03
3.713401136953687828e-03
3.600872255293669638e-03
1.752823333188194624e-03
1.395014935260849211e-03
-1.361717877229749697e-03
-3.231002462218784260e-03
-4.514962325778188248e-03
-7.491265279339071395e-03
-9.506925864013446997e-03
-1.121051433837370534e-02
-1.198982754248270610e-02
-9.635567905587297255e-03
-9.625338223260077736e-03
-6.628934274175867294e-03
-6.304985003084891647e-03
-5.408470617917804889e-03
-4.588526833311783182e-03
-5.134210179354025717e-03
-4.974709590344039180e-03
-4.751646239371035141e-03
-4.816294304146669265e-03
-4.847477741226690479e-03
-3.997083222970078398e-03
-4.575836365379976067e-03
-3.846922012938262889e-03
-9.474342578311610802e-04
3.093967388415422856e-04
8.355783675845065766e-04
9.838766264019093571e-04
2.768205435353791356e-04
-4.887064010469385766e-03
-6.551382016219447352e-03
-8.662099287478528323e-03
-1.674770791142340259e-02
-1.750211942472386373e-02
-1.558760874548260379e-02
-1.754274597268953850e-02
-1.695681747907692646e-02
-1.529175354469960654e-02
-1.552278203866364233e-02
-1.469093269218016938e-02
-8.344776689724621097e-03
-7.806572859401731540e-03
-6.954532180255100157e-03
-5.062970235023044399e-03
-4.935966779719013278e-03
-4.252585602830399013e-03
-3.139615944649024482e-03
-3.143286139928997552e-03
-2.520024426691454787e-03
-2.617092061284069082e-03
-2.616329174521070909e-03
-2.486684090288280614e-03
-2.509253116997110268e-03
-2.488310035896888848e-03
-2.435093015114552124e-03
-2.374220491791120650e-03
-2.453210500007201381e-03
-2.194069108213915140e-03
-2.220973852138328868e-03
-2.495288060957695942e-03
-2.504065223604145379e-03
-2.811848997527173315e-03
-2.856783088355604842e-03
-2.717705534080285153e-03
-2.718437286591554505e-03
-2.661049896657579315e-03
-2.629877866243578687e-03
-2.622721813063869870e-03
-2.601641734101574691e-03
-2.595549234703829668e-03
-2.590119645435558834e-03
-2.584139874877042393e-03
-2.582412638260948509e-03
-2.580039248048435641e-03
-2.578605460968559204e-03
-2.577870599244575303e-03
-2.577475678997592605e-03
-2.577099451300109059e-03
-2.577052593973047645e-03
-2.578378773375184299e-03
-2.577278959978734213e-03
-2.580023888998381285e-03
-2.582859267208754972e-03
-2.578813693038487821e-03
-2.594629496435716526e-03
-2.589741320081603154e-03
-2.589743612736200573e-03
-2.645080272109261946e-03
-2.582002954711870232e-03
-2.671422532223699693e-03
-2.760937704236912475e-03
-2.521743677132676654e-03
-3.161557554317868252e-03
-3.274074423943867940e-03
