5.263610053925598525e-03
6.735810823493373380e-03
2.747969697962738406e-02
3.409102635663410763e-02
2.461678370868629340e-02
1.831745626820339978e-02
1.396747770264276933e-02
1.396602252269005424e-02
1.396507543726031170e-02
1.396473188927982792e-02
1.396478152284714655e-02
1.396478152284771207e-02
1.396478152284682910e-02
1.396478152284718298e-02
1.396478152284718645e-02
1.396478152284699216e-02
1.396478152284664348e-02
1.396478152284766176e-02
1.396478152284739288e-02
1.396478152284877025e-02
1.396478152284674409e-02
1.396478152284681175e-02
1.396478152284683083e-02
1.396478152284734257e-02
1.396478152284594092e-02
1.396478152284762013e-02
1.396478152284724890e-02
1.396478152284721767e-02
1.396478152284669032e-02
1.396477751408635101e-02
1.396481550358714269e-02
1.396477780521554468e-02
1.396503596509529599e-02
1.431662839555545956e-02
1.392860732708014679e-02
1.718555838158972865e-02
1.700962129902303457e-02
1.778558769324308994e-02
1.778630228018703019e-02
1.691332488385390714e-02
1.658227812886355415e-02
1.935489132582670496e-02
1.979121382827310829e-02
2.045489258891546730e-02
1.863401037783155717e-02
1.963391605679043819e-02
2.863845801260330240e-02
2.954974148359584482e-02
2.933572977307718696e-02
3.085584693554029728e-02
3.701641910364510818e-02
3.996373700171572396e-02
3.465100968215166499e-02
1.585115506154534740e-02
1.341486271337591525e-02
1.718711196021033977e-02
2.838422725521462086e-03
3.091883037572126965e-03
4.651997550987526167e-03
-2.143643648955312689e-02
-3.909296080384198901e-02
-1.434335169340794289e-02
-1.302820789725341218e-03
6.481874871652075487e-02
8.438744040881250574e-02
8.739343182754863437e-02
5.777918809535918104e-02
9.077426877424818116e-03
3.519487632581120261e-03
1.060931939186658853e-02
2.972127872876313692e-02
2.973036028360857494e-02
2.976469944936223008e-02
4.337976005150041836e-02
7.021982446412716738e-02
1.390183232523844181e-01
1.510474165728130092e-01
8.971619385083350051e-02
3.686857343187772973e-02
1.980018544576930134e-02
-6.135688234892902257e-03
-6.684511236775285761e-03
2.178841412561394880e-02
3.332133415758859601e-02
3.359974401942558697e-02
3.164189649522189396e-02
2.971684263541055429e-02
1.762997233989096676e-02
1.861018399305236840e-02
2.246573883442065309e-02
2.253424461817900640e-02
2.922608274857409205e-02
6.956177660187240486e-02
6.246757810820628004e-02
-1.698210899873368873e-02
-2.220845165810008195e-02
6.278135367240951850e-03
1.460089982231375060e-02
1.728013136231331542e-02
1.621025785465430788e-02
1.558083466603806498e-02
1.049865016421716070e-02
-8.460749326517733038e-03
2.739015396545840027e-03
2.965822515698099404e-02
2.424578948154696226e-02
-7.185009023034984524e-03
-1.418503869587864341e-02
9.239050469747349045e-03
1.201604659249658896e-02
2.447918415589702204e-02
3.987948062446023539e-02
4.558254823626533420e-02
2.664242917002661651e-02
1.259489618254362557e-02
1.294278552158310662e-02
1.229013050985450564e-02
-3.451544664814881172e-04
1.064427788467491986e-03
1.205183611950549905e-02
2.602472418414563532e-02
1.931734501370566820e-02
1.307753202826784054e-03
-2.520914514523366155e-03
6.074662578221386340e-03
6.219391606464619304e-03
2.892673773463642212e-03
-1.698411447511390939e-03
-3.137294276792045120e-03
-2.530575469633187385e-02
-1.403948597277489448e-02
5.573586516187833961e-02
9.876365604676845544e-02
8.199414620348398353e-02
5.076104042184514248e-02
3.432804082076499480e-02
3.942922576058820877e-02
3.941040594363491578e-02
3.941013217475181768e-02
2.681255686446831765e-02
2.376863437896210157e-02
2.145666874310768815e-02
2.775194765678516348e-02
3.830481376299842144e-02
3.694379363233238345e-02
3.285667998679024648e-02
3.063218630064592357e-02
2.579222857273138006e-02
3.249425536020909833e-02
3.719956098339800843e-02
4.098239556348913515e-02
2.757313757628606157e-02
3.665000535484343180e-02
3.547339809265743354e-02
2.315550984923212680e-02
1.861848320158106945e-02
2.096740330631509733e-02
2.096445055476769612e-02
2.012180064966877235e-02
2.121542963338262852e-02
9.722233502114114440e-03
1.014345622615874486e-02
7.956396383243349510e-03
7.955940257006360525e-03
7.956361326777981746e-03
7.954326499081867258e-03
1.138075350321290403e-02
9.785745196210157704e-03
-1.529036637409899799e-02
-2.232744766337376244e-02
-1.616270733045193156e-02
-1.170161750315744029e-02
1.302819759151535020e-03
7.327851056854150537e-03
4.077783517686417447e-02
4.033882592295104375e-02
3.508193254672192785e-02
7.586121925215225104e-02
9.282993103626310805e-02
7.527004051586275168e-02
-1.974757358840074136e-03
-1.635083037356449553e-02
-8.534183982314322639e-03
-8.877447255639989545e-05
1.065930279955410072e-02
1.001197591524571363e-02
9.386860541521512002e-03
9.716124661248999594e-03
1.101310994476119819e-02
1.101227113437143988e-02
1.101515798678351366e-02
3.630801750762714056e-03
8.907189195594730768e-03
4.921471334104302736e-02
5.290668282171587938e-02
5.432879418950423145e-02
4.994337819253647642e-02
5.258054646933088550e-02
4.659665242909655225e-02
5.537663905065986353e-02
5.537495759975216009e-02
5.537625610662706699e-02
5.538133603789837517e-02
5.537642298615842729e-02
5.536748805388953115e-02
5.537288283929975297e-02
4.095227444361521779e-02
3.832630133528416860e-02
5.970199266836907770e-02
6.691200743507395854e-02
7.218228676163068736e-02
7.219614499108138739e-02
8.050170287013985737e-02
9.362376972483620052e-02
1.082546831240986107e-01
1.041148809166821537e-01
7.786848484626153477e-02
7.785966332932743594e-02
9.612840297572403103e-02
8.989365508329555388e-02
4.378405574347084273e-02
3.463677170006941586e-02
3.483470865661976446e-02
3.202328247461708188e-02
6.942704789978456845e-03
1.306887939076808655e-02
1.490350642253187967e-02
1.818743365385242297e-02
4.007930439340916945e-02
5.880941698783279797e-02
5.295904793095561336e-02
6.884943760713443765e-03
-6.645902770504459253e-03
-7.561973109238305513e-03
1.035057297551027471e-03
1.125599195981499649e-02
1.007264608356723580e-02
1.029396256469537231e-02
5.898688578718577422e-03
6.492391581946429548e-03
2.533813795301423453e-03
-9.865040977965950676e-04
3.250932869307070205e-02
4.046782313411282500e-02
3.886145768303708031e-02
2.910305944934089145e-02
2.655438315902375335e-02
-5.563924717306182807e-03
-6.731339255851370718e-02
-1.999523147638153017e-02
9.898909809382773484e-02
1.855610689997134743e-01
1.330644826275993731e-01
1.371087101943350983e-01
1.343233748467149435e-01
1.231114071550300643e-01
1.183257466179706979e-01
1.130736963514594323e-01
3.605312554152675236e-02
-5.328399453935846880e-02
-3.538876337523931548e-02
4.135754498870733084e-03
7.469267840218530088e-03
-3.347466687593614754e-03
7.868167527285188298e-03
7.743052212307629210e-03
7.957036062741517507e-03
3.259771881353727696e-02
-2.503553343750982590e-04
-8.649511510702749539e-03
9.241802541013413239e-03
1.201640218851739161e-02
2.447646139634267540e-02
3.988578107309863341e-02
4.473844397993443495e-02
3.697964090742513615e-02
6.846788681954422973e-02
6.924171921775788829e-02
5.216556237708844246e-02
4.346219015745328429e-02
-3.916392069051706178e-04
-3.372034153645276939e-03
1.404325572387597233e-02
1.403007776537932780e-02
2.094558669459063542e-03
-1.025481340142719508e-02
-1.299177945186774132e-02
-7.040685415003195523e-03
1.769399271375658375e-02
-2.157534440007961851e-02
-1.810050993230260044e-02
4.071746862468782202e-02
8.664826128436330099e-02
8.822580810144257935e-02
7.037233966940391328e-02
5.869921219905618881e-02
6.811973185622998556e-03
6.149800081369576760e-02
1.319928820475921860e-01
1.314042516307075692e-01
9.872671632475343850e-02
7.855370111357293239e-02
7.854159259898257917e-02
7.853856898281677545e-02
7.850834403593823230e-02
9.519099513050757744e-02
7.728849889049575761e-02
-1.187105749021005741e-02
-1.437199003072449008e-02
4.416687580566463350e-02
5.041101413474213117e-02
2.247385567013786625e-02
2.068055076431012454e-02
2.400758256485990491e-02
1.286130002675905243e-02
9.360624112781315218e-03
8.388987858543046211e-03
1.395859443745531281e-02
2.096356142028822644e-02
2.096284022777318221e-02
2.012158940588534839e-02
2.121551671794524863e-02
9.722233502114952311e-03
1.014345622615824352e-02
7.956396383244053808e-03
7.955940257007326766e-03
7.956361326778634002e-03
7.954326499083397284e-03
1.138075350321373670e-02
9.785745196211177721e-03
-1.529036637409725286e-02
-2.232744766337340162e-02
-1.616270733045110930e-02
-1.170160659572162289e-02
1.302833707289401078e-03
7.327810812720258853e-03
4.077360068685993710e-02
3.959855577820313444e-02
2.933665465424540805e-02
3.086161950726400496e-02
3.701837149060401705e-02
5.303674676636808277e-02
4.857345914670881115e-02
7.636075719730093213e-03
-2.002293917881992416e-02
-2.100020237291808436e-02
-9.937528770173764334e-03
-3.350761002552478038e-04
-4.571687330066487981e-04
-2.335419829961471114e-03
2.220394286351533297e-02
2.544455716381566548e-02
2.662434443476377824e-02
4.361522155633847098e-02
3.591794237262451589e-02
4.528010921542527378e-02
5.947608583869878895e-02
9.107790378404509446e-02
1.036914397798779780e-01
1.343437373177303606e-01
1.205419598248835822e-01
9.521648604238916458e-02
7.730746464752881464e-02
3.971162835353495880e-03
-2.622767904122442692e-02
1.905039404309886303e-02
2.097641538062450586e-02
1.326325820692256241e-02
1.296249578587507258e-02
4.577366640457430913e-02
9.957617064540900953e-02
1.104449789050070685e-01
1.022694071338495075e-01
7.576450988088913319e-02
9.416908345160308891e-02
1.417689883134785334e-01
1.681193594918440892e-01
8.460409656882458829e-02
-3.735405918191101078e-04
-1.840376999000440869e-02
-1.313085870126788277e-02
-2.564638403229331509e-02
-1.970238933274246623e-02
-1.500088973910414583e-02
-9.774798657321445011e-03
-9.667576420270386842e-03
-4.127590604261387013e-03
-1.862750789292143619e-03
8.944200104796454090e-04
8.954419456424721722e-04
8.957503243334199918e-04
8.934333857838684017e-04
7.456806231312639033e-03
-3.356232460427608592e-03
-2.463314590562694362e-02
-1.917544146041670616e-02
1.018460509292111980e-02
2.649245578673246893e-02
1.506793468114038179e-02
2.355465032524556301e-02
6.039305083460953100e-02
8.432408844311510554e-02
6.502843621457958523e-02
8.282245650925926586e-03
-1.070537918062659799e-02
-3.317665679932459144e-02
-2.287305894081698154e-02
1.181204973480450698e-02
4.032497359846907298e-02
3.224765806389147393e-02
1.124167781068432376e-02
-1.038048239658777815e-02
-1.367421083684252497e-02
-1.539227229231001845e-02
-1.670274556371567284e-02
-8.943281826943771246e-03
1.164943417483933069e-02
7.440836250902121279e-03
8.091461377652402502e-04
9.764127519781581541e-03
5.302566083714029682e-02
7.148576220751340360e-02
6.776471903608916048e-02
1.059614625164192747e-01
1.010314556228086719e-01
8.538333127498844155e-02
8.538049465841658636e-02
1.007883960952341285e-01
1.014518956626893204e-01
5.435985667254471243e-02
4.664451222292322757e-02
4.528091964652862511e-02
4.691307647971536959e-02
4.763731559679442590e-02
3.692520804179236921e-02
5.877009605132832437e-02
5.997135391553483352e-02
3.664856102703325375e-02
-3.853424023813999209e-03
1.048759319826540921e-02
-1.197743565636888441e-02
-3.465104887317063242e-03
9.351160327820934315e-03
9.356120574413498425e-03
1.990045235211072589e-03
1.160150459392650379e-02
7.043201974853370573e-02
7.410083803056527474e-02
6.982849340345571865e-02
6.307260465765267277e-02
-1.120285565136982901e-02
-2.742804464463064959e-02
-1.626849257439447888e-02
-6.754501937995271293e-03
-2.378667535352359773e-03
2.383629812170032138e-03
2.384910562425748403e-03
2.385471294374801564e-03
8.172530456712645899e-03
9.647783941045016270e-03
9.884103268205705894e-03
6.991425211740674370e-03
4.039902891533478715e-03
4.039287916212546715e-03
4.038098950583336386e-03
4.038837819317816699e-03
-1.467284379682508647e-03
-1.975945228948367428e-03
7.966460122857340481e-03
1.071908630364508397e-02
1.173761807648404827e-02
1.173874540031094767e-02
1.173897488046422681e-02
1.173903355223940466e-02
1.173898297049008263e-02
1.173926903106108956e-02
1.173966093020397013e-02
1.173951315945947343e-02
1.501582179095508479e-02
1.563206152936211929e-02
1.440735135518800801e-02
1.198393757038087974e-02
1.046210733929110910e-02
6.955381222279560273e-03
7.347744799150146902e-03
7.924764099849363960e-03
7.924461685194967436e-03
7.924601466236660258e-03
7.924652379123401855e-03
7.924645566384364015e-03
7.924645566383423795e-03
7.924645566383886966e-03
7.924645566383311038e-03
7.924645566383874823e-03
7.924645566384226972e-03
7.924645566384913922e-03
7.924645566384044826e-03
7.924645566383711759e-03
7.924645566383193077e-03
7.924645566383847067e-03
7.924645566384261666e-03
7.924645566384440343e-03
7.924645566383465428e-03
7.924645566383716963e-03
7.924645566384511466e-03
7.924649371393739303e-03
7.924621909799317229e-03
7.924612288251295378e-03
7.924155071235275058e-03
7.601522026916672330e-03
7.299860033781028351e-03
2.782107031467941777e-03
3.178390537517281674e-03
