5.716163683773065746e-04
6.931351181357298195e-04
3.395190817868825803e-03
3.403291465606739490e-03
3.417529812166104214e-03
3.831614059875210806e-03
3.508557662574577490e-03
3.634693359056766996e-03
3.648225750093030822e-03
3.580789028224208581e-03
3.626037961856855372e-03
3.601803001718379554e-03
3.582259838875470788e-03
3.585877130342869212e-03
3.552732319598182840e-03
3.510121645329925509e-03
3.508104331362791109e-03
3.384833722344615398e-03
3.317713649539328919e-03
3.281798041740660241e-03
2.808035918138591155e-03
2.807099630182866359e-03
2.840122497355160140e-03
2.740343701807117748e-03
2.833352396016417061e-03
2.836108694448327347e-03
2.923803188099215449e-03
3.107185975582492116e-03
3.144720862073246276e-03
3.612527553606234131e-03
3.773680161748230871e-03
3.153874340169198019e-03
4.266878924255250449e-03
2.483108381793339928e-03
2.282527014903159248e-05
8.751910132102284738e-05
-5.972653756077165796e-03
-6.417858125914496954e-03
-6.428488105610654334e-03
-9.279556634215656991e-03
-8.905945531264442341e-03
-1.045033897221200533e-02
-1.058932472887993276e-02
-1.052898974919588837e-02
-1.091748619998696504e-02
-1.101353095767491908e-02
-1.069931468326101864e-02
-1.093187286316684229e-02
-1.100793008565631795e-02
-9.375494884722990890e-03
-9.336129779655855804e-03
-8.316022527175965379e-03
-7.023954754067975384e-03
-7.466617286477555265e-03
-5.230319902129956441e-03
-2.979388865154774125e-03
-3.324218632845633847e-03
3.624882947846182896e-03
1.708327651791769581e-03
-8.912302108579385485e-03
-1.303876656890105151e-02
-1.829806944753938069e-02
-2.305976065332726588e-02
-2.269098578571997898e-02
-2.133865588429526700e-02
-2.154966669721724432e-02
-2.363202007563500878e-02
-2.465768737057658436e-02
-2.737157681084973967e-02
-2.872561095189224423e-02
-3.095197032090325068e-02
-3.210452896042864657e-02
-3.374028217943497721e-02
-3.505805024415220572e-02
-3.653858764579656637e-02
-3.845576665070800371e-02
-3.955282771936473318e-02
-4.254805088705205379e-02
-4.416956519758757915e-02
-4.206629892228906653e-02
-4.339527697241082893e-02
-4.194951102803999576e-02
-3.849507709121739729e-02
-3.733559743987790308e-02
-3.565126004002383553e-02
-3.278939951959593258e-02
-3.172615838173110242e-02
-2.923814777080643162e-02
-2.513807721640831661e-02
-2.322759469566212237e-02
-1.878302679244656104e-02
-1.703940727096508317e-02
-1.405442575002161486e-02
-1.322898253526769673e-02
-9.575349767477651236e-03
-8.384803623587412311e-03
-6.748345702045607623e-03
1.433679951037712761e-03
2.178724491819267976e-03
2.551360714764180481e-03
4.880572224704277443e-03
2.036210425646514232e-03
5.076276717344708599e-04
-9.064527616084405781e-07
-1.327130861865966982e-03
-2.086751776707402792e-04
-1.111032260599864032e-03
-2.113525334466461684e-03
-1.912560075675483239e-03
-1.250007406836388391e-02
-2.565583293099916312e-02
-2.688850927160545481e-02
-3.265961338228219601e-02
-3.179573408256983896e-02
-2.788137742605819105e-02
-2.533124897672028863e-02
-1.959922257183203606e-02
-1.666067069102268594e-02
-1.203518664811060838e-02
-5.926608411453022571e-03
-8.146822651751012550e-05
4.960705654008418751e-03
4.799796433884192734e-03
4.024880150514261422e-03
2.203079826582592451e-03
5.684855031989282477e-04
-3.974195221873926161e-03
-4.884325277693611286e-03
-6.560074254892446499e-03
-7.790989664264269358e-03
-9.208154234948997402e-03
-9.346907753749297137e-03
-9.304664711868851010e-03
-9.339229156560355932e-03
-9.395220473150604767e-03
-9.148185381621624576e-03
-8.325256134082605758e-03
-9.184794826240908622e-03
-6.977147039825890365e-03
-7.834094396043560574e-03
-1.135749377201434457e-02
-1.165983971257531990e-02
-1.140283153658494530e-02
-1.145792253270833810e-02
-1.353150897031256406e-02
-1.301474838682526065e-02
-1.101568433253485857e-02
-9.172076946379129070e-03
-9.093668723448036784e-03
-9.063145218906122277e-03
-1.087665174290513084e-02
-1.496376168243308651e-02
-1.676163351855883971e-02
-2.216960390631864120e-02
-2.546833625600042339e-02
-2.576170398311592585e-02
-2.846230653227151131e-02
-3.038118024892293850e-02
-3.002766889704846370e-02
-3.109258234065126816e-02
-2.937689436902466561e-02
-2.927753669309877266e-02
-2.887373264895850764e-02
-2.658533773189418817e-02
-2.653581825342157113e-02
-2.300832620497592074e-02
-2.079264543293968953e-02
-1.939673819533800636e-02
-1.901517196968948581e-02
-2.025366361487563813e-02
-1.998402239128548724e-02
-2.259774825277424681e-02
-2.622355965072763542e-02
-2.788050702939036396e-02
-2.770437148633994248e-02
-2.706968172302740006e-02
-2.385436686226198241e-02
-2.298714564688988243e-02
-1.996474203787845098e-02
-1.474755393804707410e-02
-1.147182037973687625e-02
-1.077978824617564606e-03
8.518435437714706911e-04
7.842506897841300395e-03
8.746747991373987272e-03
6.323283458658943146e-03
8.634647330109317120e-03
7.537458336120296878e-03
4.496993654884685020e-03
2.967535109484319058e-03
1.549676012999187495e-03
-9.821199696015936421e-05
-2.155471783967443186e-05
1.016716676891546694e-03
5.169025402800944994e-04
8.444954640251757169e-04
5.899427485634374567e-04
-4.384427816287395302e-04
-2.173046257031390621e-03
-2.476441704738777116e-03
-6.594282583225504271e-03
-5.500076583532727791e-03
-4.982179603071488355e-03
-3.593025993014018794e-03
-2.505291981481411537e-03
-3.773162497163549955e-03
-4.144712211760727058e-03
-4.280397376183961173e-04
-1.917885915492517331e-03
1.338259132294428297e-03
-2.310774574877961021e-03
-8.737207770654824984e-03
-9.407378463359730020e-03
-1.320063813917105380e-02
-1.064624660069251466e-02
-9.135151617397800627e-03
-1.153817339521726396e-02
-1.044378097828598320e-02
-8.751689427104296370e-03
-5.817455053158362283e-03
-4.781882821890390267e-03
-6.556967440740501737e-03
-5.758036643617075664e-03
-9.121500140093316555e-03
-1.015086138384143667e-02
-9.584017931227711493e-03
-1.088115725890085109e-02
-1.087875990500639795e-02
-1.056085610249425828e-02
-1.116954825746845764e-02
-1.084114066017002539e-02
-9.189104260360621973e-03
-8.006949756794369544e-03
-7.156947085415559483e-03
-5.580987778589583358e-03
-4.711272277855322807e-03
-2.641611331085817922e-03
-1.872616155832641186e-03
1.822160689363342420e-03
2.797484309996113236e-03
2.559841140151056758e-03
3.465489938580527084e-03
4.176330642323042644e-03
3.245415800996322847e-03
3.648384926920538764e-03
2.827550115270826593e-03
-2.903437780033019111e-03
-2.295145919823883898e-03
-1.530079953624806366e-02
-2.642399883804280938e-02
-2.806664736587681855e-02
-3.446571820146497600e-02
-3.255637861490350005e-02
-2.949842987217783652e-02
-2.734620141489286366e-02
-2.077314420239641246e-02
-1.954948252958024768e-02
-1.382118185506984662e-02
-7.011605531209603830e-03
-6.249171269855868967e-03
6.258668921423801192e-03
6.200111524507396187e-03
2.820676653400336700e-03
3.281782875304937487e-03
8.294944098492549136e-05
3.166541832361495414e-04
-5.106573755509066434e-03
-5.930413141638882744e-03
-8.005265831230144735e-03
-1.453809633947651149e-02
-1.173128844490487106e-02
-1.805908006178687242e-02
-2.140803233716441142e-02
-2.276822519209915213e-02
-2.520513257148578046e-02
-2.432562014047064819e-02
-2.295645214201792392e-02
-2.244174381554611686e-02
-2.549137576731885096e-02
-2.612437943542596230e-02
-2.912240381871658568e-02
-3.237820370966495304e-02
-3.412430824783939387e-02
-3.330333373478669423e-02
-2.968069970173664238e-02
-2.973018263414758944e-02
-2.982227352719925631e-02
-3.040292952575008451e-02
-3.278554586101858903e-02
-3.370677051515009320e-02
-3.908113726813312178e-02
-4.100703336483119826e-02
-4.191390882434729848e-02
-4.435927985662996981e-02
-4.493203135667508952e-02
-4.580086829769750012e-02
-4.672451956580185584e-02
-4.759151616869573831e-02
-4.727233101231279044e-02
-4.862052912593098353e-02
-4.843043558398346660e-02
-4.608567471472981014e-02
-4.559943369441223082e-02
-4.091958355093280181e-02
-3.737584751181680792e-02
-3.612551446018519297e-02
-2.742513042532137083e-02
-2.547460001290471898e-02
-1.860044361253265083e-02
-1.097207262980336856e-02
-9.252748152000445092e-03
-9.872400071582521086e-03
-9.223442665335385843e-03
-9.908037847078214611e-03
-8.774081873380860236e-03
-8.870764799610575402e-03
-8.657964906891323087e-03
-8.523804547699449438e-03
-8.459066905727240931e-03
-8.126219306072993837e-03
-8.135867521409335598e-03
-7.296867222186061500e-03
-7.537512261976308386e-03
-7.292909723324247917e-03
-7.154231256179491294e-03
-6.001810686693038153e-03
-5.994074689316262333e-03
-4.156981394624299948e-03
-2.816738819123014263e-03
-3.635898698102080304e-03
4.326331322946724151e-03
3.682615686052880064e-03
7.328300601468218378e-04
9.798879985054721308e-04
-4.519869881463127459e-03
-5.112040045750688814e-03
-6.994380937906463994e-03
-8.777878945452441406e-03
-1.049446165056906050e-02
-1.156202015455134492e-02
-1.271740497920433727e-02
-1.347201729169066053e-02
-1.509827964145121944e-02
-1.547375867815158068e-02
-1.758754912916457580e-02
-2.100540304483416304e-02
-2.398520810975616341e-02
-2.768223302041247433e-02
-2.996901582646874923e-02
-3.671148154676541486e-02
-3.814567335247200097e-02
-4.035966423416217919e-02
-4.295777461626339860e-02
-4.342218762601591370e-02
-4.541428298625146964e-02
-4.601850481635094692e-02
-4.735038977957704842e-02
-4.779765080332339100e-02
-4.754364839971896017e-02
-4.654724747033903154e-02
-4.566341612751637774e-02
-4.470693485243126819e-02
-4.293287639297020675e-02
-4.313022086608236938e-02
-4.032649647890354516e-02
-3.944309284809736915e-02
-3.845353647449182427e-02
-3.209832587234308365e-02
-3.091221289558468768e-02
-2.569753695343117428e-02
-2.207652370713478890e-02
-2.300541646894170220e-02
-1.619077120297965355e-02
-1.572152851610641305e-02
-9.906120617486573188e-03
-6.979241950265205677e-03
-2.936539950424158808e-03
-4.833881681160495246e-04
4.957400113384244529e-03
5.466176402933555986e-03
4.746982636790695112e-03
6.162509059469268094e-03
5.875309580675567092e-03
6.107584774179706556e-03
6.283764386696498450e-03
6.351086643902419809e-03
6.523888731732817824e-03
6.207884639973426134e-03
7.121640128621974444e-03
6.333340652719280338e-03
5.915495757060741135e-03
5.379182967174388035e-03
6.023573171363577356e-04
1.177577122923156698e-04
-1.065874626111010769e-03
-2.557221525488446740e-03
-1.539916824695444645e-03
-1.504970030053543644e-03
-8.841148236063307853e-04
-6.682315289832814736e-04
-5.923819462689940488e-04
-4.191915783809072602e-04
-6.713806874317836560e-04
-5.367036509435923509e-04
-9.735505361798572422e-04
-1.580580333387350545e-03
-1.226358450401249375e-03
-3.574888866084554358e-03
-3.563705275590435366e-03
-4.239809232733725286e-03
-1.200142528056918380e-02
-1.028480306967765809e-02
-1.094827524124396094e-02
-3.139959132022321787e-03
-2.505326329614265130e-03
-2.719045768564956264e-03
-5.240385082338993011e-04
-7.617976464404486265e-04
-2.778789667549297565e-04
3.459603062452194246e-04
4.188388520175606068e-04
6.890560362934546349e-04
1.502308212985586141e-03
1.554499519799488593e-03
1.694447655629875444e-03
1.911744919651230980e-03
1.941050820039904841e-03
2.015732185204493349e-03
2.169741703056351622e-03
2.170650575230640127e-03
2.216061809871867558e-03
2.191545336394685583e-03
2.172300685005652300e-03
2.178858531921647450e-03
2.166338328653161401e-03
2.164787128136428599e-03
2.163992686341250325e-03
2.160347378523173704e-03
2.160190634541054883e-03
2.159009619514946649e-03
2.157943620125995100e-03
2.157047144610997700e-03
2.156405311296677365e-03
2.154720654796748666e-03
2.152617958272026299e-03
2.152274332409199152e-03
2.145301055185715438e-03
2.143281389218349743e-03
2.139316338538331964e-03
2.115438041625400476e-03
2.124866868271798638e-03
2.086268965836544920e-03
2.035754630144332843e-03
2.085499767825088006e-03
1.867305686101793094e-03
1.890891509159626583e-03
1.896543679756645387e-03
1.009200726395130705e-03
1.019567427057584694e-03
