-5.628530039848569921e-02
-5.847290789438593789e-02
-1.041057360851947028e-01
-1.077815576379938661e-01
-1.110701840282120323e-01
-1.216768228586608269e-01
-1.185214921088505458e-01
-1.227046906188037773e-01
-1.245331442577033709e-01
-1.241796099106436263e-01
-1.261021834479252313e-01
-1.262107915175424977e-01
-1.263756806323080573e-01
-1.270431308151621919e-01
-1.267438382876735770e-01
-1.266051543420497472e-01
-1.270578983795405126e-01
-1.256004409266041899e-01
-1.258223960585468093e-01
-1.257156563397527071e-01
-1.208697356240170107e-01
-1.206693572098561235e-01
-1.165603066450817266e-01
-1.149161736970592262e-01
-1.136674542380220199e-01
-1.100783942175255770e-01
-1.101400013225524305e-01
-1.064487315441382392e-01
-1.027882537698603105e-01
-1.039117975496889473e-01
-9.073367754126733520e-02
-8.344666104253803396e-02
-9.024523583324339793e-02
-8.008940995405830487e-02
-6.465131380939941053e-02
-6.407517065940489254e-02
-5.400148168380330960e-02
-5.424995633314830951e-02
-4.812577102126693041e-02
-3.757148765280178548e-02
-3.620304094658306077e-02
-9.099180024679714984e-03
-5.277641176992585101e-03
-3.591407141298558702e-04
1.046162659352392089e-02
1.279345327943028597e-02
1.851466431199495430e-02
2.227374948507555852e-02
2.836588889607044930e-02
2.936549601461341252e-02
4.150443875148471934e-02
4.880320304314964691e-02
5.575364989228753787e-02
7.944363075757851500e-02
7.978186431787594179e-02
1.223349961867821190e-01
1.225435666725043782e-01
1.007703757597068761e-01
1.188252337590535446e-01
9.734436033068220862e-02
1.411586993425560377e-01
1.557875997503707366e-01
1.536927055806689701e-01
1.862244555702130266e-01
1.367346024581847508e-01
1.550972963160893170e-01
2.014348707983766307e-01
1.973347852168828576e-01
2.630896697024175945e-01
2.675402644791580742e-01
2.999110230368836616e-01
3.151023346389050794e-01
2.930921169151239347e-01
3.125626347544874228e-01
2.777592328132352240e-01
2.608394990658492452e-01
2.437017015157078581e-01
1.781500023466459637e-01
1.543204754456216632e-01
1.156060233536435888e-01
6.320277437918357666e-02
4.678983025847977678e-02
-5.646014290086143889e-03
-3.350786028958354507e-02
-5.167851978988582951e-02
-9.052720803883847200e-02
-1.043260407480828267e-01
-1.270993865197781181e-01
-1.533254153072229342e-01
-1.590223634869627756e-01
-1.682703300977688998e-01
-1.755716743066288166e-01
-1.771150093181590723e-01
-1.869694019549823505e-01
-2.112326562658119189e-01
-2.276609434677683563e-01
-2.291927393208142150e-01
-2.136873541420316325e-01
-1.764138002758859347e-01
-1.331432941586000729e-01
-1.024644134036447607e-01
-2.592814436711455076e-02
-3.202188725102324968e-02
-3.431535884612967741e-02
-1.220231335537451042e-02
-5.225183431078354868e-02
-1.745562674294194941e-02
-6.015649026751767464e-02
-1.310035919807108207e-01
-1.798821918666013153e-01
-2.093925539339221709e-01
-2.190137450362786009e-01
-2.265907565782014632e-01
-2.229367209521402882e-01
-2.131946292253960318e-01
-2.006438260068238721e-01
-1.801439555580137131e-01
-1.690458802027716145e-01
-1.435597184378316626e-01
-1.145169629898655089e-01
-8.491959907459520340e-02
-4.792062156546218060e-02
-1.092656566370505539e-02
6.666127603681133718e-02
1.203556135327003007e-01
1.585773577498991171e-01
2.064516437317834574e-01
2.258044203704328845e-01
2.338996786366817904e-01
2.498107373337551951e-01
2.764608250678455836e-01
2.816443390118178458e-01
3.080414590288023113e-01
3.027780894169907477e-01
3.157703653438604929e-01
2.768315847344389735e-01
2.848162710229748540e-01
2.493342196272097522e-01
1.518592122209937723e-01
1.142001256728810560e-01
1.143226384727994913e-02
-2.052927179589716239e-02
-4.946808383338923559e-02
-8.993836235291066683e-02
-1.015568286060138381e-01
-1.321126912996763714e-01
-1.832596208311105812e-01
-2.085014538941260542e-01
-2.270901293834470813e-01
-2.486199545906715713e-01
-2.412425924713881009e-01
-2.395304690442580375e-01
-2.291610307530067558e-01
-2.031192453678409282e-01
-1.859121333225772221e-01
-1.718428874463112932e-01
-1.513781229977454179e-01
-1.353780926115577266e-01
-1.242822499074704296e-01
-1.077252376780652027e-01
-1.027735339629108346e-01
-9.875110385493945930e-02
-9.107203212435693862e-02
-9.257066093837429399e-02
-8.891779235387707592e-02
-8.191112028294020297e-02
-8.253596625771050799e-02
-7.620529952011462216e-02
-8.681303052324311487e-02
-1.028008016786159107e-01
-1.114798672894771747e-01
-1.267402658212802014e-01
-1.403820545821329591e-01
-1.512150098639851448e-01
-1.548883569100789614e-01
-1.564147498095227462e-01
-1.506967641183109829e-01
-1.381404520710400319e-01
-1.287173472967065024e-01
-1.113475384042746652e-01
-9.834045978912464570e-02
-9.750816352462572667e-02
-8.394229815415300833e-02
-7.930515285591201169e-02
-7.739114760918716640e-02
-4.374416077179833773e-02
-2.879857794157992049e-02
-1.404917463073316990e-02
6.494020322588807403e-02
9.568530247617969275e-02
1.259948546264319513e-01
1.950800000098814879e-01
2.038425467159159787e-01
2.504729577898299198e-01
2.881903867671155028e-01
2.847842380006312957e-01
3.189075479550707581e-01
2.734970789953081738e-01
1.893086519615045649e-01
1.563473282983250945e-01
8.051135742292293840e-02
4.915851748012103201e-02
4.964391023044983225e-02
5.326225840896352259e-02
5.767947722829017826e-02
6.505138100486987374e-02
7.223597475226238573e-02
5.624160881930071604e-02
6.380221234752103676e-02
4.123576340120815864e-02
4.533123630929086073e-02
4.615863221413516598e-02
2.280771011889300842e-02
1.158299960862475830e-02
-4.881780142018054928e-03
-1.566736841230543728e-02
4.096755395027718537e-03
1.565456926045160268e-03
2.718340673651207379e-02
2.116137951221518793e-02
2.316889044152676061e-02
1.578260210845444655e-02
1.115896590168696280e-02
5.634568855639229996e-03
-3.870183593496699615e-04
1.705872088902410377e-03
9.765567992393395930e-04
4.155735160486405334e-04
5.432454553357754339e-03
9.459895360656458974e-03
1.043387023646163286e-02
2.737670182640119382e-02
3.486454131470450440e-02
4.031114908560900351e-02
6.845312715739453047e-02
6.562108086674452168e-02
6.857857036247694271e-02
7.566389545823791474e-02
5.942617091194498519e-02
6.716371088926711974e-02
6.393596720818274515e-02
5.702155691703875845e-02
7.033171528381480797e-02
3.713914256773748201e-02
5.739617530640084980e-02
3.322225682142353198e-02
-9.572240712406877849e-02
-1.237966349081207340e-01
-1.641826460475401539e-01
-2.080387856977536087e-01
-1.957776294899503666e-01
-2.092615577258087611e-01
-2.035716582955405252e-01
-1.812707221039216998e-01
-1.743200468588766705e-01
-1.449045626700756484e-01
-1.295714096370224888e-01
-1.108030907680996324e-01
-1.057102144228748014e-01
-8.055569921759893337e-02
-7.327315867437633745e-02
-5.970999323817580140e-02
1.396616819408209951e-03
5.971270873686357512e-03
4.970957045592835910e-02
7.419662414616369495e-02
6.286311897700734563e-02
8.537051146755054998e-02
5.987543006872135531e-02
4.323377474447041846e-02
7.586862382658965398e-02
6.364096087406354019e-02
9.423391870426785222e-02
9.397297460496999155e-02
7.809517117727553248e-02
8.720764545050767313e-02
4.027295444478733166e-02
3.467152837082224798e-02
6.806598946089979785e-02
6.037852282909518531e-02
9.242436278702151342e-02
1.035080464350629087e-01
1.137595365541574366e-01
1.212765876603709297e-01
1.210566750033690714e-01
1.156714888633664923e-01
1.145596266580182765e-01
9.935939029671125855e-02
8.919283193353609585e-02
7.446346168431056123e-02
4.584901965172007848e-02
2.798794114564659083e-02
-2.027073416821213291e-03
-2.886553860971814017e-02
-5.020035400322879482e-02
-8.012440918343896601e-02
-1.035024680546952486e-01
-1.261104617913847981e-01
-1.564322983970399261e-01
-1.781668516910953071e-01
-2.060346688449136432e-01
-2.415751384285657333e-01
-2.695419504936466537e-01
-2.672941629580251055e-01
-2.868415493191245336e-01
-2.781810845695160683e-01
-2.484927085896273535e-01
-2.326939283324366836e-01
-1.874074803200362072e-01
-1.427606327930615870e-01
-9.893238015727727486e-02
-8.075263290212145173e-02
-2.764653542723560092e-02
-1.522801919956640743e-02
1.585652210751025250e-03
2.574364245814917199e-02
2.841511537707764809e-02
3.521103850217276870e-02
5.062239266936362225e-02
3.450472709715914771e-02
4.520272214610294298e-02
5.693184527159031449e-02
4.549259298435551907e-02
6.891542504586070650e-02
7.371754589538652425e-02
4.204153277041674380e-02
5.891517811988090936e-02
5.025350325426792414e-02
2.547309941493911684e-02
6.644242161216659670e-02
2.493452844968942553e-02
3.064115107231706742e-02
1.644615612103776936e-01
1.405490393080492950e-01
1.776227040265032919e-01
1.744067823736692169e-01
1.194288080966928040e-01
1.348007100561819660e-01
3.329482734257940141e-02
1.132480015455720503e-02
-1.153522263305841941e-02
-5.687484924877978659e-02
-6.566616925340261479e-02
-9.720641479935664131e-02
-9.753120969843789845e-02
-1.256744560860348914e-01
-1.004767743088636339e-01
-8.537828786023064775e-02
-6.528096628562431170e-02
-6.622811165763514175e-03
9.818185373055404383e-03
3.387043202813453530e-02
6.373747631416065706e-02
6.701034078675734140e-02
9.029937860856357412e-02
9.459207224046854712e-02
1.003261518423049226e-01
1.057110634197954840e-01
9.557884198643683271e-02
9.138712633764083104e-02
8.889207386298428326e-02
7.741918679866564845e-02
7.476691604047509820e-02
6.811327760264898612e-02
5.718582212516866436e-02
5.433743043833128700e-02
4.216190575462198942e-02
2.949050896674822175e-02
2.023890287605521060e-02
2.319786784312038823e-03
-7.730961474039241624e-03
-2.224939151380891239e-02
-3.944385445817536612e-02
-4.867715191216399895e-02
-5.114707386036081854e-02
-6.426888038622216581e-02
-6.001881204922340091e-02
-6.710658842658392964e-02
-7.378940614847311064e-02
-7.559182064130841316e-02
-7.929478066870647435e-02
-8.081002486862381984e-02
-8.056379462297924565e-02
-8.407776044495633705e-02
-8.019956231677767555e-02
-8.136957049252582785e-02
-8.456346179833190702e-02
-6.957638734116033952e-02
-8.483517792866383800e-02
-7.002610641823105164e-02
-3.848051202545998278e-02
-3.837534397960876142e-02
4.398962982984523651e-02
3.370466535689652099e-02
1.888623880575078171e-02
4.012218694701380484e-02
-3.531090449864024428e-02
-4.670864437237374350e-02
-7.058297715978352482e-02
-1.146030341286108645e-01
-1.256043485615929434e-01
-1.586930442085004445e-01
-1.823733327677667104e-01
-2.014009983975910967e-01
-2.273588592867672453e-01
-2.443575936574494400e-01
-2.664854085537311512e-01
-2.817159665981598393e-01
-3.006220735531180965e-01
-3.177014705653257720e-01
-3.244967421915007089e-01
-3.468371619490449587e-01
-3.538825795761233461e-01
-3.686322755655686012e-01
-3.697814203998920912e-01
-3.588861149666021655e-01
-3.609887304072678105e-01
-3.461136535232529066e-01
-3.423442466395748562e-01
-3.249850914628865106e-01
-3.039577516515968858e-01
-2.999078504811882318e-01
-2.440644335523217134e-01
-2.378332073748143372e-01
-2.222447139481565637e-01
-1.985048551021930674e-01
-1.950137047424600201e-01
-1.797012198642842784e-01
-1.667472997359550901e-01
-1.636731175274528660e-01
-1.473709524380697189e-01
-1.458711590252191881e-01
-1.418132082603960897e-01
-1.368272687604449867e-01
-1.362283360132119925e-01
-1.336061519744502213e-01
-1.322752762434470375e-01
-1.316193822128975399e-01
-1.304836847571503589e-01
-1.300860886068628541e-01
-1.296103941038427576e-01
-1.291929137563846697e-01
-1.290296080364809750e-01
-1.286947771101349391e-01
-1.286048813088385423e-01
-1.284505723044230274e-01
-1.281098149169952460e-01
-1.283645025880896517e-01
-1.277465573537873156e-01
-1.276287196397794810e-01
-1.282413285749004483e-01
-1.259793164522892694e-01
-1.279071740306076954e-01
-1.268827021908188468e-01
-1.222351081149297969e-01
-1.310653198424718002e-01
-1.180692597308496683e-01
-1.188716506920371452e-01
-1.271162035443993976e-01
