-9.069474356814929061e-04
-1.011655293200465402e-03
-2.956113634987550618e-03
-3.001934682872475085e-03
-3.247288200117707645e-03
-3.545770082081109442e-03
-3.241848316623671591e-03
-3.395977238883666430e-03
-3.377705814177344845e-03
-3.330993726728097380e-03
-3.377373763005366274e-03
-3.352749577129480844e-03
-3.351209846849098617e-03
-3.360993486859397469e-03
-3.344997143646016684e-03
-3.343766931637241497e-03
-3.351774895623099628e-03
-3.308362337560129610e-03
-3.332160211069266041e-03
-3.313090037736083227e-03
-3.167061491660093375e-03
-3.161720875293819004e-03
-3.235394402313264677e-03
-3.180266831455330970e-03
-3.291265318824240262e-03
-3.331867829604268170e-03
-3.321313286376151308e-03
-3.712382991928590229e-03
-3.556061023685140772e-03
-3.972377734483548660e-03
-5.039521340597334989e-03
-4.867992587031648791e-03
-8.132422494150047532e-03
-7.224189169051620577e-03
-6.157708611893358483e-03
-6.956596888056328781e-03
-1.941991988549308500e-03
-1.873601581791224050e-03
-1.686338749941781968e-03
-3.101864029224412895e-04
-5.699054566417136990e-04
-1.868621374249323694e-04
-1.144814712042566070e-05
-8.235429175749282399e-06
1.278885392960490812e-04
-7.957735161951417244e-05
2.475428317389793487e-04
-2.580536995694193789e-04
-2.970646275207557228e-04
8.272673587977329721e-04
1.388408783255216375e-03
3.007204441624746188e-03
4.186871778842103653e-03
5.304867524421800692e-03
5.895305148895750753e-03
5.138604790492263402e-03
2.793665378729121712e-03
-1.283453377663167387e-03
-3.539676615347768680e-03
-1.729752235352745087e-03
-4.863292244441980508e-03
-7.104911246149554077e-03
-7.038002005953597658e-03
-9.507803831572535225e-03
-6.496001913429865979e-03
-8.886449610347643344e-03
-1.652908867689743821e-02
-1.653442871141198867e-02
-2.066056736278822775e-02
-2.203275728198378358e-02
-1.972586752779190156e-02
-1.986132355757708884e-02
-1.842559172000798190e-02
-1.692456425453480948e-02
-1.743136345931740883e-02
-1.560580625977629927e-02
-1.570655766103896261e-02
-1.715386382111819610e-02
-1.710078615489125931e-02
-2.061533212368861501e-02
-2.147249256794272684e-02
-2.305282458314635366e-02
-2.586756096072725247e-02
-2.622536547494391107e-02
-2.630576485561440109e-02
-2.616112143603323975e-02
-2.602825592327773219e-02
-2.475752180876407416e-02
-2.236214814547327762e-02
-2.021548936723283063e-02
-1.712929646619427981e-02
-1.586320152706448619e-02
-1.147077588220905484e-02
-1.058662949633483799e-02
-1.007016287989922175e-02
-8.487489855887271617e-03
-8.683733019123694719e-03
-8.481786041219834676e-03
-7.523457521506505402e-03
-8.174584082280157010e-03
-6.916536032628453796e-03
-5.040017632599506567e-03
-4.738229688850634572e-03
-2.914621260494396505e-03
-2.452757738863301125e-03
-2.779302931604642809e-03
-9.650512247097758249e-04
-8.282960928178290105e-04
-5.283257492633943592e-03
-4.234830826040696106e-03
-4.954351532051232132e-03
-7.229729257808010894e-03
-5.889405671677059792e-03
-7.089201266025271092e-03
-8.269089858789874584e-03
-8.065430611672530503e-03
-8.591691178018697264e-03
-6.824115925214606707e-03
-8.322422617286343027e-03
-8.700880311954133778e-03
-8.158872205041394626e-03
-9.639943155434239908e-03
-8.687118673798396168e-03
-5.616362853036338358e-03
-3.454960239105726513e-03
-2.441646487140213592e-03
1.631460225584197531e-03
1.789251003870212476e-03
3.807675039929698385e-03
4.942526554102481817e-03
5.905295218980577236e-03
6.389800231186796436e-03
5.486781622290865142e-03
5.682103483651095716e-03
5.724902984634016277e-03
4.749244779758398163e-03
4.975137873292268496e-03
4.761162242605341405e-03
1.386599179012038344e-03
1.057689460786451641e-03
-1.576931956894743296e-03
-2.139107796653082379e-03
-1.418222993566701368e-03
-2.148717562480880958e-03
-9.391272865420514752e-04
-1.355307827001666406e-04
-1.630272196538034646e-03
-3.214825742419630586e-04
-1.716483546639831909e-03
-4.807808184962101411e-03
-5.066406067406859469e-03
-9.978725969150958192e-03
-1.089046427496724763e-02
-1.204420946141889284e-02
-1.581106029068722607e-02
-1.633597151640924644e-02
-2.068195528546150699e-02
-2.572566281206220898e-02
-2.565730728310405828e-02
-3.652814353692716148e-02
-3.497981138827428726e-02
-3.582349440730996787e-02
-3.970737164656776286e-02
-3.259606362137321828e-02
-3.495309539600863213e-02
-3.108896713103496620e-02
-2.580574022088140407e-02
-2.409384681146441165e-02
-1.878827836308996288e-02
-1.663624195654784740e-02
-1.470053242781326104e-02
-1.255971984739874016e-02
-1.310478280855622776e-02
-1.220855573313210651e-02
-1.237512725444869614e-02
-1.388675764381772440e-02
-1.172220553469585473e-02
-1.205649517110219011e-02
-1.042512826093105506e-02
-6.943249132752765673e-03
-7.576645918533256308e-03
-4.637523344604026904e-03
-4.385987877097641957e-03
-5.475944356098413728e-03
-5.591141754195108268e-03
-5.173430222473207954e-03
-5.780727158412298297e-03
-5.591110388805984634e-03
-4.019195905726961025e-03
-2.782594880867416114e-03
-1.925346155710687705e-03
1.130163712900564537e-03
1.325576767864177592e-03
1.474220171860224230e-03
2.752844434792766845e-03
2.037616690327760573e-03
2.879278126633781024e-03
2.367498823132148811e-03
-3.837234524284761244e-04
-9.146330399772317939e-04
-3.814142732503164861e-03
-5.481135228530085307e-03
-4.535895741630521609e-03
-7.419084465689719694e-03
-5.522874742911213983e-03
-5.182153027909308651e-03
-5.740908670204621263e-03
-5.519438625327926368e-03
-9.033521821037681504e-03
-1.216525553917654004e-02
-1.342626759636977862e-02
-2.096180898059026715e-02
-2.159184640564837040e-02
-1.596508899841447143e-02
-1.809905896531868730e-02
-1.458113752488677736e-02
-6.980536440505289222e-03
-4.346875204475818266e-03
9.604267557528664394e-05
4.450177859376090728e-03
4.456939619457524378e-03
5.208558292771794940e-03
5.931265948170176723e-03
5.304242195977910794e-03
5.064580582537886802e-03
4.799676844887191575e-03
4.296608879789727553e-03
4.048431218377729866e-03
3.840936480254749687e-03
2.870477583140715154e-03
3.011362072928395594e-03
2.579938409972851610e-03
4.013349520984984577e-03
5.215332491866273013e-03
5.756253351059633858e-03
4.873125313511007806e-03
2.141224829502581372e-03
1.908865068187190961e-03
-3.050838929066928152e-03
-3.624621951298520606e-03
-3.786532756728905238e-03
-4.598282681245778949e-03
-4.649031221200220984e-03
-5.460102412535949509e-03
-2.749625592842565736e-03
-2.547906036124376015e-03
-5.457876859086267796e-03
-7.296890812105493417e-03
-5.576516127277473395e-03
-6.566182679816348448e-03
-7.614399757145771420e-03
-6.566032714706406329e-03
-7.573097677526215675e-03
-8.160943130749727381e-03
-8.263234581403138684e-03
-8.196696573964198929e-03
-5.925912674853499665e-03
-6.956003201635700857e-03
-6.503122144068109942e-03
-5.889906719893835824e-03
-7.176647123277873561e-03
-6.681814140279034378e-03
-4.521951050345497485e-03
-4.386362680318142519e-03
-2.003769541290997564e-03
-7.407053937760585578e-04
-8.530393497484507846e-04
9.037709662443210203e-04
-2.720510489699244899e-03
-8.301893384922006888e-03
-5.156782665845238700e-03
-7.143799391421668671e-03
-9.404211571614976700e-03
-9.651523291998208992e-03
-9.528456053521362074e-03
-1.022044673323190163e-02
-8.468383781728610130e-03
-1.036399215870477397e-02
-1.595684862363511841e-02
-2.015808426218013150e-02
-1.868592275669164748e-02
-2.061049724581812126e-02
-1.690738101312658920e-02
-1.456088049577099197e-02
-1.493861491900721518e-02
-1.159533950995915615e-02
-1.272896805258108381e-02
-1.060486853921279761e-02
-8.199786194554543189e-03
-8.348770053578759634e-03
-3.365882557381418960e-03
-3.185296899079565792e-03
-1.612612107300891075e-03
3.012817548224313159e-04
-8.295494056469242088e-05
1.392129949354937307e-03
1.041117144164224653e-03
1.166967122362092338e-03
1.178398134335294396e-03
-8.904333308175859350e-05
2.650437814842383950e-04
-1.840910032599048533e-03
-2.223593779979996226e-03
-4.093574161003715565e-03
-4.851598609273455841e-03
-5.916124343721360437e-03
-6.384945971435316246e-03
-6.623446746164555338e-03
-3.171157427123589938e-03
-7.817286965021325333e-04
3.841934593415979740e-04
7.098106130107446595e-04
-1.508396996554951146e-03
-1.428830184337753035e-03
-1.610568590617846019e-03
-2.423226075508464177e-03
-1.580645774393343167e-03
-2.197625930151821810e-03
-2.097186810273803798e-03
5.092814806849079931e-04
3.118253176746595308e-04
3.317133158103082596e-03
3.498430445574106980e-03
3.644873655057797798e-03
3.887306733457572550e-03
-1.595274595461994207e-03
-7.036855953270846221e-04
-2.154027659281956917e-03
-4.352129222773041921e-03
-2.540128760448455512e-03
-8.768308269721865333e-03
-9.010852040241353403e-03
-1.353291125333950205e-03
-1.925969264845697922e-03
-9.286480002636307140e-04
-1.986247510072764420e-04
-2.748361523984579630e-03
-2.224910674883751396e-03
-4.149902497825661354e-03
-5.230660636496235749e-03
-5.365741296673170665e-03
-6.199895192885294948e-03
-7.528101173312633058e-03
-7.985545599599304378e-03
-9.256303503168413632e-03
-1.339834578422699138e-02
-1.435759851572935425e-02
-1.737364040762669204e-02
-1.877916464511683592e-02
-2.074286887532853646e-02
-2.148699031900003914e-02
-2.125403946603422051e-02
-2.199054834411659845e-02
-2.167897098427587141e-02
-2.192608657692418986e-02
-2.178126860372959356e-02
-2.165442422197436795e-02
-2.157425861119478469e-02
-2.035319973366042645e-02
-1.956024241775279615e-02
-1.941307725880900975e-02
-1.821903363433386575e-02
-1.795172194934477675e-02
-1.781598936712138620e-02
-1.624142145938115706e-02
-1.674757726972692096e-02
-1.528444538240058409e-02
-1.298943640240310740e-02
-1.236364539812690594e-02
-9.057539631519007095e-03
-9.553312846704211519e-03
-8.610159584244648362e-03
-7.841050779822784922e-03
-8.201806412088818651e-03
-5.879732854946144623e-03
-6.294666340976124916e-03
-4.512273316281728043e-03
-4.165880883393275474e-03
-4.824729151469622258e-03
-4.910740472678267431e-03
-5.289592380989479627e-03
-5.431574675580390019e-03
-5.542764597759718831e-03
-5.713922259452302276e-03
-5.658466213090372621e-03
-5.946102368142576304e-03
-5.924469360949347584e-03
-5.771682640629648489e-03
-6.846838913472708989e-03
-5.633841276499851336e-03
-6.475830917067169727e-03
-6.637428920520349954e-03
-7.046724166435431713e-04
-3.006357898771305943e-03
-5.670390618451206025e-03
-4.647069758306305969e-03
-1.722354370134423357e-02
-1.846232735822055451e-02
-1.973519775039225127e-02
-2.336308699686199739e-02
-2.279112812993194792e-02
-2.411389821928266314e-02
-2.434882910340852372e-02
-2.424839622466795630e-02
-2.441275574648853197e-02
-2.324746079071905031e-02
-2.365533736918019880e-02
-2.114911294882545686e-02
-1.942390363384071880e-02
-1.902058314053690566e-02
-8.902673814744100148e-03
-7.868935800075487277e-03
-6.533021919155605761e-03
-4.399518966384111454e-03
-4.621197942121846314e-03
-3.593544071171291248e-03
-3.239433419305756678e-03
-3.164036856615926475e-03
-2.866262823196951640e-03
-2.793530836723880084e-03
-2.857672547324977344e-03
-2.777936857186993642e-03
-2.720222134719372381e-03
-2.652871611489776571e-03
-2.514579413596277312e-03
-2.476016627362072169e-03
-2.447625042633038307e-03
-2.331042989852438047e-03
-2.327812279716459046e-03
-2.300318308986967070e-03
-1.951826446058802346e-03
-1.924434523304868012e-03
-1.854378950108540080e-03
-1.768010877055794725e-03
-1.761367185863967674e-03
-1.724581905954288138e-03
-1.706524269902593609e-03
-1.699928946246089803e-03
-1.687087100801276489e-03
-1.682989690214689625e-03
-1.678938377877513179e-03
-1.674897708465312518e-03
-1.673302828719751235e-03
-1.670868101671237451e-03
-1.668712745792729152e-03
-1.667301614534309013e-03
-1.663567521956750735e-03
-1.660820355120634206e-03
-1.657110675797838313e-03
-1.646316759015571630e-03
-1.643305250730743962e-03
-1.625369082481787448e-03
-1.598602113780838449e-03
-1.597197596076934626e-03
-1.513972010193694127e-03
-1.481946547430912061e-03
-1.444925025689837092e-03
-1.139902933711428416e-03
-1.192058506230583024e-03
