-5.379360158665532233e-04
-3.808984375347702531e-04
4.091771506718754753e-03
4.220971256865975116e-03
4.551636355290759883e-03
5.202445042929781244e-03
4.237222564882580506e-03
4.545149369449380874e-03
4.439606158236358499e-03
4.262492779115148803e-03
4.355179186939063876e-03
4.269773261593294914e-03
4.257657962437453279e-03
4.266148574545521391e-03
4.238642637592932375e-03
4.242351421290152177e-03
4.238078974247538704e-03
4.232491373791867802e-03
4.233895525346294784e-03
4.232060146230066412e-03
4.231919609688231110e-03
4.233081484399634636e-03
4.234950335413874972e-03
4.236168684930458062e-03
4.241578121655780256e-03
4.247809674372098922e-03
4.251088966626209720e-03
4.273179329115443445e-03
4.280779666725351325e-03
4.301364579977343290e-03
4.370655801266729382e-03
4.355503143019107126e-03
4.489198545552333143e-03
4.622273436871488297e-03
4.540473224573965925e-03
5.126811473499479424e-03
4.547281118536264377e-03
4.742966679074344001e-03
3.814723258669831980e-03
2.853962756087623318e-03
2.985911545225288476e-03
-1.694033280145899054e-03
-1.926395543204800168e-03
-2.182262990959136281e-03
-3.858535757851631019e-03
-3.632404653170019475e-03
-2.528610710112570020e-03
-3.340165145819658406e-03
7.716964313977184230e-08
-3.642857579651881178e-04
3.120217971732218562e-04
8.236172365835812970e-03
1.038510680783098772e-02
1.132086618226506303e-02
1.694980206707848158e-02
1.588627641181852151e-02
1.439922010128447116e-02
1.185884459621245474e-02
1.134007895617010486e-03
2.570133785770218476e-03
1.161959117272477748e-02
1.725156126058585357e-02
1.920183376807463316e-02
2.876394557280291184e-02
3.320028793251859900e-02
3.255359740553596948e-02
3.928590945024407893e-02
3.986157318891488804e-02
3.593699081937050399e-02
4.417861391425256801e-02
3.200128303828268794e-02
2.939259622477750911e-02
2.642901676488730242e-02
-5.496014032368721006e-03
-5.028983101461725197e-03
-6.874276738224359591e-03
-8.284091493573132389e-03
-1.525108262896567642e-03
-4.608519252240417946e-03
4.967067665097857354e-04
1.258519997426690330e-03
-3.554461989936712110e-03
-2.674922547724636196e-03
-1.011895747114849829e-02
-1.339991346164664393e-02
-1.644116162661574121e-02
-2.407846749322664973e-02
-2.776508839854752858e-02
-3.667440624806189708e-02
-4.425838604628376527e-02
-5.059379207496438047e-02
-5.969645428805422926e-02
-5.690146871697197850e-02
-6.289516786620880096e-02
-6.208068525216340477e-02
-3.512783392493457058e-02
-3.411373005344025405e-02
-2.820960467049779541e-02
-1.649977408307430268e-02
-1.646393397429583155e-02
-3.254347959073167554e-03
-2.530611754413985594e-03
-1.952794457643325030e-03
2.265657722717514654e-03
1.819047918354489745e-03
5.643098920387164090e-03
5.888952259319884391e-03
6.148557772828539686e-03
7.161917145377228767e-03
7.237946797772737938e-03
8.491929531129985970e-03
5.733868673032391575e-03
7.930353722757464349e-03
7.784875181975064486e-03
6.645442386548298247e-03
3.619937959929816346e-03
-4.311007904833089044e-03
-1.517817120703040569e-02
-1.992603779476356807e-02
-1.574462832086923059e-02
-1.266616808843418727e-02
4.750915483773604162e-03
4.220636302076792232e-03
2.314104958668457973e-03
4.937474554536219751e-03
-4.960218394078729463e-03
9.438061245699675209e-03
8.339979358503562742e-03
4.507655321999966790e-03
1.040232956959572311e-02
1.146482164188572343e-03
2.714010873860650281e-03
1.798722971996121172e-03
7.971737586720947441e-04
9.970541907520905946e-04
1.756620167287256500e-04
9.501058105729934949e-03
1.280116588027459604e-02
2.546111301237416469e-02
3.345843455742012612e-02
3.472765704673131532e-02
4.725930206521881949e-02
4.841941314193665136e-02
5.234539591845233097e-02
6.755610503437400882e-02
5.987576894572158720e-02
6.844644326846070770e-02
6.741841534124579094e-02
5.102688857726919713e-02
5.324853118942053654e-02
3.988302849390511218e-02
3.002460230341352093e-02
2.359050206634136226e-02
7.177504191399543265e-03
-1.345157252736544663e-02
-7.928728479086563294e-03
-1.219987107127127116e-02
-1.073896817908892055e-02
-9.189594089835457363e-03
-9.521282313473582865e-03
-7.545060909849234283e-04
5.268865302662140322e-04
1.108579592264619020e-03
2.878201522688850472e-03
4.654270905293215674e-03
3.574108203337777925e-03
2.496968251007983947e-03
1.254623338445700134e-02
1.347557390897007219e-02
8.670541494872148827e-03
1.119816723261595967e-02
9.237172433135810296e-03
3.822287418839425115e-03
5.573482453616218635e-03
8.721474605634384550e-03
8.864294997883756522e-03
2.153475916516115612e-02
2.225400400454820987e-02
1.674829171422829999e-02
1.613895649208412636e-02
1.023018649569519198e-02
8.283372463937180991e-03
3.907456740389156358e-03
3.391676181213670090e-03
-2.561828237630035809e-03
-7.062521506590336076e-03
7.085521595434947882e-03
2.787612360595556095e-03
-2.656558886345978220e-03
-1.445564332022588119e-03
-2.168125628335679927e-02
-2.443287025070989965e-02
-2.548501900513421015e-02
-2.071369598831774086e-02
-5.194612545146652140e-03
-3.659528202722475091e-03
-1.893607205093107921e-03
1.532431978309812181e-03
4.028143169000179824e-03
4.892835926003412730e-03
5.691567007959864345e-03
5.346607286449369181e-03
6.948850786641651463e-03
5.480965426651567343e-03
9.633710756410184678e-03
6.825248424788658147e-03
-1.358004794010023424e-03
-3.316956684364879247e-03
-3.081007019163151811e-02
-3.966398893007008764e-02
-3.610964374436883423e-02
-6.196208613366865903e-02
-5.928546479188884916e-02
-4.111882862330662469e-02
-4.081646957318353641e-02
-1.908725373855361257e-02
-5.002664877764490849e-03
-1.432078386904756320e-03
-2.795457415945861845e-03
-7.721850805351032111e-03
-1.517190610741965193e-02
-1.671097248061648166e-02
-2.181305808459540335e-02
-2.387045949882221629e-02
-2.972340509149019178e-02
-3.464961675851893630e-02
-3.876435719604886393e-02
-4.711069468271422006e-02
-5.127562392639584826e-02
-5.689871323638136247e-02
-4.273322400017733752e-02
-4.938872241247352357e-02
-4.487400914588626777e-02
-4.368376414828945009e-02
-3.697486044717857023e-02
-4.392570937544131721e-02
-3.551922562731034405e-02
-2.965807692358189002e-02
-2.287285786600343901e-02
-2.166584709272962889e-03
1.450773724460317077e-03
2.981775445843495853e-02
3.214118566012773293e-02
3.788778991647531041e-02
4.806665268081000697e-02
4.736296355899009131e-02
5.220761616979897879e-02
5.564666733021679523e-02
5.493233293970929687e-02
5.786011891143147401e-02
5.997596015371074035e-02
5.666773695332519983e-02
6.186861865024122220e-02
5.905607193138719818e-02
4.986317920376094615e-02
4.722119998002954899e-02
3.501874711974661131e-02
3.041055144908321947e-02
2.511428343728737411e-02
1.737034721074847549e-02
1.729614061181942303e-02
1.120334599163463549e-02
1.026933404911217068e-02
3.344056735309682699e-04
-9.534525387725293136e-03
-1.684387185892150668e-02
-2.336187023251608957e-02
-2.554535332185227034e-02
-3.283416171557484997e-02
-4.183662018013301065e-02
-4.417076285431065230e-02
-5.427291792695096428e-02
-5.469755881301711919e-02
-4.412068232487501018e-02
-4.199054514446684538e-02
-9.149181239853665729e-03
-5.031807678586688697e-03
-7.710266126245718214e-03
2.882170388717649086e-03
8.355915904657250370e-04
2.660106025527627076e-03
4.314862610408856311e-03
-8.343166372822793421e-04
-8.592877846051442947e-03
-1.853888840475452146e-02
-2.671760983857606603e-02
-2.246192430186855910e-02
-1.871707854653271649e-02
-6.851874673057858564e-03
-5.193302602933492530e-03
5.643943583247639645e-03
1.031959154667234230e-02
1.118615190071912263e-02
1.683318633488789517e-02
1.718183896800454247e-02
1.822494116539676023e-02
1.965717398102012972e-02
1.956123414784094461e-02
1.742651552278355609e-02
1.747277923707982530e-02
1.337397213327416040e-02
5.106232683058878168e-03
-1.150156738983224274e-03
-2.501442674728227705e-02
-3.903458428157589866e-02
-4.898264188737297409e-02
-6.263703328833003514e-02
-3.954180208498793425e-02
-1.127569288648214846e-02
1.663955704361182175e-02
1.446135869862539419e-02
2.312946508555328504e-02
1.961587915699434387e-02
1.781840212917720767e-02
2.008871375384608388e-02
1.731968554618010595e-02
1.842938429088300523e-02
1.916538520180817440e-02
1.567517346406149120e-02
1.964826239027127677e-02
2.254132808420808431e-02
4.287594569563416697e-02
4.363908590182225683e-02
5.053923816525346391e-02
5.546294839752333172e-02
5.534854143612925881e-02
5.565078922078655482e-02
5.827246280631545594e-02
5.192239614379691448e-02
4.970088889236322360e-02
5.197822760509394902e-02
2.217266054448956136e-02
2.499874613571505255e-02
2.678317979009918123e-02
2.243084338094871594e-02
3.184238433408805025e-02
2.730508175410487764e-02
2.594743623572278585e-02
2.719796324118930325e-02
1.829131575424117889e-02
1.683203925874276335e-02
1.456875554374366735e-02
3.805813688558678295e-03
4.615697193649582683e-03
-9.709128706702187250e-03
-1.379877401702876011e-02
-3.473569858889355606e-03
-1.250556474306061504e-02
-1.458775725332010775e-02
-2.299262836493041334e-02
-1.940047897383032766e-02
-1.439755016818123137e-02
-5.672806815489822227e-03
7.953597955619669951e-03
1.821137690925981115e-02
3.666994055096189919e-02
4.909571496202311258e-02
4.865225329298716178e-02
5.767807670671743631e-02
5.953949143243100761e-02
5.682604148726812243e-02
5.769436845011559345e-02
4.958018270672724659e-02
4.440088803711737808e-02
3.717818667699331059e-02
2.696211566868250697e-02
2.134557224920899041e-02
7.905119012056163741e-03
-1.325921268354082576e-02
-1.219865065335924703e-02
-1.751021115224141861e-02
-2.229997672671253650e-02
-1.765054939978363824e-02
-2.243113658158433360e-02
-1.712408396420080081e-02
-2.082865295069075140e-02
-2.407977992447450644e-02
-2.400193150771176911e-02
-2.620372877833163083e-02
-2.631297250975141860e-02
-2.614437471347747302e-02
-2.827522755456691322e-02
-2.619193873375600182e-02
-2.783542196724592480e-02
-2.756125334196648374e-02
-2.376973303103670915e-02
-2.507837588820028760e-02
-2.137462375458263134e-02
-1.860635225000808676e-02
-1.683623664876433834e-02
8.563531398152640943e-04
1.539974362889119522e-03
7.377360397267125787e-03
1.567876059921230816e-02
1.445034718824750666e-02
2.636728184218030749e-02
2.402159779868371162e-02
2.371777933941961181e-02
2.654798528040266600e-02
1.842701443680732146e-02
1.899721566589096869e-02
1.772172006157569576e-02
1.563918734401098173e-02
1.589950809013845889e-02
1.499353183658523429e-02
1.442898752089805288e-02
1.447942273899738286e-02
1.394903505165310566e-02
1.340686390149169183e-02
1.396641425643481080e-02
1.239225672154227985e-02
1.233099453373013264e-02
1.340947731048902115e-02
6.827935474564580595e-03
7.555166746024433513e-03
8.863482265075049368e-03
5.605674230689429959e-03
1.305525654419118983e-02
1.644260485848837369e-02
1.453213897050058788e-02
4.464112124522393032e-02
4.295039735593166735e-02
4.807274934826781532e-02
5.729806129455005531e-02
4.906991395700245617e-02
4.804127302727158322e-02
4.990401131812997881e-02
2.094282919148569150e-02
2.275696240948619359e-02
1.416608795418420816e-02
6.445247400119579265e-03
6.942916016126328936e-03
2.048378262124357380e-03
1.072375159642895669e-03
1.335219795189965860e-03
-4.830408009933588359e-04
1.300182204905925981e-03
6.261989155906237279e-04
2.929615354690124490e-04
7.676761527160482629e-04
5.761437243519831148e-04
6.904947474580177278e-04
1.081433585558347604e-03
1.438691261226634262e-03
1.528156458076898594e-03
2.956169387760517516e-03
2.922095653327452455e-03
3.293859192202415118e-03
3.778168707266423530e-03
3.737541648109012245e-03
4.513557923278557413e-03
4.555310940972685969e-03
4.681904032390739150e-03
4.876355848444004909e-03
4.878542338091998443e-03
4.955939733164292649e-03
4.994778017304663843e-03
5.005143532689975555e-03
5.033457717020442014e-03
5.039963598769712366e-03
5.048983859659804223e-03
5.056654709672204519e-03
5.055775609311842500e-03
5.067029567909760689e-03
5.059688377357103584e-03
5.062170456673201376e-03
5.084470160600157961e-03
5.034723736804810369e-03
5.095950422440056159e-03
5.089452281178567794e-03
4.953272920427328856e-03
5.280129326620646053e-03
4.886074129581259584e-03
4.846329779514846683e-03
5.065100881681618671e-03
