1.761774558021044282e-02
1.850645338605791390e-02
3.077645389508560508e-02
3.379031332987832148e-02
3.418526106093101868e-02
3.192078816251223139e-02
2.862209573286013387e-02
2.810843698574179775e-02
2.748937503342296917e-02
2.727703263809615197e-02
2.730029026748877902e-02
2.729529943755787738e-02
2.729468895847216373e-02
2.729502922133119486e-02
2.729500687335280687e-02
2.729500687335748368e-02
2.729500687335005907e-02
2.729500687335771267e-02
2.729500687335561712e-02
2.729500687335317116e-02
2.729500687335314688e-02
2.729500687335482956e-02
2.729500687335194992e-02
2.729500687335572814e-02
2.729500687335294565e-02
2.729501394911637221e-02
2.729490879250393021e-02
2.729503347044026640e-02
2.729717995376012771e-02
2.728888223916439704e-02
2.734808195395758285e-02
2.760845504587257360e-02
2.751308471654863308e-02
2.820357061448365218e-02
2.974326591780498963e-02
2.659303862308457639e-02
2.654176218285194885e-02
2.282499912799780886e-02
2.241658620838217833e-02
2.144036752733523288e-02
2.113729553733289385e-02
1.916908708649689083e-02
2.086926261564678309e-02
1.699875676927633042e-02
2.378030094409941397e-02
2.693687814736879862e-02
-2.900716667491801126e-02
-3.275180087650994554e-02
-4.104819315062054053e-02
-5.082555397086978982e-02
-4.578607348509007580e-02
-5.132479059708631303e-02
-4.630533188723771898e-02
-5.820651432833290340e-02
-4.201921096472993611e-02
-4.457449363901364037e-02
-6.418075804613256052e-02
-8.134429544169788362e-02
-1.240862936013679835e-01
-1.172348887862849770e-01
-1.112014167236936302e-01
-9.593876626106181971e-02
-1.010128162725294348e-01
-8.804921210738933524e-02
-1.247069159894936274e-01
-1.071023185850109860e-01
-1.119468328442379534e-01
-9.753576849954292971e-02
-8.187948684118140363e-02
-8.907723418315002806e-02
-5.563969375263879552e-02
-3.864713787849632237e-02
-3.686817131770851741e-02
-3.914450574003139338e-02
-4.064916488973652209e-02
-7.884017615272320700e-02
-6.598838092076926565e-02
-8.830588970511493718e-02
-1.057733217680358745e-01
-1.025273223064806921e-01
-1.069057320898124941e-01
-8.782574164173839737e-02
-1.021558470142216873e-01
-9.443600195127839492e-02
-7.223588322475717194e-02
-3.319836292106027181e-02
-5.627445124629126480e-03
1.035413675670403960e-03
3.473445118356086048e-02
3.539940888810687910e-03
-1.449086099504095539e-02
-4.674761923863661461e-02
-6.595787408148053033e-02
-1.314655668977856573e-01
-1.250651518663270512e-01
-8.094594987379133411e-03
9.268605972156934020e-03
-8.200705557089548944e-03
2.007551895923127827e-02
1.982143434532681464e-02
5.029450417883866986e-02
4.249862431070255270e-02
4.242745537486149188e-02
5.779758153721781255e-02
5.812094344812387958e-02
7.443558955147340506e-02
6.746272868990713101e-02
-3.552544633176762251e-02
-4.936163733967259548e-02
-2.737022019741254183e-02
-2.291646078311231072e-02
-2.871394775925457943e-02
-1.746030739536563389e-02
-2.926922779429303942e-02
-3.233346659460353822e-02
-5.109632998709617152e-02
-7.874312003555571093e-02
-4.684382925484228966e-02
-6.878165724876975605e-03
-3.015174238597288087e-02
-8.770000747792691675e-02
-1.408990035743309666e-01
-1.527334595337370149e-01
-1.409075197103307198e-01
-9.446334935788873455e-02
-5.002998772238673869e-02
-6.390694185692943896e-02
-5.369887624790599390e-02
-5.003496317650973912e-02
-5.307032134877376350e-02
-4.136712180687959761e-02
-3.498810533317936455e-02
-6.004661212450641827e-02
-4.828867480724104155e-02
-5.497934149194688008e-02
-5.729590310234621703e-02
5.561791977964585139e-03
9.401523526821086926e-03
3.514414785143420844e-02
4.394252110852994025e-02
3.820610356788444600e-02
2.834522905016130523e-02
2.910119890206884496e-02
3.432499785965716088e-02
4.472237374065191756e-02
1.463400797049589121e-02
3.869753596766498105e-02
1.521456294097730914e-02
-6.674460836416243326e-02
-4.645280091294505531e-02
-7.783061760557198616e-02
-1.197685594472484294e-01
-7.717446834335028871e-02
-9.396955449626000212e-02
-5.927182019122785583e-02
-2.580318603575104328e-02
-2.464588217372784031e-03
9.478449306473214764e-03
4.160697558546625624e-02
5.473952116224053283e-02
9.056122848794885549e-02
8.202004413894549428e-02
5.373838758702410845e-02
6.921332242260876122e-02
6.108324642114527220e-02
1.125325688250660219e-02
1.191931189092750596e-03
-7.415285088485103204e-02
-7.979073979617341827e-02
-1.559938140351820914e-02
-1.390347028959203549e-02
-9.916496510100606190e-03
5.394582018949843627e-02
5.127430130873394942e-02
5.307662516272045050e-02
5.277919762155938721e-02
-2.885515678818854901e-02
-3.578238768747729615e-02
6.325499684656133922e-03
1.110980166317483524e-02
-1.485030403809128874e-02
-2.138911645200677544e-02
-4.980209153315573456e-02
-5.759825212810248951e-02
-8.343144400078066070e-02
-9.526679456405461044e-02
-1.126940637449543731e-01
-1.120975386317625000e-01
-7.608416691129572806e-02
-7.907540876138767494e-02
-4.149948901339737400e-02
-3.961799433421882982e-02
-4.230006594704244921e-02
6.736858195093407657e-03
6.593347026552739965e-02
6.392671922248922833e-02
5.574519961209514068e-02
6.423079373613309329e-02
7.963370359355398387e-02
6.726066916045814192e-02
-1.558528609588925862e-02
-4.428940258370538813e-02
-3.836178218334523882e-02
-5.266948250435577600e-02
-3.916191400007931062e-02
-2.566281731558842441e-02
-2.664292037627839435e-02
-2.006231020451417282e-02
-7.765419721843676293e-02
-5.298392863244159867e-02
-4.059815863063869629e-02
-1.750107399452212609e-01
-2.292479919531183463e-01
-1.323435135442121435e-01
-1.658143759324543220e-01
-5.208789847056691930e-02
3.608790086303990952e-02
8.060294069766635316e-02
4.348318208917927724e-02
2.271296920608819117e-02
-1.641751945279439420e-02
-2.405996255767955602e-02
-7.179643179808731235e-02
-7.179760835145532205e-02
-1.146371643168519056e-01
-1.330890855339476320e-01
-1.524356925554098685e-01
-1.988973916792173002e-01
-2.048378555337644069e-01
-1.686097663765951382e-01
-8.571931649798734953e-02
-1.088758485138576898e-01
-9.389522349005667567e-02
-9.475329431637090349e-02
-7.004480570223357849e-02
-1.159572696078992327e-01
-1.228830934998272617e-01
-1.042109542657326943e-01
-1.246371441900129828e-01
-2.175420517053376912e-01
-2.267130496401431883e-01
-3.100891980329705810e-01
-2.938818168988721613e-01
-3.329829640410861269e-01
-3.818940736782481804e-01
-3.159324548797353693e-01
-2.977367358325569979e-01
-3.092890918434166858e-01
-3.121297435813528698e-01
-3.000224717268611396e-01
-2.939108106853052238e-01
-2.513792144219093583e-01
-1.841100183331012830e-01
-2.108407152532980888e-01
-1.982516569585774102e-01
-1.752787832828204551e-01
-1.418376887022616828e-01
-1.588086655772450451e-01
-1.836168003191741005e-01
-1.337332513111325061e-01
-1.088465531040435780e-01
-1.176622834372896415e-01
-9.414054159046941761e-02
-4.092102732962217548e-02
4.198835615177458173e-03
2.356597395979344658e-02
-3.641266219537844795e-02
-7.530535584489850276e-03
-6.687573974502233898e-02
-1.310791020614035796e-01
-1.521874619329989520e-01
-1.291355952481595404e-01
-1.301995135671007164e-01
-9.171763660666068518e-02
-6.703771635106481330e-02
1.650443935489844579e-03
2.115082194848424274e-02
4.550732271958557278e-03
-6.581108474997605928e-03
-7.822374371237332535e-03
-2.807677863155177977e-02
-3.103772827705783555e-02
-5.169716235012099953e-02
-8.221203361358625505e-02
-4.736565086997101409e-02
-8.415482038147497484e-03
-3.472156825928749118e-03
-3.154255614364138288e-02
-9.584334441775624325e-02
-1.080209123674768235e-01
-1.478866988896691548e-01
-1.568053226565880864e-01
-2.051069706202345855e-01
-2.421825769486608271e-01
-1.950124938285067722e-01
-1.771489988474530264e-01
-1.886363920768610869e-01
-2.050468655648890193e-01
-2.037341271948478472e-01
-1.963704211005014300e-01
-1.849824210017399495e-01
-1.471426101648171669e-01
-1.644354801853695203e-01
-6.508072694633350308e-02
-4.311223093237554621e-02
-1.522719646219155287e-01
-2.379743968227007178e-01
-1.893874373672137790e-01
-7.332414969571741936e-02
1.012964844833010719e-02
-2.066599821109005308e-02
9.851691163687999880e-03
-1.064047733624751829e-02
-2.134580993858271880e-02
-1.952056696076954687e-02
-2.515644953933204517e-02
-1.728933304302587154e-02
-1.372579792851047129e-02
-7.425894208747535474e-02
-7.308782720304132785e-02
-4.105892236833844772e-02
-9.310216141310426186e-02
-8.480208389682036829e-02
-9.465013114753768886e-02
-9.716563662053100126e-02
-9.686383246756792575e-02
-9.840393358956169012e-02
-1.005275709146388752e-01
-9.269928253523181116e-02
-1.026115592156128936e-01
-1.010746724004032843e-01
3.286129296130287786e-02
4.348108645633878139e-02
2.751561812617998523e-02
2.710001469430252385e-02
-5.409760681627220208e-02
-6.246333940327024326e-02
-7.324154690329247319e-02
-9.073835611637778853e-02
-1.270429828228933633e-01
-1.295472370454408273e-01
-9.578101501662689143e-02
-5.980339150097455092e-02
-5.091795476742895510e-02
-6.670030228987422483e-02
-7.463677618160882710e-02
-1.036712965048684071e-01
-1.469550603388699583e-01
-1.628628025363814402e-01
-2.148876319760735232e-01
-2.015033963720512522e-01
-1.913855474746117835e-01
-1.534430117044608133e-01
-8.678916339336822938e-02
-6.715937114286434084e-02
-5.494112854233332288e-02
-2.859540057460531470e-02
2.070138002012890735e-03
-3.481852211617753046e-02
-1.582222439943860304e-01
-1.549009058765717095e-01
-9.276489535748549953e-02
-7.587054228348449891e-02
-1.340715947974663314e-01
-1.547643535865280418e-01
-7.562691523122935799e-02
-2.075055544346663533e-02
-4.195283802615348834e-02
-1.019500977409028980e-01
-8.504531385123195730e-02
-3.996906928711465440e-02
6.193200049311979594e-02
8.652796468904407068e-02
7.968813005459461640e-02
6.440648056206044192e-02
3.309997054351420526e-02
6.233712425719228206e-02
1.132412748811919417e-02
-5.787902604754481539e-02
-7.968510344330052841e-02
-4.833005276817629176e-02
-3.616844529428200894e-02
-2.778416614141626662e-02
-2.592077350576793213e-02
-4.672026162708970559e-02
-1.720021259917254089e-02
-2.281656844810811546e-02
-3.132022924839487216e-02
9.018719905273109294e-02
1.033415216515989332e-01
-2.351169665363324682e-02
-4.260294500914089261e-02
-4.778382283901945471e-02
-8.199738295166514312e-02
-8.283493536723555983e-02
-6.337613846572390242e-02
-5.100512647205178440e-02
-4.113054041550682355e-02
-3.810481253220203424e-02
3.787964323261105819e-03
4.783431474314574910e-03
3.512476706644963517e-03
6.148756893372782882e-03
5.671525247259899365e-03
5.478121471551827826e-03
5.518746946294382852e-03
5.515908150716174706e-03
5.486349089676098752e-03
5.663511207798037003e-03
5.913181568272730948e-03
5.285871377429390838e-03
7.651466375955586104e-03
7.301173798859568118e-03
-1.453405156323656121e-03
-2.510626927505615023e-03
-2.978818915318417245e-03
-5.628214021155538566e-03
-2.324199789652937106e-03
-1.734330779377405568e-02
-2.359577802158556795e-02
4.661887403890164344e-02
5.309511677389004702e-02
7.014078493759728916e-02
7.539029095749051612e-02
7.304371257715436272e-02
7.125515020299795499e-02
7.590803769789940258e-02
1.709926637030943081e-02
1.830914440222784767e-02
7.052581161809179378e-03
3.634520175369337566e-03
4.860736246676553365e-03
6.031485411726884849e-03
4.251609090694448423e-03
2.146233184780327319e-02
2.141471764066102054e-02
-3.816046592524356424e-03
-1.126858200989578479e-02
-1.399175549762799765e-02
-1.626250408108733878e-02
-1.730326150405034347e-02
-1.822124042177681105e-02
-1.550679570348825927e-02
-2.129219274172749338e-02
-2.057826095843027017e-02
1.455816952274375901e-02
1.775014414251909270e-02
1.777955292701693946e-02
2.542110427236850267e-02
2.478560509248075097e-02
2.373087748088440266e-02
2.182895095552024600e-02
2.178104022908517248e-02
2.149237259312086756e-02
2.132266867880171918e-02
2.134716513142694699e-02
2.134391812260216792e-02
2.134328349630722557e-02
2.134358053372416991e-02
2.134355744619302608e-02
2.134355768978430865e-02
2.134355768978228596e-02
2.134355768978447171e-02
2.134355916583420554e-02
2.134353684897319012e-02
2.134357554613337121e-02
2.134407452136654476e-02
2.134135400334545574e-02
2.135378602641628890e-02
2.139572788786245350e-02
2.120929431844678983e-02
2.136461345312709939e-02
2.132970771433097268e-02
1.896539767668486282e-02
1.893397884805828740e-02
