1.806434629903948957e-02
3.647342334058830543e-02
1.776861707310015415e-01
1.959718936335861361e-01
1.209828254502277878e-01
9.183199290254216718e-02
8.730511943515069373e-02
8.728382862931537145e-02
8.727933531826800873e-02
8.727931752072390359e-02
8.727945097011989561e-02
8.727945097013616038e-02
8.727945097012110298e-02
8.727945097013586895e-02
8.727945097011516329e-02
8.727945097012569653e-02
8.727945097012523856e-02
8.727945097012662634e-02
8.727945097013151132e-02
8.727945097012174136e-02
8.727945097012811126e-02
8.727945097012622389e-02
8.727945097012725084e-02
8.727945097012392017e-02
8.727945097011968745e-02
8.727945097012299036e-02
8.727945097012856923e-02
8.727945097012689002e-02
8.727945097011927111e-02
8.727945097012353159e-02
8.727954784327333904e-02
8.727893026910196750e-02
8.727817175833491037e-02
8.727746092343771633e-02
8.401033833397350548e-02
8.320312052405590131e-02
7.934777724892841388e-02
8.098061497513840690e-02
8.259664712063835568e-02
8.259638908081302910e-02
8.259637916654323508e-02
8.259550884657308745e-02
8.259964268736226523e-02
7.877037749358158092e-02
8.154869786253006458e-02
1.018332709491603094e-01
1.037494391622225953e-01
9.819225995367469872e-02
9.819666187467762652e-02
9.819442645295095584e-02
9.818716507174700403e-02
1.061799799836437297e-01
8.035025219146553488e-02
5.529174643322588151e-02
5.134163232179252828e-02
-1.084388104432123245e-01
1.335242213701788236e-02
1.767665536013859895e-01
3.106739673926609546e-01
3.007516181395377131e-01
2.476251215572327635e-01
1.190757282681902396e-01
8.251598522661966750e-02
3.978893048563320739e-02
-7.274637982522669244e-02
-1.335893413962713494e-01
-1.968419565238049146e-02
2.247006639011792789e-02
1.350686849851459072e-02
-1.370604680067207069e-03
-3.734054681057932118e-02
-2.425730543948481643e-02
-2.895619668943339928e-02
-2.895899779066192156e-02
-2.895593231095998366e-02
-2.895919167823359300e-02
-2.896578735248277886e-02
-2.896243825688336535e-02
-4.355156140037403506e-02
-5.924050747348334756e-02
-2.636365790054497060e-02
-1.906843064181968847e-02
1.228844561715090357e-02
2.828197523590241652e-02
-5.629774140116687066e-03
-2.492186987708688295e-01
-2.145072407725319985e-01
1.627957262745714784e-01
3.935590145676087226e-01
3.117787211780555512e-01
7.558891000602725452e-01
6.977915697818996010e-01
6.916991132695153865e-01
6.918128541446916246e-01
7.098481217357788253e-01
7.704071933699164765e-01
4.070977630196953023e-01
4.961463583429572832e-01
6.730524514904894229e-01
6.020070668770660660e-01
1.474943126578981689e-01
-1.418958689460673994e-01
-2.763374121875142864e-01
-1.337115286244968393e-01
2.474649813367087725e-01
3.233705325811545572e-01
1.851662103235945100e-01
-1.664148395376006118e-01
-1.570260976531872577e-01
2.813741264551134491e-01
4.535415976400072324e-01
3.920619874988057196e-01
3.867861989012778001e-01
2.502384830489965406e-01
1.607852279900983880e-02
1.227456017599589180e-02
2.239671865894197755e-01
1.209926346264341285e-01
-3.608584159097251443e-02
-1.477900332172465137e-01
-1.121649231572566102e-01
-1.229006759862708714e-01
-8.190964955386924318e-02
-2.092771158461882372e-02
-2.087985064335399696e-02
-5.984655239163003820e-02
-5.242531834212741521e-02
-8.498621319477622782e-02
-2.040566943114063836e-01
-1.627780011897671242e-01
6.902449472613125803e-02
1.356755131809537773e-01
-1.884759061484711160e-02
-4.934981129971550973e-02
-7.208812188684625422e-03
4.313531003536453037e-03
2.730908905376876195e-02
2.158691748205225636e-02
-1.545303021923709634e-03
2.791137410486369680e-02
3.222074213115930230e-02
1.991898451051256347e-02
5.198327095272336010e-03
-3.445810019148930810e-03
-3.451995047874447265e-03
-3.459819408495358461e-03
-3.459070341245085861e-03
-1.595987806159937517e-02
-2.372034077113848935e-02
-8.163047658593996711e-03
-1.914546146976481159e-03
1.361293840483855135e-02
1.692872835664218506e-02
1.309775244227988876e-02
8.061172067041030842e-03
4.655317367116647287e-02
6.650576539271155219e-02
-5.341426306698328005e-03
-4.500392361791431123e-02
-7.832889257565439634e-02
-4.755792849478316514e-02
-5.444423652274119063e-02
-7.807174981493877897e-02
-8.569851738520890827e-02
-3.741714542329076243e-02
-6.216676056490604702e-02
-1.632161717040313820e-01
-1.536604762054967488e-01
-1.412111886771327991e-02
-3.146470762584475112e-01
-2.364581000954971701e-01
4.230440753576448221e-01
7.618239467547620603e-01
4.752653500783581286e-01
4.870613571247885965e-01
4.005267346299371534e-01
5.256119241823432597e-01
5.261246529083305479e-01
6.954233165679595263e-01
7.938231137597512310e-01
7.835547570813730101e-01
7.008814328570587282e-01
5.018656329693231832e-01
6.437863588220492650e-01
6.204539379626575757e-01
3.320226710897840050e-01
2.608467371149428837e-01
3.041596840025605486e-01
2.433517238417759465e-01
2.232029962375466359e-01
2.075631297803819109e-02
5.053583877154684684e-02
-6.932633252283137981e-02
-1.389092140099647821e-01
2.839513954688516542e-02
1.086690830129848351e-01
2.480547787048196229e-01
2.485146462836212988e-01
2.491259477330035610e-01
2.492865263958766175e-01
4.621695030657409498e-01
5.370617500163041846e-01
4.545546069361484087e-01
3.487282166657466043e-01
1.979043436244248277e-01
1.972519869672011150e-01
1.964016891479241911e-01
9.434935524767028292e-02
4.450120486251848972e-02
-8.840782250048326296e-02
-4.004260996332080491e-02
2.911718486570554973e-02
-4.103028389710286494e-02
-4.673138235263116919e-02
6.665456541960952837e-03
-2.652413315057455812e-02
-1.532951912761953972e-02
2.110163418531946569e-02
4.632882610929182216e-02
1.999958092373809587e-02
-2.685323145838460976e-03
-1.812386884035726078e-02
2.573639555759839673e-02
6.954328440022890245e-02
7.438800877754743468e-02
3.871332665305619175e-02
-6.335966952282018165e-03
-5.010264799765138527e-02
-2.882941649752986391e-01
-1.869552087293872289e-01
6.233096725172754954e-02
3.342523537571602255e-01
2.995069186675426987e-01
2.384507026716429223e-01
1.615259462156653503e-01
1.862855481435223004e-01
1.959844779105151813e-01
2.564344503192318436e-01
2.592029136312311022e-01
2.201102599138208826e-01
1.668666582172405322e-01
3.568458945913293157e-01
3.395252026537375345e-01
3.831200978983409500e-02
-6.627005265227849107e-02
-4.173335514080715042e-02
-4.249840241572497984e-02
4.982535984795328360e-02
3.846846855991932490e-02
8.263111031545317120e-02
1.017466386016793040e-01
9.325972253205926793e-03
-4.882886548475387500e-02
-1.417198133241454328e-01
-8.043060514330063748e-02
1.371434212805867220e-02
4.026376955680539133e-02
2.989152646879659342e-02
3.359471125130358143e-02
1.992591551783181453e-02
5.194205553719821213e-03
-3.450313647570237875e-03
-1.068331534764369907e-02
-1.566218384596550564e-02
-1.725248785331444032e-02
-1.599814163802432306e-03
-8.587550039840954538e-03
-2.926772788317999474e-02
-6.116100921380626665e-02
-1.715189565372589320e-02
3.338265535469531198e-02
4.632517264785188799e-02
2.608443956414948500e-02
2.609210323683356508e-02
2.608409335768891585e-02
2.609539354107377751e-02
2.006376189618462591e-02
2.520643032455891636e-02
1.244300378362222376e-01
1.410088214325027345e-01
2.092185732296395761e-01
1.923785409843590810e-01
1.293920751108381118e-01
1.231605745985976941e-01
1.394679055506475029e-01
1.071317104268077192e-01
1.115756321106245730e-01
7.804988309331366281e-02
1.545960199204744756e-01
1.519594559887752494e-01
2.230121915886111236e-02
-7.893416000101752261e-03
-2.036525713318470057e-02
-7.240543044715083698e-02
-1.194530845654864643e-01
-2.787110018578282111e-01
-2.195510495716821997e-01
3.593697923062860039e-02
1.290752577577012894e-01
2.350107198630065342e-01
1.970908633587806769e-01
-5.976293531070991233e-02
-1.180452105910277244e-01
-7.136164166385627894e-02
-1.482054900183465695e-01
-2.471968779531122373e-01
-3.209757476116895658e-01
-1.624893549916534841e-01
-1.058879058800869383e-01
1.377360557826415310e-01
5.934289528888598425e-02
-1.147654354904656115e-01
-1.119613117625142817e-01
9.265414289401525949e-02
1.005761088416392279e-01
1.902626373788163586e-02
-7.569214949802884236e-03
5.223008319665555649e-02
1.202921324735724551e-01
1.199913801393521912e-01
1.233942485692632041e-01
1.914307599986713460e-01
1.951260953185658675e-01
1.609221825484664914e-01
1.734026496584192278e-01
1.652335022387079466e-01
1.293917261625052717e-01
1.231571364262659951e-01
1.394772553675908966e-01
1.394711969266190510e-01
1.394692325526044885e-01
1.394679949880942571e-01
1.394623790658148232e-01
1.071401125336171600e-01
1.115791732153550986e-01
7.805538469637694765e-02
1.745419285419587130e-01
1.533796684894825069e-01
8.318094021571804941e-02
1.119927096216899801e-02
-1.011697916481809068e-01
7.637067477304452026e-03
2.567039956369131515e-01
3.033739566607926430e-01
2.804135116990500443e-01
1.950737205901078297e-01
3.178456053756963384e-01
7.168247196726088566e-01
7.558775450633158366e-01
7.469862659710233554e-01
8.532550074707767607e-01
7.721048882597364438e-01
7.352585743718550448e-01
5.238364786646843019e-01
5.223491703684748355e-01
6.453602606744193171e-01
5.288876230062271588e-01
1.245047279685390362e-01
1.089275276591289005e-01
3.745953374032970351e-01
3.558484792247255668e-01
4.703443373105781200e-01
2.781481514902539587e-01
3.882772912944716659e-02
-4.659731384110516600e-02
2.040964470697718969e-02
-4.560340235690664157e-01
-4.821826362993216208e-01
-3.682971923651484625e-01
-3.686839195481194098e-01
-4.629278263974874186e-01
-4.697107324917435545e-01
-1.181141096016217473e-01
-7.049415559185681635e-02
-5.519901442304624845e-02
-5.970060433404636435e-02
-4.210110498615405455e-02
-2.447008503818711572e-02
-7.903888334118816528e-02
-8.467561672607398782e-02
3.241138987241635322e-02
5.058013546222449308e-02
-7.471791007084652159e-02
-2.953262074498403528e-02
1.799748887054365004e-02
-8.724843463585646788e-03
-4.797087124900005495e-02
7.398249090276666495e-02
8.307648473131977462e-02
3.424115147604511744e-02
3.651020835682189380e-02
3.616878975740968338e-02
2.629144276446405970e-02
2.269864375701869177e-02
2.211643861281536311e-02
2.211411528435006796e-02
2.211382844171413953e-02
2.211388849005431131e-02
2.211391388958798901e-02
2.211391388958553611e-02
2.211391388958708001e-02
2.211391388958781901e-02
2.211391388958338505e-02
2.211391388958450915e-02
2.211514722936296432e-02
2.211118870488738147e-02
2.210059439913623566e-02
2.210596906109437917e-02
-6.075166124886869842e-03
-2.352893437389638048e-02
2.270581863289862501e-02
3.679087646936350653e-02
7.171965848867568882e-02
7.172604611741331682e-02
7.175431603592022367e-02
7.617742528378945721e-02
9.707963892251431082e-02
2.361241542503408897e-01
2.339239618606606952e-01
1.921227352316195458e-01
1.921513139853247565e-01
1.921319611922179538e-01
2.244976562477873361e-01
2.290698705296621007e-01
1.878215589450659140e-01
1.716397596800033898e-01
1.624848363721240752e-01
1.624751701561128747e-01
1.624745164857528124e-01
1.624560656905890688e-01
1.554550234494928018e-01
1.490193828982574187e-01
3.879851001563072721e-02
4.229066849946084422e-02
5.516555609546387740e-02
5.111115390292322175e-02
4.976639814353372299e-02
8.463942008513680726e-02
8.665718195991214956e-02
8.936485548847351856e-02
8.937186645068173618e-02
8.937174838753583761e-02
8.937220766973102970e-02
8.937212276346952200e-02
8.937212276347135387e-02
8.937212276347132611e-02
8.937212276346875872e-02
8.937212276346810647e-02
8.937212276347071549e-02
8.937212276346956363e-02
8.937212276346934159e-02
8.937212276346927220e-02
8.937212276347070161e-02
8.937212276347125672e-02
8.937212276347092366e-02
8.937212276346899464e-02
8.937212276346689910e-02
8.937212276346714890e-02
8.937212276347104856e-02
8.937212276346782891e-02
8.937212276347070161e-02
8.937212276346853668e-02
8.937212276347025752e-02
8.937212276347164530e-02
8.937212276346997997e-02
8.937212276346931383e-02
8.937212276346795381e-02
8.937212276346931383e-02
8.937212276346882811e-02
8.937217591336688027e-02
8.937186963288494546e-02
8.937178111891480592e-02
8.936922394381269230e-02
8.767825072798887676e-02
8.700774155537673027e-02
7.402368093349449840e-02
7.519911616506234908e-02
