2.891939989902610891e-02
3.114166303959260695e-02
7.121376576271709613e-02
7.279617228808341056e-02
7.014782238504574385e-02
7.630802826169857944e-02
7.115355900019157409e-02
7.235794263807845961e-02
7.264846568531677096e-02
7.135684437010389458e-02
7.203760521680856177e-02
7.168477267968405287e-02
7.153837187526534969e-02
7.168565225929368623e-02
7.151994001355677089e-02
7.154682698813405461e-02
7.154751258608646469e-02
7.150875676794316016e-02
7.152878229355646988e-02
7.152050692847983226e-02
7.152666035994324767e-02
7.153785074304012948e-02
7.155130198661371899e-02
7.158381399994531713e-02
7.159999856692521314e-02
7.167407173731069059e-02
7.173728702516853073e-02
7.179713254784524101e-02
7.205253838370570540e-02
7.210803213932001632e-02
7.245001402712490657e-02
7.309455152100832742e-02
7.301300363047746877e-02
7.470434361847699822e-02
7.552668803551070009e-02
7.585548640094705308e-02
8.255299601732064840e-02
8.462690373290483736e-02
8.768712484531665519e-02
9.122815905569299499e-02
9.661148851110376579e-02
9.657942738244731928e-02
1.077667187908833563e-01
1.151786092159086672e-01
1.156375104897456041e-01
1.577569313150273267e-01
1.611483430017733309e-01
1.743785202049869532e-01
1.885243528192763196e-01
1.904838096900382527e-01
1.916493963120712296e-01
2.038861583178866455e-01
1.940576047968397000e-01
1.917930851703683603e-01
2.118262254036426817e-01
2.073244497372725426e-01
2.456646257666674771e-01
2.789529702259185839e-01
2.846987108831936508e-01
2.913645906869625213e-01
2.880999025902043487e-01
2.623105611000396409e-01
2.432163256863361933e-01
2.004969676750178453e-01
1.391960551141306901e-01
8.954599045969530158e-02
7.519264499281611003e-02
4.627477558256389706e-02
2.724868869861673745e-02
1.986417973716807575e-02
-7.865867590354807051e-03
-5.729855340927170020e-03
-1.396600097976252557e-02
-2.021667649924955082e-02
-1.930316801043641464e-02
-2.190893286672251916e-02
-2.391157983368076209e-02
-1.953979204612098577e-02
-2.022781624324318517e-02
-1.980586122791721040e-02
5.174914805880386669e-05
9.577004758964285588e-03
3.920426035028768547e-02
5.983976283139066238e-02
8.916108947664659612e-02
1.115948890062188059e-01
1.844504401515057457e-01
2.835291947969937887e-01
3.975085411138017943e-01
4.018284250411247038e-01
4.388369924080012252e-01
4.416840384066813563e-01
4.438030998155588214e-01
4.628380478291679312e-01
4.581085528667399043e-01
4.671633376255193149e-01
4.757309015878795067e-01
4.641292316311876331e-01
4.647701094391082366e-01
4.452853035017770855e-01
3.884316159108767152e-01
3.557557214066086049e-01
2.758092767770581322e-01
2.797486494276101299e-01
3.499800505673156259e-01
3.245848643298166469e-01
3.496579807275900231e-01
3.326536982223745609e-01
3.246095311434175068e-01
3.950885701898914082e-01
3.983513075518042013e-01
3.805578336598944289e-01
3.880086288032599251e-01
3.590344901461297589e-01
3.325052447552945267e-01
3.136236434603154599e-01
2.606846653797355584e-01
1.917740413128087851e-01
1.266774758123020983e-01
1.489101856566258167e-02
-6.438019644360547244e-03
-4.475187878018611898e-02
-6.196442881960706472e-02
-6.036036944551372713e-02
-8.150329130996733507e-02
-8.226075351069928043e-02
-8.962903337402967907e-02
-9.735606026918949829e-02
-9.326694589851455830e-02
-9.287694574954170890e-02
-6.192406562413934473e-02
-2.626717382492627789e-02
-4.233486855332258686e-02
-1.856648347409315530e-02
-9.175392859897131895e-03
-9.866802636851881164e-03
1.057302252233030711e-02
1.088852946789435443e-02
4.730410374095355384e-03
1.973861374104131372e-02
1.452668142544817111e-02
1.182503135706938768e-02
9.397145146212673023e-03
2.920850104811931712e-03
2.099749655131314795e-03
-1.759233849455160963e-03
-1.929866854557056111e-03
-5.124273577029787169e-03
-6.839576924274236129e-03
-7.313427933324104582e-04
2.124963368368301686e-03
9.555303582180343230e-03
1.068756786748001689e-02
1.746386396758966772e-02
6.954166774090600120e-03
1.307089923576439626e-02
1.159389602158121188e-02
-2.799511183239297360e-02
-4.813455064800576527e-02
-7.785542680727462750e-02
-8.535340485058125204e-02
-9.819053910823068165e-02
-9.671620119068811972e-02
-9.108057015831669267e-02
-9.487025780615619686e-02
-6.976557097911358085e-02
-6.615855354972331737e-02
-4.122378703872422306e-02
3.117187311874549879e-02
7.142519004268264859e-02
1.884513348777432651e-01
2.904450741514827961e-01
3.977708278384128882e-01
4.168275639414786848e-01
4.343646685174694655e-01
4.393080458030464985e-01
4.517369825634076630e-01
4.526396547319270214e-01
4.629452050071430902e-01
4.638288076891456946e-01
4.586718356510040007e-01
4.617318333564806587e-01
4.384876610453549706e-01
4.364460745551879128e-01
4.210200175337747708e-01
3.917570357081845422e-01
3.845653773432959888e-01
3.511693263559466649e-01
3.336596426466156284e-01
3.192838957812269007e-01
2.820013487313048905e-01
2.790243441130273450e-01
2.525850294930121476e-01
2.485410166859519376e-01
2.724196542603334326e-01
2.856295892872269260e-01
3.094695299114690323e-01
3.329014430799082103e-01
3.521333265840164706e-01
3.596359987773601330e-01
3.819950682583700408e-01
3.742511684792902971e-01
3.589688793842975567e-01
3.480502997144433452e-01
3.159590214509467865e-01
2.994482718793441967e-01
2.738901500413366552e-01
2.405952851189577524e-01
2.255073940640293650e-01
1.865777165913828917e-01
1.634952548681977980e-01
1.436046120196263765e-01
1.046998286923163518e-01
9.015462143358962677e-02
7.767291891267477655e-02
5.180656246903262568e-02
5.240473963322943990e-02
4.939756417322915816e-02
5.031997921913389238e-02
4.342088831360824130e-02
3.806592219686809331e-02
3.653310059765879636e-02
4.672317148889707644e-02
6.312132071879597572e-02
6.430791929405965668e-02
5.347724796137773295e-02
5.233731870043356604e-02
4.084960340940780449e-02
5.269953199369374619e-02
7.367295673286375357e-02
9.961520383461124062e-02
1.304919075698801889e-01
1.321392988143627323e-01
1.612625275886081511e-01
1.700332394775230793e-01
1.833577301875814469e-01
2.108766148672002738e-01
2.131409641568514646e-01
2.371801491696787223e-01
2.522969087341035421e-01
2.456599051198483652e-01
2.689806649327430854e-01
2.613201757839056505e-01
2.195189025955845696e-01
2.143925166436999874e-01
1.573483543005281815e-01
1.165829538737264831e-01
1.474980062887065735e-01
6.699424888819892343e-02
7.778498486338701612e-02
6.867843480761336161e-02
1.102657298637689173e-03
9.779277542187830505e-03
-3.500454740354382727e-02
-2.832133766948229103e-02
5.392486673717995609e-03
3.587596984520313552e-03
9.499180004562814833e-03
1.596476791264291387e-02
6.906184249220196671e-03
5.314056782424434432e-03
-1.342894236665861084e-04
-4.923651408988413691e-03
-7.144907992345028887e-03
-1.119113227932229566e-02
-8.328640051402422251e-03
-1.068897359425983497e-02
-7.120841312681933447e-03
-1.184593082676448604e-02
1.102439873761840335e-02
3.295443238338908315e-02
4.558860023339986189e-02
5.256528578297463977e-02
6.911114145867681968e-02
7.298071612476397796e-02
9.312571326864452215e-02
1.084688466580961824e-01
1.174519552626434593e-01
1.682048707554066325e-01
1.687082407693675790e-01
1.942823878831708151e-01
2.031073956227865684e-01
1.836415223952395370e-01
1.908066297828651114e-01
1.892097288617434203e-01
1.648797862249612167e-01
1.784020118950299660e-01
1.462170584697677911e-01
1.458268507006698078e-01
1.380482427244886789e-01
4.559837780696276294e-02
3.167335528445124060e-02
1.033410372953701313e-02
-5.384872810039478125e-02
-4.346588231176135020e-02
-6.348603216225555401e-02
-5.894666577092833037e-02
-2.438408701585284555e-02
-3.509615182426033264e-02
-2.396412739300031111e-02
-2.470599254286845806e-02
-4.698737446928086259e-02
-4.296832951359506880e-02
-5.771123442762719769e-02
-6.631164145364124018e-02
-6.530048647990643884e-02
-8.102629766548431756e-02
-5.762987708497432915e-02
-5.748664287978664383e-02
-3.952228680803956951e-02
-1.557117866141790458e-02
-2.284535634687624370e-02
8.470132085720429678e-04
3.497692188291758042e-02
4.218959790252128916e-02
6.705755297914570146e-02
7.874096389411272545e-02
1.061545354954879644e-01
1.423595262385456972e-01
1.627206610720597080e-01
1.835099723239989045e-01
2.077886124805773116e-01
2.157875872685872665e-01
2.091209357645212041e-01
2.205019157167523725e-01
2.158226320076491456e-01
2.143920767597496946e-01
2.130427300886511555e-01
2.167247595989367781e-01
2.175959790502715596e-01
2.136816196166301807e-01
2.177702068664615354e-01
2.162085474589703349e-01
2.047891098691966560e-01
2.233729433931893882e-01
2.040816667296143083e-01
2.384338808000198706e-01
2.427766414103518233e-01
1.836785001598852385e-01
2.087106465310374082e-01
2.279649838641591986e-01
2.638686551119021062e-01
3.577351173419737185e-01
3.803396421300938024e-01
4.133543113063100627e-01
4.486479105851520766e-01
4.618508976962966694e-01
4.969834532600266863e-01
5.067820142787651250e-01
5.160213930038332064e-01
5.307723668736601397e-01
5.213409976690656089e-01
5.219092346645662905e-01
5.052844640914355701e-01
4.837363035661916277e-01
4.724815290011832314e-01
4.396376687986144338e-01
4.161824810861768364e-01
3.953173155163327013e-01
3.641119252554711472e-01
3.485699334066462707e-01
3.053396961283859623e-01
2.632773977757674189e-01
2.228589013430966881e-01
4.059965415316926091e-02
-1.787665580259402073e-02
-8.735816781656485785e-02
-1.106904123884768082e-01
-1.359843803080848512e-01
-1.561417588536722356e-01
-1.584933466530805135e-01
-1.707906813745958818e-01
-1.607156050667905567e-01
-1.579683132066002083e-01
-1.568075907714556738e-01
-1.440429581024059713e-01
-1.444509072555675566e-01
-1.347876223779397031e-01
-1.247277118786162264e-01
-1.122833179361691358e-01
-7.097330338312567155e-02
-4.896019075713446689e-02
-5.979351904952445035e-02
-2.973515487826426662e-02
-9.412258860938644764e-03
-1.909931215025841445e-03
-5.454180313014617143e-03
4.532164620216319606e-02
4.467930883604460945e-02
3.999722936463982054e-02
5.745050024003600653e-02
4.698463391658867089e-02
4.311183020929539034e-02
4.406883091202692948e-02
3.842716291633153231e-02
3.864530964901859156e-02
3.751639937115335000e-02
3.603025049966208232e-02
3.608341989725601107e-02
3.574987424578149331e-02
3.543752155918276220e-02
3.534994715626887246e-02
3.665485939224484568e-02
3.536006352067267572e-02
3.742063206484830262e-02
3.947621515704673179e-02
3.606823115229782634e-02
4.616215728428164911e-02
4.264469067923867124e-02
4.509558266390575193e-02
7.635553370579260812e-02
8.166249078195328415e-02
1.210235821338480761e-01
1.310836531815526562e-01
1.562843187750421192e-01
1.883576944558856270e-01
1.943191456602552936e-01
2.609147251703411441e-01
2.651246439334551397e-01
2.647705392828843540e-01
2.886690016778319934e-01
2.749798417682134954e-01
2.852135310737477503e-01
2.871143919100844211e-01
2.555793399346237282e-01
2.537710303579286397e-01
2.393292339406372926e-01
2.225441447403146422e-01
2.200927799013498998e-01
2.004662405888692212e-01
1.814281351736223569e-01
1.784065424202304906e-01
1.262902145779576102e-01
1.246113149649010765e-01
1.136510221417996874e-01
9.499489248279641140e-02
9.614667872818898064e-02
8.393504456243289225e-02
8.224212233507709191e-02
8.194533041414872598e-02
7.826841038474947887e-02
7.851514445814594678e-02
7.752818450194610966e-02
7.670840107208710956e-02
7.672620782477433676e-02
7.624067553007905784e-02
7.610527699039923433e-02
7.602657801396033033e-02
7.586817508458150450e-02
7.584336334524928447e-02
7.578829356267045847e-02
7.574696465221318620e-02
7.573538579358195244e-02
7.571068732317502714e-02
7.570043644450437370e-02
7.569220493355285906e-02
7.568045884993754302e-02
7.567813081256194452e-02
7.566639413116706125e-02
7.565760118977486737e-02
7.565710035924748389e-02
7.562173683379952438e-02
7.562617104053261097e-02
7.559922543150124352e-02
7.550773478012777484e-02
7.557721318974038038e-02
7.536751786953962973e-02
7.527348041916942512e-02
7.543276671117854493e-02
7.453153653241198495e-02
7.503469927670207429e-02
7.453339004372992738e-02
7.223638260693474034e-02
7.537101974706703067e-02
6.949754704971020103e-02
6.806517528753021351e-02
7.199234334482129682e-02
