1.930931679527068609e-02
3.925038007223875108e-02
1.932412178066651720e-01
2.130099649600414036e-01
1.317803346062002279e-01
1.005947188922122759e-01
9.526982756366428329e-02
9.495092203915145301e-02
9.488361872868039670e-02
9.488335214727691702e-02
9.488535102652999320e-02
9.488535102651676767e-02
9.488535102653132547e-02
9.488535102652187470e-02
9.488680204637810200e-02
9.487755167715239413e-02
9.486619028136422660e-02
9.485554300108270387e-02
9.127486551337322951e-02
9.040823241224286988e-02
8.624918263046207900e-02
8.802868336265989857e-02
8.978586321330456199e-02
8.977975881680756720e-02
8.979327894742929195e-02
8.978503226705362994e-02
8.975734896802041451e-02
8.986532743696103165e-02
8.578772880587491600e-02
8.867335412571725195e-02
1.306587280443234356e-01
1.345621254197275629e-01
4.856945071067537978e-02
3.873381162808825495e-02
4.407088773020236688e-02
4.636844655716411412e-02
6.308045702035108837e-03
1.736687543421851351e-03
-3.240349222882672828e-03
-2.030147114207295558e-02
-2.501025257209258876e-02
-2.316709580029547091e-02
-1.472885175061015850e-02
-5.229726546143748794e-03
-5.235643754799723486e-03
-5.256212851182063758e-03
-5.215092046041459872e-03
-1.888641281481068246e-02
-2.736428214217216312e-02
-1.028714839165118834e-02
-3.484756822982466341e-03
1.358829750524920450e-02
1.727680487442581278e-02
1.315629868915641626e-02
7.570484702704102960e-03
1.863640216756525664e-02
2.241595822824481166e-02
-3.296336185974483440e-02
-4.534133452544897996e-02
-4.018942072872385557e-02
1.014753378213394397e-01
1.935394022492680777e-01
8.575798797852318689e-02
2.430100427877384187e-02
8.972631127170739573e-02
1.872794082832119622e-01
4.683155680977257873e-01
4.967041213490192564e-01
4.936625923661758231e-01
4.401719810478592620e-01
4.347220999146909626e-01
3.901066354994304763e-01
4.922791309844213314e-01
4.922956453782065811e-01
5.150041534593772230e-01
5.284096921918576273e-01
6.342920184817941731e-01
7.225478964355442901e-01
7.574182491076529855e-01
4.992000440389866012e-01
6.957381143024699011e-01
6.565972616759478964e-01
4.222506817081819186e-01
3.274969644329877583e-01
3.406645410584855926e-01
3.234401471863289634e-01
2.604893332912899817e-01
2.448894936669368250e-01
2.996853179470044398e-02
5.604844187901237423e-02
5.976275201383440816e-02
-2.270062863558890490e-02
-2.018241475978942712e-01
-1.848787657405192297e-01
-2.021712380178415300e-02
-2.952064879308787318e-02
-3.250367898447079767e-02
-2.793604988135151360e-02
-2.382026660054557821e-02
-5.911777764897607756e-02
-6.051657815419005104e-02
-3.921965637789638637e-02
7.152044166742697537e-03
6.039541177837501329e-02
6.025515880816978420e-02
3.022734410011059664e-02
4.058686568190099375e-02
-7.903923607790795669e-02
-2.367592733893676693e-01
-8.300508146722107572e-02
2.432947170808262560e-01
3.438465067447022960e-01
3.258061155539846432e-01
3.053815993970844245e-01
2.148447553189589132e-01
6.740268896000303767e-02
-4.470586734006672114e-02
-5.252983809194096410e-02
-2.376728004378748926e-03
4.529121636460978206e-02
9.550889566398974937e-04
-2.717022267500504573e-02
6.845152334900342014e-03
7.200242491537736655e-02
9.626661948197637320e-02
2.702364124629826753e-02
1.556374550528707990e-02
9.309734756579186518e-03
2.916499959352379656e-02
4.903880741857061937e-02
2.008857704002631472e-01
2.259551243117253472e-01
1.861450664340572880e-01
1.866359042373589849e-01
1.867931015155583907e-01
1.862767605413549465e-01
2.808372272666820324e-01
2.710261483598054300e-01
3.831422048256272889e-02
-7.448944940819619831e-02
-2.361171349139924713e-01
-8.628654475996466733e-02
4.271340919845367790e-01
5.169621896290825802e-01
3.403341719119564179e-01
3.592460655635558164e-01
7.899225044697091302e-01
1.018128431971150993e+00
1.099088534324524913e+00
9.414879775917711635e-01
8.275719683801098236e-01
8.894629972791819883e-01
7.758982140545264139e-01
2.405620001386688522e-01
3.456364719149537801e-02
1.954674338525733690e-01
1.682345049885551891e-01
-1.591352474409775744e-02
-1.057528314742754369e-02
9.912873434712143883e-03
1.025522578394228862e-01
6.936921733999036610e-02
6.607485669645268844e-02
3.892064783671643838e-03
-1.989049041973084062e-02
-5.844539006986257390e-02
-1.453331171347982398e-01
-2.372973214093785088e-01
-1.447821712442033393e-01
-5.621736527288485191e-02
1.055905564778998086e-03
1.307823720933845024e-01
2.137819929576751932e-01
2.193417614366700297e-01
1.841671664609482728e-01
1.874738468844599770e-01
1.343290372640049135e-01
1.624995022683240961e-02
-5.567508629024232880e-02
-1.343514736389918030e-01
-8.117582322652966420e-02
2.575162318342586951e-02
4.008520925188309436e-02
1.202557096645005263e-01
1.155674925131286862e-01
8.670434487349462649e-02
8.400075010178464918e-02
8.734135191722022795e-02
3.866380336025129066e-02
6.148217733080988540e-02
4.092714607296001061e-02
5.888746565573173622e-03
-4.616236387087357951e-03
-1.795678701916947340e-02
-3.417359305242456333e-03
1.012366387842484200e-01
2.095648038867815588e-01
1.667829170820413764e-01
2.671036195965032639e-02
-8.248895023086719180e-02
-2.353385357557686575e-01
6.336102825791246895e-02
5.080749971676451482e-01
5.463908432820469008e-01
3.012915551239288559e-01
2.814880910614452891e-01
8.015115080992560315e-02
1.843974526732352348e-01
3.223831370162393295e-01
4.902946655491330907e-01
5.111423140475066518e-01
3.237628706394951594e-01
2.113018198615608523e-01
1.617253014567280878e-01
4.130519873569808709e-02
-1.942926832846411656e-02
7.506697469387307864e-02
1.036084040440033716e-01
2.397084328240435824e-01
1.535510562735428186e-01
1.393313911185957987e-01
6.638981794207834963e-02
5.754353996830532947e-02
1.975399620238868503e-02
2.832419493481205461e-02
4.571251374864843120e-02
4.558505149010812912e-02
4.557408817268802925e-02
4.550914620694549578e-02
1.539381712226951804e-02
-2.416477338693230571e-04
-3.279559875502066624e-02
-1.172407497293479969e-02
2.862996182703243450e-02
5.489562193290032505e-02
5.215657384883913561e-02
3.006260602194766804e-02
3.211006785996960156e-02
1.205472854640439462e-01
1.227847751195781933e-01
1.189132448864595043e-01
1.188649638627783250e-01
1.285130424839846797e-01
1.152275177827031816e-01
9.789599565279855434e-03
-3.237084081964618915e-02
-1.109512528813055010e-01
-2.279912548049265741e-01
-9.272378787191818197e-03
2.432466299504177087e-01
3.443051841502351440e-01
3.263455937350612235e-01
3.057632856937853028e-01
2.144892789454033721e-01
8.622126808037079704e-02
-4.793081499747616631e-02
-1.696627656341405388e-01
-1.412796505943056391e-01
-1.067168306182624260e-01
-1.095973795724561883e-01
2.269924858890076669e-03
5.821255750958052866e-02
9.103132664020875675e-02
7.907883888158340202e-02
4.857119866237576133e-02
5.402971329072061429e-02
5.183821956404600223e-02
3.587227555242539917e-02
6.528058944341812858e-03
-1.155206440954195529e-01
-1.886495282661243000e-01
1.173062853368515429e-01
2.352483964968089536e-01
1.899210521395852114e-01
1.529842691369092539e-02
3.033792129338248184e-02
8.948415551321667327e-02
1.907097378462981607e-01
4.697527439677205985e-01
6.751838350411079048e-01
5.924103155081951178e-01
3.427091558527116111e-01
2.555593709160225435e-01
1.829000133511152482e-01
2.059617075752642468e-01
2.021030884364416469e-01
3.014656327595479079e-01
3.160476948821809851e-01
3.856395240544481795e-01
4.217637187582972125e-01
6.213675763924039197e-01
6.012270539436593841e-01
5.390065592345659740e-01
5.465467777768522328e-01
5.337444724233236792e-01
5.311309720108109422e-01
5.309093441590653217e-01
5.384548855287264457e-01
5.353378768704915025e-01
5.151707805980176857e-01
5.888414016564931242e-01
4.123199358303800688e-01
4.206516318763303675e-01
2.590588711571709113e-01
2.761330918900125608e-01
2.057000754945927934e-01
3.565074877818753124e-02
-1.396747034839986891e-02
1.042899444784924912e-01
1.838141016377820361e-02
3.701386333915237560e-03
3.473612424363142770e-02
-5.420519407503467807e-02
-3.670376061663708361e-02
-9.316864636440661679e-03
-9.565956766872683870e-03
-9.394757164775405234e-03
-2.201820303226284872e-02
-3.272006036340250473e-02
-1.423847665350263733e-02
-7.860975223564917527e-03
1.985718822604810863e-02
2.871259402374409450e-02
6.616047596620706905e-02
6.735747018110056772e-02
3.883295527197603431e-02
3.328622399377295649e-02
2.506088852405497641e-02
3.679364305765195787e-03
-9.861936967878286164e-04
8.760722453171829183e-02
1.152954362595575571e-01
3.439082289248882734e-02
-3.532744657078240591e-02
-1.477518921414741615e-01
-1.347328529067171599e-01
-1.243921402806729692e-01
-1.236812804499782675e-01
5.543029456023088053e-02
8.855813216617042238e-02
8.697679937133458161e-02
8.715158409833913267e-02
8.733401413706143313e-02
-4.227315400049954687e-03
6.361690218879563052e-04
9.039729889260683660e-02
1.368751820819874843e-01
2.391105597551447526e-01
2.833668953522308631e-01
4.612297543361847940e-01
4.118178185782842005e-01
3.307140908626755027e-01
3.330124164150294330e-01
3.230574388324035651e-01
3.179225826535391208e-01
3.269335949653296991e-01
3.532943708905724733e-01
3.653188071197763231e-01
5.456491447587209498e-01
5.386679017534050651e-01
5.274985206278983707e-01
5.399359241724835945e-01
5.241603409950115200e-01
5.256459170173899409e-01
5.189330496456642239e-01
4.511565936431223278e-01
4.745421658480006855e-01
3.015114515422325225e-01
3.188972985992316045e-01
1.958101251185577762e-01
1.260488536203278886e-01
1.020700927939550279e-01
-5.816620819992854990e-02
-5.203924648493671312e-02
4.731400331381360735e-02
4.714037702998402635e-02
3.684644543969379377e-02
1.731724310294948527e-02
3.707338360396501137e-02
4.221383865238394206e-02
8.147016917751830067e-02
8.150050896936798794e-02
8.159496261602157408e-02
8.167204758362137107e-02
8.167009148873650981e-02
8.158962773754800668e-02
8.149257077964448814e-02
8.183280261761234631e-02
4.728089011443912387e-02
6.822999044210253938e-02
1.944231356624239460e-01
1.820344231995230100e-01
3.065969951565909388e-02
9.250699504361444350e-03
4.309381920192225518e-02
5.770997471412611657e-02
1.324949953416215687e-01
1.454240649758473392e-01
1.155215019144779087e-01
1.157010819969523097e-01
1.156221846944349430e-01
1.155604407828429298e-01
1.155750066542673288e-01
1.155750066542692855e-01
1.155635651347685505e-01
1.156015842807174149e-01
1.156653369223602512e-01
1.157174373620773605e-01
1.393535573227299429e-01
1.507760264195480149e-01
1.707862820349749788e-01
1.592649659610992641e-01
1.320003552358876842e-01
1.317410323680261452e-01
1.315326230522388673e-01
1.400834871492173672e-01
1.400870029381769410e-01
1.401108662692677476e-01
1.401584646553721558e-01
1.399568118993042010e-01
1.398444049582447113e-01
1.359015879643464542e-01
5.181798857871060954e-02
5.182063415383093841e-02
5.967019171131290878e-02
5.948193235017442543e-02
5.951091276535214192e-02
5.960628687183398139e-02
5.528251050315358822e-02
5.379300851437889691e-02
9.190096131794625589e-02
9.405171584321105060e-02
9.709458915710056370e-02
9.719960324605385338e-02
9.719783483063994256e-02
9.720471421464803308e-02
9.720344244146870982e-02
9.720344244147104129e-02
9.720344244147183232e-02
9.720344244147433033e-02
9.720344244146954249e-02
9.720344244146869594e-02
9.720344244146912616e-02
9.720344244147061108e-02
9.720344244147281765e-02
9.720344244147363644e-02
9.720344244147259560e-02
9.720344244146969515e-02
9.720344244146783552e-02
9.720344244147297030e-02
9.720344244147140211e-02
9.720423855015221382e-02
9.719965091087573450e-02
9.719832509942266663e-02
9.716002230933293293e-02
9.531492428342730472e-02
9.455252077412099054e-02
8.032875768247700610e-02
8.164231319914674878e-02
