4.313111841480777968e-03
4.592312443805962770e-03
1.155538529919197289e-02
1.058952596392603862e-02
1.101490857299865407e-02
1.269138288365495061e-02
1.314392953742863669e-02
1.373064961353947025e-02
1.426386650162559874e-02
1.444582346823754422e-02
1.472548076660319845e-02
1.488148947751320034e-02
1.497757390171735800e-02
1.508597163323558386e-02
1.513957173737487047e-02
1.518871144728685049e-02
1.523143664385346978e-02
1.525891385282284254e-02
1.528699664937688621e-02
1.531781623673421702e-02
1.534213548863033912e-02
1.537697057151712031e-02
1.542916327043117840e-02
1.546332724769719676e-02
1.556071091747453922e-02
1.565989339173409767e-02
1.574311493680171162e-02
1.604604137057037694e-02
1.617135141848830351e-02
1.653087435748384210e-02
1.729473829012907055e-02
1.731780157025764738e-02
1.894844068594329911e-02
2.011508320290975732e-02
2.034048491368678491e-02
2.635807135533240267e-02
2.701802495563565207e-02
2.832404307153160716e-02
3.095817518377695643e-02
3.151477668931766674e-02
3.259284818759507901e-02
3.592757851620179826e-02
3.594741593640756600e-02
3.815564696569738456e-02
3.426680900303914062e-02
3.844368666835616677e-02
3.370002565661442406e-02
3.778270541642572700e-02
4.739019601231361789e-02
4.371988711973513742e-02
5.815506729357215743e-02
5.083572633611369712e-02
4.789046915566734508e-02
5.303307273789803489e-02
4.128285379472678568e-02
4.261619812370074506e-02
1.133615907595134260e-02
1.444594459171617828e-02
-7.116828274027244862e-03
-1.462173405968467165e-03
-1.282261202708806849e-02
-5.595099517081292967e-02
-7.272781323374759299e-02
-1.299984125450065475e-01
-1.573692788990461167e-01
-1.977936140375457508e-01
-2.404048639958583089e-01
-2.318276232533890147e-01
-2.525213246406649015e-01
-2.462859195953078228e-01
-2.367966152257290624e-01
-2.468266337894161611e-01
-2.254819937495391724e-01
-2.260537231741927278e-01
-2.189149826124870413e-01
-1.901437151625421373e-01
-1.880191060002349146e-01
-1.562562051429033094e-01
-1.302281978090487069e-01
-1.123729273117830274e-01
-6.949967016735952852e-02
-5.110528077342355729e-02
-2.671232141208928351e-02
2.933195055391088404e-03
1.167879903621669990e-02
3.985550074559696815e-02
4.804161862740027877e-02
4.436980401783072181e-02
4.521340125820579037e-02
4.633293151331956128e-02
4.195535997578036386e-02
4.145546184584499722e-02
4.897349178797456154e-02
4.560011371998811541e-02
2.230800752644208212e-02
2.224351752330979912e-02
2.911243628392280389e-02
2.520979294456836967e-02
1.896012504861060988e-02
1.063139814578520359e-02
1.304023891620975650e-02
-1.449866805961154588e-02
-1.516571520926032236e-02
-3.668317226367222988e-02
-1.058245866478618180e-01
-9.770197736923504073e-02
-1.371835344829792358e-01
-2.107975237189951279e-01
-2.125646856912075944e-01
-2.428303674089048736e-01
-2.400760786377560407e-01
-2.247456185473612478e-01
-2.223140685975949493e-01
-1.973935429573400180e-01
-2.075990428440832869e-01
-2.014894504531840880e-01
-1.914651853981934604e-01
-1.966341450421356662e-01
-1.855263165192802821e-01
-1.858470749316737114e-01
-1.884021847964250096e-01
-2.076263387926167714e-01
-2.209564315504271015e-01
-2.390644469260030935e-01
-2.604393648785684467e-01
-2.756867829757815302e-01
-3.027155849120984898e-01
-3.298980619512522638e-01
-3.683858639249781297e-01
-4.300741347676841908e-01
-4.733594176231404882e-01
-5.141698361286297647e-01
-5.689627910736697602e-01
-5.877490704597152504e-01
-6.186236237148172723e-01
-6.351750415544811235e-01
-6.426584084496349547e-01
-6.619409450658265692e-01
-6.653991781443716613e-01
-6.756896181679000746e-01
-6.832101952737829054e-01
-6.816384152868776303e-01
-6.820061883634795930e-01
-6.574199036530664619e-01
-6.391387120411924361e-01
-6.059656672149987822e-01
-5.592521153186362781e-01
-5.206720452895273743e-01
-4.748891090977087059e-01
-4.127864476120801096e-01
-3.648825814144773805e-01
-3.266173967975986581e-01
-2.343994363384627744e-01
-2.166761482826007335e-01
-1.553668492270525725e-01
-1.419559044655392954e-01
-1.383155903166343181e-01
-1.084231968705448301e-01
-1.054324321200126868e-01
-9.406481135978733699e-02
-6.242272697181495272e-02
-5.607125601181887908e-02
-4.650511793720853160e-02
-3.537506925096885191e-02
-2.525804904365254108e-02
-2.650088106013632344e-02
-1.002382366586543859e-02
-2.552658787359064849e-03
-2.643423798716072054e-02
-2.587295425416987968e-02
-5.564916483781928019e-02
-4.771611655183471967e-02
-1.290468309011663477e-02
-2.251111072610414987e-02
1.045139123426676135e-02
2.021507447387804399e-02
1.661681486895821500e-02
4.280159912252789328e-02
4.010095090269615720e-02
4.667674744188887725e-02
7.268807637680596567e-02
6.129798652958378530e-02
7.454453762324342314e-02
4.973397450696313837e-02
3.100224216162821012e-02
2.510671158887971960e-02
-7.660311944993300481e-02
-9.648068025696855676e-02
-1.410765175858780807e-01
-1.885315227507999569e-01
-2.053067178377528113e-01
-2.531127611125524868e-01
-2.774753639399882843e-01
-3.059546995037751849e-01
-3.206941514591427622e-01
-3.540123008617478417e-01
-3.652964080365185273e-01
-3.875899801999651562e-01
-3.961958198828393618e-01
-4.094401684369599614e-01
-4.247150375968883895e-01
-4.297057383550594856e-01
-4.468165403923117784e-01
-4.544718808692321255e-01
-4.638497501838343418e-01
-4.817720794803336815e-01
-4.854575765616027105e-01
-5.064680604044993206e-01
-5.227214220240292697e-01
-5.379597841891230470e-01
-5.547510341789928523e-01
-5.605612534668118485e-01
-5.766482035695026376e-01
-5.783042704742056284e-01
-5.721004900912112223e-01
-5.669856472266974201e-01
-5.270509022371288044e-01
-5.060318794957983091e-01
-4.740856954907002874e-01
-4.279090419788397215e-01
-3.916929425064325510e-01
-3.358281142886706538e-01
-2.928061704140596522e-01
-2.503570736064597013e-01
-1.869160702492911053e-01
-1.506718120520345316e-01
-9.676637840757278120e-02
-6.955794004333190617e-02
-1.926792096423966816e-02
1.064482320617708873e-02
3.552172071484512028e-02
8.403865317487908826e-02
8.925214214370201515e-02
9.575482952074641785e-02
1.081840877353159314e-01
7.846406694953304839e-02
7.628149422716566652e-02
5.667697257604848576e-02
-1.135330798675204464e-02
-4.099291105195032592e-02
-8.623353394467347943e-02
-1.307384341583502918e-01
-1.845753964603296660e-01
-1.951525871416026625e-01
-2.738866085077288903e-01
-2.940528881390228055e-01
-2.873603270107855101e-01
-3.217014096815569157e-01
-2.826332368683720508e-01
-2.637107619949600190e-01
-1.986382124238786351e-01
-9.104564562005267037e-02
-9.450023506018193076e-02
-5.493980495801341346e-02
-4.581678959106049581e-02
-5.696816252706139727e-02
-2.843034400428902375e-02
-5.181673238055121283e-02
-6.613906090487278733e-02
-8.945594341044774134e-02
-1.000376876860865627e-01
-6.863572940403755984e-02
-4.337376374850886174e-02
-4.711106103314610660e-02
-4.131563124967879697e-02
-1.794735293549924379e-02
-6.393084218380885864e-02
-7.333808854506722319e-02
-9.276262957496161921e-02
-1.568962145511915152e-01
-1.587294806528357916e-01
-1.649843639682785912e-01
-1.662012441254425432e-01
-1.303829870077931052e-01
-1.117435060517569523e-01
-8.048850390092765483e-02
-4.975373609134268321e-02
-5.647197543997475866e-02
-6.323433518762155980e-02
-8.035072339253568341e-02
-1.286348542421149044e-01
-1.507643954631620875e-01
-1.577523768053082087e-01
-1.852956407354865442e-01
-1.881134876424183089e-01
-2.001253635849817858e-01
-2.092776840838997121e-01
-2.092814857038633736e-01
-2.075236326975605228e-01
-2.010843687341422048e-01
-1.979028613449708707e-01
-1.763349776817542680e-01
-1.674492877290152393e-01
-1.492032872334250193e-01
-1.142850668355541999e-01
-9.953259261381895706e-02
-8.842901578104024607e-02
-7.780094394091251198e-02
-8.291595960308227597e-02
-8.436951311948698295e-02
-8.973542668076769924e-02
-8.659854084110486794e-02
-9.117702707479101443e-02
-9.134574078260215835e-02
-8.656023490447627144e-02
-9.406007907731486761e-02
-8.149077333266038781e-02
-7.866090783947446430e-02
-6.922714359186758759e-02
-2.619478445368893932e-02
-1.461188074687736101e-02
2.421532243294006667e-02
5.268715425414660647e-02
5.570132272379524352e-02
1.955175432769867480e-02
1.994149267360795924e-02
-5.479512307453453940e-02
-4.789508739651094499e-02
-5.320892475852978531e-02
-6.840089386038773756e-02
-5.620492836630575778e-02
-6.327330784970267019e-02
-4.147191642105990672e-02
-3.378767424619067566e-02
-3.399398656924436379e-02
-2.351924654571856468e-02
-1.570118193544116358e-02
-1.980874838693714307e-02
-3.290082912091965919e-03
2.130685146853049904e-03
-2.074006738498915953e-02
-2.207069411713275323e-02
-5.115048812625122565e-02
-4.188662530786314148e-02
-1.158148820142927866e-02
-1.461249899215717914e-02
1.387029089372970522e-02
2.142296550438423097e-02
3.110429877008615354e-02
3.916925604898226915e-02
5.031172623917968406e-02
5.328585533056832968e-02
4.597215802130646956e-02
5.230363442196099555e-02
3.257982415109267338e-02
3.420202492199161254e-02
5.742260270490841256e-02
4.507040137797623663e-02
5.983257016707073384e-02
4.392262887071988336e-02
8.731838674486525184e-05
-5.416029668441955935e-02
-4.758944667305967102e-02
-3.715205854320562107e-02
-1.783783108842746518e-02
-1.512235291453753634e-02
-2.596797353739395756e-02
-2.638448675661592482e-02
-3.048215767692240286e-02
-4.623275773000182221e-02
-4.424333102334686990e-02
-4.746880538195326349e-02
-5.145799222389859512e-02
-3.614673582770035892e-02
-3.463943281569083904e-02
-5.389378426418124125e-03
2.554837857882686150e-02
5.004768458224968797e-02
7.150791148615029402e-02
1.093191938697210402e-01
1.394753022539516885e-01
1.730173125461663408e-01
1.760992099129097543e-01
1.814819748453495862e-01
1.828990887847053159e-01
1.557500473771014360e-01
1.506169967500462781e-01
1.143565281641776427e-01
8.842687091988241099e-02
5.223843320917783556e-02
3.901319010982263330e-02
2.922118931798576083e-02
4.302545690290222880e-02
7.766827182393500062e-02
9.157612748303763095e-02
1.055089227279855657e-01
1.240778743461966732e-01
1.290066201771633003e-01
1.297771046780618331e-01
1.336877709458038355e-01
1.384601501773574939e-01
1.324456216651921370e-01
1.361462930519042325e-01
1.407425876009039956e-01
1.123752618637293560e-01
1.143159724837862906e-01
9.939566373137592725e-02
1.063229274923774004e-01
9.138850678628503144e-02
8.419572336571762294e-02
7.702186093324345229e-02
6.632203148241377910e-02
6.153777527007600612e-02
8.225298270447958804e-02
6.589361654719229355e-02
6.298062397890341613e-02
4.875946087735682360e-02
-2.791299028923838188e-02
-6.288038943578561080e-02
-8.726487675550814727e-02
-1.142932082968700913e-01
-1.342835337483878344e-01
-1.474598963602603008e-01
-1.629307877158287510e-01
-1.700756985742141736e-01
-1.747015928498041049e-01
-1.804216926302028845e-01
-1.720997538467536336e-01
-1.687017142545069459e-01
-1.525860514807026447e-01
-9.739362306440055295e-02
-5.584096981262707399e-02
-2.404568028987471781e-02
9.107170660759958403e-03
2.551305432512320989e-02
3.311819691447513009e-02
4.362516747589601646e-02
5.189401834767799065e-02
5.062823869975161678e-02
4.945454915125503670e-02
4.185311173699066134e-02
3.668498897376606255e-02
3.034207680935712900e-02
1.999303703795240680e-02
1.175123820174976685e-02
-1.372383716956611290e-03
-1.074606131452959280e-02
-1.952320820182121622e-02
-4.083369345578140991e-02
-2.373553289123469037e-02
-3.208459559314202902e-02
-2.499998315274701288e-02
-1.308491081508342431e-02
-1.048101839021074906e-02
2.682910796467014025e-03
4.353313079773817040e-03
2.738795550013796778e-02
2.722157283935605285e-02
3.133059829118615969e-02
4.086484795107912099e-02
3.379470599796015329e-02
3.837157260118253393e-02
2.504171530697674522e-02
-1.523742806902148202e-02
-2.682884726634717637e-02
-6.949605597410753177e-02
-9.226619752952903986e-02
-1.125602323445209912e-01
-1.588446213382738170e-01
-1.667287111172405800e-01
-2.042867336058407091e-01
-2.097588785407522582e-01
-1.996392411150919033e-01
-2.090195474579524815e-01
-2.027527009299362748e-01
-1.937675377434050772e-01
-1.879396855528965293e-01
-1.810597842513213540e-01
-1.516685673380838151e-01
-1.467751847933337905e-01
-1.344846126959388932e-01
-1.218993971800047538e-01
-1.152062300156648372e-01
-1.039884687911357131e-01
-9.612293171049406115e-02
-8.356537489361094695e-02
-7.570943422264020395e-02
-6.163848359009112265e-02
-4.337793248846379818e-02
-3.796970361041092368e-02
-3.264204608152973010e-03
2.100342321229331163e-03
8.439110071465232704e-03
1.566428079436003873e-02
1.499582547675930300e-02
1.795995695930043337e-02
1.931407214526429175e-02
1.954050463766130591e-02
2.076070161858779850e-02
2.098756680055013923e-02
2.131531954823399563e-02
2.168706926650303471e-02
2.176134599707801529e-02
2.194238433529317051e-02
2.203782882342127450e-02
2.208521044982700299e-02
2.215811719853377076e-02
2.217526680210637341e-02
2.220997473664310107e-02
2.222608279105550005e-02
2.221322593962371528e-02
2.226350506486077935e-02
2.220114808324350625e-02
2.221206369976494802e-02
2.228657617759293927e-02
2.201582563033781595e-02
2.230008556706259901e-02
2.211880212014573702e-02
2.158294329749912976e-02
2.278126249430918043e-02
2.087849692471258761e-02
2.134415695053288806e-02
2.257627991473608320e-02
