-7.985945285265094035e-03
-9.723384361117250532e-03
-2.638771207751841943e-02
-3.188832900655366731e-02
-2.124587976300410311e-02
-1.553551892512165453e-02
-1.232490466821192614e-02
-1.231961385694418064e-02
-1.231701466735831037e-02
-1.231618817264407313e-02
-1.231631346736846919e-02
-1.231631287313770216e-02
-1.231631284484501626e-02
-1.231631293891269005e-02
-1.231628354572314975e-02
-1.231654728269697754e-02
-1.231655726563736855e-02
-1.231709388867540354e-02
-1.306291106437976364e-02
-1.257623810005148966e-02
-1.502557306045002386e-02
-1.465263461214431386e-02
-1.562615759693427447e-02
-1.562692333742498468e-02
-1.562720174311612101e-02
-1.562692149440007838e-02
-1.562564411068276260e-02
-1.562316469074919757e-02
-1.378066468814469897e-02
-1.254919587124638317e-02
-8.607226764807907049e-03
-1.472911858395111774e-02
-4.362395601182195853e-02
-4.410038249608344563e-02
-3.608246012838824124e-02
-3.194362223995009936e-02
8.501191512119822200e-03
9.701382171030779530e-03
1.399263849551755966e-03
1.426025275404500022e-03
1.403644806752874256e-03
8.984510836873692979e-04
8.903918778054506489e-04
9.286292325943693721e-04
9.273337794911110012e-04
9.249604752217168574e-04
9.255011046679898932e-04
-4.709135397277362627e-03
-7.958038361355982207e-03
-3.810628058003954436e-03
-9.924126173612437488e-04
5.515109078162859675e-03
1.128979733394806957e-02
2.157249456028173529e-02
3.571884274417203020e-02
3.854108426242853352e-02
1.290632950815669144e-02
-2.205551494632539133e-02
-2.268636677278722952e-02
8.396975184653061169e-03
1.803251935074553884e-03
-3.125731868125716101e-02
-4.745112050285456295e-02
-1.630404093915776426e-02
5.463948873705667258e-02
3.655098581632677118e-02
-6.118653076099617866e-02
-8.098768210012485813e-02
-1.030669824315048333e-01
-1.103979199211229806e-01
-7.956486810636385909e-02
-4.918644950408248423e-02
-3.454256834660092423e-02
-3.442033195641292648e-02
-3.437718323152412492e-02
-1.020500382903689364e-02
2.985947708147779645e-03
-7.230907229457152023e-03
-1.928289358971202808e-02
-4.581280581246102712e-02
-4.543138486835067436e-02
-5.674783134752311997e-02
-8.541508558284968688e-02
-8.564212045113524241e-02
-6.308320080980676925e-02
-6.308280846758732019e-02
-7.983883278463077549e-02
-7.914981364533683894e-02
-5.024446089416990946e-02
-4.183663769178619374e-02
-3.331509941222459553e-02
-2.938472615355957815e-02
-5.552752965270271908e-03
-1.045719865314347248e-02
-1.829247907792658223e-02
-1.776381558151426260e-02
-1.897795074206528113e-02
-3.341902617588562996e-02
-3.366878246464503205e-02
-4.467109146731310793e-02
-3.665717093178792740e-02
-1.378328745245199945e-02
-3.550179143489053633e-03
1.856314382163377300e-03
-8.871254814885964554e-03
-2.857962951324387671e-03
1.906642628288706537e-02
1.679572980688866582e-02
-2.157712873326274663e-02
-1.850484986492832024e-02
-1.371044015249674348e-02
-1.890361624518675093e-02
-5.173341463800938331e-03
-4.310750135070285163e-03
-2.931671873900199010e-02
-5.009173330120805789e-02
-3.412511107576038372e-02
-5.274589829539170528e-03
-1.073606437062341566e-02
5.157583956368594000e-03
3.284338493472870133e-03
-2.632992250312129329e-02
-3.325241276026268122e-02
-2.949258666899765707e-02
-4.186654998253360599e-02
-3.679024323958129949e-02
-4.796614015334695579e-03
1.742062355240841034e-02
7.565185156906251325e-03
8.950758890129701783e-04
-7.126380670804752758e-03
-6.078328279423281418e-03
-3.599470894505160494e-03
-1.032589804464095068e-02
3.004958481661389007e-03
-5.587747138394591473e-03
-4.080813282369424172e-02
-5.235811071443666198e-02
-4.564770512042574946e-02
-8.197450208592405030e-02
-7.212751421246246797e-02
-5.492925611549280551e-02
-3.745203865379183317e-02
-3.921585640973725140e-02
-3.915818201985953040e-02
-3.912740735128947267e-02
-2.332998783557636846e-02
-1.781255329589563272e-02
-1.830975621705473004e-03
-9.700925364808675455e-03
-2.822945876335812218e-02
-2.862880954336605166e-02
-1.919367794717124001e-02
-1.547945066560594760e-02
1.065147473231763250e-03
2.582089981273470985e-03
1.420177749005363923e-03
-6.437031884541627620e-03
-9.471179341177398542e-03
-3.012165060275901959e-02
-3.529847126594786583e-02
-3.242625624969909526e-02
-2.211208855065130777e-02
-1.174789873241635640e-02
-1.174183758400387106e-02
-4.197590672323064584e-03
-4.381409544337247323e-03
2.585804691652476752e-03
-1.181727552529240931e-03
-8.124083684491268179e-04
-8.132553682747005897e-04
-8.162073232164410250e-04
-8.103980288714964907e-04
-6.865427090728975883e-03
-5.175896951075934296e-03
1.604495502102193730e-02
2.446450689217448057e-02
2.365480016835813659e-02
1.945899673833392796e-02
1.211032727297333550e-02
5.661737619280775118e-03
-3.665317427894133895e-02
-3.837878149623091123e-02
-2.549158826974014941e-02
-2.551710905460429293e-02
-2.998698894779863386e-02
-3.916032321667921312e-02
-6.130702949361035992e-02
-8.408614134120304118e-02
-5.492823390841018033e-02
3.199864277973225174e-02
6.284306317217731863e-02
7.998222732928683687e-02
6.540558374814531284e-02
-7.835043413019888124e-04
-4.319546034014262043e-02
-9.627481922790752378e-02
-1.750651962604670708e-01
-1.060781676617080227e-01
-5.747070456383957492e-03
2.150299566053287537e-02
-7.344053153777763653e-03
-2.561106475369074806e-02
-2.345858440904050740e-02
-2.119673665037697871e-02
-2.112383270569788765e-02
-1.865966135315648769e-02
-1.079957105441348326e-02
5.457625659021733688e-02
5.339947942775441492e-02
3.773742688512916887e-02
3.782278983346884504e-02
3.774906476475967804e-02
3.771957364439013777e-02
3.775256422366071035e-02
3.780111057181665540e-02
3.772916417118272331e-02
5.178808058003459697e-02
4.605789527244141118e-02
1.717760772235691225e-04
-6.897447398747189908e-03
4.518453015864319806e-03
4.470940107612152332e-03
1.123780919231810249e-03
4.261632016555975781e-03
-1.596335729678601770e-04
1.530528725896450988e-03
-4.734812319894648666e-03
-5.921031010591168778e-04
-6.816477754342176003e-03
-2.966264832188631254e-02
-3.174515415035608634e-02
-1.929328113366172992e-02
-3.291123408598321115e-02
-3.597280105167428160e-02
-1.741250134771981858e-02
-3.900176171348382088e-03
1.170129290730786455e-02
7.903963982445378483e-03
-4.905956380547147125e-03
-9.772436102832210425e-03
-2.165734282763537993e-02
-3.229886408745932108e-02
-2.241520392311668539e-02
-1.113240886357351814e-02
-2.503449577163407817e-03
-3.687931304109748430e-03
-8.206009759418358279e-03
-2.175702036170878290e-02
-2.316683978028584098e-02
-1.920840313182308953e-02
-1.921276445065531538e-02
-1.921115593461092050e-02
-1.920932263240521243e-02
-1.837014941381360025e-02
-1.846736565379081263e-02
-1.585705168186645961e-02
-1.627645134849362712e-02
-1.608212132598929936e-02
-1.608139596061243515e-02
-1.608160117445894474e-02
-1.608202257629231038e-02
-1.607864427588054715e-02
-1.607289554736397036e-02
-1.608668570065860393e-02
-6.358724828390833854e-03
-6.190705047541681001e-03
-4.262921171982325674e-02
-4.875195672879258091e-02
-3.679953510334590949e-02
-2.094636231022856121e-02
1.461679611099957025e-02
1.699310980749232231e-02
7.708624799407395173e-03
4.234801853404090988e-02
6.298399227286474722e-02
1.600036580710136047e-02
-9.977949507776655291e-02
-1.706652746947247834e-01
-1.367954743811895801e-01
-1.584197150824875888e-01
-1.414682874502258825e-01
-1.298125403881527917e-01
-1.391061715238147978e-01
-1.043845650267988534e-01
-1.221862107868697395e-01
-1.068307035582835574e-01
-3.628001640781557818e-02
2.539099818478672554e-02
4.043744860922655199e-02
2.570002131297332085e-02
9.332941144974030157e-03
-2.431068042900963368e-03
-5.707256108603920956e-03
-1.395839824147777387e-02
-2.431798863800816585e-02
7.246194273568595801e-03
1.698796901634914286e-02
-2.540533653194784747e-02
-4.152978170211563125e-02
-5.263920713248813193e-02
-5.271409891206598614e-02
-7.470303555525986683e-02
-9.030600106904008995e-02
-1.031837769161361856e-01
-9.227035817329924672e-02
-6.105631139308874411e-02
-6.101920345680474089e-02
-9.021195669607430523e-02
-8.574303733681186424e-02
-5.225381234952865273e-02
-3.761220531916674437e-02
-4.653031205592781522e-02
-4.603696818812011426e-02
-2.985408342250443076e-02
-2.506804831979150133e-02
-2.292980543653191233e-02
-6.157380218007902153e-03
-1.746796274981640110e-04
-5.452993941450530110e-03
-1.684668697125925665e-02
-2.104557509874874222e-02
-2.163304073896631097e-02
-3.291420593972794323e-02
-8.289502118357097715e-02
-6.349482248608358248e-02
3.748061725819475803e-02
7.687567833262706762e-02
3.527977284233412697e-02
-1.466934403576442350e-02
-4.033337681477738162e-02
-4.281961076686267853e-02
-4.225049158903784741e-02
-3.137125900405653839e-02
-6.550599210571298944e-03
-1.809940385622662781e-02
-4.777853830549819159e-02
2.038775864691759476e-02
3.994542748610062366e-02
-5.591797094724472450e-02
-1.166538256818980129e-01
-1.305039540296702716e-01
-1.306414026680068896e-01
-1.144671437980974427e-01
-9.330374371627860042e-02
-9.327469876006899696e-02
-1.138601249043967728e-01
-1.279215912085633344e-01
-1.146861663669160591e-01
-1.440075804976426177e-01
-1.005643856106477191e-01
-5.722780393595215676e-02
-1.778369841859653647e-02
1.462998820362314094e-02
3.006178327275356790e-02
1.201402632982781840e-02
4.661837615672916567e-03
2.729437206082448511e-02
4.917116806151246300e-02
-1.745940272430336615e-02
-1.079152000789238980e-01
-1.231742542113603428e-01
-1.451944655248266040e-02
2.211486732014611607e-03
-2.588521603800653451e-02
-3.217035857333099685e-02
-1.314302296620923488e-02
1.362685138583806304e-03
-1.303540972452294985e-02
-2.184549389503931058e-02
-2.562465068459988254e-02
-4.115145204666188772e-02
-4.867892520155451402e-02
-4.004787974150983421e-02
-1.397840488430972250e-02
4.057827073531022379e-03
5.321044973102045592e-03
3.401291535773523066e-03
-4.749410926301196254e-03
-1.140912625971719253e-02
-1.534672167417079451e-02
-3.801162458109900132e-03
-1.169060620771419749e-02
-3.205122347022325985e-02
-3.739092380746855682e-02
-3.809781373103944546e-02
-3.481196341521750059e-02
1.680876618237170730e-02
2.469455781418264037e-02
1.816196874838191949e-02
1.823856826747966703e-02
1.820396520069265944e-02
1.820417072851644377e-02
1.823758979802682020e-02
1.824653555486697304e-02
3.122990074720759582e-02
3.817891606751182276e-02
3.728842790320768125e-02
3.078253477896981602e-02
4.570960231963740530e-03
-9.617917474708723418e-04
-2.882694891447293295e-02
-1.579282511572660530e-02
-1.557690846327347209e-02
-2.587899069177268876e-02
-5.015900901072337104e-02
-5.049261818593018397e-02
-5.467370114335564496e-02
-3.385404108924613964e-02
-9.603950404686235898e-03
-5.972737119922965320e-03
8.457499289941592920e-04
4.006481210926444818e-03
3.328927301321933738e-03
-2.296584163165718898e-04
-6.546002415170243220e-03
-6.546668383620177570e-03
-6.549256684754028481e-03
-6.550636465779456977e-03
-6.550239080445567109e-03
-6.550544100077732718e-03
-6.552999614268267652e-03
-6.554811834641101689e-03
-9.123155144579087397e-03
-1.629308545847613088e-02
-1.638132258703058064e-02
-1.509978972112131258e-02
-7.515740979541594025e-04
-7.507154516005914470e-04
2.575886270715236140e-03
5.232570550336982339e-03
1.193472931047046513e-02
1.783141336419285378e-02
-1.340977084700455471e-02
-2.237667952857850043e-02
-3.750740812757422105e-02
-3.751212200660477419e-02
-5.297064205156135769e-02
-5.804053845872078621e-02
-3.717065193368736253e-02
-2.945410856770359215e-02
-1.930858440624674474e-02
-1.929873915668121886e-02
-1.929264202155665450e-02
-1.928919080908080355e-02
-1.928896213353418002e-02
-1.929460876064274105e-02
-1.930088130443405672e-02
-1.928457029846271029e-02
-3.350922712858038499e-02
-2.946819564321568469e-02
3.629108406587360381e-03
1.033705696870329885e-02
-2.233619226588446412e-03
-7.927232418538156591e-03
-6.501193478127888573e-03
-8.345201808708858568e-03
-1.464580498429935221e-02
-1.495545029103931278e-02
-1.127905747828540466e-02
-1.128125815626522012e-02
-1.127980923442153949e-02
-1.127875259609092615e-02
-1.127895447127276116e-02
-1.127895526349226817e-02
-1.127852829740653463e-02
-1.128073299005753066e-02
-1.128444067406184428e-02
-1.127742089196455758e-02
-1.905140458006896950e-02
-1.893090849300375217e-02
3.368916164621806649e-03
7.257390123535399640e-03
7.027432570290514588e-03
7.028817479604959617e-03
1.543101878581914534e-02
1.558130083253681138e-02
-4.296992620219897488e-03
-8.497219778953070748e-03
-8.805858035227057123e-03
-8.813651328588655021e-03
-1.048416824680654773e-02
-1.100541178612522361e-02
-1.138778485025833051e-02
-1.055214380350719128e-02
-1.042632244204025165e-02
-1.029908257627855372e-02
-6.537136566815282025e-03
-6.077982895332960551e-03
-6.331704543462188077e-03
-6.330263690556738564e-03
-6.330362781058877265e-03
-6.330465865061740520e-03
-6.330454861524240952e-03
-6.330454942315561634e-03
-6.330454958264201612e-03
-6.330454953435069726e-03
-6.330454953711013057e-03
-6.330454953710784073e-03
-6.330454953711235101e-03
-6.330454953711596791e-03
-6.330454953711235969e-03
-6.330454953710491772e-03
-6.330454953711104130e-03
-6.330454953711097191e-03
-6.330454953710684327e-03
-6.330454953711614138e-03
-6.330454953149457047e-03
-6.330454962000985931e-03
-6.330454933671114497e-03
-6.330454899068253122e-03
-6.330476624271237814e-03
-6.330303126117016801e-03
-6.330236323736377485e-03
-6.329496619539352539e-03
-5.810872146599643795e-03
-5.857781712780682840e-03
-3.358157889378664100e-03
-3.486956169419185535e-03
