-8.324096561262088034e-04
-9.560311580902006341e-04
-3.774585766232071721e-03
-3.748571833277211576e-03
-4.163452279966279104e-03
-4.790423617571554910e-03
-4.407621590514411263e-03
-4.735695645786336568e-03
-4.770914155811123783e-03
-4.727866801742132592e-03
-4.849686541703426661e-03
-4.827145427777417355e-03
-4.849405213565903885e-03
-4.878112412854236461e-03
-4.871205415457761922e-03
-4.886832344421526697e-03
-4.890782187356767022e-03
-4.891330849690069330e-03
-4.896548174563999239e-03
-4.895540570282778774e-03
-4.896100413488987425e-03
-4.895299731098296143e-03
-4.891768097532330634e-03
-4.890393973523417086e-03
-4.882513268336541139e-03
-4.876073261862349378e-03
-4.869782661362195494e-03
-4.845378316510017859e-03
-4.840829063859099050e-03
-4.809812753830304717e-03
-4.755891138273742220e-03
-4.767713025718971036e-03
-4.629536175744028773e-03
-4.580884633065628042e-03
-4.577407199173906885e-03
-4.111080515993555638e-03
-4.260676498461461043e-03
-4.099378439615841002e-03
-4.414241831449093774e-03
-4.486963619439718332e-03
-4.570643989527231957e-03
-6.022731191897810060e-03
-5.744521517964564297e-03
-7.753036094563089606e-03
-8.105138908730274636e-03
-8.093995186808318476e-03
-1.284662064485346360e-02
-1.161264882994477061e-02
-1.315880371980432742e-02
-1.382428632853830927e-02
-9.790454750479404833e-03
-9.019341617054610696e-03
-6.011385958728302642e-03
-3.022406540647025464e-03
-1.429569694762012353e-03
2.370404922025666321e-03
5.485405506199667741e-03
9.782496643922018037e-03
1.711822201872117283e-02
2.085640562048932806e-02
3.249840924255231744e-02
4.361875327756899179e-02
5.640018905217317885e-02
8.566104750842730431e-02
8.960157094407150691e-02
1.181526924335085660e-01
1.218668803871686968e-01
1.271888658438700692e-01
1.404296107351707401e-01
1.363301940721720618e-01
1.431949223529198900e-01
1.433390802351086346e-01
1.397410725437681078e-01
1.404940980302284981e-01
1.338302825774545513e-01
1.295205702633880906e-01
1.222181173212225913e-01
1.147855752880104913e-01
1.072208838047946089e-01
1.006551962183414028e-01
9.526387303448946575e-02
8.979077929507406353e-02
8.251287058947007202e-02
7.718693911784879624e-02
7.034454810299335670e-02
5.887286112470721533e-02
5.041570387558631794e-02
3.705207489892869965e-02
2.344456764407696486e-02
1.499079067290161327e-02
5.666803394228802151e-03
7.874342344714914269e-04
-2.929488355254502956e-03
-6.764297800421381797e-03
-8.228346696643944885e-03
-1.006684876283775974e-02
-1.181899855499474010e-02
-1.129418758061377474e-02
-1.270403454041848200e-02
-1.253836702758599417e-02
-7.503785418560539322e-03
-7.641693334227319181e-03
-4.289407370463054620e-03
-3.575003443523385328e-03
-6.023845756524425464e-03
-5.125298231425007116e-03
-5.688778858718015335e-03
-2.886692809873532984e-03
-3.199481151456011040e-03
-1.181783605135750372e-03
1.999085789184195262e-03
1.130628199903980580e-03
8.158130244901471914e-03
9.212187261640136793e-03
1.335800805826387744e-02
2.185233287325358612e-02
1.786835703109345211e-02
2.365553793220749254e-02
1.850100857331645615e-02
1.123983764166990897e-02
9.243370608117041851e-03
-5.078115409680800801e-03
-9.992496440846650868e-03
-1.215182918068545732e-02
-1.590020156846188443e-02
-1.491165767909282021e-02
-1.639181912052263546e-02
-1.319293389064327658e-02
-1.284043222255327153e-02
-1.210228187453123161e-02
-1.123995033769596696e-02
-1.012990373635349814e-02
-9.710947357409951616e-03
-8.669998537366729180e-03
-4.224467301127505722e-03
1.496631489410576142e-04
1.019032398347611418e-03
3.011195990082363681e-03
1.286076308753677448e-04
-8.223280547998835024e-03
-8.951275352317962855e-03
-2.060239294148988320e-02
-2.624899983356365415e-02
-2.956944131017843341e-02
-3.716230392720447362e-02
-4.480196041446571353e-02
-4.742326220228261502e-02
-5.562267225899723139e-02
-5.751920642207479506e-02
-5.868279995925652914e-02
-6.015372247150900520e-02
-5.987616639301820975e-02
-6.079814826973343328e-02
-6.130406285404432776e-02
-6.160536006194870795e-02
-6.243104814380696921e-02
-6.310441758156877523e-02
-6.373672773756278165e-02
-6.467659602456513057e-02
-6.583302462124641929e-02
-6.643861935972969479e-02
-6.818067955434116423e-02
-6.938676148834876933e-02
-7.039284962599758055e-02
-7.339986582018434569e-02
-7.412919666464914958e-02
-7.675153714596179289e-02
-7.804539812259522757e-02
-7.862918076079800089e-02
-8.020472508242496024e-02
-7.974571145873464439e-02
-8.013399556560373005e-02
-8.002730679187823604e-02
-7.859903883954715009e-02
-7.897346340714130053e-02
-7.770561373472011091e-02
-7.591955913603781747e-02
-7.458830085919576636e-02
-7.070544011274434992e-02
-6.580249640919613729e-02
-6.151073197666649672e-02
-5.175860534434793825e-02
-4.834389759585045604e-02
-3.352250874499560634e-02
-2.988807378714765373e-02
-2.830870479801360709e-02
-2.441216721603633663e-02
-2.170661321858730064e-02
-1.549816040845133046e-02
-8.745487700089229349e-03
-1.100034774330610867e-03
-2.165330220862895713e-03
7.510050460362927352e-03
7.447053258995624779e-03
6.790825327240452083e-03
9.972566324533266996e-03
8.657711810131479488e-03
6.318326495789528333e-03
7.865883490209739717e-03
3.720503865748150691e-03
-1.708385508490124337e-03
-1.622261638107650708e-04
-1.485385211447093345e-02
-1.653948791348295450e-02
-5.206922741577107994e-03
-8.830856953458660757e-03
-7.124915048140729144e-03
-4.327203592780144367e-03
-5.808499241695804817e-03
-3.178098423848277950e-03
-3.117926354816731149e-03
-2.734693522669804418e-03
-2.227611192873618553e-03
-2.615323464569103799e-03
-2.180382399085322755e-03
-2.189478758506695297e-03
-2.299577735134417881e-03
-1.666968855259566085e-03
-2.211838044867956397e-03
-1.673984895452541215e-03
-8.252294226521396554e-04
-2.679276534798229539e-03
9.732512245515936378e-04
7.637813181043072702e-04
-5.784190641293502494e-03
-7.546538165712450910e-03
-7.883915264567897124e-03
-1.246702047475141233e-02
-1.338349156575532189e-02
-1.470516697279227597e-02
-1.990397754780385761e-02
-1.782940964144109214e-02
-1.831221640641654200e-02
-1.433631636417127125e-02
-1.211232840229081210e-02
-8.708852094343874292e-03
-8.185558008608918162e-03
-1.014125227844386509e-02
-9.190341291520432235e-03
-1.368941899304574293e-02
-1.528716341840217867e-02
-1.696167885088391281e-02
-2.039657404010557923e-02
-2.039695367536130399e-02
-1.889349901243391264e-02
-1.713480399488431782e-02
-1.442994374808890569e-02
-1.234764185625981774e-02
-8.833386268917140655e-03
-5.110993057764331819e-03
2.237009094672001475e-05
8.047064157863744252e-03
1.461941234189513203e-02
2.473899147836864168e-02
3.441931531595274207e-02
4.183547382347353738e-02
5.121487066117014209e-02
6.313625242293034734e-02
6.874166730127491409e-02
7.967812296004936345e-02
8.374749734422369529e-02
8.762371366613908030e-02
9.351080793816013426e-02
9.508761681272973054e-02
9.909657522958073561e-02
1.012735365112803210e-01
1.030443565953012702e-01
1.051936424920054403e-01
1.063081585199988355e-01
1.078383984709688354e-01
1.080058628730617282e-01
1.085449719254516915e-01
1.086478455934808546e-01
1.069951216319615095e-01
1.074280853241493250e-01
1.043914084656843988e-01
1.018279234938691546e-01
9.918320979267875037e-02
9.045635777272446887e-02
8.758579152865206274e-02
7.806595089503215457e-02
6.790246003193729785e-02
5.910276321526569676e-02
4.280444712989629752e-02
3.541701995010208825e-02
1.997958848300423335e-02
1.140614560391312038e-02
8.306396403267836404e-03
5.412146176637408317e-04
-1.585156065575629887e-03
-2.851408189783985990e-03
-5.532861035812313213e-03
-3.988225643714111285e-03
-4.533212143696659611e-03
-5.952943575471124349e-03
-4.800559777172595625e-03
-5.955807762868965509e-03
-8.259044229510771606e-03
-8.514893513049119622e-03
-9.778006475706230161e-03
-9.633493150335589381e-03
-9.843265698633415356e-03
-9.947823718843156610e-03
-1.007338586968985726e-02
-8.535552424877941927e-03
-5.443993852579484712e-03
-3.286583559876545338e-03
2.664139001153657295e-03
6.128904317063775531e-03
1.311196726581996888e-02
1.622668134678624183e-02
2.380853148428961272e-02
2.698629304244873350e-02
2.734813452522984883e-02
3.074440949669204198e-02
3.042097820738993985e-02
3.058032042733235811e-02
3.011540026891896052e-02
2.687538510621031995e-02
2.865072655886637815e-02
2.833592545590616490e-02
2.963541132681619256e-02
3.087339940952790046e-02
2.954918014241463345e-02
3.193846076061297029e-02
2.977728374635008751e-02
2.831337153535460477e-02
2.737732604343020432e-02
2.011417765645606703e-02
1.763535963884620486e-02
1.296276707369991947e-02
5.804778204550126858e-03
4.938874135823513242e-03
-7.380985797900385366e-05
-9.698973094925794278e-03
-1.148254478522070694e-02
-1.469518022336448355e-02
-1.718525183783026211e-02
-1.814939679690283358e-02
-2.061553743777782763e-02
-2.096470053904319480e-02
-2.227034893450085054e-02
-2.281620281644415604e-02
-2.239541649345784188e-02
-2.237650382117711834e-02
-2.050736363680356542e-02
-2.118810992079871863e-02
-2.093932603808368320e-02
-1.278714886227883506e-02
-1.671568001494721720e-02
-1.447534148017020142e-02
-1.466938082378313815e-02
-1.341964432430986162e-02
-1.968030241436849459e-02
-2.082368218744554134e-02
-2.600926259304262717e-02
-3.130200231907673963e-02
-3.518311043923463138e-02
-4.331364210377521007e-02
-4.430478130046286434e-02
-4.997412590094368889e-02
-5.209122590975198697e-02
-5.413271963049233471e-02
-5.707272921163446255e-02
-5.735245887074195276e-02
-5.861355171983544804e-02
-5.580735107199346484e-02
-5.423551115558377517e-02
-5.108229007530763061e-02
-4.724436008185139285e-02
-4.768774904022955730e-02
-4.461555168450433151e-02
-4.382193258276011888e-02
-4.053983221106534363e-02
-4.086332245315986433e-02
-3.974658489590195132e-02
-4.026527664827191100e-02
-3.792966804079252185e-02
-3.265399083452484585e-02
-2.870595148348982495e-02
-1.728113054424981754e-02
-1.485377105913188688e-02
-7.211511900318714856e-03
-4.101355804138459051e-03
-3.915537514308347830e-03
-1.441056638617319475e-04
-2.566086022764487318e-03
-1.989183554241195310e-03
-2.696792797831618418e-03
-4.459030058994310416e-03
-4.243861692457821799e-03
-4.482988527081767371e-03
-3.803237930763420007e-03
-4.500258600689558026e-03
-3.605450638609245841e-03
-1.004234781971351069e-03
-1.020785584714240532e-03
4.675934422238201514e-03
5.153609854169936139e-03
9.854449989981226704e-03
1.847176800988837436e-02
1.505320960576249367e-02
1.850081693048667708e-02
1.524143297956091249e-02
6.801613118849122140e-03
1.889051986582112111e-03
-8.700658513777569103e-03
-1.067280483683242034e-02
-1.201818735609806732e-02
-1.503556270498185819e-02
-1.478670852373140630e-02
-1.098180973041690094e-02
-9.971382492763388242e-03
-6.892418008682408941e-03
1.022689545933453195e-03
5.826348271092388412e-03
9.617795236482682558e-03
1.612742901288311340e-02
1.994813906853710669e-02
2.115574785133677443e-02
2.400575299381331115e-02
2.509203087807299754e-02
3.026727991112987057e-02
3.605541877729825234e-02
3.973253171396424338e-02
4.278521958176600276e-02
4.256890612916455069e-02
4.219454788960433356e-02
3.916888125500964102e-02
3.643195060273306946e-02
3.329001202059021780e-02
2.952411145698493125e-02
2.432102349915254980e-02
2.029991950520541877e-02
1.366781351213312498e-02
6.107506784518946727e-03
1.015331826794887505e-03
-1.026974591074522603e-02
-1.480189623496270916e-02
-2.064783393818311885e-02
-2.680608527748921943e-02
-3.054384925352147950e-02
-3.578780517131657790e-02
-3.946656634078684472e-02
-4.473275058221973938e-02
-4.791711797106924797e-02
-4.973972655622205252e-02
-5.071507178489963186e-02
-5.018853105535401454e-02
-4.926231247041999717e-02
-4.508399229966239541e-02
-4.272901497591059805e-02
-3.610850600723979759e-02
-2.834102115647841105e-02
-2.818740941743863582e-02
-1.753445147711350793e-02
-1.918799411059990065e-02
-1.732845875954333939e-02
-1.463272790219516395e-02
-1.989509257260156996e-02
-1.766293841435379042e-02
-2.331374769165017735e-02
-2.842684740283655392e-02
-2.991746245385139280e-02
-4.371795888735083985e-02
-4.659702971147539063e-02
-5.178975715897265325e-02
-5.872342465733955408e-02
-5.940786483120964745e-02
-6.396723451575545005e-02
-6.586238391481065435e-02
-6.656895248598909687e-02
-6.823153956615751747e-02
-6.808936416259583901e-02
-6.725057704271694692e-02
-6.549424827973412966e-02
-6.220140685789182083e-02
-5.798492504299017358e-02
-5.238621822294130953e-02
-4.703137301120997177e-02
-4.305181837231458752e-02
-2.622983434593040633e-02
-2.530482797329347555e-02
-1.533025258244807842e-02
-1.113920199007126070e-02
-1.412074969324506220e-02
-1.023422445264089015e-02
-2.416264935682299868e-03
1.872904486146417498e-03
6.245824843479752704e-03
1.157536665352630265e-02
1.075402185107572975e-02
1.110190842257838088e-02
9.537071238233879936e-03
7.297255591923949847e-03
7.026267063043316330e-03
-2.203093486243183456e-03
-2.891363551033278995e-03
-5.024133369842702541e-03
-8.057001681092489098e-03
-8.060080863494377412e-03
-1.017833061737612350e-02
-9.941802225934073117e-03
-1.097046807675951599e-02
-1.148172549018818857e-02
-8.649685702760010614e-03
-8.502660419178209930e-03
-7.558887484904365170e-03
-6.665058856239742049e-03
-6.317903890512210560e-03
-5.739320463177204935e-03
-5.225459394225547179e-03
-4.565751007363008478e-03
-4.361421353679346101e-03
-3.150968595081728336e-03
-3.114071267579953360e-03
-2.940517992768012460e-03
-2.619913685990418305e-03
-2.649589759540197601e-03
-2.490251696586432816e-03
-2.511496251922498268e-03
-2.466282641211152947e-03
-2.446382084039063886e-03
-2.734910286862489610e-03
-2.762031350836951366e-03
-2.740522665752231999e-03
-2.832959853138845505e-03
-2.817424379930176959e-03
-2.837216769452127491e-03
-2.858591520824823543e-03
-2.854706283780007129e-03
-2.867132942010890834e-03
-2.870460868698784373e-03
-2.871694774036001249e-03
-2.876134715636524675e-03
-2.876469869609659443e-03
-2.877684905714385146e-03
-2.878709262145388425e-03
-2.878358468166435438e-03
-2.878598774110338338e-03
-2.878089668427930101e-03
-2.876596498246786204e-03
-2.876164417542831971e-03
-2.873107769534473648e-03
-2.869939437059728423e-03
-2.868554556750510867e-03
-2.857783614370536240e-03
-2.855346115095722375e-03
-2.846238374176370076e-03
-2.817914017494737786e-03
-2.827695569897821070e-03
-2.773783996797661057e-03
-2.733742928741045818e-03
-2.765094106555771643e-03
-2.544432776544699754e-03
-2.615368892628728171e-03
-2.516892189083086168e-03
-1.870444032538242252e-03
-1.951739450225299394e-03
