4.231838339134618744e-05
7.956150800666628045e-05
-1.229221605379242788e-03
-1.614079791818356794e-03
-2.585890142928737832e-04
-1.342929382495750327e-04
1.299337973826703106e-03
1.621992284930262596e-03
1.984342018975446698e-03
2.449952022064578495e-03
2.559759762564859341e-03
2.772501039463299947e-03
2.907266240573832920e-03
2.971693546256424286e-03
3.060675421250806487e-03
3.102766140739998506e-03
3.137646241482019288e-03
3.168954963317671594e-03
3.184542355276286096e-03
3.199234226133065850e-03
3.207972848459917682e-03
3.213439407640273325e-03
3.214669116467765413e-03
3.213833959207047265e-03
3.212138163201105640e-03
3.198264233019412067e-03
3.194456626666398059e-03
3.174967382426569906e-03
3.137154357229014669e-03
3.140190241015914860e-03
3.049393492854817356e-03
3.002011978692083714e-03
2.996462362616177620e-03
2.681678565304435047e-03
2.795054579403090985e-03
2.596219470946551158e-03
2.739306048634614511e-03
2.635607749678385223e-03
2.513532609792900815e-03
2.769012430005925347e-03
2.502251296839592010e-03
2.346971744328560806e-03
1.951659474184628531e-03
1.070897526923901555e-03
9.979448538603320068e-04
-3.606118660881608181e-04
-1.395860713481399248e-03
-2.809404583198098909e-03
-2.631871518018819283e-03
-3.872547921268402332e-03
-7.535393323458171311e-03
-7.423354047887700813e-03
-1.394600502170732434e-02
-1.705558404331434380e-02
-2.229040492568205856e-02
-4.119336206832237279e-02
-4.709123561234077049e-02
-6.208351096048403406e-02
-7.124511060825383657e-02
-7.986989919694217899e-02
-8.933288879180675823e-02
-9.457912820900238327e-02
-1.045024439281315998e-01
-1.038845315982994955e-01
-1.039565154575363970e-01
-1.024590674247243816e-01
-9.954707206143517673e-02
-9.831829904754454952e-02
-9.317650232132843047e-02
-8.930663340152411589e-02
-8.542594828532035223e-02
-7.636698566480235040e-02
-7.266867954852515576e-02
-6.276839286387778105e-02
-5.584406869282641794e-02
-5.035022137466813735e-02
-4.073491969018708247e-02
-3.627343605950526795e-02
-2.886491095363258666e-02
-2.060061877920686679e-02
-1.587517238223919158e-02
-7.506111743341755543e-03
-1.725101166143240810e-03
3.017948273838421888e-03
4.097151735594766787e-03
4.248003866328915919e-03
5.103895439478317239e-03
6.146705622590498824e-03
2.657614992675591883e-03
2.442512723048093602e-03
1.513377623610254793e-03
1.465969475203932754e-03
-5.277202621041217952e-04
-5.661323584369453875e-04
6.315803733974383700e-04
-2.892401213156381608e-04
-2.014092929517128511e-03
-5.664051062690826296e-03
-6.378906523301313899e-03
-1.343134585829157575e-02
-2.126645636846104248e-02
-2.112177430318954580e-02
-2.731898886645229424e-02
-2.122194919038859068e-02
-1.983730263279234740e-02
-2.259452607078916986e-02
-2.147505374674116979e-02
-2.250281963568400920e-02
-2.185885523037763012e-02
-2.219010155895231873e-02
-2.194267411543464330e-02
-2.330781920998964418e-02
-2.679601332831232918e-02
-2.808769837941933051e-02
-3.155722103805711637e-02
-3.268702973776020648e-02
-3.431367748509443066e-02
-3.498854021676078146e-02
-3.855541923731781867e-02
-4.196595726874164517e-02
-4.555423359558843921e-02
-4.790674898946747917e-02
-4.868004797479758700e-02
-5.034258752165497730e-02
-4.750968337805860919e-02
-4.800076006745192941e-02
-4.812062093453975398e-02
-4.901430849577805005e-02
-4.744891316570960804e-02
-4.644380656437264998e-02
-4.512079062700236065e-02
-4.229395085538903420e-02
-4.045611514097349065e-02
-3.843387658585363520e-02
-3.578923446697261646e-02
-3.108141046236266580e-02
-2.950263182867954304e-02
-2.333871281220379484e-02
-2.034557739066747070e-02
-1.676752049981820869e-02
-5.683395277431771073e-03
-4.717303393507506042e-03
-1.710801921679446381e-03
1.633661560765673273e-04
-1.098819553608454229e-03
1.491231606343430306e-03
3.960944370836079823e-03
1.393019915105769488e-02
1.638751619714754609e-02
2.062281178324934516e-02
2.285631553707549030e-02
2.625219159383078427e-02
2.375101855495024422e-02
1.910045257519472212e-02
2.151425216670689242e-02
4.888826431706306749e-03
5.987581961237782580e-03
6.259018424098234702e-03
1.352691207047673760e-03
1.487605033683069705e-03
-8.697369907628382107e-03
-2.750854843324323368e-02
-3.247699229871549298e-02
-4.148533466384376339e-02
-5.034762602875485910e-02
-4.746565757145766035e-02
-5.502718319685095949e-02
-6.269406102867247643e-02
-6.478348902777261720e-02
-7.841685253203434236e-02
-8.260335376258508278e-02
-8.482040178053731894e-02
-9.397130875290474195e-02
-9.196556559354657212e-02
-9.854356669086093701e-02
-1.093538828574453642e-01
-1.116876697795327611e-01
-1.268419449987060188e-01
-1.330684139573437841e-01
-1.337297920623629621e-01
-1.414485181962886196e-01
-1.386288247506400340e-01
-1.372423711941503366e-01
-1.353520074606967272e-01
-1.291594934898086522e-01
-1.230583862600321682e-01
-1.172338495834241295e-01
-1.127747483829245612e-01
-1.095093600201497153e-01
-1.104104657883390739e-01
-1.105347713505959312e-01
-1.095889403249208222e-01
-1.125224721916727177e-01
-1.111822382786022273e-01
-1.131367024125262133e-01
-1.176247207755816149e-01
-1.186794125373163422e-01
-1.288062995032530078e-01
-1.325098113876819195e-01
-1.369197860706450609e-01
-1.463792428927814526e-01
-1.468011931956736404e-01
-1.517585011043817433e-01
-1.524858086531956924e-01
-1.513285289253795685e-01
-1.537190385794898195e-01
-1.510657507498924801e-01
-1.511831460595418619e-01
-1.504954402646846989e-01
-1.469628621300537452e-01
-1.473104427338732814e-01
-1.428399720412728002e-01
-1.399048160577302524e-01
-1.378790343343833102e-01
-1.267138640716520548e-01
-1.259386016978134015e-01
-1.132899667546203026e-01
-1.012525072004011317e-01
-8.926277396672985254e-02
-6.156669079006923950e-02
-5.193790689035669705e-02
-2.584765190813044511e-02
-1.225986965872431778e-02
-1.381655356494490387e-02
-3.887745998511996787e-05
-4.286115089810865406e-03
-3.204860775913134872e-03
6.902469927482254679e-04
1.201790890795758227e-03
3.376109823412422849e-03
4.305196996962233971e-03
1.016332291073146661e-02
9.641963014334656648e-03
9.034666982824969203e-03
7.524982930724907239e-03
1.476957568044478305e-03
-1.985985121049172429e-03
-1.225363527567422881e-02
-1.962416932741961606e-02
-2.696812871455676539e-02
-3.385465340313032617e-02
-4.266704853727122659e-02
-4.735978320083335941e-02
-6.001634760482104508e-02
-6.538143699601847714e-02
-6.098894250632937164e-02
-5.902859137005687928e-02
-5.574262254673845174e-02
-4.121830478259944780e-02
-3.714407893016323514e-02
-1.941765213422925671e-02
8.212652862858316888e-04
1.978004847598681740e-02
4.803022747396790137e-02
7.512621809751086899e-02
8.915530471623356323e-02
1.147789550083616328e-01
1.214283127541968543e-01
1.334577925012901956e-01
1.438221899233496082e-01
1.445408625433291794e-01
1.538527008885703373e-01
1.496110189847406902e-01
1.485311577051268428e-01
1.431749303157491826e-01
1.257938697085145274e-01
1.118275674515668283e-01
1.014123747560743694e-01
8.754164159590119287e-02
7.426778695497759930e-02
5.685934438813129016e-02
4.483432554838065465e-02
2.077002560921984570e-02
8.541734696138381794e-03
-3.495140550577929481e-03
-2.043176255010032555e-02
-2.760569710148653988e-02
-3.891573676417260652e-02
-4.778776704100266143e-02
-5.502666492335517301e-02
-6.459831713109998041e-02
-7.395001862311123553e-02
-8.495346883162403773e-02
-9.454959193289616537e-02
-1.046808658044697249e-01
-1.180501518324781618e-01
-1.246604620584899487e-01
-1.312067264207351369e-01
-1.342737429314286857e-01
-1.329241823674147671e-01
-1.307363350347400810e-01
-1.266765707006148323e-01
-1.235491139973702857e-01
-1.165507251008559841e-01
-1.134023389504597440e-01
-1.101736664484397332e-01
-1.049970098997810158e-01
-1.037176206403486595e-01
-9.881368477941945838e-02
-9.573125358966957932e-02
-9.366770316247591266e-02
-8.729726451129823928e-02
-8.642839131936712327e-02
-8.099347274636679861e-02
-7.591110595740868661e-02
-7.402592561193212239e-02
-6.506079729769856379e-02
-6.097229449421878722e-02
-5.447363028843235644e-02
-3.260279806061379404e-02
-2.640424767200268835e-02
-1.932622510400363106e-02
-4.691032804369065640e-03
-5.165814254763497100e-03
7.448713166334183441e-03
8.145975972260096828e-03
1.086971999812375543e-02
1.474878594291738863e-02
5.999146081874339245e-03
6.641147133381395361e-03
5.852341688652487953e-03
3.238842163422569771e-03
3.269934949175780023e-03
3.363058820406124479e-03
5.557430737926864067e-04
1.999492435570279347e-03
3.649049127795644422e-03
6.376856468542439413e-03
4.915885193264874636e-03
5.219454490875570334e-03
3.182076356506314315e-03
-2.856179336863338795e-03
-6.666486350155029217e-03
-1.013509803548312896e-02
-2.546078894299190487e-02
-2.950814559595731426e-02
-3.218795377326673368e-02
-3.851724150229052235e-02
-4.073546736171018007e-02
-3.952759953334403914e-02
-4.312743255862051817e-02
-4.191844018671350702e-02
-3.216070750070332274e-02
-3.035994585406876292e-02
-2.417121482571999228e-02
-1.890690567790077534e-02
-1.607722002195085750e-02
-1.129992594246578483e-02
-6.329349811181583449e-03
-4.338356695609858586e-03
1.181628589470209946e-03
2.014227469074971084e-03
2.106294869105559530e-03
3.975513631057433703e-03
3.885513746482142754e-03
4.439086684235895447e-03
4.963147944449368756e-03
4.972377419912280341e-03
5.289362344834162670e-03
5.463247922035069024e-03
5.435687252051362231e-03
5.601073146048053675e-03
5.370615364703908157e-03
5.391860177516348898e-03
5.382910800853693556e-03
4.649104604760607301e-03
4.618837976420951674e-03
4.485252360369004071e-03
4.282352602909959491e-03
4.277931531638976340e-03
4.186845303425768688e-03
4.140462791574329657e-03
4.124949758658407080e-03
4.088520130664471432e-03
4.077294402966212886e-03
4.065869466557350646e-03
4.054839924661507271e-03
4.050572185565762956e-03
4.046941358658947240e-03
4.044436845083735840e-03
4.042754726947563743e-03
4.048084880348801207e-03
4.044583648336699463e-03
4.051483524663434047e-03
4.067718181014701173e-03
4.050654012013525478e-03
4.099870740778915022e-03
4.104426973126918884e-03
4.076410307643491340e-03
4.263432687603891519e-03
4.109137424919582712e-03
4.258352553646994540e-03
4.652555692401534604e-03
3.928276870699568511e-03
5.328092581179572768e-03
5.770138586576659817e-03
