-9.554593283349313571e-02
-8.984041626616556808e-02
1.209174514448814464e-02
1.763430429720124620e-02
-1.166209901270477863e-02
-2.074771720185177026e-02
-1.296277249504808673e-02
-1.296277249504797051e-02
-1.296277249505190833e-02
-1.296277249505030545e-02
-1.296277249504483066e-02
-1.296277249504877022e-02
-1.296277249504875634e-02
-1.296277249505011636e-02
-1.296277249504878583e-02
-1.296277249504855685e-02
-1.296277249504729050e-02
-1.296277249504878236e-02
-1.296277249504829490e-02
-1.296277249505045290e-02
-1.296277249504909461e-02
-1.296277249504709621e-02
-1.296277249504712743e-02
-1.296277249504825153e-02
-1.296277249504750560e-02
-1.296277249505054310e-02
-1.296277249504987523e-02
-1.296277249504886736e-02
-1.296277249504827409e-02
-1.296277249504845970e-02
-1.296277249504752815e-02
-1.296277249504937043e-02
-1.296277249504958727e-02
-1.269916500638242421e-02
-1.169150470535526218e-02
-1.680981797540841496e-02
-1.694162171973993478e-02
-1.895694232179980995e-02
-1.895694232179735012e-02
-1.410526344366435508e-02
-1.359996324783610717e-02
-2.797313339075960942e-02
-3.039897282982842106e-02
-3.140957322148407727e-02
-4.921324624465604758e-02
-5.554480864772903120e-02
-5.770507859835986852e-02
-4.880324208677340458e-02
-2.580689286351326925e-02
-1.808804827517940597e-02
1.274882799929098233e-02
2.687273519362986737e-02
7.910483346765216639e-03
-3.174750477637697244e-02
-6.633491272084630908e-02
-5.394787090323387158e-02
8.684814298778467667e-02
9.931921710929612901e-02
8.864338415486686107e-02
1.580261903734115625e-01
1.483050230996663665e-01
4.413647497663342190e-02
9.445071867361593335e-03
-9.691562648346139716e-03
-2.269689298422872259e-02
-3.703307735677818097e-02
-7.375472306970096148e-02
-5.149252856708714382e-02
-3.694489181237813839e-03
2.431107594102376729e-02
3.180800827933354807e-02
3.180800827933275010e-02
3.180800827933542158e-02
5.492885639065055170e-02
1.156959568752500278e-01
2.045196534227470830e-01
2.083914739867448462e-01
1.175662192937437789e-01
1.497481750693222535e-01
9.777965265247259841e-02
-8.829014715732456942e-02
-1.343036546074641568e-01
-8.347751048114596117e-02
-7.590672926764373274e-02
-2.880751136561638531e-02
-8.419775078169351723e-02
-8.699026385799824013e-02
-5.856433858918125984e-02
-3.086921888114384921e-02
-2.528419272853185684e-02
-2.206247119698980918e-03
-8.791044602118720797e-03
-8.220865751090113138e-02
-7.932731223810038368e-02
8.773844581408873911e-02
1.010590225980322748e-01
-7.212557951323353075e-03
-5.646949566533872311e-02
-5.022506747197112015e-02
-1.250990355470772697e-02
-1.479788333362777770e-02
1.327417959448564874e-02
9.873739115804398836e-02
1.301331498686090216e-01
2.886484035176488036e-02
-1.500665144533425699e-01
-2.040809182592943638e-01
2.172430244874143379e-02
1.721423020049516472e-01
3.387181217708657432e-01
2.778972438678246060e-01
2.170452085831448344e-02
-1.074401828816212018e-01
-9.337518005321278347e-02
-5.416330019931808737e-02
-5.674768874881121195e-02
-5.676223467663335520e-02
-6.649002338702701687e-02
-7.982254598037065441e-02
-9.921465349771312059e-02
-1.259083734873487903e-01
-9.860424284432653397e-02
-5.846518650936229078e-02
-4.268637933694339331e-02
-2.236469959335616806e-02
-4.077717480417559354e-02
-9.411252887164503478e-02
-2.288089791321547273e-01
-2.024885596907017860e-01
-3.039452481704736295e-02
8.180018120959044181e-02
3.882221086141748878e-02
5.714613028055008648e-02
2.447221399226855512e-02
8.546739251748207422e-02
6.080840000205546547e-02
3.956013970552236386e-02
3.956013970552188508e-02
3.956013970552470227e-02
-1.342742062067337969e-02
2.529539841894560409e-02
6.240315641893844772e-02
8.889693658203905169e-02
9.269343598759441361e-02
6.174888568406364936e-02
-4.232083004662512415e-02
-8.294189878902080704e-02
-6.370066337997828954e-02
-8.247174410138720380e-02
-4.915546980881373151e-02
-2.783153720980631116e-02
9.710624233011191236e-03
-2.638236933149499044e-02
-2.009776868121898249e-02
6.011257725010838576e-03
2.405775450726543863e-02
1.148855320671410100e-02
1.148855320671335334e-02
5.652934421321754999e-02
5.779390212213490058e-02
-1.597690929199800658e-02
-3.849730479525152738e-02
-4.102642061308775512e-02
-4.102642061308376525e-02
-4.102642061308513222e-02
-4.102642061308565957e-02
-5.534494252838292189e-02
-6.779422380785263269e-02
-1.211639475241736985e-01
-1.079074874484206858e-01
8.329574512915284535e-05
7.241334592651383142e-03
-5.364796582117949998e-03
-9.550098629896763142e-03
-4.471658784545922555e-02
-2.979833404970490957e-02
-3.179776311772093689e-02
-3.598686044982354892e-02
-6.910428005686231057e-02
-2.200560317907626282e-02
1.013016141018214522e-01
1.083971656541710127e-01
-1.359015885337515328e-02
-4.055493596834418984e-02
-7.270787251266347395e-02
-8.693323281896082888e-02
-6.033822496001943481e-02
-3.847669526831178771e-02
-1.002597465571378535e-02
-1.002597465571543507e-02
-1.002597465571603529e-02
-1.015375579528647078e-03
2.214585015506722113e-02
6.029172069310165250e-02
5.578642115501013243e-02
7.871424406674507046e-02
5.217869543446155417e-02
-1.051701468889265634e-01
-1.397952840793900697e-01
-8.672418681482527147e-02
-8.672418681482783887e-02
-8.672418681482556291e-02
-8.672418681482289837e-02
-8.672418681482417513e-02
-8.672418681482764458e-02
-8.672418681482602087e-02
-3.054446736005753116e-01
-2.041980854194766215e-01
7.861220073138686093e-02
1.879724441242646149e-01
-1.452073223793518171e-02
-1.452073223793793992e-02
2.680983483436940040e-01
1.487933425359944661e-01
-1.849295628622960874e-01
-3.262391031531148844e-01
-8.762909153771517023e-02
-8.762909153771150650e-02
-2.501187023220634020e-01
-2.123902988873881958e-01
-6.138327076814095729e-02
1.986153462403504946e-02
2.829146712211088005e-04
-2.132052826748608021e-02
-8.307698686124205534e-02
-1.110160803195104073e-01
-1.120823842786232011e-01
-1.026970688565492507e-01
-2.683378502833854568e-02
-6.178538505249329266e-03
-9.016283017307433201e-03
7.867465555710471958e-02
7.021154725663167340e-02
-1.528544052809558546e-02
-3.529249320209516816e-02
-1.688492820597129948e-02
-2.163950479380131672e-02
-1.991460306476686495e-02
-1.517032120479946608e-02
-1.279303291088365255e-02
-8.163733901448404218e-02
-9.876511205221251422e-02
-5.155628680513103974e-03
3.216234974864623508e-02
-3.883007147157279369e-03
2.285869610035788646e-02
1.330356093506388504e-01
3.272085042893353446e-01
-3.331854423807044385e-02
-2.775077066857254415e-01
-3.002245730963793435e-01
-1.005568155074931802e-01
-1.794858260647883702e-02
1.959482299970632668e-01
3.770876258278563764e-01
2.372102553079830922e-01
1.153802540715035407e-01
-6.312139365762986509e-02
-2.135042579781277761e-01
-1.798775324427929478e-01
8.910917394066582937e-04
3.307376992322558912e-02
-5.670569075956469890e-02
-8.092984060511128341e-02
-6.795988306179356897e-02
4.048101928924814630e-02
1.131204828124864337e-01
-2.257665991612702733e-02
-1.899180765668961879e-01
-5.749038542637256027e-02
1.721423020049522024e-01
3.387181217708664649e-01
2.778972438678253276e-01
2.170452085831534386e-02
-9.078009863318087236e-02
-5.755313063491627329e-02
3.267116830606574263e-02
2.175673763235078800e-02
-2.783611598347578500e-02
-7.009905723936610267e-02
-2.396006602087224213e-01
-2.339734715345790361e-01
-1.494475890227986159e-01
-1.494475890227963955e-01
-2.007822281555373956e-01
-2.132435502146642903e-01
-1.212018367731053370e-01
-9.553451720673465652e-02
-7.061187308847766131e-02
-3.712521904529637873e-02
-5.334393287722242333e-02
-1.078623921921313400e-01
-2.771352917097970048e-01
-1.875641439196048255e-01
1.770128881880387861e-01
2.300773018781367141e-01
3.003036583931313966e-02
-5.540912403794168856e-02
-1.773560671254518009e-02
-6.716869364109737117e-02
-5.814796048563228292e-02
-2.984891781064242383e-02
-2.984891781064328772e-02
-2.984891781064349589e-02
-2.984891781064423835e-02
-6.996674213711161217e-02
-2.185800158671874494e-02
1.926416295728363426e-01
1.984948401811594265e-01
8.592880649983690791e-03
-5.845700161081023721e-02
-3.944582728229818758e-02
-2.648128366464290451e-02
1.020083919582649365e-02
-2.857861794209246714e-02
-2.335789929530488265e-02
2.540261931326955047e-03
2.192999050028701311e-02
1.148855320671320589e-02
1.148855320671360834e-02
5.652934421321877817e-02
5.779390212213624672e-02
-1.597690929199787821e-02
-3.849730479524896692e-02
-4.102642061308540977e-02
-4.102642061308538202e-02
-4.102642061308574978e-02
-4.102642061308555549e-02
-5.534494252838062511e-02
-6.779422380785120328e-02
-1.211639475241736846e-01
-1.079074874484207830e-01
8.329574512895339281e-05
7.241334592651042269e-03
-5.364796582118113062e-03
-9.550098629898579397e-03
-4.471658784545735899e-02
-4.451072137617986119e-02
-2.580689286351136452e-02
-1.808804827518048844e-02
1.274882799929109682e-02
-8.960604617516861048e-03
-3.357329773663191019e-02
-2.200153262420750239e-02
-3.407389463189711663e-03
1.195284454348819608e-02
4.822569466700859023e-03
-3.387970117440007394e-04
3.815137735645554584e-03
1.446964035819388490e-02
4.632477441432627380e-02
9.263262861438510687e-02
6.420532393949164585e-02
3.052488478785080409e-02
-6.155704248856096010e-03
9.825500292531926666e-03
8.524766223686432360e-05
-3.520845762560557285e-02
-5.104241454322244048e-02
-7.568102785984409664e-02
-5.453840891868331348e-02
-6.996674213711198687e-02
-2.185800158671889759e-02
9.522398791171646226e-02
1.971630268918952156e-01
9.775368782235985265e-02
-1.026627174322736896e-02
-9.205046799793144274e-02
-9.114900901541236888e-02
-7.627819895689851026e-02
4.849169688527837918e-02
1.187344467871681297e-01
1.253599272567265943e-01
8.326283431268113877e-02
9.228064053640473718e-02
1.130275498850623339e-01
1.012241994769521036e-01
-2.589929328701191108e-02
-1.947012503477977552e-01
-1.730145596931027818e-01
-4.194448201277408556e-02
-1.525424537455982818e-04
1.502834297563032315e-02
5.180997215291386487e-02
4.949448296664920449e-02
-3.479238321518141053e-03
-5.351329634310446337e-02
-5.480758177097726225e-02
-3.525291343198037886e-02
-3.525291343197859556e-02
-3.525291343197808902e-02
-3.525291343197928251e-02
-4.555934572063492782e-02
-4.519598015839444705e-02
-2.169195509982680542e-02
-2.439706920334737753e-02
-3.245354485640158937e-02
-3.635778459759980014e-02
-1.089376793221683883e-02
-8.170516552625220821e-03
-3.770700982098258713e-04
-3.833547476045286173e-02
-3.472208404408921173e-02
4.311379921111511276e-02
4.483207755085377721e-02
-2.436353272614214319e-02
-5.668064977804083276e-02
-4.162304444448634150e-02
-7.409674784011323345e-02
-3.427478380018109116e-02
-1.051332987940221779e-02
-1.898320254534483290e-02
-1.776192757215397594e-03
3.401333306545188673e-02
2.667554795820777438e-02
-4.297647590658729838e-02
6.626473498055950040e-02
7.904492169423427139e-02
1.157618124285896867e-02
-1.204489782375966073e-01
-1.983738138700815168e-01
-3.115278433979463690e-01
-1.162746267548051965e-01
5.599741026442560388e-02
1.243316907798669296e-01
1.551085651019559752e-02
1.551085651019429301e-02
1.046688799720626867e-01
1.101571471047593925e-01
5.867382728813878845e-02
1.409481555720217168e-02
3.118281291815648126e-03
2.648447965951019820e-02
1.026275126750695287e-02
1.044265767547413251e-02
2.364745992748242681e-02
5.947000797927112781e-02
6.596997671164628319e-02
2.713462800199962707e-02
-2.835662662020018918e-02
-8.841191203700892939e-03
1.187108950357059281e-02
-6.985468212597389015e-04
-6.985468212590596488e-04
-5.925057899935529809e-02
-5.543395692465773877e-02
3.686987794171429217e-02
6.614589403076120977e-02
1.104740948445783050e-01
1.142110111341794465e-01
4.271167447317505972e-02
3.277388393350793433e-02
3.386015425089106134e-02
1.598752403835939154e-02
7.966058067390164449e-03
-9.154147725782766851e-03
-9.154147725783177980e-03
-9.154147725783332371e-03
-3.763615489340158687e-02
-5.576591076903602423e-02
-1.002415959154573794e-01
-8.600059233164807082e-02
-4.974108058037897406e-02
-4.974108058037913366e-02
-4.974108058037904345e-02
-4.974108058037955693e-02
-5.599539885305145070e-02
-5.320375566780280452e-02
1.259471310005389963e-02
1.572187223638918038e-02
1.013858586589346834e-02
1.013858586589473643e-02
1.013858586589455948e-02
1.013858586589477633e-02
1.013858586589559338e-02
1.013858586589479541e-02
1.013858586589412927e-02
1.013858586589394192e-02
2.711379495840296125e-02
3.155508996214448358e-02
1.423090376721659195e-02
1.143158141309454177e-03
-8.451356087894585853e-03
-2.625262032609258344e-03
-3.251914927829857604e-04
1.098656950656741633e-03
1.098656950656371053e-03
1.098656950656093064e-03
1.098656950656413337e-03
1.098656950657509899e-03
1.098656950657658435e-03
1.098656950657290457e-03
1.098656950656676798e-03
1.098656950657650629e-03
1.098656950657608995e-03
1.098656950656982326e-03
1.098656950656175680e-03
1.098656950657227356e-03
1.098656950656746404e-03
1.098656950656933754e-03
1.098656950656455838e-03
1.098656950657092264e-03
1.098656950657329271e-03
1.098656950657482794e-03
1.098656950656618902e-03
1.098656950657682504e-03
1.098656950657797646e-03
1.098656950657641521e-03
1.098656950656149442e-03
1.627354797706226505e-03
2.612847670946276141e-03
-3.335256000950360868e-03
-4.745964684063042408e-03
