4.426826498345004610e-04
5.698735767846532796e-04
3.261091777109966471e-03
3.357191845847455700e-03
4.077040082464556542e-03
4.515256758395585525e-03
4.055407461010669332e-03
4.371736620813518846e-03
4.324412464945848016e-03
4.277547356452072319e-03
4.361707854788052230e-03
4.323050371229994818e-03
4.336113473472475582e-03
4.348085526615743865e-03
4.338333153560954523e-03
4.346386793622409803e-03
4.346094860534731145e-03
4.345419400129465690e-03
4.347778853255014446e-03
4.347428537805416923e-03
4.348134905088080898e-03
4.348915999589918722e-03
4.349884965327300776e-03
4.350543953351881064e-03
4.352428679805026707e-03
4.355361398753528762e-03
4.355844831559179363e-03
4.364262799195448364e-03
4.368401045914458054e-03
4.372163742649407339e-03
4.402705578331552599e-03
4.395283309739418838e-03
4.435404890091946759e-03
4.509314798784529350e-03
4.446223975357188260e-03
4.675866463885373567e-03
4.548074760989661951e-03
4.804384100456068028e-03
4.679508929973976057e-03
4.593580660670092304e-03
4.803979215122032922e-03
3.938624341803856864e-03
3.783217942868382071e-03
4.529117862614615193e-03
4.197012402987114130e-03
4.451564683831004711e-03
7.882183330283839412e-03
7.511899267938943435e-03
9.275247292778154504e-03
5.312235698316120427e-03
5.017010531741391069e-03
4.491774585860995594e-03
3.337740290587067928e-03
3.433751536391787401e-03
5.836478553581157455e-03
5.935184207663752112e-03
6.182023219580267195e-03
7.409922411888361302e-03
7.023818957346750734e-03
8.073861623680948785e-03
9.158463814096316769e-03
7.938128863753737829e-03
1.105758325534506731e-02
1.196727254887099481e-02
1.093122720105918141e-02
2.301522578949390802e-02
2.216509604985059806e-02
1.720100223671148024e-02
1.146677629002630303e-02
7.387359307437876832e-03
-1.236628293452861002e-03
-5.480683975902195942e-03
-5.174932400628416869e-03
-1.110062839826976566e-02
-1.114323038571325003e-02
-9.434297381515251157e-03
-1.213849702319806483e-02
-6.449571561561789554e-03
-4.431822320805365104e-03
-1.586013721212631549e-03
4.614958640366426286e-03
5.611620758615714841e-03
6.216562796237427684e-03
5.684033306756246066e-03
4.844049053597442034e-03
2.023008169194531400e-03
-1.013580322665056602e-03
-3.168774031383347380e-03
-3.059820699852631130e-03
-2.188574051862567614e-03
-2.445650348696539692e-03
-8.785164745427217169e-05
-6.759450745136882498e-04
-5.117365612494734206e-03
-6.532555128976448230e-03
-7.300459780297924826e-03
-9.004546516291584562e-03
-7.432845463797340367e-03
-6.199129816679240131e-03
-5.192308151642047523e-03
-2.017805358703126783e-03
-8.989077629201577173e-04
1.246059471440067422e-04
7.291196352238006129e-04
-1.086752942091383060e-03
-2.396585593263350026e-03
-3.180583899495431979e-03
-1.411029693344717419e-03
-1.952958713608798653e-03
4.748270486569279190e-04
1.986962585048168434e-03
4.654177648737157754e-04
4.418792704867106902e-03
1.344639177811959505e-03
2.479470918957748333e-04
-1.367751020617632334e-05
-1.019241701512886566e-03
1.463798164273381452e-04
1.247608368224936096e-03
3.904325602917411032e-03
7.621913407016547327e-03
1.124266538808221631e-02
1.297543163805462037e-02
1.237982878126316424e-02
1.271894175940579269e-02
1.123249663813465082e-02
6.261281722719102064e-03
3.360831025750860099e-03
1.821301025691562372e-03
-2.926009431384662615e-03
-3.271272377875458770e-03
-4.932766092572433980e-03
-6.117878370984044037e-03
-8.344175386674404851e-03
-8.713604432998813681e-03
-8.471099433480091395e-03
-8.580757637581022321e-03
-8.977120039900237519e-03
-7.470613461831539237e-03
-7.389643869404135916e-03
-7.761577392910769431e-03
-1.382230829396038745e-03
-3.104433044270574378e-03
-3.017404920857734256e-03
-4.412304089844113625e-03
-6.025774941481245629e-03
1.609648236657218109e-03
1.822761057228726314e-03
7.716663101792924258e-03
8.702458619471085260e-03
5.543443265968561739e-03
8.184473940848001339e-03
5.816274416904105606e-03
4.672908155767557629e-03
1.038739124245669811e-02
7.056904512131382569e-03
6.862392725801566562e-03
7.483936234102825727e-03
-2.886076541081143872e-03
-3.412978909983343991e-03
-4.358123944091954124e-03
-9.239619935292224875e-03
-5.422985327877822941e-03
-6.441588136337108098e-03
-9.287750243635988986e-03
-5.093016237794525947e-03
-5.968832496598993134e-03
-2.773710038991666644e-03
5.443170956498450536e-03
4.833589351378463767e-03
1.327600489500896028e-02
1.370921754617625103e-02
1.232170990382494384e-02
1.553473335738823381e-02
1.285755565478258200e-02
1.485558235154825664e-02
1.554972085692128692e-02
1.531041827320235756e-02
1.776410749459601118e-02
1.738701428491565976e-02
1.732489427152791861e-02
1.430372814602605229e-02
1.175504340557727637e-02
1.341189307283060031e-02
1.192489003995195890e-02
8.965205851948133964e-03
6.060005612389151794e-03
-4.288361499614152866e-04
1.929486808605879525e-03
-1.211530981643040884e-03
-1.404079554725331993e-03
-1.577234764644571460e-03
-6.665018618855850447e-04
2.660022788046153240e-03
5.603299279915640099e-03
1.215089176502778291e-02
1.640841281562957499e-02
1.581690316962723261e-02
1.518284990871349160e-02
1.383472756730327879e-02
1.029740083753031762e-02
8.209622415090054096e-03
7.205144918421228090e-03
2.241974645380158913e-03
1.757472589211716684e-03
3.555468336485273669e-03
1.955021246230376512e-04
4.610219182687398665e-03
2.149345454477966100e-03
1.570795588784748001e-03
2.453380740790442674e-03
5.555695548201710406e-04
8.316231104143747763e-04
-6.074123077449478970e-04
-8.745967004714838219e-04
-2.225583261470852076e-03
-2.160185580094672615e-03
9.826599105135288160e-04
4.795795029775546010e-03
9.471885702783273617e-03
1.135437225681639600e-02
1.201423036116214607e-02
1.202453356635280884e-02
1.010591490074054175e-02
9.734463440375235033e-03
9.460263344734081564e-03
6.239925776819015696e-03
5.145031664083458793e-03
4.575549655042806391e-03
-1.971571348680239717e-03
-1.437964414003959062e-03
-2.912151152032927889e-03
-4.837679696100052711e-03
-1.042283374972090672e-03
-1.626380760862138671e-03
-1.907666961750812589e-03
2.377634124207380164e-04
-1.044318732038398024e-03
-3.786038297440699925e-03
-5.389313675158056809e-03
-8.086871582313734375e-03
-8.332145270777836787e-03
-1.001889676114802591e-02
-7.864592011195213270e-03
-2.958392523846854576e-03
-2.138560016685184771e-03
1.823735204878701834e-03
3.472525202515396557e-03
5.279844272772991377e-03
2.647238125043056313e-03
3.100477614573483170e-03
7.012988330266320749e-03
6.654494501102593829e-03
1.369356508726720517e-02
1.372634704908302569e-02
1.543908614034929586e-02
1.379396977778140146e-02
1.142206900053805395e-02
1.192910427627343582e-02
3.584120810827535857e-03
2.152875259218556183e-03
2.030538176500428123e-03
-9.633655520260993007e-04
7.525744221444461302e-04
2.405226103017006276e-03
2.835412509491545569e-03
-1.105187693480397552e-03
-1.230904784146863657e-03
1.807564386297278239e-03
2.921641902480251116e-03
4.018976564760638921e-03
4.156139852516223948e-03
4.340174993328764323e-03
4.886300225037680869e-03
4.134994138790731855e-03
4.304394006560350802e-03
4.613571105504909835e-03
1.340109887663781807e-03
2.440033110569574636e-03
3.528806361818277379e-03
3.952753737703811922e-03
8.110351720923860558e-03
8.907951229568281809e-03
1.687838422914893916e-02
2.170677175587327687e-02
2.383617012219452214e-02
3.414917824616092723e-02
3.396101258106201670e-02
3.593949427889150949e-02
3.819606053474040863e-02
3.571826240092873528e-02
3.710787394041025616e-02
3.287664968812344102e-02
3.062253441632703174e-02
2.965944051916365870e-02
2.716628166055579802e-02
2.224157365969511857e-02
2.082124470123940946e-02
2.539886785313309053e-02
2.686552132718146579e-02
2.537376772604829633e-02
2.769538858821236210e-02
2.423284611690697948e-02
2.026420408315818267e-02
2.104157816054604002e-02
1.133662128797967641e-02
1.007797681840379676e-02
1.607892138479091043e-02
1.065064378666983821e-02
9.914699246827023138e-03
1.442440700509432100e-02
1.050767948016967032e-02
1.307324336379880186e-02
1.289388528244776386e-02
9.814365685278107071e-03
9.981784349010584811e-03
8.843582964093387594e-03
8.398844932638115102e-03
7.271626343879148899e-03
6.845206405849539252e-03
6.315878424791905241e-03
5.393266508769096156e-03
4.596538727292785731e-03
4.567007449706270150e-03
1.417469798082912451e-03
5.828444403614379665e-04
2.588410092367514435e-04
-1.786904351956551760e-03
-2.033624285559370356e-03
-2.200074125426362652e-03
-6.354711208500339256e-03
-6.599775255189765585e-03
-1.583350013062720038e-03
-2.236541734171661709e-03
-3.284542925421869881e-03
-9.882445698365901251e-04
-1.837650008853974112e-03
-6.235521363977423667e-04
-8.316490046544398711e-04
-4.301625090354094108e-04
1.359402408517328478e-04
-3.416667950082063338e-03
-3.309301122355483987e-03
-9.319176643140933067e-04
-1.399172922856293730e-03
1.321244046613620580e-03
2.090294752930375519e-03
2.433026406328534647e-03
2.957736557479618764e-03
3.551814265492531965e-03
2.070831196476596251e-03
3.265073403462237858e-03
6.676673905553084931e-03
4.733985855820885963e-03
4.899705957450071342e-03
4.058617239206915167e-03
1.590235354178576831e-03
3.117015027181721173e-03
2.902297628895854527e-03
4.026186606907497523e-03
8.384786555616972545e-03
1.044294044952214472e-02
1.658488466400571612e-02
1.915826260101330392e-02
2.221549204600600097e-02
2.461641653094151505e-02
2.867885016394558853e-02
2.514401843351800336e-02
2.898082018422227374e-02
2.830705986008669531e-02
1.549177589185345844e-02
1.586173083026600969e-02
2.076686350409273976e-02
2.028896977229731335e-02
2.244857429900576351e-02
2.389647786323689793e-02
2.263716691018006349e-02
2.417551243007488165e-02
2.527908718970469856e-02
2.585534685468371743e-02
2.788993601917499898e-02
2.825732107151909117e-02
2.967397168112518441e-02
3.030801262691146941e-02
3.119773621830497848e-02
3.256726110272094299e-02
3.252267785524121102e-02
3.492265933544445866e-02
3.468908148085435295e-02
3.456920928388615422e-02
3.441225514874310387e-02
3.225947768692183359e-02
3.196424751706264389e-02
3.050150138188735191e-02
2.855059972232857832e-02
2.816039182343710312e-02
2.538358142274790147e-02
2.376945933529855254e-02
2.224473015133610065e-02
1.773803408783020119e-02
1.658223385943503880e-02
1.448147547460860302e-02
1.217993210406800864e-02
1.142032114205886531e-02
8.650829470387635597e-03
7.995650574837788460e-03
6.218089671368601766e-03
5.353684188101746899e-03
5.432224269035218836e-03
4.370685536255435044e-03
4.591838871639388267e-03
4.283460095473108804e-03
3.885717310275950236e-03
4.416540349591820819e-03
4.007596311867952024e-03
4.958384714892636116e-03
5.584785330427463265e-03
5.933365674661906543e-03
5.587861365932854721e-03
4.197737824619311199e-03
4.136791708690731872e-03
3.784205742736277550e-03
3.696842569122875226e-03
3.642025748899585698e-03
3.331101739143184099e-03
3.189286641457090947e-03
3.100178726068074462e-03
2.226166428387839433e-03
2.196860593977988021e-03
2.146135795606691175e-03
1.892599165675921784e-03
1.987829723577645702e-03
1.826018752537336915e-03
1.847285232631932757e-03
1.924344271377230291e-03
1.526594930848317955e-03
1.535377818069229858e-03
1.090491161585417429e-03
1.008945256326417581e-03
9.083478129192016758e-04
7.640232224461836110e-04
7.374705676274706870e-04
6.675854689735248896e-04
6.175068184576668539e-04
5.908748253893850080e-04
5.373640585068979215e-04
4.981858191217845627e-04
4.554082499100525327e-04
3.639125973820977631e-04
3.107716578588429180e-04
1.835923270131784718e-04
-1.904787242790270273e-05
-9.914976338459092825e-05
-5.620061006976215592e-04
-8.860751392214557100e-04
-1.176636487449120565e-03
-2.626356489091673675e-03
-2.626568845849559797e-03
-3.992472812256430900e-03
-3.658828935708859607e-03
-1.468440115888268276e-03
-1.624864399774396482e-03
9.553373039876433305e-05
2.141660158238599398e-03
2.540345850980685501e-03
6.813374450623596243e-03
6.770299019097595489e-03
6.441149387271668907e-03
7.055795167213723892e-03
6.828674266319079492e-03
6.886863237342829430e-03
5.133044999133404285e-03
4.859467642522204839e-03
4.593856751852813843e-03
4.070880213414014570e-03
3.966735716103460263e-03
3.539732053813250592e-03
3.475136131937403474e-03
2.981148790037990628e-03
2.982327266688170574e-03
2.848658625913966062e-03
2.739476391683016553e-03
2.730528910077998500e-03
2.672093688301855133e-03
2.651477841757362772e-03
2.640039076020368226e-03
2.621869904340338488e-03
2.617171251112181130e-03
2.610982652880411599e-03
2.606257017475478374e-03
2.604530551037907010e-03
2.602251695070183571e-03
2.601192708919983047e-03
2.600458040267610363e-03
2.600247295534520442e-03
2.600101539704086171e-03
2.600148305828322778e-03
2.601872219517444018e-03
2.601194774639617457e-03
2.604208673545906766e-03
2.608455575643678533e-03
2.604986471461459389e-03
2.622279089033811503e-03
2.621782800713231415e-03
2.621354389002740828e-03
2.685549882340072282e-03
2.631218250014973406e-03
2.718012110393892931e-03
2.848377678729704411e-03
2.604572298647361492e-03
3.250137796484071136e-03
3.358895587393106574e-03
