-6.505787025901112706e-04
-7.302198796963712451e-04
-2.838581280874363441e-03
-2.914432017653393291e-03
-3.229983951201940637e-03
-3.592263002406389811e-03
-3.174774341104271563e-03
-3.370094077763052635e-03
-3.335494499099311838e-03
-3.271215809834523720e-03
-3.328083814999910350e-03
-3.294099725453687559e-03
-3.295413196812548105e-03
-3.303065152672602419e-03
-3.292765855525251785e-03
-3.296715921725729571e-03
-3.295830306742518132e-03
-3.294171518014555548e-03
-3.295435549455302641e-03
-3.294752632472404495e-03
-3.295017916604674885e-03
-3.295340082132877657e-03
-3.295785402530105462e-03
-3.296593589945719452e-03
-3.297090481062967156e-03
-3.299725701499102611e-03
-3.300615623824723448e-03
-3.303581662837469686e-03
-3.311549927634102782e-03
-3.310132663632087135e-03
-3.327476184793679709e-03
-3.341513113022965935e-03
-3.336066866805004021e-03
-3.413222826852804585e-03
-3.396081863330748483e-03
-3.425967932482533278e-03
-3.532648327019432578e-03
-3.521463937001332277e-03
-3.860427779231060362e-03
-3.979524828957109461e-03
-4.044238626898598483e-03
-5.435783899256039012e-03
-5.472657814138772586e-03
-5.523629482353933223e-03
-5.637557323126142668e-03
-5.593449719378350629e-03
-5.579208001626092053e-03
-5.137971527489502456e-03
-5.524322280197395581e-03
-5.410272902324370428e-03
-5.494023028894439581e-03
-4.872085294363000946e-03
-3.473570934995907130e-03
-1.992162231264231736e-03
-3.120003160056424377e-03
-6.373087001645731664e-03
-8.309360622826209020e-03
-1.348822780896246146e-02
-1.450088334394874709e-02
-1.891763268841136977e-02
-2.045712055217594263e-02
-2.128567454025924108e-02
-2.251478648811067879e-02
-2.028975329606554773e-02
-2.107817047031607105e-02
-2.011985597403411277e-02
-1.872898257236463304e-02
-1.883533494369518321e-02
-1.676196347548216531e-02
-1.497037282337271638e-02
-1.439575394008856327e-02
-9.953883225412451033e-03
-9.527559939991367410e-03
-9.488007002430711573e-03
-8.261976750430659322e-03
-8.938392758433699389e-03
-9.694963078038297197e-03
-1.008206172341479835e-02
-1.162072958658016963e-02
-1.455964929338717309e-02
-1.595955633795350867e-02
-1.548031828980826578e-02
-1.434425154880228717e-02
-1.161827002042314580e-02
-1.000868765107361738e-02
-6.544022185447159398e-03
-5.382447326260998526e-03
-5.772227256544528243e-03
-4.965702816486756467e-03
-5.108424011416141768e-03
-5.461126503751061873e-03
-5.190418102596211503e-03
-5.419492447605974567e-03
-5.064153945844152190e-03
-3.074479079855751973e-03
-2.266443612606704877e-03
-3.356752789872056390e-03
-3.842705258097252850e-03
-4.107677790570737029e-03
-5.233295732939512689e-03
-5.978637594931984073e-03
-7.574913622591306593e-03
-9.058399386047237545e-03
-7.922578166158617680e-03
-7.255833065989727299e-03
-7.661649228938346122e-03
-7.373188597266317271e-03
-6.250887704721202510e-03
-5.110164532360673278e-03
-4.703947994185890720e-03
-2.068844693120346079e-03
-2.463263711027306301e-03
-2.031768946908582129e-03
-1.703214929845920083e-03
-3.127928551414106955e-03
-3.368958182116210155e-03
-5.308127514832561289e-03
-6.376142584613705977e-03
-7.043845121365721260e-03
-6.622549766327269147e-03
-5.819580519496624950e-03
-6.212739002296334238e-03
-7.375723110307782701e-03
-7.825808539752017456e-03
-8.850789447119852826e-03
-4.421955360760609736e-03
-3.580503166595406378e-03
-3.714404108575747494e-03
-4.160462869977010758e-03
-3.754769041588878857e-03
-4.016230226400793052e-03
-4.299915306021185463e-03
-4.313099146455647015e-03
-3.619232224220477259e-03
-3.133977997236385513e-03
-1.617089509633815340e-03
-1.075051088633838161e-03
-2.496178299158204224e-03
-2.156302402887417570e-03
-2.794192337286298747e-03
-4.707110265864927756e-03
-4.614911383006540732e-03
-4.499661573416557578e-03
-5.761849571076360123e-03
-3.984241480078106086e-03
-4.721227849600218018e-03
-3.195851599234474961e-03
7.093239509111098212e-04
2.302353583115383275e-03
5.046463992607802540e-03
6.351107270223965533e-03
1.013771413132727103e-02
9.546265910008360292e-03
8.830397707207768287e-03
8.785219365710712075e-03
3.990903189833269402e-03
4.242878465704155201e-03
-3.203057240791042093e-03
-6.512234938200182899e-03
-1.107557947644149943e-02
-1.262667521779980810e-02
-1.161381047948343084e-02
-1.468766706739006896e-02
-1.465233294841522017e-02
-1.637711593049237524e-02
-2.165350819474499283e-02
-2.074744734514040803e-02
-2.323782131478876328e-02
-2.261266904447578607e-02
-1.879537240294008177e-02
-1.797926734813901084e-02
-1.442002713222513034e-02
-1.361794108955786779e-02
-1.263457229273980999e-02
-1.290287862192083732e-02
-1.473994751710433482e-02
-1.439934619677493005e-02
-1.710454967818791222e-02
-1.662331767554088915e-02
-1.503274672967428761e-02
-1.564226737969650477e-02
-1.133914213793240679e-02
-1.100807956662392881e-02
-1.351600836905676381e-02
-1.252473955958171431e-02
-1.600686831115478992e-02
-1.776248174957570369e-02
-1.695339944560435297e-02
-1.896963643285871221e-02
-2.153074733457184531e-02
-2.164008166942899686e-02
-2.338442102562113961e-02
-2.351303939339987464e-02
-2.378291522618181802e-02
-2.437705207354197781e-02
-2.281445348858316541e-02
-2.285235497946265862e-02
-2.164899603359486668e-02
-2.083203819694996045e-02
-2.046673967135610381e-02
-1.910503813912686755e-02
-1.879476165990462064e-02
-1.801000853364655846e-02
-1.778098493186469620e-02
-1.748574634825770385e-02
-1.709174382476567194e-02
-1.683824027165767984e-02
-1.605580147539952332e-02
-1.598169173088092102e-02
-1.478978299118196942e-02
-1.401952376555253704e-02
-1.347276155097933831e-02
-1.042566100455166386e-02
-9.354444234250833962e-03
-8.454917953199995659e-03
-6.506793305416843157e-03
-6.387333470505877561e-03
-6.216750250112992870e-03
-5.661805460606426921e-03
-5.711615660081097168e-03
-5.362169029722120561e-03
-4.320152229384015968e-03
-4.564321122969210859e-03
-4.517933075198868852e-03
-4.650654363554926340e-03
-6.455368071265224147e-03
-6.991644568809570609e-03
-7.595475486573324136e-03
-6.510867866969133680e-03
-6.609647840244867352e-03
-5.823134584255664457e-03
-1.699884288993181412e-03
-1.377702130456354233e-03
-8.512957734419426131e-04
-4.951761852817501783e-04
-2.788327725996531722e-03
-2.637194010634804926e-03
-4.407947404257008678e-03
-4.550613767154635184e-03
-4.646740880191879350e-03
-5.418467305803740565e-03
-4.264144197260932509e-03
-4.827426229695056491e-03
-7.478591099953428058e-03
-8.737960379666388083e-03
-1.026523348410800576e-02
-1.249766783502894059e-02
-1.422764173964196667e-02
-1.469546283056314545e-02
-1.303121798641588419e-02
-1.350577122681772234e-02
-1.136143428870396016e-02
-1.129368522859994575e-02
-1.374056907549947582e-02
-1.426481878466923960e-02
-1.539841487379946770e-02
-1.638222822865647091e-02
-1.527508361958780300e-02
-1.546950209036442384e-02
-1.403815169979276412e-02
-1.276874891681312359e-02
-1.213000543365433392e-02
-8.234285681056344175e-03
-7.198433163638270210e-03
-5.142605758106235520e-03
-3.177061547453361844e-03
-3.539334676824807020e-03
-2.620647381200741366e-03
-2.590601098321852064e-03
-3.430818992909451682e-03
-3.643851597937478211e-03
-4.269199675673539252e-03
-6.788841600972838654e-03
-7.140199393167089015e-03
-7.495478795676982497e-03
-8.410327776678040018e-03
-7.971936071914792477e-03
-8.059873866251324528e-03
-7.149166795887468978e-03
-7.107227642636529744e-03
-6.399681411344718650e-03
-4.371739768958497058e-03
-4.442331100018562760e-03
-4.686816049299604228e-03
-4.685161411912164287e-03
-7.036504422690879543e-03
-8.314367746255725208e-03
-9.330428120630975680e-03
-1.147044966575120478e-02
-1.249160115124298316e-02
-1.437652793855103209e-02
-1.666669357919744326e-02
-1.760512444208890692e-02
-2.110278718686319291e-02
-2.223319641720086434e-02
-2.226667581624277095e-02
-2.419246214290604602e-02
-2.381075944231165337e-02
-2.422568741159782449e-02
-2.516331075793364763e-02
-2.396790329241509782e-02
-2.479771013666797613e-02
-2.420174800973245652e-02
-2.161737979263086279e-02
-2.072999162363391851e-02
-1.879381511402864954e-02
-1.697703776274623114e-02
-1.553207173107204464e-02
-1.359280004922091764e-02
-1.023897885180938272e-02
-8.630180058852056357e-03
-6.795298035933402918e-03
-5.094739220632378725e-03
-4.577336226330298678e-03
-5.572571133420099743e-03
-4.836507358423359007e-03
-5.124624297877257081e-03
-5.448898963868283561e-03
-4.494691980559023178e-03
-4.743653274069727435e-03
-3.928668039071221696e-03
-3.771223208745777804e-03
-3.906955191762085527e-03
-3.380290379535081519e-03
-3.701297981546617082e-03
-3.994046390895388335e-03
-2.410715233310317153e-03
-1.750223241706394452e-03
-8.308186262264820061e-04
2.311792007971736566e-03
2.957998762013053663e-03
2.795062306811244013e-03
4.816710011640740544e-03
4.629802240883431827e-03
4.780956926673723267e-03
4.515955780163431570e-03
2.981966961153543431e-03
2.361661520300367603e-03
1.659343253601042699e-03
1.649640561459523366e-04
-1.638080846269862004e-03
-2.163310077896652556e-03
-6.673971020288295246e-03
-6.765330883050183278e-03
-6.371425124722995825e-03
-7.316960047198318995e-03
-7.163404376161093545e-03
-6.528355062427210545e-03
-6.655423621880761018e-03
-6.468591240538777362e-03
-3.165376745361680490e-03
-3.006549287492287642e-03
-2.457022091445989348e-03
-1.654251909229321419e-03
-1.583720696778450959e-03
-1.297678106659305762e-03
-1.076283347057328550e-03
-8.852347657359507099e-04
-9.918852057453049834e-04
-4.627211226485484661e-04
-4.788203082766709817e-04
-1.158559875680956761e-03
-1.192678519622574103e-03
-1.530429398989894326e-03
-1.690439720429436337e-03
-1.352029602257141978e-03
-1.401039854071719571e-03
-1.338316014971712223e-03
-1.267094861793894569e-03
-1.279237865537140566e-03
-1.244488532789647228e-03
-1.234359316889433508e-03
-1.231846367457375708e-03
-1.220768684383298410e-03
-1.219499052045765457e-03
-1.216676242068136455e-03
-1.213989002335683900e-03
-1.213438390466016351e-03
-1.212493564264265989e-03
-1.211719655934850697e-03
-1.211497152340241298e-03
-1.212180177359559966e-03
-1.210537174524994744e-03
-1.212652256577943831e-03
-1.213788027014788560e-03
-1.208695759337176986e-03
-1.222025593789357375e-03
-1.212297455409869305e-03
-1.210549321323516189e-03
-1.255144881696013863e-03
-1.181451853637526363e-03
-1.265670942229251425e-03
-1.313637649556391625e-03
-1.066241788054765431e-03
-1.692238300662647328e-03
-1.895826156964931482e-03
