-1.360093685871258465e-02
-1.104870262624809037e-02
-2.529903080400772858e-02
-3.560087226158518969e-02
-3.352991236451911133e-02
-2.698194976480646282e-02
-1.742296520642334229e-02
-1.742070777884830585e-02
-1.741458943516541527e-02
-1.741136480323068544e-02
-1.741176719954309199e-02
-1.741176527649446193e-02
-1.741176485753591352e-02
-1.741176501386643496e-02
-1.741176500447962072e-02
-1.741176500447836131e-02
-1.741176500447848968e-02
-1.741176500447899622e-02
-1.741176500447859377e-02
-1.741176500447837519e-02
-1.741176500447760844e-02
-1.741176500447887479e-02
-1.741176500447874295e-02
-1.741176500447828498e-02
-1.741176500447824682e-02
-1.741176500348698766e-02
-1.741176502053356709e-02
-1.741176497979922758e-02
-1.741176458427740048e-02
-1.741180788070887525e-02
-1.741144666144979827e-02
-1.741044975422175595e-02
-1.741522788344307751e-02
-1.641157910908763728e-02
-1.626246725622786798e-02
-2.907866224091192747e-02
-2.958248112245041861e-02
-2.988673526990964432e-02
-2.987820231651521288e-02
-3.442795942230906375e-02
-3.201307698474568225e-02
-3.392788376422398774e-03
-1.100341663032870917e-03
-5.962547308525211788e-03
1.745663292621877499e-02
2.295807688709313940e-02
-6.725606731007216510e-02
-7.893191675233447724e-02
-1.159193170271295287e-01
-1.197456397147170365e-01
-7.324587873708462982e-02
-4.435642262680008358e-02
-3.599403780431029154e-02
-3.793273233779652365e-02
-4.589457165435544689e-02
-4.737977654824553075e-02
-4.738377847914211627e-02
-4.741992391089131648e-02
-4.809020105017246249e-02
-7.253840855131311882e-02
-1.717168170974980312e-01
-1.533837085250576160e-01
-6.146938861917745217e-02
8.869713904793187628e-04
-2.607579323954505035e-02
-1.259159155572564873e-02
-3.021454449762886116e-02
-4.818307173695876577e-02
-4.817453128077081592e-02
-4.823249838768502162e-02
-4.824287598609819372e-02
-4.823202290826151400e-02
-4.823545566480200858e-02
-4.822616046178267862e-02
-4.821180143380331823e-02
-4.823971082593484644e-02
-4.267819157789205092e-02
-4.724435541278186601e-02
-6.481653051213150107e-02
-6.761880752128553163e-02
-5.849961965265423891e-02
-5.852103842049567739e-02
-5.843599875660252657e-02
-5.021995262326851145e-02
-3.785940891538799868e-02
3.643637771484724546e-03
3.616135209316487242e-03
-3.880602701366390322e-02
-6.959326345270508418e-02
-6.282934024709294074e-02
3.182906214845441367e-02
3.265687187075894116e-02
1.394138517935298097e-02
-1.161963291896739997e-02
-2.355761743976086953e-02
-1.118579563828021456e-01
-9.908146955614334506e-02
-7.523549453721269098e-02
-6.433115684335018181e-02
-6.713696929547971481e-02
-7.338384827679182709e-02
-6.802087536829178049e-02
1.477719704927780292e-02
2.015899492083525826e-02
-2.932517472508755149e-02
-4.211133569415530242e-02
-4.612067023699211593e-02
-5.132973690702408165e-02
-5.460977795344957447e-02
-3.991919186580792506e-02
-1.327413868368513107e-03
2.009624456822711736e-02
-8.829836387880577245e-03
-3.878176554435327356e-02
-8.702295598427002565e-02
-9.214929398607230038e-02
-8.895307862055759629e-02
-4.359210694136728820e-02
-5.676293075487516548e-02
-7.566140082504134445e-02
-8.410780411607809981e-02
-3.203033419783973823e-02
-2.080941925024176395e-02
-5.368685248703201907e-03
-1.579849067734027251e-02
-4.219511241342348284e-02
-5.106270445562705734e-02
-9.061960314008769835e-02
-8.294954913872568114e-02
-6.521990514109771153e-02
-6.525002048138801858e-02
-6.520447908554309613e-02
-8.682194861391109852e-02
-8.665556207777037889e-02
-7.936222536624574359e-03
2.166545291362731787e-02
1.835003155489146193e-02
4.967520307143280522e-02
4.031996552672010431e-02
2.215480212904727755e-02
3.074553215162718553e-02
1.346891022945591876e-01
1.467764458618513179e-01
1.036348761769131793e-01
9.745736987510654481e-02
5.995142920636753470e-02
7.288019640153169110e-02
1.815840589991528919e-01
2.169151888468893452e-01
1.248408016893393230e-01
7.695873778461971570e-02
5.971605615196840140e-03
5.752946126672998581e-03
5.612763348823268661e-03
5.545605956675421500e-03
5.593400179523836009e-03
5.593326916891871482e-03
5.593362676741710574e-03
5.604804261367418716e-03
5.602822160792349411e-03
5.541650329186710404e-03
5.445974687619489253e-03
-1.156625895105646909e-02
-4.391484129975439105e-02
-6.840049584821042417e-02
-5.999380513729627579e-02
4.887760688822785811e-03
4.878057314469128568e-03
4.995765679754896570e-03
5.015749818168513743e-03
4.950949651829458092e-03
4.941558808077567942e-03
-3.097394722633296793e-02
-2.676908527625606465e-02
-4.211291945352196864e-02
-2.410814166066231959e-02
-3.256965739038868157e-02
-1.274840460710536735e-02
-1.604723080623627132e-02
-1.063960431146333957e-01
-1.215792498971275670e-01
-6.881261351640201307e-02
-5.794839478890237427e-02
-5.314777437184597247e-02
-4.808794397694026584e-02
-3.401502039111881787e-02
-3.051793924637994510e-02
-3.290568068555477232e-02
-7.586983297134527321e-03
-8.287603367006219843e-03
-1.958945150127825580e-02
-3.724778860851660905e-02
-5.259372723704720115e-02
-4.369434875370535598e-02
-4.010470074336754814e-02
-4.010833680206800367e-02
-4.010906268443216460e-02
-4.009235027046970101e-02
-5.105594807983051403e-02
-4.591813786924682506e-02
7.637291277761771094e-03
2.879353418671974879e-04
-8.213418778247912055e-02
-8.615376715442123190e-02
-1.823517010087512963e-02
-9.179382808247297035e-03
-2.642771180823273378e-02
-2.639469275597964779e-02
-2.640881247825542510e-02
-1.858656192932314419e-02
-1.516837085096659800e-02
-3.651418296123177393e-02
-4.042451811594786198e-02
-4.726832788246806277e-02
-4.727643315818500641e-02
-4.727935054691183303e-02
-4.728262629464940331e-02
-4.727536440532979084e-02
-4.726288177593387235e-02
-4.726257459653129822e-02
-2.578830916781893121e-02
-1.470763557049352237e-02
-2.092014625669586306e-02
-4.772085062788262305e-02
-1.544116629431837862e-01
-1.537510336643610198e-01
-1.290271827152370543e-01
-1.181155579845693110e-01
-1.382523005068157229e-01
-1.852056003992972322e-01
-1.609354152967973905e-01
-1.207287602862764792e-01
-6.595815936791640452e-03
3.356025766295148843e-02
-6.141431916478314740e-02
-1.558868371111483686e-01
-1.782635759830584754e-01
-1.338472217120481866e-01
-1.238725740839830974e-01
-4.429666929460736313e-02
-5.679353820486169463e-02
-9.746858318183358738e-02
-6.257305063006164680e-02
-2.789225801497255408e-02
-3.096763796858538823e-02
-4.886241546319243512e-02
-5.113200226922849645e-02
-3.120729640022265605e-02
-3.437816237593999819e-02
-3.083188589277030198e-02
-3.018243395408270330e-02
-3.722275553199325127e-02
-3.366170828928891079e-02
-4.988483555728686486e-02
-4.426584232605545316e-02
-5.579568015195705138e-02
-5.583067087552444352e-02
-5.440409792300007069e-03
-2.643760526753786630e-03
-6.512790918119648609e-02
-9.028029749305772900e-02
-9.604450756759760899e-02
-9.619239104815947849e-02
-9.618193861799115285e-02
-1.254821299313364502e-01
-1.351791055784448692e-01
-1.094421245684556177e-01
-9.483659993405652022e-02
-7.531466080146342890e-02
-7.525454238008623398e-02
-7.519708759830677491e-02
-7.520334714552304178e-02
-7.530102406821911898e-02
-7.536342098600744277e-02
-1.063173720277729301e-01
-1.335831562181593879e-01
-1.431989955327845065e-01
-1.278278006313019188e-01
-7.294084621633246945e-02
-8.254984080097817201e-02
-3.278402570899074941e-02
6.658032634416158335e-02
7.135949824059907576e-02
1.591363542485936533e-02
-2.735686871471886689e-02
-1.531799970662325316e-01
-1.752403133948753911e-01
-1.151020209313262793e-01
-1.029747740051841914e-01
-5.213375145655438359e-02
-3.316873078411688297e-02
-4.844725611622765354e-02
-3.110351148424881848e-02
-2.883615941097689497e-02
-4.591141569956685986e-02
-1.615562986717250862e-02
-1.939890077301115873e-02
-3.559590076687593058e-02
-4.624048673212724503e-02
-6.422712981453444769e-02
-5.846456981736095765e-02
-5.376939081984188212e-02
-1.184717284707050983e-01
-1.371193195096206685e-01
-1.065875533912580414e-01
1.012082303381084229e-02
2.316930954185252717e-02
-9.355403309944495399e-03
-2.071097493413629614e-02
-3.367353441849341156e-02
-4.253057812321216213e-02
-4.913117708631854763e-02
-4.717314539833131204e-02
-2.947927694438282759e-02
-2.948335231641612333e-02
-4.990776121393499659e-02
-5.021644315556882121e-02
-5.219857662507360746e-02
5.748197152631108302e-03
1.765523913507148490e-02
-2.866950980827816589e-02
-5.250301597859493435e-02
-7.508859931868866466e-02
-7.514772472799678693e-02
-1.101194164976006529e-01
-1.277634541261837287e-01
-1.020392413935516385e-01
-8.456935314393887460e-02
-7.248851167068541546e-02
-7.462848651111282650e-02
-1.499474378124207308e-01
-1.131763304065155906e-01
8.068452925076140259e-02
1.020091769226216111e-01
-5.510659194509706649e-02
-1.262507256567735603e-01
-6.161132986412834467e-02
-5.881757900783070314e-02
-5.120304424014523320e-02
-5.112864824075811360e-02
-6.225149619421795066e-02
-6.182444847957965089e-02
-7.090105472009805565e-02
-5.498985485452463629e-02
-5.511816317768058332e-02
-4.956779023717316351e-02
-5.324484291861920210e-02
-3.736339657638226841e-02
-3.995641078921816428e-03
-3.879972637890173603e-02
-6.952057410545890714e-02
-1.686894707395159357e-02
-1.662302876060668677e-02
9.558751896199476489e-03
1.579929344999788515e-02
-2.856235484025861429e-02
-7.504399008769280233e-02
-1.102658922197692487e-01
-4.441324111646080541e-02
-7.881442645540601448e-04
-2.635635261947205654e-02
-5.169963579374799861e-02
-9.188693571049975917e-02
-1.043863940871701812e-01
-1.058215236532560194e-01
-9.518569317865870072e-02
-1.247586984789094411e-01
-1.329619688042764647e-01
-8.087774116368434685e-02
-6.708554568482681668e-02
-8.169062099644501529e-02
-8.790026813438972519e-02
-7.139161429383709956e-02
-2.979774542985853467e-02
-2.209738314640762383e-02
-5.030504965221814506e-02
-4.090879499943584491e-02
-4.914051839734980692e-02
-2.384758052594444788e-02
-1.509273893014753155e-02
3.041104627293283319e-02
1.901954016431159356e-02
-2.480950805857365035e-02
-2.769397020668111845e-02
-2.080072413297058900e-02
-2.008674531023884463e-02
-1.715585681012261540e-02
-1.470312188501573733e-02
-1.676148077101222156e-02
-1.605619997827740716e-02
-1.608553558173373213e-02
-1.487171494190204536e-02
-1.486549839126667140e-02
-2.470266976837973139e-02
-2.386077991537653015e-02
-9.000826802009876879e-03
1.481478558306471849e-03
-2.874608886612156806e-03
-2.842144178149275287e-03
-8.082475548736164916e-02
-1.040310287200040540e-01
-8.894625376380967119e-02
-4.359050728070401615e-02
-5.144892447719388862e-02
-8.110996819514693090e-02
-5.215909343134428333e-02
-3.012018758261399837e-02
-5.682930615734013008e-02
-6.797588552536450168e-02
-8.627717251675996735e-02
-8.564377444671887607e-02
-5.562041732909918379e-02
-5.086117283623491775e-02
-5.073477891522440442e-02
5.648421661689905383e-04
1.516946081760292206e-02
1.573863119725520121e-02
1.898711067144578241e-02
4.141319320705429130e-02
2.962496619852108756e-02
5.936937665023431059e-03
-1.923819624648884230e-02
7.636844224668700581e-03
2.275594506104142850e-02
1.478209851887476653e-02
-1.695930336113849260e-02
2.396562969851146266e-02
3.081297226682037926e-02
2.698763188407461711e-02
2.703644227887768911e-02
2.702126948806344436e-02
2.700895820584409135e-02
2.702742249502430166e-02
2.707128027515544669e-02
2.699851970812854746e-02
4.439746713715325699e-02
3.255414878122987743e-02
-5.510367922526222123e-02
-6.384916528628380161e-02
-4.030334448984512763e-02
-4.039015601889345275e-02
-4.030873737279289104e-02
-3.324951124123841362e-02
-2.955451934567089600e-02
-5.435600849791741990e-02
-5.787264042202379388e-02
-6.535679842883675150e-02
-6.537397702781870545e-02
-6.537786443534941705e-02
-6.544619048832560348e-02
-6.929683604418851450e-02
-9.501161952469013017e-02
-1.395671140806348243e-01
-1.564046550321228912e-01
-9.518563864277439224e-02
-3.531139497328393551e-02
-2.583254002701826368e-02
-4.538835269099802949e-02
-4.532428724735475256e-02
-4.541342980812895780e-02
-4.544092705495118845e-02
-4.534055731456141519e-02
-3.948561667970738182e-02
-2.381308272542734944e-02
4.710902134948939494e-03
1.862621082208059872e-03
-2.954664241788268475e-02
-2.952165313288986070e-02
-2.960757861329166296e-02
-2.963691262283322039e-02
-2.961341862702075722e-02
-2.964706741648722929e-02
-2.967803899586543212e-02
-3.962165110629253806e-02
-5.252511729814689917e-02
-5.433325601794130461e-02
-4.604767916839727637e-02
-5.960105747922796182e-02
-7.494762391040840632e-02
-9.269938773039863855e-02
-8.483764487843707680e-02
-5.255558982733755935e-02
-3.183170892538159102e-02
1.574233448685014372e-02
1.402730474254573756e-02
-7.751045268300009450e-02
-9.579059291693615974e-02
-5.795616669478957476e-03
7.572846086861506967e-03
-2.961246096114836246e-02
-5.251340836358753261e-02
-5.363220961097352191e-02
-2.772024292561819578e-02
-2.771257688721342691e-02
-3.550098152883295749e-02
-3.147515046135090228e-02
1.224714561125146012e-02
1.614910830933079591e-02
8.120235890865027534e-03
8.135812569470305192e-03
8.134687031500628315e-03
8.136155265195845268e-03
8.139939961169464014e-03
1.744482699414045754e-02
2.176714660772613094e-02
3.074165416900632997e-02
2.609615852664068716e-02
1.744472669805499990e-02
1.744733736331150614e-02
1.744130659901305461e-02
1.743917025010875352e-02
1.742850415874332495e-02
1.672032152517318251e-02
1.555303054296629239e-02
-1.315333630386693840e-02
-1.280170237686384035e-02
-1.046780903657448629e-02
-1.047840276718381598e-02
-1.047542769483897698e-02
-1.047427063819384233e-02
-1.047381067971366042e-02
-9.479114175286906807e-03
-9.386893752799274626e-03
-7.515409634717199611e-03
-8.012318120963595955e-03
-8.197372997564414399e-03
-8.196865693470646586e-03
-8.197204202178646690e-03
-8.197248928937589038e-03
-8.197240526061794555e-03
-8.197240616841940108e-03
-8.197240615590436000e-03
-8.197240612797047216e-03
-8.197240613003125426e-03
-8.197240613003710027e-03
-8.197240613004861884e-03
-8.197240613005848942e-03
-8.197240613003033485e-03
-8.197240613003132365e-03
-8.197240613004275547e-03
-8.197240613005134235e-03
-8.197240613004305038e-03
-8.197240613004887905e-03
-8.197240613003696150e-03
-8.197240613004174933e-03
-8.197240613004192281e-03
-8.197240613004478510e-03
-8.197240612836153087e-03
-8.197240615893736787e-03
-8.197240604631866878e-03
-8.197240557304695183e-03
-8.197247485288322935e-03
-8.197178973799092855e-03
-8.197138111106007721e-03
-8.198088714908718239e-03
-8.048956226958536506e-03
-8.370089436109154693e-03
-1.054838016464666392e-02
-1.035561440166321914e-02
