-8.335520898035120568e-04
-1.002934054727843815e-03
-3.516520293415381811e-03
-3.510550481247316171e-03
-4.345923738693571389e-03
-4.900396007932368743e-03
-4.661810050079308494e-03
-5.108390099686716326e-03
-5.144282691117942410e-03
-5.181296731740793124e-03
-5.337320668112396568e-03
-5.331012962473257767e-03
-5.388533418483255899e-03
-5.429160736029453246e-03
-5.435102290751735871e-03
-5.464495941703225584e-03
-5.473620696728689720e-03
-5.480914402452068991e-03
-5.490795134734952065e-03
-5.491534053977035687e-03
-5.494137296061881240e-03
-5.493799714837729539e-03
-5.488664051210651040e-03
-5.486211194246367641e-03
-5.475152028187585569e-03
-5.462614926962327394e-03
-5.453348085278459864e-03
-5.418439942841201534e-03
-5.402590870248044283e-03
-5.367149144973031721e-03
-5.284331417246160983e-03
-5.285698515163381704e-03
-5.135457486765608245e-03
-5.017374252440879624e-03
-5.037096981172200366e-03
-4.518312627066633017e-03
-4.611946074745749968e-03
-4.495388553144921695e-03
-4.585134515214679338e-03
-4.670751587907769238e-03
-4.787031642342654512e-03
-5.393220557828321514e-03
-5.163463021959226185e-03
-5.929750591576245580e-03
-4.646148476583498478e-03
-5.608210479600148415e-03
-6.575195191889833708e-03
-5.071278664261040514e-03
-6.381851249325840372e-03
-3.997413115810807133e-03
-1.267488055103454993e-03
-1.296362471751395448e-04
9.717718232686188215e-03
1.405114333972721889e-02
1.561850266074719072e-02
2.139894263876868097e-02
2.138864397712138266e-02
2.284984324630014163e-02
2.775347259305463096e-02
2.729602015446105229e-02
3.283830567124204625e-02
3.793557818033305856e-02
4.190367526796481140e-02
5.016626267461050948e-02
4.974056558052681459e-02
5.471232384077891198e-02
5.934452883104090332e-02
6.068230138489796865e-02
6.853998665873661800e-02
7.394810366047113726e-02
7.743906692060642527e-02
9.032375041322239506e-02
9.211266552581938438e-02
9.640845918979457085e-02
9.997836573361962298e-02
9.939295806997064386e-02
9.960807391377346498e-02
9.687888866295607526e-02
9.425397164927654114e-02
8.605023757216423430e-02
7.876516435798383564e-02
7.231441949869291119e-02
5.881489995513140140e-02
5.108801457054227418e-02
4.092700363899025306e-02
2.754783429060516514e-02
2.046446698913871945e-02
1.153280585297015645e-02
4.968457598912096040e-03
3.618434268670558257e-03
-6.484991113320354682e-04
-6.463995026602603958e-04
-6.355279548764759465e-04
-8.318719637492050928e-04
6.185110039716603877e-03
8.158020953943991710e-03
7.883455681494899725e-03
1.013655167793973098e-02
7.279857847987932298e-03
6.082347399000114299e-03
3.623945798885869728e-03
1.314391814397614057e-03
-1.233511911207625482e-03
-3.357239346081248004e-03
-4.174489365925376783e-03
-8.110728266745307474e-03
-1.026014439119006180e-02
-9.484157855242756827e-03
-1.094276130446865739e-02
-1.126517189844036468e-02
-6.904539170137847723e-03
-8.666279705951077800e-03
-7.754385446867814377e-03
-6.961128683694326434e-03
-1.060983471488044678e-02
-9.807811640182323432e-03
-1.105199136307636817e-02
-1.133825461692252595e-02
-1.020056302348602145e-02
-8.722373340224243154e-03
-6.434129629410560366e-03
-5.595892786698060742e-03
-4.520745514225343355e-03
-3.088497619580419032e-03
-2.369718049069322215e-03
2.681903379912429011e-03
4.794093146402971482e-03
5.645169624780758608e-03
5.996957539578009685e-03
6.578973426295588352e-03
6.222857880958580432e-03
6.595355763067509147e-03
6.165255906526877563e-03
6.146387037032790580e-03
6.086936218188182188e-03
5.044265016971308073e-03
5.235806177389158017e-03
3.113348220065559682e-03
1.968605258559999807e-03
1.457081178762814925e-03
-2.475331255966366478e-03
-1.442450761118212795e-03
-3.066115911963063993e-03
-4.371060500570789209e-03
5.251667917614086939e-04
2.162208752542737426e-03
3.757618637808319076e-03
1.274667614686951153e-02
1.247136178896126463e-02
1.795936539663758880e-02
1.961870978937608687e-02
1.924893270487910632e-02
1.944852789177803354e-02
1.522812979362416115e-02
1.383732927215533363e-02
1.078738967901201815e-02
8.350513608068103194e-03
4.739743828155489752e-03
-1.794688173559148186e-03
-8.971761896432152439e-03
-1.158443348236967360e-02
-1.702426129156361934e-02
-2.073411342479043740e-02
-2.291184589754836215e-02
-2.662156463491811842e-02
-2.949486832636168815e-02
-2.942710296278800569e-02
-3.232931332133823915e-02
-3.084113988490408409e-02
-2.915326812244232665e-02
-2.756265355617137924e-02
-2.186356769275307754e-02
-2.117522369525363241e-02
-1.636959834963451835e-02
-1.527242190950450600e-02
-1.690584816130176471e-02
-1.440603338903203266e-02
-1.748975304090312488e-02
-1.647854879542805934e-02
-1.472431529219308914e-02
-1.545481565728261050e-02
-1.075981808878757016e-02
-1.029378926261037379e-02
-8.656644720685766070e-03
-7.365566308097828974e-03
-9.389260100884476087e-03
-1.014503707597463542e-02
-1.287011957067414961e-02
-1.433866572650214881e-02
-1.758854300717467567e-02
-1.821829033356606869e-02
-1.936583940150518601e-02
-1.986244747284288126e-02
-1.954236449412253412e-02
-2.008999332775236041e-02
-1.762490476166057862e-02
-1.721383148580894751e-02
-1.691152139788916139e-02
-1.540475179141969492e-02
-1.592256365694435377e-02
-1.532796161198374425e-02
-1.499663675427254268e-02
-1.615822715317825550e-02
-1.592188250056113946e-02
-1.531390528517120528e-02
-1.569860142967599570e-02
-1.475673859020066106e-02
-1.410515293528613948e-02
-1.403796914660568503e-02
-1.222918912978280398e-02
-1.171365838958256245e-02
-1.068020368727451257e-02
-7.456011854879898010e-03
-6.615404494699439475e-03
-4.571429382716697860e-03
-2.791229839482051254e-03
-2.164539564222264876e-03
-1.739140312152434456e-04
5.385466560315237995e-04
1.136283802527226182e-03
2.088960417317349029e-03
1.674612760051896222e-03
1.052201348255221106e-03
-6.399426325500198569e-04
-1.766053639504478303e-03
-5.913035788700227169e-03
-7.730806979295524670e-03
-7.624394265117095427e-03
-5.411780337172729556e-03
-4.671757880361171456e-03
-3.117827375125062188e-03
3.015747494433485953e-03
3.455133902552917375e-03
5.071905191323514139e-03
6.421208481868240919e-03
4.655378152666690868e-03
5.448618397296367370e-03
2.406057001672666854e-03
3.764222057507320314e-03
4.756701709337765940e-03
6.109116200992649112e-03
9.786329512165304820e-03
1.239325606048566342e-02
1.410915994953322247e-02
1.601999059377762907e-02
1.870451026224772065e-02
1.854229683850008858e-02
1.996810208099276257e-02
2.081129068626020456e-02
2.164681901517493540e-02
2.452221319117513232e-02
2.654335679720347396e-02
2.906913830902577850e-02
3.254979887300170349e-02
3.476826194562884775e-02
3.600420692205569956e-02
3.767851777454671314e-02
3.831858922465542633e-02
3.964189631279782522e-02
4.097019689736464826e-02
4.122835809282224956e-02
4.230730091927445424e-02
4.338253696087245037e-02
4.285098313150660643e-02
4.298377583657383288e-02
4.064498177886112507e-02
3.704939437850657269e-02
3.948071250284661271e-02
3.610786863214877906e-02
3.122727223124893703e-02
2.781285391901499454e-02
2.186275851498274692e-02
1.191647500037721318e-02
6.732781715015323173e-03
-7.729369786889537727e-04
-9.714746716113359382e-03
-1.448527510723227399e-02
-2.460929346401438678e-02
-2.992122692664637290e-02
-3.392905492825821351e-02
-4.110472066389894014e-02
-4.482834828455239257e-02
-4.938221176713987470e-02
-5.685372619017080298e-02
-5.934277963891187307e-02
-6.579423555891253383e-02
-7.003310130830411873e-02
-7.176870024365852863e-02
-7.764868979941963456e-02
-7.918048438456570803e-02
-8.290486294920967891e-02
-8.774194018539482887e-02
-8.826864333861247913e-02
-9.327950192374662164e-02
-9.505491158334242185e-02
-9.360547887348069640e-02
-9.597473636075370962e-02
-9.376623585315616016e-02
-9.063999021013917357e-02
-9.113576578415913398e-02
-8.412934169524000083e-02
-8.087229086599398431e-02
-7.815264597111662437e-02
-6.489451982723747070e-02
-6.218338971130620701e-02
-5.490338251225899274e-02
-4.699351976966305300e-02
-4.551443006273414582e-02
-3.750878901094238660e-02
-3.177509592791849524e-02
-2.832443053838975405e-02
-2.210639664554057970e-02
-1.866357616891060542e-02
-1.524446142499353424e-02
-1.291388611558550413e-02
-1.094871669522598685e-02
-9.880373825648063393e-03
-8.858863914380434024e-03
-8.076170128389469766e-03
-7.529118120337002090e-03
-6.146416923909185301e-03
-5.617625749267836366e-03
-5.414244465536053631e-03
-4.050312636833317340e-03
-3.959967700135749724e-03
-4.008591362461726149e-03
-1.988283581913488293e-04
1.078721956087189387e-03
2.585150805742049071e-03
7.084036012507096206e-03
7.645833285137809514e-03
5.423898859633561297e-03
6.849177543621387185e-03
5.509140736429938776e-03
1.289240465605794679e-03
6.519345672405497342e-04
-1.508027737704602592e-05
-1.711236283131292810e-03
-2.242294161991121183e-03
-2.163970006148115306e-03
-3.617226816142618193e-03
-3.435146525291994830e-03
-1.674874515422775448e-03
-1.349578032881681468e-03
-5.038325625406637467e-04
2.850030133030269017e-04
7.177054248753452067e-04
1.150203694546656549e-03
2.028553000226371653e-03
2.197656499961185821e-03
2.462570925209268870e-03
2.430640309412763177e-03
2.065397850856631745e-03
2.082737693657691919e-03
1.872302263542538654e-03
1.727010071317190611e-03
1.481837722388363709e-03
1.313799076525723735e-03
9.978481229406409216e-04
4.203255936373882545e-04
3.792863098000849456e-04
-7.383959657015471377e-04
-7.814703385142345851e-04
-8.692414186974628575e-04
-1.219231628531192027e-03
-1.316193750815325501e-03
-1.490127340825387172e-03
-1.618645467888335868e-03
-1.676722683384373244e-03
-1.759601682304559600e-03
-1.802965119015263696e-03
-1.836872085684691791e-03
-1.869869412166560345e-03
-1.887058840346790469e-03
-1.903739056711194980e-03
-1.915437574714943473e-03
-1.922591790558033720e-03
-1.928705991506589248e-03
-1.931096767839459750e-03
-1.932895926176170492e-03
-1.931404487361857315e-03
-1.928099617035594453e-03
-1.925287498563556243e-03
-1.913136343004580428e-03
-1.906194808507189744e-03
-1.892128089355339399e-03
-1.860179349518473408e-03
-1.855356584723289381e-03
-1.797538167384711560e-03
-1.745575741571136607e-03
-1.740399738899207341e-03
-1.542423971813553906e-03
-1.546107731563448832e-03
-1.414867404693165472e-03
-9.181136678493833497e-04
-1.119319040728920149e-03
