-3.228949926726002589e-02
-2.938771891809184925e-02
4.779085590589760707e-02
6.230219275388901301e-02
4.067291423173950010e-02
2.713458550333844310e-02
1.993531529677243161e-02
1.993531529677868355e-02
1.993531529677988398e-02
1.993531529677726802e-02
1.993531529677366673e-02
1.993531529677751782e-02
1.993531529677517941e-02
1.993531529677899580e-02
1.993531529677388878e-02
1.993531529677633474e-02
1.993531529677731659e-02
1.993531529677607800e-02
1.993531529677476655e-02
1.993531529677644229e-02
1.993531529677478736e-02
1.993531529677443001e-02
1.993531529677410735e-02
1.993531529677744149e-02
1.993531529677654984e-02
1.993531529677792027e-02
1.993531529677888478e-02
1.993531529677828457e-02
1.993531529677234834e-02
1.993531529677800007e-02
1.993531529677542574e-02
1.993531529677210895e-02
1.993531529677299019e-02
2.013360060127386553e-02
2.072363999556656872e-02
2.699519109162549363e-02
2.689604843937908399e-02
2.571596965077772856e-02
2.571596965077983452e-02
2.842406554198678020e-02
3.091411984733189594e-02
2.380149267241135624e-02
2.244744472680446426e-02
1.746733611611100273e-02
-3.093584648906060313e-03
-5.865753609075915163e-03
-1.228442690709637651e-02
-2.003966524592068390e-03
3.801420487378705335e-03
1.186451115639225451e-02
4.683677406181661895e-02
9.244628566753014531e-02
7.749430740640049498e-02
-6.664160847094616376e-03
-4.308258685398870524e-02
-5.188967302789974922e-02
-1.696638414641939985e-01
-1.628896374986324724e-01
-1.499722774583808205e-01
-9.676440261689064903e-02
-5.794253372484109432e-02
-4.176419629274315953e-02
-6.836813371349016732e-02
-8.742505591235862072e-02
-1.363922489512199576e-01
-2.490216557204487091e-01
-3.731394867479960187e-01
-2.772307719171507312e-01
-1.857905020328734225e-01
-1.383782904154120252e-01
-1.343269479216719908e-01
-1.343269479216731010e-01
-1.343269479216660789e-01
-1.515855467174317683e-01
-1.897844497227494931e-01
-2.058787156422467457e-01
-2.600732471305882698e-01
-1.625343161059836783e-01
-8.146574282627951080e-02
-3.799794361186362851e-02
-5.939598772383430925e-02
-7.522846570011405831e-02
-8.987471520471365660e-02
-8.918503059468850525e-02
-6.965631544185993396e-02
-5.549792951391025603e-02
-3.225239037166808403e-02
7.333099429638700872e-02
6.625180133241620473e-02
1.976072304792694800e-02
4.614027519101362995e-02
6.481584564968041751e-02
1.032598983501253898e-01
7.985941610407314151e-02
-1.081755452099431025e-01
-1.443681194695258241e-01
-9.242734686508149999e-02
-7.196235568015173223e-02
-3.640883289035824755e-02
-3.385350107196136160e-02
-2.251609128163520671e-02
-4.773987541401958357e-02
-7.815763057207432418e-02
-9.195696541166262228e-02
-9.919169024848931149e-02
-1.499527793362232485e-02
-2.318044943958373974e-02
-1.256169857521886313e-01
-1.914266642906514715e-01
-2.245220152406748881e-01
-1.930347114827865584e-01
-8.183202523952025353e-02
4.048985944823981636e-02
5.689176514540219415e-02
-9.792910421251756203e-02
-1.461417324894598857e-01
-1.384025443249488896e-01
-1.822584626266334218e-01
-1.913310376572987803e-01
-1.481078128604822464e-01
-1.416488708290835896e-01
-1.076393467099770601e-01
-7.380181387121331760e-02
-6.606730531148852226e-02
-4.618048933014714391e-02
-4.947343280650648434e-02
-9.515862158239281332e-02
-2.006873797095594936e-01
-2.457619817454639588e-01
-2.138240716435231281e-01
-1.119102363964027819e-01
-1.002510306607163199e-01
-9.272927919235646188e-02
-1.000384917733796453e-01
-1.935510172266126025e-02
-2.161017553204959765e-02
-7.681886544362043212e-02
-7.681886544362125091e-02
-7.681886544362308278e-02
1.327715060619029906e-02
-1.548811605430821213e-02
-1.133098431149266033e-01
-1.583578511398352484e-01
-1.515381541851446023e-01
-1.614155042297971965e-01
-1.510490250867871642e-01
-1.256936069036339032e-01
-1.364609539618457656e-01
-1.359471953411408862e-01
-4.862173350260433347e-02
-3.336070992884519054e-02
-3.438822717025222242e-02
-1.311755209836481736e-02
-1.445231493167313357e-03
-7.379410246428013721e-03
-1.801474778237119670e-02
-4.135938899276842690e-02
-4.135938899276499908e-02
-5.285521188824470612e-02
-5.377105004259296467e-02
7.281645405340716505e-03
1.302955685307947281e-02
1.486123316177302527e-02
1.486123316177401926e-02
1.486123316177392732e-02
1.486123316177355262e-02
2.580424820823322418e-02
5.610856868315312190e-02
1.025009603753255644e-01
6.834355177093742739e-02
-8.592877059095514747e-02
-8.954752723093692413e-02
-5.561066482652116116e-02
-5.267751729528184768e-02
-2.310803420723890785e-03
2.565526357389217443e-02
4.314485137916024282e-02
4.253539144392198823e-02
7.040035530911664674e-02
-5.081419138497735195e-03
-1.355886550056766837e-01
-1.641893523600577443e-01
-5.444383124871140373e-02
-2.905794389534299346e-02
3.703579989390596433e-02
7.222921229836841428e-02
5.311166045751856274e-02
3.067085470575805009e-02
-3.971597010315838089e-02
-3.971597010315838089e-02
-3.971597010315724985e-02
-6.719367125161385124e-02
-1.167219422702525378e-01
-2.136356646936846126e-01
-1.998968141194582826e-01
-1.769121723278248015e-01
-1.401303934440694121e-01
2.950748935950764373e-02
6.754343948233983153e-02
-6.020118285185752267e-03
-6.020118285187706433e-03
-6.020118285186830398e-03
-6.020118285188342210e-03
-6.020118285192504679e-03
-6.020118285187271018e-03
-6.020118285184714035e-03
1.179866214863401069e-01
1.663918147418726734e-01
1.152064320088057453e-01
5.320306212303786003e-02
-4.360732438802288058e-02
-4.360732438801808580e-02
-4.154519562402191057e-02
-1.271454347897561787e-01
-2.821187131877239684e-01
-2.831497775697259245e-01
-1.119492992382678381e-01
-1.119492992382636332e-01
-1.861959026109507309e-01
-1.623807184184866137e-01
-5.187862642429245941e-02
-1.475532473795023412e-02
-4.306250139371191332e-02
-4.429192871193750325e-02
-9.568557127216189076e-03
-1.923015299179244367e-02
-4.569344603815281985e-02
-3.229901705699130682e-02
1.462947561587010781e-02
9.630700484541854234e-02
5.889215281118308221e-02
-9.427835975593815143e-02
-1.313192990443021457e-01
-5.889929776485015520e-03
2.479162283349857152e-02
3.165704602208589680e-02
5.532261633193590045e-02
8.683735794508792849e-02
7.846569943275435999e-02
6.663291427782656873e-02
7.876344907582662203e-02
4.926540734006702726e-02
-1.401999328038581738e-01
-1.855709203449481259e-01
-1.487585404100240927e-01
-1.604678099834583593e-01
-1.587687233429634914e-01
-2.457179102391710279e-01
-2.492605014649340867e-01
-8.354409858476496975e-02
1.454095840882829449e-01
2.272680032030614250e-01
9.318361329074628663e-02
7.201779046223125320e-03
-8.602113880508875654e-02
-6.962381101761699886e-02
-7.070450853574981875e-02
-5.798184836653614421e-02
-4.571360417341468335e-02
-7.151694408161356209e-02
-7.925607015530437838e-02
-7.450719635731919976e-02
-7.780087968778916230e-02
-4.322533410153997502e-02
-9.605403788517340169e-03
-3.382178221244286354e-02
-6.905174381048492793e-02
-3.879352300041104956e-02
-1.522515484898275331e-02
-1.187047913276370881e-01
-1.914266642906551630e-01
-2.245220152406725844e-01
-1.930347114827906663e-01
-8.183202523952147478e-02
-2.343407974545136385e-02
-2.248711927967560545e-02
-1.305281123058200654e-01
-1.467787709859195433e-01
-9.961554293619455380e-02
-9.043570224740282715e-02
-4.848638944615696333e-02
-5.274346415737492938e-02
-7.110314553494564982e-02
-7.110314553494481715e-02
-6.390829754103784233e-02
-5.422401950504540658e-02
-3.660272049568943226e-02
-4.020014449264842915e-02
-5.956870056463522967e-02
-7.223826117233110577e-02
-7.507163615263594270e-02
-5.755555220437962027e-02
-3.610080675936677697e-02
5.940690897227189453e-03
5.157820574689851723e-02
4.108532764777616912e-03
-1.704202382693420781e-01
-2.110306462674378103e-01
-1.802685923681560110e-01
7.736600527382490704e-03
2.821537527831665185e-02
-5.658414808948290797e-02
-5.658414808948539210e-02
-5.658414808948655783e-02
-5.658414808948841052e-02
3.613733191261884331e-02
-3.005737907588439811e-02
-2.545296667184736572e-01
-2.961701461823335602e-01
-1.445283611920465117e-01
-9.943700289982664031e-02
-5.454473779521568783e-02
-4.302149604393815108e-02
-5.524228785826673649e-02
-2.310992313669464962e-02
-6.210739997490568286e-03
8.505159646429961626e-03
-7.561022714355130313e-03
-4.135938899276414560e-02
-4.135938899276515174e-02
-5.285521188824776617e-02
-5.377105004259254140e-02
7.281645405340359152e-03
1.302955685308301859e-02
1.486123316177260720e-02
1.486123316177173463e-02
1.486123316177173637e-02
1.486123316177301486e-02
2.580424820823485135e-02
5.610856868315423213e-02
1.025009603753243848e-01
6.834355177093977274e-02
-8.592877059095471726e-02
-8.954752723093627187e-02
-5.561066482652137627e-02
-5.267751729528157706e-02
-2.310803420722937554e-03
9.406666458223833169e-03
3.801420487376776323e-03
1.186451115639014509e-02
4.683677406181799285e-02
1.057998915358477621e-01
9.233627735378162338e-02
-9.468394700657295840e-03
-6.582291509358831338e-02
-7.377586116997694732e-02
-7.389946796062334122e-02
-6.049561826911951934e-02
-4.405477036241155220e-02
-3.988220986160694037e-02
-8.127145222469735197e-02
-7.372516104311041540e-02
-9.403985711886629628e-02
-1.844021661483045693e-01
-2.334943257262538097e-01
-2.142677338987467317e-01
-1.383262267772688014e-01
-1.385084865389442366e-01
-8.984250042942311387e-02
1.117578399236922315e-02
2.189759084637894412e-02
3.613733191261573469e-02
-3.005737907588731939e-02
-1.765677419483647759e-01
-3.142127155210474587e-01
-1.862911910713589692e-01
-1.677809186862926627e-01
-5.884843136048147766e-02
6.024819727285922466e-02
1.835506885971223690e-01
2.775324632776270811e-02
-7.008878855614862624e-02
-1.253689209317942477e-01
-1.024969681312890846e-01
-1.222679605017140542e-01
-1.435746211976852704e-01
-9.923777697978548862e-02
2.417449060253734194e-03
-9.107622139402424613e-03
-7.353863678190966646e-02
-1.002355561456153149e-01
-9.826597311292172010e-02
-5.946519954825052467e-02
-1.277641147888510832e-02
8.351834571293603390e-03
-6.253072399850128846e-03
-7.316747113161706749e-03
-1.648793661736248570e-02
-1.882246134586548422e-02
-1.882246134586576525e-02
-1.882246134586522054e-02
-1.882246134586454747e-02
-1.843816799170045623e-02
-1.606006751792709783e-02
-1.964346084453254607e-02
-3.126713024050601503e-02
-3.136792241404476322e-02
-3.321098583847633540e-02
-3.325987024075378190e-02
-1.430463636060317484e-02
3.799575958639588025e-02
9.397293209794171931e-02
3.867133757539294170e-02
-9.418818436588287379e-02
-1.277999461132175718e-01
-8.002814791847177867e-02
-1.798964539078050720e-02
4.765541527264155475e-02
1.883646443924945624e-01
6.792641974341659394e-02
-1.351737592374608055e-01
-2.750160850257483691e-01
-1.938930138063365838e-01
-1.504853530314132493e-01
-1.040281194630370692e-01
-1.711244891125747181e-01
-2.602224265800464065e-01
-2.953442252327218576e-01
-3.418925621808951432e-01
-2.201803019747261836e-01
7.813317186807909598e-02
3.222597405407407467e-01
8.154957039761412396e-02
-1.719788826523773601e-02
-9.581090851140837417e-02
-3.527801802883372834e-02
-3.527801802883549775e-02
-3.688626598229748782e-02
-4.541507419948163926e-02
-4.596835326730393245e-02
-4.516422929057301028e-02
-2.810661285620704580e-02
-3.171918320834054422e-02
-5.050756129110259979e-02
-7.343920801297408596e-02
-1.045322537088222009e-01
-4.913136587924998855e-02
3.975202029801772063e-02
5.329179969766201924e-02
-3.316078930646588346e-02
4.691130905188761746e-02
8.288406499186518062e-02
1.969746014464756126e-02
1.969746014464659328e-02
1.243816038443124744e-01
1.390244898624204140e-01
-8.149975612871823705e-02
-1.338418279785517639e-01
-2.589222117443518156e-01
-2.976204128117638792e-01
-2.147181713071708853e-01
-2.010696888330816279e-01
-1.148410200672524001e-01
-1.150866305188561096e-02
5.615748643464627335e-03
-1.204878461854047220e-02
-1.204878461853810950e-02
-1.204878461853791348e-02
1.355142331441272496e-02
1.886795644297038430e-02
3.636702840961304403e-03
-9.163401125513802314e-03
-1.979646738263105346e-02
-1.979646738262985997e-02
-1.979646738263058162e-02
-1.979646738263108469e-02
-2.058470430451542210e-02
-2.338881432224966875e-02
-4.268653929792384782e-02
-4.229242083698264015e-02
-3.668420080151089252e-02
-3.668420080151033741e-02
-3.668420080151003210e-02
-3.668420080151003210e-02
-3.668420080150924800e-02
-3.668420080151046231e-02
-3.668420080151080231e-02
-3.668420080151001128e-02
-4.419576617581134903e-02
-4.272855420329626369e-02
-4.556976988206379916e-04
9.294547585209303117e-03
7.348239383463977051e-03
2.161465350396366350e-02
1.861742220552506030e-02
1.664119071894729074e-02
1.664119071894891444e-02
1.664119071894968813e-02
1.664119071894626378e-02
1.664119071894731502e-02
1.664119071894792912e-02
1.664119071894816504e-02
1.664119071894766544e-02
1.664119071894792912e-02
1.664119071894686053e-02
1.664119071894823096e-02
1.664119071894776258e-02
1.664119071894766197e-02
1.664119071894807483e-02
1.664119071894592031e-02
1.664119071894928567e-02
1.664119071894894220e-02
1.664119071894823096e-02
1.664119071894648236e-02
1.664119071894595500e-02
1.664119071894706176e-02
1.664119071894868893e-02
1.664119071894857443e-02
1.664119071894714502e-02
1.690519915561122452e-02
1.721682048237017579e-02
1.221886332197147026e-02
1.167824107618696539e-02
