-4.902993955130509340e-02
-5.042331291926013814e-02
-8.523012698429169309e-02
-8.903755773940792706e-02
-8.772916718311528361e-02
-9.348338238322970173e-02
-8.981409138241025492e-02
-9.104187132284029260e-02
-9.153188013306073900e-02
-9.069126256132831188e-02
-9.130060302679358919e-02
-9.113146950403580582e-02
-9.106715603201431808e-02
-9.120988039220349897e-02
-9.112072235158140410e-02
-9.115142832524930627e-02
-9.116349255875100255e-02
-9.114194595849134384e-02
-9.115566058748099387e-02
-9.114595238985020997e-02
-9.114318258442702381e-02
-9.113707483212628302e-02
-9.112015917292801137e-02
-9.112125061291512229e-02
-9.107552611531380404e-02
-9.105879222217497238e-02
-9.104138119897600689e-02
-9.087777224941095966e-02
-9.093876562461779278e-02
-9.071226235905995028e-02
-9.034661851848689584e-02
-9.070584195702363628e-02
-8.934380711307869649e-02
-8.936425288283417201e-02
-8.964466089240138991e-02
-8.400818665877082814e-02
-8.461371093077420247e-02
-8.126634785601810629e-02
-8.156257269455875758e-02
-8.171306092724028858e-02
-8.019092308665995428e-02
-8.668229664814089408e-02
-8.522745381013760446e-02
-8.520183971952238755e-02
-8.436544583190611069e-02
-8.055706352912822554e-02
-7.716721264812789749e-02
-6.538605704028320476e-02
-4.633682642529409618e-02
-3.644944938867181183e-02
1.547151014341998504e-02
4.433885743813376079e-02
5.112102563127037674e-02
8.584246601273634592e-02
8.053940660944766683e-02
7.097853604559656304e-02
8.529770167136291326e-02
5.938611481891069299e-02
6.488020111511158539e-02
6.187205488141597765e-02
-1.479090082884261526e-02
-1.993159483891775857e-02
-4.378933281633315411e-02
-7.147912748818446849e-02
-8.649172645118793912e-02
-1.312671871028504855e-01
-1.442652467214103618e-01
-1.567965095173278756e-01
-1.801923329763750470e-01
-1.794072729979869774e-01
-1.935513209731978268e-01
-2.011071211920520962e-01
-2.007287672012083579e-01
-2.122814267129712884e-01
-2.118717916573787385e-01
-2.147325959409451257e-01
-2.214112425212219903e-01
-2.175435988206571580e-01
-2.210183644638802347e-01
-2.191203889776323355e-01
-2.190903382069263605e-01
-2.224449568625959384e-01
-2.190679748830357820e-01
-2.221444489691786206e-01
-2.220319357718354425e-01
-2.175258840476893551e-01
-2.196838864167791339e-01
-1.959941676260918419e-01
-1.856126024821643794e-01
-1.664726895199798995e-01
-1.597578680745376234e-01
-1.592151616803592629e-01
-1.333636170550976385e-01
-1.248268303635468590e-01
-1.184853419653689593e-01
-7.754681712256158987e-02
-8.039242099197524416e-02
-6.144080934670188843e-02
-5.334105723851244318e-02
-5.207271437325090846e-02
-1.688180666338635894e-02
-1.190381375791935321e-02
-5.436978913801127945e-03
2.995463900083863637e-03
1.462997775159326761e-04
8.066645092954936175e-03
-4.547818004458401009e-03
6.593496786633578494e-03
1.517448693217740910e-02
1.646643281583869654e-03
3.407102610680816379e-02
1.856389975718386251e-03
-7.208482407445923612e-02
-9.527775963772905365e-02
-1.162691204017185925e-01
-1.442533839783710636e-01
-1.350513301525614052e-01
-1.449011047489049686e-01
-1.374145976758874843e-01
-1.215501080148449486e-01
-1.177019673502946867e-01
-9.200800576212431192e-02
-7.973187330654474270e-02
-6.921533983345257157e-02
-5.571184168947546783e-02
-6.522327547954211158e-02
-5.898104559425444704e-02
-7.000194988685427833e-02
-7.180163282640369959e-02
-6.324631078088871483e-02
-6.929921579145796595e-02
-6.019885924844421698e-02
-5.997114196679358133e-02
-5.905260456381616202e-02
-2.918493744087960473e-02
-2.228287704136713843e-02
-2.098932959176875307e-02
1.263184284428289436e-02
-5.355742305892747038e-03
2.736234152791215332e-02
2.160656218740868162e-02
-3.435368690506590550e-02
-4.760912659095781901e-02
-1.032796591634423111e-01
-1.203436227541108405e-01
-1.557656434099756182e-01
-1.556508199275359883e-01
-1.548966295171770313e-01
-1.561296936303511185e-01
-1.373339490328173429e-01
-1.335670618094833562e-01
-1.307007986894972440e-01
-1.191830761823397533e-01
-1.214441072242921360e-01
-1.150533163307561613e-01
-1.114413116129612802e-01
-1.130542979503212364e-01
-1.071410435753618329e-01
-1.086214254668060319e-01
-1.080079822571568537e-01
-1.051626639553844417e-01
-1.090797534645267797e-01
-1.072537590055176598e-01
-1.095396034097237126e-01
-1.154054686069199143e-01
-1.171336596397120067e-01
-1.192541873261815794e-01
-1.220783753627731338e-01
-1.225181747537829047e-01
-1.227959531075552002e-01
-1.243435858674887540e-01
-1.222389551155270981e-01
-1.210157638726205021e-01
-1.202852787006635782e-01
-1.117115346899616446e-01
-1.064202562149531017e-01
-1.029081631718005707e-01
-9.234675225566883749e-02
-9.150478283356272557e-02
-8.862173150206847927e-02
-8.174914672094490964e-02
-1.125786779982998753e-01
-1.064705621200298380e-01
-8.323401354222079163e-02
-7.047268640569301357e-02
-1.169906687262678782e-02
2.824427216145460398e-02
1.786095031128730540e-02
3.911908162944419121e-02
7.498547492614239703e-03
-1.533792071305922419e-02
-2.069692392448539003e-02
-5.003290778119385412e-02
-4.550102780312819534e-02
-5.281352247526511362e-02
-6.131539641972288956e-02
-6.297637034680149404e-02
-6.621371213911791953e-02
-7.619274528405767244e-02
-7.746974117398006121e-02
-7.450086428036742370e-02
-7.424707828200961812e-02
-6.965141827066659297e-02
-7.151650859718849951e-02
-7.761326278186936323e-02
-7.655011936626487934e-02
-7.861455144445055054e-02
-8.005663808785809521e-02
-8.037342667600400059e-02
-8.246814311601773084e-02
-8.273236450533448527e-02
-8.503047047412209958e-02
-8.492175562979194237e-02
-8.524236376742252985e-02
-8.555990391004485163e-02
-8.488995010983149681e-02
-8.648216123120430754e-02
-8.399250559601532939e-02
-8.535749570293402200e-02
-8.679454359141161590e-02
-7.889132476182586506e-02
-9.051465073415126961e-02
-8.247801096490245398e-02
-8.661106052478352579e-02
-1.134654940703417325e-01
-1.196828231917801133e-01
-1.312483202246502167e-01
-1.481055178308948728e-01
-1.567135422345712903e-01
-1.771336892625366977e-01
-1.968384200750333823e-01
-2.185618357368347420e-01
-2.611641872929319486e-01
-3.297078586813365630e-01
-3.410550140859163193e-01
-3.740128126615471782e-01
-3.810606097919703172e-01
-3.798950857945739279e-01
-3.959892725113365319e-01
-3.805797843363841748e-01
-3.780674188906810729e-01
-3.446530221033253794e-01
-2.972346271271830709e-01
-2.175485330226561154e-01
-1.552915479695864964e-01
-7.682180113574503533e-02
-3.927822319775173959e-02
-7.019012169075088819e-03
-4.608558035264918168e-03
-2.417147354270174006e-02
-4.761607232967967479e-02
-8.752504052269489965e-02
-1.198308900813141453e-01
-1.384717758056929482e-01
-1.569294090939738484e-01
-1.583960981814236391e-01
-1.518551154530805025e-01
-1.538597068194940964e-01
-1.362534480474685283e-01
-1.064315963771959167e-01
-9.247906338377391566e-02
-7.924374277948073586e-02
-6.188476233368067625e-02
-5.643817090924720808e-02
-3.895747872949130441e-02
-3.474343534264388855e-02
-2.697504654301517701e-02
-2.290906290255148928e-02
-1.760778776044561247e-02
-1.132833164986730111e-02
-8.785984633449046843e-03
-2.367553391267496372e-03
1.727784821541157589e-03
4.632626103701954073e-03
1.232672265412413509e-02
1.373955906576602298e-02
1.966632370255138457e-02
2.590578218228555690e-02
9.944677911735559303e-03
1.411868875739874865e-02
-8.852305168216320196e-04
-2.233085837310843161e-02
-3.117138019302076457e-02
-4.915039288274711260e-02
-5.936556257308251566e-02
-6.525047333700630114e-02
-7.427261892781043817e-02
-6.780744903028840254e-02
-7.310581736841224865e-02
-7.450728564721137426e-02
-6.823585625410924504e-02
-7.221241416518961453e-02
-4.605641623721697109e-02
-3.862468366681527654e-02
-3.259645073518646630e-02
7.328333322737003164e-03
1.922504612953632522e-03
-8.205389965390084278e-03
-1.103239598234658468e-02
-4.080466647571191763e-02
-4.470691873922068293e-02
-5.447977554643182452e-02
-3.628948232570954058e-02
-3.433447739944854582e-02
-1.007491367442405784e-02
6.773152032653234622e-02
7.718120331738309581e-02
7.804968925778396627e-02
7.419630941926552703e-02
4.397931796374632274e-02
4.061563965464469461e-02
-2.216622794645915079e-02
-3.858413599622681489e-02
-4.945022953608484151e-02
-7.158744424603032119e-02
-8.450098812814149651e-02
-9.809602503113071248e-02
-1.054581568110717071e-01
-1.194095830168658556e-01
-9.094114052375346091e-02
-6.379261720857253015e-02
-4.000153417505818848e-02
-1.882567178561533189e-02
-7.272881221421691883e-03
1.255928085287623050e-02
1.784345042545852633e-02
1.319267878085905038e-02
1.532075396965835307e-02
-5.270497536289976692e-03
-2.115407607443703722e-02
-1.453731889410920207e-02
-4.943220672901610380e-02
-8.253636716323904665e-02
-1.046456466665264817e-01
-2.133494437703333246e-01
-2.256006612049850091e-01
-2.145387443213145340e-01
-2.336792981079890141e-01
-2.195207715236629498e-01
-2.171495782984143308e-01
-2.237827115055179839e-01
-2.035852483955680747e-01
-2.066331846593752464e-01
-1.942244552887589792e-01
-1.514749268896282142e-01
-1.321497481493268400e-01
-1.033915177472295999e-01
-3.847734683300081671e-02
1.351080601050012354e-02
-3.724852402369766002e-02
-4.973084366605200896e-02
-6.413903337173483543e-02
-7.295034806687644702e-02
-8.303145128016579946e-02
-8.675678355869889669e-02
-9.032508931655439111e-02
-8.675226811626141066e-02
-8.191382528005922148e-02
-7.829895119271515491e-02
-8.246373484949343080e-02
-7.693255472491836167e-02
-6.744188807347285819e-02
-6.868294799181660915e-02
-5.841876848727407812e-02
-5.493506863680439056e-02
-5.202082672803276520e-02
-4.420611834117585404e-02
-4.375874573213972551e-02
-4.060535990114648441e-02
-3.851592718462819309e-02
-3.781203035945610025e-02
-4.009510112118896963e-02
-3.991357218444174099e-02
-2.658578498668862089e-02
-2.274733443923219328e-02
-1.210654617726938595e-02
-9.834996783342790302e-04
1.814266028648224560e-03
1.358706804935234068e-02
1.762217957092312298e-02
-1.777685828887004896e-02
-1.690844825044829358e-02
-1.765935299760265642e-02
-2.532668261638110901e-02
-1.248186187817027989e-02
-1.335767710439942496e-02
-5.197403953490475556e-03
6.870514641676374670e-03
-4.093136389888099060e-03
7.824397692717095787e-03
7.934608754302800021e-03
1.123816775091814740e-02
1.690129202000908298e-02
2.516581865724271810e-02
1.253392823317283841e-02
3.995397668634118743e-02
2.672165105060590393e-02
-6.681262106271512735e-02
-8.402208871590523265e-02
-1.114653207397829776e-01
-1.402605511770123048e-01
-1.283866796255282994e-01
-1.353091628615918085e-01
-1.289940556391229731e-01
-1.085465985895968377e-01
-9.967523973911918134e-02
-7.619618146013817928e-02
-6.492943788335878152e-02
-5.701589106240405325e-02
-5.868085775524529979e-02
-5.693453062032981238e-02
-5.610847285563327902e-02
-6.030460335286409040e-02
-4.777028999745671495e-02
-4.096049554530354492e-02
-2.220692150785898503e-02
-2.536815340031384203e-02
-2.646010797746103232e-02
-3.505639675160895918e-02
-5.593544875874216504e-02
-7.791762165528304251e-02
-9.297388415563415109e-02
-9.892761847781836315e-02
-9.893274664486982617e-02
-9.733351101609796774e-02
-8.228016759582988671e-02
-6.197908453724963046e-02
-4.977846684728569338e-02
-4.915042876434704000e-02
-4.220233587628308830e-02
-4.466429561305620966e-02
-4.598899990347889155e-02
-5.051408504953928957e-02
-5.580396205457225506e-02
-6.450048476916686591e-02
-7.647338487908325599e-02
-8.399794323251356942e-02
-1.039928269391283827e-01
-1.100038231194191418e-01
-1.193201419413528613e-01
-1.314803605136325992e-01
-1.321642284249534560e-01
-1.431430868100667664e-01
-1.451989675883899600e-01
-1.450235202997509076e-01
-1.494134251637482258e-01
-1.378116688655331989e-01
-1.375291249114253544e-01
-1.302950817325203015e-01
-1.201142159837408768e-01
-1.173889102014527841e-01
-1.037765292759285085e-01
-9.659975996174929858e-02
-8.646726554102719675e-02
-8.683343301987643537e-02
-8.958540402268408420e-02
-9.014643092654106571e-02
-9.134638739409228769e-02
-9.226358483692115309e-02
-9.164348717536696665e-02
-9.286024446071797223e-02
-9.073410600129409864e-02
-9.049327901783452144e-02
-8.876637134997736323e-02
-8.346119893220549368e-02
-8.103274991265906058e-02
-7.576996903284669016e-02
-7.178384258759618053e-02
-6.847477941990701145e-02
-6.396224886763939022e-02
-6.101000139259145361e-02
-5.724435764507305319e-02
-5.391659530682673535e-02
-5.072569782178343312e-02
-4.760251231200220146e-02
-4.548685016795122465e-02
-4.393824856684434843e-02
-4.184755908689918175e-02
-3.965990369090902079e-02
-3.709514258278449883e-02
-3.159699319787685756e-02
-4.117562757021390324e-02
-2.699257011433176673e-02
-1.628435181887977895e-02
-1.753989427120133601e-02
5.339797961632580109e-02
5.937448076415702963e-02
1.697813679972156806e-02
1.074503102493253384e-02
-1.756820277693409843e-02
-5.784347233447144354e-02
-6.715631821345539876e-02
-7.719325865876200399e-02
-9.716928466107264961e-02
-1.104628144687599400e-01
-1.170127995079536243e-01
-1.547158962674710370e-01
-1.561241193411018746e-01
-1.639085888102903565e-01
-1.742665863158068817e-01
-1.755189007517784783e-01
-1.821541564036082417e-01
-1.841198551432101926e-01
-1.906809982195668551e-01
-1.928713355396059204e-01
-1.932296378596907449e-01
-1.913292123692656166e-01
-1.847032393171378073e-01
-1.831603753508951604e-01
-1.762688580817069472e-01
-1.746225545256849532e-01
-1.647120504089223392e-01
-1.544913974022382730e-01
-1.534589508179137196e-01
-1.155044558971274476e-01
-1.148552446388107495e-01
-1.078016375361660617e-01
-9.767361264696267087e-02
-9.803542082001287516e-02
-9.280663866219705793e-02
-9.137933531743136495e-02
-8.951016343923118290e-02
-8.785300291711511944e-02
-8.919236562719191908e-02
-8.909740382652577007e-02
-8.936852413977620924e-02
-8.972039119198896295e-02
-8.969138934141983321e-02
-8.985205438434720748e-02
-8.991198466545893830e-02
-8.992774760762453634e-02
-8.998277525788667131e-02
-8.999188456201237529e-02
-9.000651477563872960e-02
-9.002090723810149409e-02
-9.002296739194087793e-02
-9.002967102173044245e-02
-9.003199988575003032e-02
-9.003093801259037798e-02
-9.003445175288678215e-02
-9.002861182059390677e-02
-9.002577541837683550e-02
-9.002892709989361586e-02
-9.000061370879432199e-02
-9.001246114016575595e-02
-8.999200629582466970e-02
-8.991427383415402652e-02
-9.000325562235700350e-02
-8.980300998265887402e-02
-8.974717817854545310e-02
-8.996821714968661343e-02
-8.903392096005263712e-02
-8.973720077218522162e-02
-8.930375389947292630e-02
-8.679844243188601649e-02
-9.099908035712334087e-02
-8.419429993462242134e-02
-8.273318650577134170e-02
-8.706845694677407821e-02
