-1.583746562002012878e-03
-1.860714768613039392e-03
-4.637793111844383878e-03
-4.515968087979069755e-03
-6.311136589665283791e-03
-7.025854531019965626e-03
-7.338645433865136070e-03
-8.099363705707176772e-03
-8.293540958844136321e-03
-8.580925877331670518e-03
-8.844605961090448720e-03
-8.943892167293326922e-03
-9.098632561593659324e-03
-9.188187872658935135e-03
-9.248624634193571351e-03
-9.314511688358026106e-03
-9.348499355077557332e-03
-9.379041008043221758e-03
-9.402122329946775367e-03
-9.414386748248099179e-03
-9.422588295932947389e-03
-9.425365287896406152e-03
-9.422569135073277646e-03
-9.410977099513353344e-03
-9.400765952048084628e-03
-9.374636406948506570e-03
-9.339794866020899311e-03
-9.313236621618675715e-03
-9.230885428924272273e-03
-9.175892446264984764e-03
-9.094619193818171549e-03
-8.888552876691649049e-03
-8.851848335079178648e-03
-8.533317453031517147e-03
-8.175847160442298311e-03
-8.193115798550429721e-03
-7.073868472711687151e-03
-7.080650017124149286e-03
-6.819611439170898161e-03
-6.498485254667285549e-03
-6.520252956967420056e-03
-6.452734334448083711e-03
-6.269533951358740795e-03
-6.502444138337799134e-03
-6.460143635047768500e-03
-6.077310262490606338e-03
-6.016001466051806509e-03
-4.695104609203028592e-03
-4.006983959409003183e-03
-3.957242180193236772e-03
-2.034698015608944841e-03
-1.531323121939267944e-03
-1.479279756286988124e-03
3.493121352885666508e-03
2.353421269204549349e-03
2.597325657792515056e-03
3.933808442113564952e-03
-7.447223260020350080e-04
-9.044444266113007723e-04
-4.992210940347748850e-03
-6.624830352822837741e-03
-6.891822077795384423e-03
-1.088844699610183597e-02
-1.157491096282927713e-02
-1.196194582374994139e-02
-1.304762369533737226e-02
-1.139170228485970882e-02
-7.839235405107730301e-03
-5.997734359968951573e-03
-5.523134367428271692e-03
-2.100729995990001809e-03
-1.941932049162027911e-03
-1.268448155233321568e-03
1.328047409684616749e-04
-2.037455392806166582e-04
-4.607554130438649552e-06
8.986453445861259087e-04
-8.049604112302438316e-04
-1.857079504456732712e-04
-1.817123147499922077e-04
-4.936625145686384872e-03
-4.239450213835775118e-03
-7.422671908655003280e-03
-1.012065669927558580e-02
-7.707404717520923050e-03
-1.268214132308746397e-02
-1.030590927858846331e-02
-1.044987919076174583e-03
2.057195772839601287e-03
4.156630956320229303e-03
7.976498335964643527e-03
6.953010661629220948e-03
9.151698984168541579e-03
8.936126935343274152e-03
8.727383756312840496e-03
1.012892120648323062e-02
6.787400001447557209e-03
7.388229106290328599e-03
7.134660172226182234e-03
5.458258892105679813e-03
8.049906164218762622e-03
6.216615481519043376e-03
6.156183137486570707e-03
8.756338101616379169e-03
8.089971282832997962e-03
7.599089613546913639e-03
1.050161977257758894e-02
6.439411425288660978e-03
7.982262291704095292e-03
1.189039877749949181e-02
1.118866155227344825e-02
1.478176812748246624e-02
1.517108380632060764e-02
1.469151883757774044e-02
1.555789393925758636e-02
1.419442055084007247e-02
1.438521223131537796e-02
1.554124793965283927e-02
1.492923451998043674e-02
1.592316456101978278e-02
1.503846174968806980e-02
1.438320499287345372e-02
1.397950515586371054e-02
1.276355968998734922e-02
1.194374442101569372e-02
1.104936938368604113e-02
8.953256659978460485e-03
8.368579629418920751e-03
6.469772718604862617e-03
2.386097719721026484e-03
3.826861441326195185e-03
3.142000828566919330e-03
3.580185565532272105e-03
4.314642044726551065e-03
1.964764639312265807e-03
2.650366991288370319e-03
4.658943227513020167e-03
3.691782664866909581e-03
4.230598049002109139e-03
4.721814897832412976e-03
4.438681512105560958e-03
5.788859454309632814e-03
5.800585226776686434e-03
5.689518693442315034e-03
6.036327404009544755e-03
5.848198458421651966e-03
5.892926808103497033e-03
5.518439366772358995e-03
5.696452094089548071e-03
5.161679113173438249e-03
5.314462337554448634e-03
7.961547625802754477e-03
8.842063428253405660e-03
1.016157390284899362e-02
1.437647399463580153e-02
1.455804131472459434e-02
1.254937287592255632e-02
1.215549113629849770e-02
1.048489511702132421e-02
1.375571400331324946e-02
1.613774154386771881e-02
1.846779159899130870e-02
2.274425079477256778e-02
2.364788055409792339e-02
2.675640614576509785e-02
2.783164079646643571e-02
2.913322481569053171e-02
3.007843767738419341e-02
2.790347060436928345e-02
2.936233472566906338e-02
3.113957571435410979e-02
3.702857252275839478e-02
4.280873261771327154e-02
4.447507075044655755e-02
4.669353110392393535e-02
4.585467301083037683e-02
4.560870370770622739e-02
4.473318344116632150e-02
4.290351079417127622e-02
4.219605774886602684e-02
3.832708567509132691e-02
3.629463229408157882e-02
3.292580836771234754e-02
2.863310784224373101e-02
2.680371221078695770e-02
2.290094608011901747e-02
2.124460623086156519e-02
2.176661560886338984e-02
2.083203092130719164e-02
2.008875266545875546e-02
2.146088839040112897e-02
1.922063627916143630e-02
1.633897759762122787e-02
1.563608542823155534e-02
1.121809224818162698e-02
1.028571719512452916e-02
1.004878696675161678e-02
8.354107320362572781e-03
8.381933487398750965e-03
8.348733302958339514e-03
8.011413248742724549e-03
8.210416497659259183e-03
9.895049002912069402e-03
1.013717302500615099e-02
1.013590977610229205e-02
1.102723833777951440e-02
1.010424340391146737e-02
9.986420491407443575e-03
9.763060373272977252e-03
7.510206710754174439e-03
6.750073062390038979e-03
4.717450762934908594e-03
1.461044823087427093e-03
7.695725849782254161e-05
-2.387218883078922466e-03
-4.579566982267976351e-03
-5.898369388022566863e-03
-6.857580396612418527e-03
-6.999349079898270487e-03
-8.388031414590929949e-03
-5.157032218804901910e-03
-6.395253179495573835e-03
-3.726576780300438086e-03
-1.521512866723795853e-03
-9.869038409453694590e-04
6.406700441968425598e-04
1.723774831144300323e-04
-1.357885893077212958e-03
-1.151437725582641659e-03
-9.851401069157713925e-04
4.536757175299950140e-06
-7.429348824871321021e-06
-9.714533974777080257e-04
-8.710123981900075524e-04
-1.633493875351666336e-03
1.994878639554562797e-03
2.931090138087212582e-03
4.740686737781258861e-03
1.059033977048043189e-02
1.237750465435794034e-02
1.211727044050646580e-02
1.300598554683470021e-02
1.072307707801294259e-02
7.459241566149892727e-03
5.773915789524285483e-03
2.299146970778657723e-03
5.195717724655087976e-04
-2.184435741349379650e-03
-6.171580939736068770e-03
-8.025764726806126903e-03
-7.840691943883875900e-03
-1.199132475036461011e-03
-1.604902071408001484e-04
1.194852320130582597e-04
-2.122228236539529592e-03
-8.817377415037450745e-04
8.948742670035745618e-04
-2.882413272409315493e-03
-2.001038902230803211e-03
-1.888748924970642604e-03
-3.040117111809807239e-03
-4.406400140093358342e-03
-5.864909613840122576e-03
-6.897264841635318035e-03
-1.233506999731753644e-02
-1.472488675397860824e-02
-1.789221439577593289e-02
-2.255552544172773066e-02
-2.420340572300132970e-02
-2.553837192278560556e-02
-2.924133601586320283e-02
-2.923459857637486503e-02
-2.945441912236110987e-02
-2.846973861607322159e-02
-2.747494560060804308e-02
-2.372724567029026177e-02
-2.061836439844539834e-02
-1.784819547884669566e-02
-8.271994104994894251e-03
-6.967211030356970473e-03
1.915491212133879542e-03
6.131393768762637489e-03
6.520397794284887687e-03
1.077705409640524609e-02
1.371111888077046308e-02
1.601311041190276591e-02
1.965942800084611794e-02
2.627589823909415312e-02
3.077420627852601315e-02
3.726349942742296362e-02
4.288019371274516545e-02
4.949013612049593669e-02
5.716463433042324321e-02
6.054302017378603018e-02
7.364115561011874700e-02
7.586496407315157509e-02
8.484092525866258894e-02
1.019498711416450404e-01
1.048079191826289669e-01
1.180598683635248336e-01
1.226809840883990171e-01
1.258728092013343125e-01
1.299240064142277995e-01
1.290348654508388648e-01
1.294182034606667364e-01
1.258884914831416291e-01
1.210934590346847695e-01
1.132761675886215652e-01
1.049197018446722807e-01
9.171462972225596921e-02
8.185444071816687373e-02
6.659789103202344573e-02
5.562881010633750206e-02
5.154294789477110311e-02
4.173090136833611241e-02
3.764262791085488252e-02
3.414023153933225252e-02
2.865967970098391368e-02
2.570515867491701689e-02
2.334992761548329229e-02
2.094408472722485842e-02
2.046095744218112689e-02
1.898395735050101632e-02
1.709065579804576462e-02
1.646218119652628764e-02
1.533969369876465698e-02
1.277829682403748557e-02
1.224220978008358669e-02
1.122025697237350947e-02
1.030106503223900821e-02
9.979237992383902661e-03
9.029410534134665184e-03
9.067213809093015858e-03
8.288611371701110411e-03
7.692760756541891509e-03
8.725986665461092293e-03
7.634301474088897935e-03
6.679255350047320385e-03
4.209865567353273871e-03
2.018310012557730185e-03
1.908605628094025642e-03
3.074453385208139686e-04
-6.619654989756783466e-03
-7.939804423118828128e-03
-9.906148970222575928e-03
-1.291292044929075525e-02
-1.082501365622204163e-02
-1.090157644385086541e-02
-9.325663173168531259e-03
-6.876010152086486742e-03
-6.527708728468312703e-03
-3.600860226804769408e-03
-3.512609584390679815e-03
-3.663867310667987334e-03
-3.617671138223635049e-03
-4.871160860607207273e-03
-5.246667239749331496e-03
-8.550146415200495301e-03
-1.007796256639089706e-02
-1.072907156552573536e-02
-1.221347438126422526e-02
-1.279426639130771398e-02
-1.206951579243603460e-02
-1.560012492131079842e-02
-1.988020083211212985e-02
-2.027698829389443930e-02
-2.447821237673518044e-02
-2.449475381447422870e-02
-2.405013063975221937e-02
-2.547340586766512135e-02
-2.372996789140951329e-02
-2.438943894489471048e-02
-2.338005940617307252e-02
-2.281736691502572398e-02
-2.406361632511882717e-02
-2.251900776821509631e-02
-2.366919879500987978e-02
-2.232115580951035336e-02
-2.087466480922817169e-02
-2.167275636937620806e-02
-1.674855793700533516e-02
-1.413464829216803942e-02
-1.523758345742803194e-02
-1.240201334992441229e-02
-5.528032371578680583e-03
-6.387346055873597758e-03
-4.822041677800152810e-03
-7.163835488169394139e-03
-1.158480462752072004e-02
-1.613048380359939984e-02
-1.600099355000853332e-02
-1.806859016867244996e-02
-2.883723220765445350e-02
-3.018162993848997819e-02
-3.632783514155073223e-02
-4.157446596395627386e-02
-4.385927894245938985e-02
-4.903171219401927794e-02
-5.167447910397861277e-02
-5.450737962949845500e-02
-5.791770430758585303e-02
-5.948858290607266647e-02
-6.224004163106764548e-02
-6.404650141150183829e-02
-6.508377651812298492e-02
-6.767157743183743746e-02
-6.757072618551605847e-02
-6.905800653271097767e-02
-7.086700579734508953e-02
-6.848613353169219486e-02
-7.245662333535264621e-02
-7.003760238690935613e-02
-6.573275632230943244e-02
-6.637613342604831157e-02
-5.866813013801720073e-02
-5.365960099883787526e-02
-5.193745919216454648e-02
-3.583523532369402298e-02
-3.458239759089850457e-02
-2.901309984801835745e-02
-2.320037679623120075e-02
-2.215855584554082477e-02
-1.753096784714961234e-02
-1.597752652779536528e-02
-1.419158367597359201e-02
-1.285303736747234540e-02
-1.230641252883031035e-02
-1.119716840581306064e-02
-1.083436110284429627e-02
-9.906598700321010351e-03
-9.374148224558244077e-03
-9.163448486593235576e-03
-7.062825629400458841e-03
-6.739174726693889644e-03
-6.328784064459528486e-03
-5.493331597706414479e-03
-5.426257440474420261e-03
-5.686940648308197628e-03
-5.596191677017471090e-03
-5.713832383640301237e-03
-5.760044912179602440e-03
-5.754066490820923356e-03
-5.807424318024072621e-03
-5.811370959843496081e-03
-5.823317686538548830e-03
-5.840048424916512160e-03
-5.841515022700964621e-03
-5.849802636629231403e-03
-5.854183429211860280e-03
-5.856049639059341359e-03
-5.859538440863215798e-03
-5.860650969485073185e-03
-5.861839600407666925e-03
-5.862674920951252769e-03
-5.862790764494436174e-03
-5.862943955862265875e-03
-5.862107373906529084e-03
-5.861730773724749960e-03
-5.860151420256280372e-03
-5.857589241480302619e-03
-5.856893712371486621e-03
-5.850539415905431709e-03
-5.847276808626659765e-03
-5.843967453677650394e-03
-5.825619541391653493e-03
-5.828935704593499363e-03
-5.806018828370125562e-03
-5.771855508473659226e-03
-5.797056996151185061e-03
-5.689065231617216820e-03
-5.689837187885248698e-03
-5.704597523096374863e-03
-5.370787681694334792e-03
-5.654418043702779707e-03
-5.270390899954172613e-03
-4.651645898806161701e-03
-4.912752815381115322e-03
