2.359856830774869074e-01
2.445186230387740023e-01
3.851653063849128644e-01
4.092228388699738484e-01
3.983338219317532625e-01
4.266121239754111505e-01
4.132160749334094496e-01
4.176782859194840825e-01
4.222404881383260422e-01
4.176389756699050992e-01
4.213876840976840121e-01
4.208252595440029054e-01
4.203546541436270489e-01
4.215826235980188463e-01
4.209697719306568220e-01
4.212708074533481617e-01
4.214535493551370693e-01
4.212799648920858009e-01
4.214732167260709095e-01
4.214439393813384505e-01
4.214520747981503890e-01
4.215137049142121950e-01
4.214983772644828042e-01
4.215528615660450451e-01
4.215577917986598200e-01
4.216126243133268003e-01
4.216832541255532973e-01
4.216751062018530560e-01
4.219104594456856150e-01
4.219191368487912319e-01
4.220721570139701617e-01
4.226688295106132975e-01
4.223554551720995476e-01
4.234431188858858719e-01
4.238781823956120354e-01
4.217895078911980122e-01
4.183333297670226436e-01
4.129312733146318082e-01
4.034406321198721890e-01
3.981958923494176572e-01
3.913570284356295836e-01
3.645683720389844007e-01
3.611474220657926448e-01
3.252987184370604301e-01
3.196274538914016805e-01
2.930643841638600477e-01
2.434392706695586994e-01
2.111606220650331656e-01
8.136236180749550906e-02
4.585209788834954114e-02
-8.102831474062568984e-02
-1.890233113292516254e-01
-2.234738275153849985e-01
-3.807494733955030242e-01
-3.939662974114603866e-01
-4.233520940364574048e-01
-4.970797951246884727e-01
-4.719702261702447554e-01
-5.366414513253323637e-01
-5.528526314721510238e-01
-5.129747558572961275e-01
-5.673203236911161795e-01
-6.289252911570142324e-01
-7.457596929484657799e-01
-7.524371973455050711e-01
-7.511377176856789406e-01
-7.481948336952870537e-01
-7.373273181507471463e-01
-7.314846583996146290e-01
-7.230212897400747352e-01
-7.150160304620943874e-01
-7.075501621097739502e-01
-6.996576539522254556e-01
-6.918276069806243989e-01
-6.818123767308901240e-01
-6.751968356133056792e-01
-6.629350061997316690e-01
-6.546813044623284172e-01
-6.501985446151322678e-01
-6.435976369290470345e-01
-6.372861018082884854e-01
-6.360845281580536081e-01
-6.235217617600210538e-01
-6.206829264882177677e-01
-6.111096945449390194e-01
-5.893374155447342888e-01
-5.810378270476028728e-01
-4.998953110949631573e-01
-4.510379591162839708e-01
-3.682662935032381957e-01
-2.275272191984043513e-01
-1.605653900084461072e-01
1.216359993285161950e-02
1.219288908765829293e-01
1.967010912208662365e-01
3.434002232916758546e-01
4.195733073263989144e-01
3.440698308404749883e-01
4.475772188929430517e-01
3.815932815807822065e-01
2.263812586583900388e-01
2.293944300229979472e-01
7.517880474429446125e-02
8.255779773832749857e-02
1.497779788162113823e-01
1.177153887531296322e-01
2.067112343237456351e-01
1.790036744672207081e-01
1.838476758902790886e-01
1.593358512025422613e-01
-3.342173066982946032e-03
8.785178323463231631e-02
-1.270804500563548801e-02
-2.615091740568603780e-03
-1.177470808131346192e-01
-2.851466115650544975e-01
-3.145083704194500118e-01
-3.809966732302152437e-01
-3.658990792328210562e-01
-3.494553566272702860e-01
-3.302134112404470634e-01
-2.191630938157567154e-01
-1.498430656893835478e-01
-1.366500280101582386e-02
1.201057337465818026e-01
3.468985161473770451e-01
4.501551955484665024e-01
5.689419744848822624e-01
6.164902471648534554e-01
5.544063515512522855e-01
5.935797369427349146e-01
5.417105019113795938e-01
5.368632795164499649e-01
4.854748523220582812e-01
3.494223419996170255e-01
1.775547797696190588e-01
1.442108324833008270e-01
8.811045960600617788e-02
9.570507491300495051e-02
9.463183551182309527e-02
8.367563149334594774e-02
8.960866348853728514e-02
-7.108541686834532296e-03
-1.191998323699404033e-01
-2.797451496245983993e-01
-5.802409408129102220e-01
-6.444859768928403732e-01
-8.366538520838566750e-01
-8.744864490946644420e-01
-9.076697858725522039e-01
-9.268996986056781129e-01
-9.487688513891570086e-01
-9.648568457194190984e-01
-9.730756738669910089e-01
-9.885903165270800708e-01
-9.936677538305920265e-01
-9.991890423648934760e-01
-1.010319823656030680e+00
-1.007087597240337473e+00
-1.014821821672761804e+00
-1.017094882133800837e+00
-1.009072236443370851e+00
-1.016418796602309271e+00
-1.001293086401228383e+00
-9.900129297470716683e-01
-9.795176321704445188e-01
-9.435710579511293883e-01
-9.346106252062830189e-01
-9.016466031647736301e-01
-8.724382920701745370e-01
-8.570417369183602752e-01
-8.069570893076649654e-01
-7.873499582094717342e-01
-7.429991716365605958e-01
-6.841799126312881896e-01
-6.526902546723141185e-01
-5.747207146848197779e-01
-5.389275590582897069e-01
-4.707004013868217318e-01
-3.862913788370743728e-01
-3.338862695873736075e-01
-1.328945909105448409e-01
-7.738917390913802041e-02
4.002178866118329126e-02
1.000492046359040405e-01
-8.717957886057178807e-02
-1.254623609361867620e-01
-1.514937504092748743e-01
-2.581392499981849387e-01
-2.399821174209477437e-01
-2.317538830057155053e-01
-1.533208019837424829e-01
-1.410920518191422224e-01
-1.494111678423044320e-01
-1.025384015956493228e-01
-1.048260493012637962e-01
-9.118288087821989352e-02
-5.477587387277407099e-02
-5.117666417993101818e-02
-2.171799694548975576e-02
3.607778709216640650e-02
5.578692705599689466e-02
1.073632265807607233e-01
1.343386443413154829e-01
1.780997959197488656e-01
2.041833725910519870e-01
2.193912026444498620e-01
2.487030068021622575e-01
2.641237779308397982e-01
2.909552598361263565e-01
3.083953366000779517e-01
3.312052719977506277e-01
3.407568659852527326e-01
3.335942039974872930e-01
3.283438082399375291e-01
3.312573676544677270e-01
3.095524802735270531e-01
2.912470734188017940e-01
2.978508770072992862e-01
2.258251709308690958e-01
2.288594762082874490e-01
1.805115106888351972e-01
1.293278767436146712e-02
-4.616811979312532288e-02
-2.986998575951548274e-01
-3.101733455433134390e-01
-3.521958415629245498e-01
-3.832228117899273978e-01
-3.634416840250406233e-01
-3.935262459198023977e-01
-3.592249139764055466e-01
-3.218549474850924130e-01
-2.393477732808405034e-01
-1.554649980032160872e-01
-1.573859390089865085e-01
-1.116258965315682916e-01
-1.088625520100805905e-01
-9.408347178911867503e-02
-5.946374657518315593e-02
-6.079560367122111703e-02
-2.414758389934133428e-02
-4.752892402622247922e-03
-4.175766960149680275e-03
1.582405596173912937e-02
1.968005494040373296e-02
-3.563609268285906906e-02
-3.385668303498659548e-02
-1.549924606212814693e-01
-2.175900674177920491e-01
-2.249746547126288132e-01
-2.984189850345370654e-01
-3.367893620242449759e-01
-4.074195172366544826e-01
-5.026460530027709872e-01
-5.564399455795013827e-01
-5.837669375746882272e-01
-6.175519188639327917e-01
-6.439239585921920916e-01
-6.423685109938175319e-01
-6.357377271853078549e-01
-6.254867744871458468e-01
-6.214557730596478313e-01
-6.110009950164210224e-01
-6.036545031572069231e-01
-5.929119639488181770e-01
-5.858650451586931984e-01
-5.763151684506219175e-01
-5.714232964948652294e-01
-5.672299340476328888e-01
-5.621922271369831359e-01
-5.599840334066945591e-01
-5.569314263181472935e-01
-5.543141476117436905e-01
-5.528012449511671145e-01
-5.508061771662596806e-01
-5.486159897000199015e-01
-5.471379449649479421e-01
-5.437851562014820450e-01
-5.416788016937790218e-01
-5.393995307172917419e-01
-5.342249490247353849e-01
-5.315687962691466595e-01
-5.233276689566555007e-01
-4.712237014357255060e-01
-4.498011464490782596e-01
-3.760226879089574870e-01
-2.971743131842135011e-01
-1.139218139772914251e-01
-2.373018491734627672e-02
1.933650553416636220e-01
3.249924174620051898e-01
3.271454603479483358e-01
3.693379970029509463e-01
3.354287216223847401e-01
3.160142017310751394e-01
1.888293398722171723e-01
1.866267679309166205e-01
2.635968792541986128e-01
2.798874138910742437e-01
3.732783571903667830e-01
4.132851172021879682e-01
4.025074854952571113e-01
3.570686967240565002e-01
3.024290282275949315e-01
1.614032225918810848e-01
-9.477637551100728808e-02
-1.481211517317115034e-01
-1.841006145924841131e-01
-1.992984333970894695e-01
-2.081812606396666876e-01
-2.135233970225323130e-01
-1.754881817704506963e-01
-1.621314889570404927e-01
-1.719850538385914174e-01
-1.785107491478914454e-01
-1.807263463553420435e-01
-2.493641972037706489e-01
-3.172023919863432573e-01
-4.937445490389619218e-01
-5.045942746439353588e-01
-5.480763733719412611e-01
-5.493895539699295005e-01
-5.504978774132082142e-01
-5.694327337184863502e-01
-5.529344169206600323e-01
-5.681407338427455489e-01
-5.641440909740106369e-01
-5.562091566307117985e-01
-5.538521327096531666e-01
-5.177728129737843021e-01
-4.673648087122646566e-01
-3.823276322206742295e-01
-2.565220371678765265e-01
-1.777165117599552591e-01
5.013052549802519270e-02
9.641213985329746827e-02
7.718243645486337623e-02
1.247145202548928800e-01
1.184182601725069922e-01
1.165839757888976480e-01
1.512850507498733343e-01
1.282381060049992416e-01
1.452566408492988181e-01
1.544848895548780188e-01
8.982369116088509409e-02
7.868165581861437385e-02
6.134297416665194375e-02
-4.737618661633478251e-02
-9.423272079171136906e-02
-1.934174959309954700e-01
-2.901135710950197844e-01
-4.625654327869475058e-01
-5.213705756751672027e-01
-5.475106527642463750e-01
-5.986869344810483717e-01
-5.902234367171685925e-01
-5.931755554098354644e-01
-6.011794536936878597e-01
-5.459838423663297968e-01
-5.585621769851115692e-01
-5.453060490467296351e-01
-5.763842295604222343e-01
-5.616476927971034705e-01
-5.570505455042040754e-01
-5.667255481908753945e-01
-5.270743802497209751e-01
-5.044005909918215513e-01
-4.659821554334605542e-01
-3.489256543432073809e-01
-2.889101305639910078e-01
-2.165582130557126839e-01
-9.910127269842572417e-02
-5.629224847200108711e-02
3.438826829603632007e-02
8.684528193458250500e-02
1.205080678275286393e-01
1.932732798418791698e-01
2.179482434575930883e-01
2.625152045610923413e-01
3.104318009289442348e-01
4.283664513302276045e-01
4.735985289487179561e-01
4.905076879563370906e-01
5.178928295061365761e-01
4.965137783629313684e-01
4.868863133985152358e-01
4.307141269404327621e-01
3.827759835450930681e-01
4.227483810682408638e-01
4.145015437312334905e-01
3.952379368219802735e-01
3.880322923816626468e-01
3.224904244448283941e-01
2.882268097161908571e-01
2.663219144328773380e-01
7.804037402284323688e-02
8.185152173507669049e-02
4.071115065574994196e-02
2.448863431474919070e-02
-7.215558145098154019e-02
-2.620023214870669248e-01
-2.889183346423210841e-01
-3.406054166330382271e-01
-3.507913420754442679e-01
-3.018126598611928224e-01
-2.849401843111253885e-01
-1.652049225231780050e-01
-7.076191493625395845e-02
2.745292456425774824e-02
1.890352412578520103e-01
2.758965237609441457e-01
4.209588383009060242e-01
5.201127018718944006e-01
4.053784894843008302e-01
3.142777448303468724e-01
1.067994955249826627e-01
6.771423085263703068e-02
-4.264890364022116270e-02
-5.533838138630690212e-02
-1.541412402865749431e-01
-2.590961700115790300e-01
-4.418685667717319743e-01
-4.632629635010002689e-01
-5.252185839254714939e-01
-4.989520886785152043e-01
-5.172092803394796601e-01
-5.386530235358977237e-01
-5.513061254027373792e-01
-5.839694060995347380e-01
-5.967177503417738782e-01
-6.248662779912600440e-01
-6.401272791649581517e-01
-6.600725328727916619e-01
-6.855813992245441968e-01
-6.879686736353675114e-01
-7.228030492020586228e-01
-7.171565274859176276e-01
-7.147831195137738236e-01
-7.115818424506077378e-01
-6.908950550705162952e-01
-6.918336643158925492e-01
-6.739000356599252894e-01
-6.651002356541151350e-01
-6.628869097606485683e-01
-6.395628109924147431e-01
-6.425709769063180365e-01
-6.257355199053592498e-01
-6.148762981690708562e-01
-6.265188031462168849e-01
-6.031462709535710953e-01
-6.229632862634422175e-01
-6.279127111427514896e-01
-6.211100958181480225e-01
-6.744191238719706716e-01
-7.051086870866505318e-01
-7.254573757358295794e-01
-7.351682779715240645e-01
-7.523572379315873748e-01
-7.579083482587267717e-01
-7.650132382948452436e-01
-7.740065978893798659e-01
-7.732259076836168754e-01
-7.791938398915350117e-01
-7.792572670656072731e-01
-7.739377725951414044e-01
-7.733750754563758489e-01
-7.564931544249414719e-01
-7.476133025281038735e-01
-7.339931990816030982e-01
-7.149000738055606430e-01
-7.006021704429769015e-01
-6.788123764404313532e-01
-6.559733890882308849e-01
-6.312125148736583702e-01
-5.995236230131335553e-01
-5.622753191984641852e-01
-5.172222460536318733e-01
-4.452996653254962522e-01
-3.724101891370065198e-01
-2.329892872933993220e-01
-1.640620969300677079e-01
1.264771532746430394e-01
1.417755627879432045e-01
1.612304286834079781e-01
1.991670911579910830e-01
-2.640164093218482222e-01
-3.093715073130949844e-01
-2.943877111353553344e-01
-3.819742629570126446e-01
-3.025728201920329652e-01
-2.568815664745600635e-01
-2.278816261046479330e-01
-2.019364081555568013e-01
-1.699006548431826469e-01
-1.344182326816419637e-01
-1.202262415480527813e-01
-4.249628595124352315e-02
-2.805764079762953361e-02
1.157827819973631170e-02
4.376264339313711699e-02
6.997362791371924962e-02
9.646197101838423216e-02
1.287213583920698290e-01
1.717638199866090010e-01
1.863363601016355398e-01
2.634502607255929663e-01
2.721154286268589462e-01
2.852169599175518599e-01
3.112981358194318315e-01
3.125949649530493923e-01
3.262720589548783190e-01
3.347205736274031507e-01
3.431083831651805527e-01
3.496846875218806439e-01
3.589247047395243140e-01
3.608390477337983238e-01
3.674936992892971488e-01
3.708900301442586422e-01
3.756715784867087904e-01
3.802049667289292278e-01
3.846033520580188214e-01
3.932891278499980325e-01
3.957618534672666666e-01
4.065596557278742251e-01
4.074139561929569497e-01
4.070168744496532875e-01
4.101672056557905677e-01
4.094422895289901998e-01
4.102289408588107866e-01
4.108792279945200354e-01
4.106681934751768570e-01
4.111327636660732643e-01
4.111752859694276507e-01
4.112020026905184311e-01
4.113577720202710730e-01
4.113254074501058177e-01
4.113721670066761704e-01
4.114013896541055537e-01
4.113477457368928114e-01
4.113935523887726209e-01
4.113289131193010872e-01
4.112384456116001119e-01
4.113277947368857990e-01
4.109831329246126375e-01
4.110119313107801764e-01
4.109812161026136779e-01
4.099643886297259510e-01
4.107729746397922876e-01
4.092985136396094514e-01
4.078812554933517465e-01
4.102871079428712098e-01
4.028900957900740654e-01
4.058486261704021825e-01
4.053948668337646333e-01
3.852081217657072898e-01
4.086538603378759849e-01
3.730960203953239684e-01
3.478482592427695752e-01
3.713882055973242169e-01
