-6.965366784014287264e-03
-7.689460284667548606e-03
-2.952978020614019025e-02
-3.697828043297529677e-02
-2.807805392228089267e-02
-2.168648361553158002e-02
-1.588371327747310074e-02
-1.588209982257026212e-02
-1.588077484185998131e-02
-1.588020171835332131e-02
-1.588027965522647786e-02
-1.588027965522647786e-02
-1.588027965522647786e-02
-1.588027965522645357e-02
-1.588027965522640153e-02
-1.588027965522750481e-02
-1.588027965522672072e-02
-1.588027965522597132e-02
-1.588027965522545090e-02
-1.588027965522715093e-02
-1.588027965522731746e-02
-1.588027965522737991e-02
-1.588027965522630092e-02
-1.588027965522722379e-02
-1.588027965522543702e-02
-1.588027965522797666e-02
-1.588027965522588111e-02
-1.588027965522616561e-02
-1.588027965522598867e-02
-1.588027168537766570e-02
-1.588034694201818572e-02
-1.588028386008358966e-02
-1.588077793084030631e-02
-1.647473396053245054e-02
-1.588990783653471475e-02
-2.109988945878703281e-02
-2.080248797482653345e-02
-2.197209320781721639e-02
-2.197400041268066095e-02
-1.976635964971399859e-02
-2.108524519146688994e-02
-2.667179427310218190e-02
-2.777587022679766857e-02
-2.513736391510767304e-02
-2.516907682929437479e-02
-2.312329525454738174e-02
-1.755334894745042354e-02
-1.753708350143463879e-02
-2.163013520836090664e-02
-1.834311997864863236e-02
-1.848002210996228453e-02
-3.079424850778784278e-02
-3.243779743786859293e-02
-3.216349609000519749e-02
-3.474811564481883330e-02
-3.043590170729888744e-02
-9.235277313487220627e-03
-3.086639538761502821e-03
-4.338665060162450599e-02
-5.131958093419042299e-02
-8.109253019113303595e-02
-6.607719189048308350e-02
-6.329438437185869182e-02
-7.207313071196300158e-02
-7.726740311279148288e-02
-7.063861408275061426e-02
-9.429851145461680406e-02
-8.879904645647440642e-02
-3.826585507095980193e-02
-1.999605815282192930e-02
-3.153115798154569605e-02
-4.317289882413337387e-02
-4.536924540465499950e-02
-3.251713534383549042e-02
-3.757592044235595619e-02
-7.377625287782967056e-02
-7.506501325288986171e-02
-6.445746742019557718e-02
-6.446171332993295977e-02
-7.030373398146466668e-02
-6.960898287371532211e-02
-4.620484854081041010e-02
-4.327712957447385489e-02
-4.465534227213099894e-02
-4.464765785994822406e-02
-4.742897329065558915e-02
-5.362058238444045166e-02
-4.569767275293916409e-02
-4.693158968153812033e-02
-2.221223097902049262e-02
1.226467792888570607e-02
2.562865803801581480e-02
-2.205901055875222547e-03
-1.646874137949562791e-02
-2.005444118240171797e-02
-1.032811989460171755e-02
-9.242091027310956469e-03
-1.413049034538596538e-02
-1.130123128258469535e-02
-1.191355978096820742e-02
-1.827978371167739147e-02
-1.969338798477716576e-02
-1.847594230951007596e-02
-1.856890564674064034e-02
-2.094903743687546310e-02
-6.414195868142461010e-02
-5.955490985945369881e-02
-7.714483147012563859e-03
-5.016388927599420115e-03
-5.867271949453395537e-03
-1.334959238458724093e-02
-2.568900171158835719e-02
-3.345151333877526001e-02
-1.952410927551146563e-02
-1.090584896410882933e-03
1.225681460420536759e-02
2.268677440942040366e-02
3.718532664519514502e-02
4.027506529631457582e-02
1.580013299570180718e-02
-4.796939461597666404e-02
-1.067862608701781318e-01
-1.231550934918612950e-01
-8.412677226490551663e-02
-3.944797044903133182e-02
-8.573596041575065607e-03
-5.169180474173661055e-02
-5.422082173311675024e-02
-3.250087500836425919e-02
-2.526296766368883381e-02
-4.767553060478023526e-03
-1.136060086349081032e-02
-2.587377656664675840e-02
-2.587201760050744995e-02
-3.862105748314255405e-03
2.564444959355263558e-03
-9.436594115250353937e-03
-2.044386505571951090e-02
-4.718243836022778526e-02
-5.089019905488530171e-02
-5.837051280022864663e-02
-5.145293186390244994e-02
-2.023185587831493118e-02
-1.785088186272367275e-02
-4.292189016134118767e-02
-5.482063701350027574e-02
-6.532801929763694393e-02
-7.638946080129080385e-02
-9.429064339369472303e-02
-1.157594035515661368e-01
-1.223026520302095133e-01
-1.203854064090638804e-01
-6.815192220155823211e-02
-3.262195501733883285e-02
-1.106545343725089114e-02
-1.957383760398631947e-02
-3.410330017452524454e-02
-2.570712676178547179e-02
-1.896464774819744611e-02
-1.639562941745857649e-02
-2.437142226183768023e-02
-2.774454873753836801e-02
-3.288038484239098891e-02
-3.908255683475215375e-02
-3.806753267774998228e-02
-4.402847782133432336e-03
-7.717322304729343739e-04
-1.114945773740997140e-02
-1.423982263332587185e-02
-6.515919468575537971e-03
-2.699213977342564737e-03
-8.554483766806857473e-03
-1.545220668789285337e-02
-2.685546112246038272e-02
-1.155042260385851921e-01
-1.200538783086916028e-01
-2.484959632924156614e-02
-6.154241513591344331e-03
1.900178247762616610e-02
2.179400239473264569e-02
2.919665542329068914e-02
2.979832675999246130e-02
1.776916858726877019e-02
1.250908229979431040e-02
-5.714989800619304540e-03
-1.494990768972468027e-02
-4.644779102967910855e-02
-5.256299002796688269e-02
-4.153217073864962083e-02
-3.512945493625676402e-02
-2.169021739963862550e-02
-1.355221638518972621e-02
-5.153170204241857254e-03
1.069608594376118306e-03
-7.144386074278077578e-03
-1.407887164416465192e-02
-1.856521268387678614e-02
-2.094792218745591614e-02
-6.414120914524122641e-02
-5.955520407981430842e-02
-9.879307355517818676e-03
-1.617582926728656926e-03
-1.237879345895956905e-02
-1.070210980161506557e-02
-7.583794380541805137e-03
-3.870659426427885009e-04
6.597714582170082290e-03
4.010267942086537772e-03
-2.416030454975985273e-02
-1.468960947293398815e-02
-2.669210513490900827e-02
-2.905973659043836407e-02
-3.189756680987731324e-02
-4.549225033210058805e-02
-5.913916796883272181e-02
-6.136849301783800503e-02
-9.877977843273941239e-02
-9.411095232093087681e-02
-4.971809152878590293e-02
2.253119730589230041e-02
1.983321864774375415e-02
-2.898945515073960907e-02
-2.328754882839820239e-02
-1.005306309803133402e-02
-1.074483003382636394e-02
-1.073660764643936949e-02
-8.146115675168175488e-03
-7.338367534280010145e-03
-3.535003021714470169e-03
-5.855072330381103779e-03
-2.976409857713571781e-03
-3.954377167113557606e-03
-6.533346491816453654e-03
-3.147369280922174533e-03
9.848248487549608743e-03
8.080944791355777410e-03
3.058601182780413402e-03
2.847573476927477056e-03
2.832414248030410558e-03
4.600837116769930513e-03
-4.055223061031180271e-03
-1.416588019910823559e-01
-1.425472644579746095e-01
-1.252631937065687151e-01
-1.252989982527404345e-01
-1.252820268348182053e-01
-1.252775707601355148e-01
-1.252790448426398806e-01
-1.252790000714349705e-01
-1.252790619684158169e-01
-1.252835959656935227e-01
-1.252714917038893483e-01
-1.257800548896582660e-01
-1.266175545848423345e-01
-7.781879621586285101e-02
-7.756046154056581154e-02
-7.587450993641133012e-02
-7.586867941886045463e-02
-7.585754125648309920e-02
-8.365783673518516206e-02
-8.025419399639481532e-02
-2.850935263011096857e-02
-1.976162967973701945e-02
-2.491976961395675136e-02
-3.330683916327965149e-02
-2.763698512323313136e-02
-2.159698394699156171e-02
-1.003535807148034364e-02
-1.447289561845859981e-02
-2.539469711680274536e-02
-2.851220741662745597e-02
-8.706506685501462159e-03
-9.310921860571466299e-03
-1.101958235002046919e-02
-1.111706242745510824e-02
-1.383235316032630120e-02
-1.817657210278493876e-02
-2.091786804444388179e-02
-2.179264020001331695e-02
-2.751868696393740960e-02
-1.952431794343939889e-02
-1.088716625460084105e-03
1.225627950202061965e-02
2.268153808312337733e-02
3.718364476807913682e-02
2.301516932997481335e-02
1.747890104021870535e-03
-2.599692738169915446e-02
-5.360486198638909211e-02
-4.854151136095026520e-02
-6.836947963739314904e-02
-5.859561873602565224e-02
-5.283160539621202523e-02
-5.283445517096664601e-02
-5.282672617635805062e-02
-5.282772731878514205e-02
-5.282377945503727301e-02
-5.282005984479705429e-02
-5.283793419597631463e-02
-4.430446114119489243e-02
-6.119144927104596537e-02
-9.729396526054751027e-02
-9.159868851011057633e-02
-1.515426774808384044e-02
6.889346034869228350e-03
3.964290952924165445e-03
-3.306154324854012022e-04
2.234752754246189382e-03
9.457172303672800248e-03
1.351127927406634878e-02
8.211104813579422901e-03
4.564463142547807266e-03
1.563504818788620521e-03
2.795756755082923640e-03
2.794570783981607191e-03
2.795852651655477989e-03
-2.300509578939347478e-03
-1.637796095682381029e-03
1.190554432591435854e-02
1.445103418313381516e-02
-5.380593674728112279e-03
-1.793261894060995581e-03
-5.865905829382948855e-03
-2.726111532549380708e-03
-2.726126450534042955e-03
-2.726280250010451340e-03
-2.725372754616361363e-03
-2.724867934957669619e-03
-2.731495667280323027e-03
2.465068805074668336e-03
-3.836175004193423214e-03
-6.423249987815342343e-02
-7.126463228391562155e-02
-8.213306072301219951e-02
-7.044984303728100972e-02
1.378543890787164473e-02
2.051458982297142339e-02
1.013382301046585401e-02
1.052871724882681326e-02
1.426641567751324230e-03
5.138309400759123562e-03
1.131006485657764030e-02
2.140679420592056514e-02
1.352272365116120693e-02
-3.761169460511547963e-02
-5.190163012911438306e-02
-7.904593039227995888e-02
-7.453699784439925258e-02
-4.909929199586279130e-02
-5.042185600668252360e-02
-6.013456870760892220e-02
-5.145237459234541788e-02
-4.636186331061963040e-02
-4.585455314684857425e-02
-3.869100649022343824e-02
-1.895754099522350966e-02
-1.600238082640906279e-02
-3.031224579525035323e-02
-3.031364426941453652e-02
-1.755716857811037701e-02
-2.359962075522695560e-02
-4.016217715309165076e-02
-3.852459580402661093e-02
-1.999459885624037606e-02
-2.566281767253916074e-02
-4.012547882606927463e-02
-5.377668863563844770e-02
-5.932551066945092322e-02
-7.204092426014942208e-02
-7.631754864403658689e-02
-8.127191145578865905e-02
-6.950289838341904003e-02
-5.268400888606334515e-02
-2.027248984554289035e-02
-1.484382229154702828e-03
2.613225724239310720e-03
1.997887792211624700e-02
1.042580650642800470e-02
-6.975827406426869139e-03
-6.975203064890247821e-03
-6.985146032664708848e-03
-6.980490962517943605e-03
-6.993261423241524909e-03
-1.303952406807009018e-03
-9.619213463710647727e-03
-5.954976164025884561e-02
-7.744310839438742211e-02
-5.573883546815053963e-02
-2.889656515420248664e-02
-2.773456274169629546e-02
-7.003115184159600104e-02
-6.388686434226993616e-02
-5.115080435585299401e-02
-4.019675380689777255e-02
-3.358670942763834072e-02
1.725945316663769422e-02
1.178198995236827244e-02
4.571808227545504262e-03
3.947925741142224547e-03
4.550928936282164737e-03
1.546896310786731281e-03
2.802311091024392489e-03
2.802019592344276704e-03
2.801863513068580166e-03
2.802019294572038847e-03
2.802002386817951420e-03
2.802002386817898510e-03
2.802012913599316417e-03
2.801835188147949393e-03
2.802262996142174632e-03
2.804556707228377140e-03
2.024460932663345921e-03
9.886119673508426617e-03
2.584534308266448269e-02
2.623683429797006583e-02
1.051170416019708842e-02
1.051363987970182524e-02
1.050901002865378513e-02
1.294235758219152571e-02
6.809230964780146715e-03
-1.984857542432702862e-02
-2.106722574783796362e-02
-8.800009555752819762e-03
-8.802458030497787439e-03
-8.800913501673888681e-03
-3.377580423060148364e-03
-2.575426110207927870e-03
-2.868169753487733419e-03
-5.578634065931810208e-03
-7.184599789972381627e-03
-7.184782860143638407e-03
-7.185784611632500471e-03
-7.186489874662739703e-03
-7.187125017442447597e-03
-1.275697374431182182e-02
-1.370108991588489013e-02
-2.084544172615326180e-02
-1.806141246787950488e-02
-1.617212077887648577e-02
-1.617265926521568517e-02
-1.617203692237390023e-02
-1.617195514145110605e-02
-1.617149503631646126e-02
-1.647037355438483661e-02
-1.640885413200290216e-02
-1.228470459124260568e-02
-1.213530098924411015e-02
-1.225762046787765014e-02
-1.234463498787196842e-02
-1.220301418413251293e-02
-7.991678322977426377e-03
-7.947813587245829842e-03
-8.231134578969607693e-03
-8.230641453153973025e-03
-8.230730856195021469e-03
-8.230763538676071078e-03
-8.230759540388363216e-03
-8.230759540388047496e-03
-8.230759540388295561e-03
-8.230759540388220968e-03
-8.230759540387783818e-03
-8.230759540388200152e-03
-8.230759540388063109e-03
-8.230759540388078721e-03
-8.230759540387768206e-03
-8.230759540387903514e-03
-8.230759540387839329e-03
-8.230763649688513373e-03
-8.230729527241305299e-03
-8.230660725907917863e-03
-8.231022155484418040e-03
-7.939460655587182378e-03
-8.022047678905382465e-03
-1.101525231501313505e-02
-1.110397365712943556e-02
