-1.035984972703412384e-03
-1.166684585410829051e-03
-3.766508769111070413e-03
-3.807897377955668690e-03
-4.445700797802538788e-03
-4.913949612018067223e-03
-4.448390963511336671e-03
-4.754946361125168310e-03
-4.717077930033061056e-03
-4.664703568785120644e-03
-4.749504603674636199e-03
-4.712069988693527375e-03
-4.723560548982000395e-03
-4.736304779172442053e-03
-4.726373847837098130e-03
-4.734218569595287709e-03
-4.734099884485663823e-03
-4.733285805820571131e-03
-4.735637566049588285e-03
-4.735152173614058310e-03
-4.735912761778333230e-03
-4.736416658333130435e-03
-4.737082091375693568e-03
-4.738105454606570538e-03
-4.738395166231223511e-03
-4.741766702875771164e-03
-4.742156342680542772e-03
-4.745053832426824464e-03
-4.755222314724148573e-03
-4.749985283008463857e-03
-4.771584486675839107e-03
-4.787479321495311142e-03
-4.769458058596794808e-03
-4.873358753240601346e-03
-4.831799504491075120e-03
-4.845980405813422529e-03
-4.975467684388568297e-03
-4.984488880159530788e-03
-5.402758550638670637e-03
-5.566369837862144079e-03
-5.628773044466277124e-03
-7.406808781253338900e-03
-7.485135671912165195e-03
-7.926254559710554579e-03
-8.415482338099820880e-03
-8.391650665396203912e-03
-9.227985758078094403e-03
-9.217460768828230483e-03
-1.078713784633767228e-02
-1.104036358579060795e-02
-1.154792690081665914e-02
-1.434602129089711416e-02
-1.480606562502029960e-02
-1.607074048025384366e-02
-1.641114942083882200e-02
-1.790061479798578381e-02
-1.796910632037772293e-02
-1.759295977680951431e-02
-2.561942351180402852e-02
-2.410552459991582158e-02
-2.752908561130790188e-02
-2.878903929972839726e-02
-2.806582940790027653e-02
-3.113141553921530344e-02
-3.147481613595435462e-02
-3.053804273639505740e-02
-3.208252152522970968e-02
-3.090263280782501454e-02
-2.851142288846725270e-02
-2.782264154841611326e-02
-2.711875952114255889e-02
-2.637491126954106743e-02
-2.702943692611516763e-02
-2.683054313966335563e-02
-2.701487097828060222e-02
-2.941634858613126693e-02
-2.888832159018420165e-02
-2.904270850079706395e-02
-2.934071312014686558e-02
-2.833027917364018544e-02
-2.847209906370171822e-02
-2.691548349926387029e-02
-2.562722270799254465e-02
-2.532228091030582287e-02
-2.318743808154213534e-02
-2.209995900584567699e-02
-2.122736714947622005e-02
-1.726466580356319711e-02
-1.608292502908621052e-02
-1.227569773569879216e-02
-8.767558594439369204e-03
-6.877509421405095247e-03
-6.720258368061874168e-03
-6.531421005703766380e-03
-6.993104831094835300e-03
-5.502348865251002578e-03
-5.429366633071596587e-03
-5.908884688579258380e-03
-5.208717185674449635e-03
-5.503282944545719382e-03
-5.706944956331288718e-03
-5.736203291592624660e-03
-5.797957576093804889e-03
-6.399709942136348056e-03
-5.877388479436968308e-03
-6.994046140319245229e-03
-6.766154421350471793e-03
-5.063943226058470991e-03
-5.370413995947757521e-03
-5.255330040375913447e-03
-5.296670479639636019e-03
-5.589607606278676477e-03
-5.691657561529353537e-03
-3.997083727409207754e-03
-2.665130341010399102e-03
-8.136869432009605739e-04
-6.299756175444199639e-04
-1.014382137022999588e-03
-4.607139898777685635e-03
-9.502998363230263923e-03
-1.552058402040923726e-02
-2.160874074350943932e-02
-2.225299208374461810e-02
-2.260846918041519230e-02
-2.084433855076121833e-02
-1.692642927580103804e-02
-1.861762509692142450e-02
-1.635473994591962049e-02
-1.403200500213307687e-02
-1.421402431875487538e-02
-1.099131045493449005e-02
-1.101858183595613716e-02
-1.076544925825154500e-02
-1.041162657161449900e-02
-9.837534447560547859e-03
-1.002455099998450158e-02
-1.178582199071808757e-02
-1.253677644362523325e-02
-1.725385149654167297e-02
-1.808169515592342527e-02
-1.953080843462268873e-02
-2.152938761806995685e-02
-2.108037643665569907e-02
-2.298333490919270833e-02
-2.618833947093686040e-02
-2.795744354085001604e-02
-3.065021531390059797e-02
-3.252080807145136393e-02
-3.480879606161099010e-02
-3.515964392599277982e-02
-3.462093952664989371e-02
-3.465785709928076441e-02
-3.052591045513863149e-02
-2.842811965681608238e-02
-2.354370231929019466e-02
-1.988755419297882215e-02
-1.869967850954078192e-02
-1.485474863188950695e-02
-1.266843470218050396e-02
-1.155349854420763094e-02
-8.929989785845117434e-03
-9.135151704903176836e-03
-8.485524230449714364e-03
-7.721013120282515380e-03
-8.162556830344360609e-03
-5.139511817470266211e-03
-4.876296946363573893e-03
-6.055111549963611284e-03
-5.405201050212379496e-03
-5.838721104609652379e-03
-5.458603848442412920e-03
-6.795409428594450379e-03
-8.282717567299875683e-03
-7.454080855953199025e-03
-1.152732808203755545e-02
-1.099129283786138417e-02
-5.815682722887239621e-03
-5.604095530999858576e-03
5.421473634899758422e-05
1.001179853605533958e-03
3.255134652798512100e-03
3.708786161887291273e-03
1.097717012641459718e-03
1.221304800949613153e-04
-5.370860988026011570e-03
-6.544773719858830788e-03
-1.168189966489622568e-02
-1.282079626852976675e-02
-1.150016317649921009e-02
-1.195682635936866703e-02
-9.729873402553785439e-03
-8.077409455333632582e-03
-6.681329602541022025e-03
-5.125991660203323315e-03
-5.055672893503846202e-03
-5.382018154582462847e-03
-6.005309128999725306e-03
-5.710588608831967429e-03
-6.730688868918104431e-03
-6.435601853056985289e-03
-4.995837067534213832e-03
-4.500535486848545805e-03
-4.827134211176479367e-03
-4.417955422222900191e-03
-4.055649317372556767e-03
-4.321479755243145399e-03
-4.136239848122367363e-03
-4.575843760766868350e-03
-9.026344384690340727e-03
-8.539206362886088073e-03
-1.177630605824736901e-02
-1.419843732400907083e-02
-1.427473595797992302e-02
-1.782904304571632931e-02
-1.917883277426749716e-02
-1.894172676449129566e-02
-2.177718105198701501e-02
-1.873727567658621529e-02
-1.723772879377127865e-02
-1.212773239618867779e-02
-9.459331863328139522e-03
-1.116744144282428436e-02
-8.141794995785940625e-03
-7.474736662382533425e-03
-7.354649311783956721e-03
-5.607661784895453215e-03
-5.638538298052015590e-03
-4.992321208856526776e-03
-4.003393966567951601e-03
-4.384610067290352700e-03
-3.609633045034409040e-03
-3.492473907091061397e-03
-3.550209579758275592e-03
-3.763557885309064179e-03
-3.021359432567057631e-03
-3.885397012311494341e-03
-7.756399088198051052e-03
-9.213681963882136908e-03
-1.317837703496421882e-02
-2.210222104111868313e-02
-2.345770651574935473e-02
-3.494464159618398957e-02
-3.526683212029382147e-02
-3.611591568368807681e-02
-3.994738931382074698e-02
-3.885595420836772396e-02
-4.046211569399495167e-02
-4.114788201936227241e-02
-4.074105649164122545e-02
-4.149828277764383566e-02
-4.122062536804849131e-02
-4.087423846502360320e-02
-4.081867301830824357e-02
-4.002920043951233020e-02
-3.907877524288483340e-02
-3.842306089005514957e-02
-3.690664451962581694e-02
-3.648747192828846742e-02
-3.444481210078004230e-02
-3.307930929428151701e-02
-3.177400893949267752e-02
-2.707853962512956139e-02
-2.487237170178634507e-02
-2.151310573687510025e-02
-1.804611676827603747e-02
-1.646867340104408300e-02
-1.346546680065303925e-02
-1.192381414550358100e-02
-1.078901586640688623e-02
-1.029014877867309545e-02
-1.025474694342918061e-02
-7.907545972363145062e-03
-8.053422826394349837e-03
-7.546632612425034463e-03
-7.170789083324459641e-03
-7.188758849994316205e-03
-7.129254123984495213e-03
-7.339836836848612732e-03
-5.833846614528712810e-03
-5.797730269718320666e-03
-4.564703257073520273e-03
-2.275593023890245484e-03
-9.704792496847016283e-04
-7.439289188442410735e-04
2.135111316979385748e-04
-4.955824371464784446e-03
-7.307552161163537521e-03
-1.165155308389022315e-02
-1.649254891925017869e-02
-1.650326614502253125e-02
-2.075514211559776473e-02
-2.098451349320558726e-02
-2.148094895851462155e-02
-2.318175117280990918e-02
-2.268912660286814820e-02
-2.334116009339783082e-02
-2.383026675183845533e-02
-2.336210718195935732e-02
-2.369068322756538725e-02
-2.376837401687862880e-02
-2.273544258891295466e-02
-2.296794351037250229e-02
-2.156705131243207008e-02
-1.428358619537034926e-02
-1.205460236412123597e-02
-8.085585797165565497e-03
-4.874404982756145276e-03
-3.388349706061555711e-03
-5.816950018859733855e-04
8.147505542162825033e-04
8.893422532016673123e-04
1.295120674881511218e-03
9.233396631684497513e-04
1.297620638579589578e-03
9.491620251754097478e-04
1.167418129326765804e-03
1.141594204678747591e-03
2.526869521527442489e-04
2.053958173046654522e-03
2.205587486897469997e-03
-1.202143688388182963e-03
3.007347161988036975e-04
-1.323713328449491796e-03
-1.382895863401478872e-03
-1.334152976023852358e-03
-2.087091581870812070e-03
-2.656052015275383281e-03
-2.498394191203646801e-03
-4.404547975115347819e-03
-5.202133537631468269e-03
-4.783744984158191937e-03
-1.223300832278121850e-02
-1.048141574876856018e-02
-9.290033780547889836e-03
-1.006874068061020498e-02
-2.492219434274498685e-03
-2.292087993845543133e-03
-1.552820291132251881e-03
3.480635033081214353e-04
-1.504626626855971004e-03
-4.380899229694487119e-04
-1.883549198399821299e-03
-2.688474508894901204e-03
-4.573492848687004536e-03
-1.227009549169643179e-02
-1.314529988523729237e-02
-1.775566392270371691e-02
-1.902848074660137140e-02
-1.755668048760797295e-02
-1.882111970879540158e-02
-1.838753984180175813e-02
-1.764942515117745234e-02
-1.729205697063294217e-02
-1.591539248847976054e-02
-1.526832046147606932e-02
-1.355038977532371444e-02
-1.284476802408143249e-02
-1.293513287118348148e-02
-1.269130674722835500e-02
-1.266829128165828690e-02
-1.302325896685814326e-02
-1.419997114727250889e-02
-1.459398074517656574e-02
-1.508254831446941696e-02
-1.649023118691358286e-02
-1.745017620789802298e-02
-1.996102565017481706e-02
-2.084813031477841111e-02
-2.187157146720319911e-02
-2.205337049195156898e-02
-1.967311575723289935e-02
-1.765948702967913564e-02
-1.525489553686827475e-02
-1.151938604372927319e-02
-8.753101566509637055e-03
-7.298055766633588549e-03
-5.067295852052834844e-03
-5.388030027635508715e-03
-5.644466983779798837e-03
-5.530639839536147587e-03
-6.919422164348116439e-03
-6.947272355244342619e-03
-8.552917327937116856e-03
-9.864435200562012701e-03
-1.081869945927619453e-02
-1.433917893053873391e-02
-1.523508563795130527e-02
-1.517464633417234948e-02
-1.320389993199101025e-02
-1.232276177527787293e-02
-1.179888531625723942e-02
-1.080367559314052671e-02
-8.775469690872835654e-03
-7.137998430425465668e-03
-6.419919134076613153e-03
-1.583490690666750468e-03
-1.577451471139027428e-03
-6.833461147701105562e-04
3.283410706322005069e-04
4.733958588074260428e-04
4.858075272786380617e-04
9.444478904867212050e-04
9.454046189311519389e-04
1.096700879941359943e-03
1.239771675511420861e-03
1.353638780093646687e-03
1.481300025357959503e-03
1.671003295921011118e-03
1.993610491315331561e-03
2.121940755405668250e-03
2.843066071730955373e-03
3.422209255406102359e-03
3.834753371590422268e-03
6.341344243004433043e-03
6.492116703200817053e-03
4.201616951754741890e-03
4.972824478869168965e-03
3.193322003951706758e-03
1.911831301561371915e-03
1.534184329952202131e-03
-2.732537564481680743e-03
-3.038998222108580446e-03
-2.116234036625332798e-03
-3.268854339242336770e-03
-2.886490418296758578e-03
-2.283756618876591100e-03
-2.671236283585705709e-03
-2.366336122838298261e-03
-2.752677454693063831e-03
-3.102444390754975894e-03
-3.085462730711194864e-03
-3.520596941368579844e-03
-3.743309491406161642e-03
-3.857513938702248225e-03
-4.798339963322957417e-03
-4.744531509761694410e-03
-5.306405491572824262e-03
-5.131029832253093323e-03
-4.988604815958901789e-03
-5.070694804918222942e-03
-4.885671482840126673e-03
-4.891005012865565736e-03
-4.710134262100062509e-03
-4.521567865451863594e-03
-4.520180065377773886e-03
-3.733954674452005362e-03
-3.741083446394393754e-03
-3.493166327583517843e-03
-3.234667847236014082e-03
-3.240571336799490457e-03
-2.730538639526597280e-03
-2.701344992398065255e-03
-2.613962099460855840e-03
-2.488100809938748915e-03
-2.484511624061938855e-03
-2.434101616949784375e-03
-2.408646153219604503e-03
-2.401665242645227571e-03
-2.383984410638762159e-03
-2.378853902025202579e-03
-2.375578493128914156e-03
-2.369865565666767412e-03
-2.370254581584741761e-03
-2.372327149753445785e-03
-2.366423951315329340e-03
-2.379654428232627888e-03
-2.380137871290575330e-03
-2.371222458591670367e-03
-2.430255466437709292e-03
-2.380394160559601291e-03
-2.429594152812660727e-03
-2.575556228547291882e-03
-2.308760130712780856e-03
-2.832662439592510510e-03
-2.976489226763102350e-03
