-7.189266134814423226e-03
-6.059993710022679170e-03
2.360764793535791509e-02
3.038534237574201657e-02
3.270970498160250678e-02
2.946576063745586990e-02
1.986615360081916276e-02
1.963175503562304344e-02
1.886771751182626453e-02
1.849498078859930159e-02
1.854035714501055601e-02
1.853991634311349251e-02
1.853982637768330360e-02
1.853985948268881134e-02
1.853985754137741152e-02
1.853985754134723080e-02
1.853985754167565211e-02
1.853985754163120503e-02
1.853985754163334568e-02
1.853985754163311669e-02
1.853985754163310282e-02
1.853985754163301955e-02
1.853985754164250155e-02
1.853985754156574350e-02
1.853985754160122207e-02
1.853985796122191443e-02
1.853985045455691649e-02
1.853987466366228271e-02
1.853997648103244966e-02
1.853001887684040810e-02
1.861851831801791118e-02
1.874575474667272007e-02
1.838240228357933964e-02
1.999944354473257371e-02
1.993612687248149523e-02
1.250136575676695332e-02
1.149327017019721557e-02
1.091422304387183739e-02
1.139701083305597225e-02
7.364703054580838334e-03
7.329143165211605450e-03
2.355669750179411118e-02
2.551153121725306672e-02
2.637555449656430601e-02
2.317322792035276038e-02
2.331942363787051914e-02
2.524036843324892199e-02
1.929028832327216170e-02
2.481828890232585030e-02
2.160473593951165935e-02
2.599130735657901800e-02
1.866999604957611872e-02
1.449294650932751380e-02
2.293036970593113552e-02
4.487505424024224726e-02
8.106372417080313919e-02
8.123659855323325796e-02
6.253615414877311540e-02
6.247403899406017702e-02
5.665637554217270444e-02
5.648689278447439899e-02
3.923724213002582201e-02
8.673447028026952388e-02
9.288380134221115025e-02
7.673949650811072443e-02
6.613354091570615434e-02
4.870050146073447161e-02
3.608086844014170291e-02
3.193364688623295117e-02
-4.638685518742029505e-05
9.702292524300453261e-03
-6.404186779753147547e-03
6.838436536196405673e-03
-4.128996146859359971e-03
1.539570711560270429e-03
1.063002003030127929e-02
7.848395456234892945e-03
3.228104076946659157e-02
4.060219315946202862e-02
1.987556330572871899e-02
1.052865262585977665e-02
-5.436227992494375300e-02
-1.166248797956685179e-01
-1.621978887472901032e-01
-8.242162474208630796e-02
-3.204075607393887248e-02
-7.933988542771367239e-03
-1.466713835004145039e-02
3.052892595869832054e-02
3.162729844859932249e-02
2.278495590358536535e-02
2.232022396916589352e-02
2.688461757644997410e-02
2.028018909056090308e-02
1.449634906648688409e-02
3.314573366342561667e-02
6.108289456616722291e-02
5.759680662612644969e-02
6.603719164582272372e-02
3.481790819497889572e-02
-1.101265959402643194e-03
6.458649470785532420e-03
7.932710046711267601e-03
-2.321069455413747248e-02
-3.819914550647100782e-02
-1.926419736534325244e-02
-2.836002344583893678e-02
-3.495837404447455637e-02
-6.855435464736749085e-02
-7.085809538551343656e-02
-3.058664158908563219e-02
-1.553852724951621141e-02
2.179089296435138268e-02
2.926527867686656501e-02
-2.355330700700211926e-03
-2.582659987465586032e-02
-5.409346680951207520e-02
-9.950030370993397100e-02
-7.707567277350628465e-02
-2.191417669941886359e-02
1.496563939404873221e-02
3.564853408093909132e-02
1.802309672918923217e-02
-3.484649262481844239e-03
-5.527011143536018911e-02
-5.101703148705186153e-02
-2.847514562345235603e-02
1.310104835757353210e-02
1.479104792716710859e-02
3.309512163924458600e-02
3.228296244069366744e-02
3.447513459293447685e-02
3.006789724300650002e-02
6.367815695830460719e-03
3.631809533006473759e-03
-6.501851864373804635e-03
-5.566970049746716373e-03
-1.567280525667113025e-02
-2.863498208390570510e-02
-2.904138697305930217e-02
5.133363411133125970e-04
2.248524153756921700e-03
2.018445393668681588e-04
8.442850724831821307e-03
-6.352222247048147164e-04
1.541474149454288324e-02
4.998490485267962496e-03
1.040784731429194665e-03
-8.209143255621836541e-03
-3.010467415463416105e-02
-4.286337817940472084e-02
-7.937401084933858042e-02
-6.851150077834329555e-02
-5.887380755724144765e-02
-4.083915987817471338e-02
8.364157447242315246e-02
3.918217915979853305e-02
-8.469189054812242823e-02
-1.378612387275585660e-01
-2.045632301051973356e-01
-1.305789938212848778e-01
-2.332996343607502548e-02
-1.976186597537985673e-03
2.281557333748063243e-02
-5.580064599502366400e-04
-9.574292146915966417e-02
-1.064032665945154749e-01
-1.334255687375109634e-01
-1.181509684284207939e-01
-2.518387281154396001e-02
1.748661518000788409e-02
5.086613898972763836e-02
6.776271095767096020e-02
5.670078407242620105e-02
3.694092022964431260e-02
5.600278244818874401e-02
4.174788080161125764e-02
1.137533955896176813e-01
1.170342633878071331e-01
7.698485118658719706e-02
1.187668334434024281e-01
1.055286612285148556e-01
1.166058426210009741e-01
1.334099701717313402e-01
1.152607812273166721e-01
4.441884644122501974e-02
9.102704851758243454e-03
-3.346137455025685863e-03
-5.243910046510756248e-03
5.640763054978942259e-02
7.103090648111989869e-02
7.640346866569430739e-02
8.388998502477483521e-02
6.353384709288337207e-02
5.618327949109123975e-02
2.666767541886998216e-02
2.604051599986716148e-02
4.560867483951261403e-02
3.946574888113087154e-02
5.422050146214255767e-02
7.486944117615532135e-02
7.245344737939270197e-02
1.226110021250785970e-01
1.176618721705995213e-01
1.315551514417395429e-01
1.435460072377705010e-01
1.306735017755172312e-01
1.345612314414606769e-01
1.576346926792205061e-01
1.599574290917939456e-01
1.738434640948958165e-01
1.849286787510810715e-01
1.588091211659098112e-01
1.704837507843065536e-01
8.370524200625045763e-02
8.122449716380011897e-02
4.813386716682490490e-02
-3.899864883907035173e-02
-5.082463309387968281e-02
-7.133686690626708793e-02
-9.820985246711937122e-02
-1.131677863001248757e-01
-8.378349393356171460e-02
-3.391971294065624504e-02
-1.974620748543403151e-02
3.384797557111558081e-02
4.719509309865315555e-02
2.510994905099519711e-02
1.796086720777032020e-02
2.380593443625428005e-02
9.903176833321373357e-03
-3.985692582781466542e-02
-4.279278556213768347e-02
4.342991484575406749e-03
1.939937595861972522e-02
3.753540128842922791e-02
2.035143490257303525e-02
-7.163621425991993641e-02
-7.341726952644056503e-02
-1.011145334259926087e-01
-9.620163366700140717e-02
1.933195655923600209e-02
5.062960110880244252e-02
4.924316522781438388e-02
5.085379427629195537e-02
1.135404413504611937e-01
7.744270809165784697e-02
5.916913499488710843e-02
6.337989792316471582e-02
8.606012786023040095e-02
2.452244925893900737e-02
-7.687489482790912758e-03
-2.584367148021782593e-02
-2.207114389746716449e-02
-4.949170876247366985e-02
-2.679231487386590435e-02
-3.360385018769709159e-02
-2.249352466576223092e-02
-2.791447948454293948e-02
-2.961135228860941812e-02
-3.666795073338593308e-02
-4.941284273610782596e-02
-6.038848974170821227e-02
-7.751625463566221008e-02
-5.466864530089601132e-02
-1.045712214747653197e-02
8.008940967397012306e-03
-4.835771364596461175e-02
-5.949381020952602961e-02
-5.440968407752294622e-02
-8.671951399128050020e-02
-7.625436975724210475e-02
-8.079598440809299120e-03
1.213260642227524319e-02
-7.113845730046110087e-03
2.157709830391588840e-02
-4.431150865125953534e-03
-7.155067575058016160e-02
-7.579960433396341901e-02
-9.392643384051742317e-02
-8.250598828254855632e-02
1.410382261898355735e-02
3.742540930922607506e-02
5.957590370818991593e-02
6.275598256091768912e-02
4.229005379698877465e-02
2.780562520352146752e-02
4.452080660612842133e-02
5.330142464064172025e-02
7.374812770397025374e-02
7.847589991440465096e-02
4.401828189399087377e-02
4.147980933175123008e-02
4.085635322342106440e-02
3.461063491997755370e-02
5.127646938429054890e-02
5.253320198030265314e-02
5.358021400661595879e-02
6.040942089440554108e-02
7.392016570268090947e-02
6.423156646137438697e-02
6.950599287767621204e-02
6.738717734440127782e-02
9.445361037020073847e-03
2.147020188068387084e-02
-9.808581833474750399e-04
-2.460343781533031945e-02
4.255759095351487574e-03
-1.150859833038269872e-02
-1.104120965706631291e-01
-1.068073204016461580e-01
-6.858138988577745787e-02
-1.425226901828499301e-02
-2.388667421024491446e-03
-1.647467453130239609e-03
5.577596683482100113e-04
-1.074598917992928247e-02
-7.878324611262603819e-03
2.188516636206797386e-02
2.686629624387390156e-02
2.200297261835492887e-02
2.578277217760594278e-02
2.807973412011107936e-02
2.304401988028410148e-02
5.765010086921451560e-02
4.244493178092177688e-02
-2.880966548544487693e-02
-7.525744455681163125e-02
-7.499362470376967627e-02
-4.223367519787239732e-02
-2.270080054202041134e-02
7.333250665756316754e-03
-3.197074089844243426e-03
1.040734255532499604e-02
8.188465886105589231e-02
8.977175057272127057e-02
6.413509424737710851e-02
6.784819760397002575e-02
6.871592957112460098e-02
6.757099691359513827e-02
1.174242287413256036e-01
1.275688148231154950e-01
1.127434390862845359e-01
9.031623047611268829e-02
6.652138919229916292e-02
6.469822982691084134e-02
6.200654741260978875e-02
6.021048911167409257e-02
3.928965894664500358e-02
3.145357846182994521e-02
4.233182845936002067e-03
1.313311913609444687e-02
3.043091324698699029e-02
2.953569327094651351e-02
3.089854643521587271e-02
3.159187399769193549e-02
3.148935504082670672e-02
3.158522683753869909e-02
3.079795887443963209e-02
2.991412199683369036e-02
2.989227226009819396e-02
1.044811847409044328e-02
1.102526093495269366e-02
9.667247621209419314e-03
9.074793230040227587e-03
1.384707444803295884e-02
1.442765256827153314e-02
1.407594935785248282e-02
1.431909509073023626e-02
1.429620205869831795e-02
1.426844626615609950e-02
1.427152214580345788e-02
1.427149048087620990e-02
1.427148230388212286e-02
1.427148471112732984e-02
1.427148457284761925e-02
1.427148457283458453e-02
1.427148457286201572e-02
1.427148457285799289e-02
1.427148457285853586e-02
1.427148457285719145e-02
1.427148457286117611e-02
1.427148457283423585e-02
1.427148457281197068e-02
1.427148473820753424e-02
1.427148202962526258e-02
1.427148862444659050e-02
1.427154163112533125e-02
1.426785760289993321e-02
1.429740017856685926e-02
1.436411240512238188e-02
1.403059638806402817e-02
1.462061864433874050e-02
1.462636426116321366e-02
6.822830945692578281e-03
6.385570572037800943e-03
