1.486197789667456082e-01
1.564618995176766392e-01
2.802386294835912950e-01
2.938186928164171485e-01
3.014326908592919740e-01
3.284109758709502502e-01
3.161484005778697481e-01
3.265319580369426267e-01
3.297947328757451224e-01
3.276132527553771157e-01
3.324462632929237604e-01
3.319012917148349562e-01
3.325582049939365681e-01
3.339027913663006331e-01
3.336014690871745847e-01
3.342520870030547542e-01
3.344956029981746570e-01
3.345334161233856074e-01
3.348292523907920870e-01
3.348962430260656875e-01
3.350222497904211671e-01
3.351621469099463346e-01
3.353018889834753491e-01
3.354441384494911693e-01
3.356496091832457118e-01
3.359733959898613120e-01
3.361623679994342195e-01
3.367940920119497639e-01
3.373595762009750088e-01
3.378530858117338997e-01
3.397049825293906311e-01
3.402501516670829451e-01
3.424968357357080495e-01
3.465829058180718292e-01
3.463822891762811107e-01
3.551480079523319233e-01
3.554400218817320156e-01
3.564078006385014707e-01
3.628407026741025110e-01
3.606854315211422968e-01
3.659670550505952913e-01
3.728812309920312984e-01
3.673712071453327788e-01
3.804504399756098998e-01
3.680105539865818898e-01
3.734086749114712278e-01
4.071913674307333642e-01
4.159093498470836092e-01
4.329639180151297340e-01
4.476250747058229673e-01
4.322615996121808579e-01
4.131978065803826872e-01
3.359269993287707368e-01
2.038643758194284561e-01
4.139198029265730994e-02
1.732574242940094697e-02
-1.181552632631015787e-01
-1.126707410447808783e-01
-1.211465198854776160e-01
-1.315374677456347674e-01
-1.058965231421892805e-01
-1.281802755267787142e-01
-1.450935378967755374e-01
-1.276616615514965525e-01
-1.669657802663762625e-01
-1.637886589690307204e-01
-2.288347543841678378e-01
-2.134000361778593535e-01
-2.252323345232806473e-01
-2.220699396250806479e-01
-2.161700871444905414e-01
-2.238094704170552895e-01
-2.138211849097667872e-01
-2.201646949821407240e-01
-2.127239310251885784e-01
-2.057035077146659452e-01
-1.959919737248806970e-01
-1.853674987207380997e-01
-1.861434162660447478e-01
-1.763121091370515314e-01
-1.953213965769049765e-01
-1.989841503723755178e-01
-1.715715552220646589e-01
-1.828369925372433646e-01
-3.944273000914819832e-02
1.822716707608596637e-02
5.390141540728517200e-02
2.520831553292099958e-01
2.755858253932332302e-01
2.551055102267048569e-01
3.698591118174843206e-01
2.788658073812581573e-01
2.355076079000421874e-01
2.238038327714703957e-01
-1.936740026018099192e-01
-2.161847685651399065e-01
-1.648367429882611757e-01
-2.774142582357797537e-01
-1.831857272791565794e-01
-2.005069478170571073e-01
-2.154209238523633885e-01
-2.106795460501756090e-01
-2.865677582517938138e-01
-2.950938431251789451e-01
-3.393630010809310371e-01
-4.193176742057658224e-01
-4.292494876967685724e-01
-4.366184644758226430e-01
-4.402915547689653097e-01
-3.850728064721312127e-01
-3.765320421036996712e-01
-3.470826961090259233e-01
-2.815681675305797271e-01
-2.446651604760945176e-01
-1.393791406887663342e-01
-8.303049594594923144e-02
-3.541694714035473895e-02
4.944863377030816326e-02
8.237553432790305219e-02
1.574270027522805537e-01
2.267682916626028444e-01
2.455766054593041814e-01
2.978286220904844406e-01
2.914522411805114399e-01
2.639735750088667010e-01
2.668163143580825625e-01
1.926442989694416852e-01
1.498214068317647307e-01
1.332735670200561051e-01
6.293222225094011191e-02
4.686888919233457573e-02
2.110396534156986498e-02
-1.339525184589407565e-02
-1.004841947667339287e-02
-3.188824008247344299e-02
-3.430495697368456803e-02
-3.516319387952430292e-02
-4.795375123080065222e-02
-4.385561744317648114e-02
-5.034815022054803246e-02
-5.666134106094617567e-02
-5.681992686258863917e-02
-7.074230538142130265e-02
-7.908721005329392983e-02
-9.132995164681313727e-02
-1.110760783696613241e-01
-1.254160200421493843e-01
-1.559076156943728919e-01
-1.732013547994976366e-01
-2.089270081479486230e-01
-2.379132721225039326e-01
-2.438491789260305020e-01
-2.401316522689830313e-01
-2.461311240168063685e-01
-1.897240434914729823e-01
-1.782932141766261913e-01
-2.032996384320448491e-01
-1.629349598624353357e-01
-1.691259951529604788e-01
-1.632741205487159564e-01
-1.275301346388893475e-01
-1.269892085026460837e-01
-1.128521596876431582e-01
-9.223850577813128004e-02
-9.247706454102673501e-02
-7.566740881979105993e-02
-5.428649803547189179e-02
-6.292577540421284699e-02
-1.923848373279599816e-02
-3.944974976742250845e-03
-5.893273463996324957e-02
4.560949649107805606e-03
3.315542952521361580e-02
5.928666341753927038e-02
1.978880852633935483e-01
2.130253326180491513e-01
2.592209522595230742e-01
2.217282030078393806e-01
1.678894270420628887e-01
7.312542248690070967e-02
-1.714407651727761217e-01
-2.031772516895731240e-01
-2.291603097947182421e-01
-2.379638798112564957e-01
-1.979594672011197876e-01
-2.069805764760579425e-01
-1.232026352110199008e-01
-1.064271753783875701e-01
-1.141965329452240829e-01
-6.340250492022452000e-02
-1.034339214853750299e-01
-6.205270443939599895e-02
-8.768109676166313537e-02
-1.344277524292095960e-01
-1.352636471478750324e-01
-1.647069345118867267e-01
-1.686834319850049335e-01
-1.617011113779609210e-01
-1.636763295372244964e-01
-1.600580564861739108e-01
-1.560513601555632845e-01
-1.575232799940946837e-01
-1.525603772300582750e-01
-1.521900162735636552e-01
-1.520710724507991773e-01
-1.472697874856341849e-01
-1.490626855440735365e-01
-1.448941806448334757e-01
-1.393711804810452981e-01
-1.363621704060789253e-01
-1.259805777040174379e-01
-1.203689562971471116e-01
-1.132966559874440532e-01
-1.026527985912027291e-01
-9.668885945495712952e-02
-8.612737126061192905e-02
-8.979116825054991868e-02
-8.941472354203713890e-02
-8.750021475192680531e-02
-1.000036595502342696e-01
-1.065065578029304599e-01
-1.233354823344579160e-01
-1.429036335967528437e-01
-1.510203308183702686e-01
-1.735121099742247819e-01
-1.756758926975533763e-01
-8.973163553328669662e-02
-5.752945093465942211e-02
4.070970250406918262e-02
1.074590375038662476e-01
5.043179171468886030e-02
-1.024763417703209029e-01
-1.568743499260591423e-01
-1.482759604379458307e-01
-1.814716416542979938e-01
-1.702679087289883653e-01
-1.841542643122008605e-01
-1.946661952822907882e-01
-2.092046427954254995e-01
-2.409386892065591146e-01
-2.931123475295600023e-01
-3.228810595945110218e-01
-3.918802556353759847e-01
-4.221565976778813289e-01
-4.218871222991085190e-01
-4.496927952372995474e-01
-4.366876464159583637e-01
-4.197351177330146954e-01
-4.385917584282073012e-01
-3.937952452121191160e-01
-3.513144756337993613e-01
-2.768476366491773866e-01
-2.555059935694121154e-01
-2.166800460442612486e-01
-1.984822401135345471e-01
-1.996818161183258333e-01
-1.763929850405676070e-01
-1.964580224288866861e-01
-2.408673411984791624e-01
-2.915410624059661671e-01
-3.440351052866234549e-01
-3.340029582356086046e-01
-3.879081923525555253e-01
-3.904134119074065268e-01
-3.786215971013762172e-01
-4.348397807205332533e-01
-4.333753700040607892e-01
-5.087427630956377067e-01
-5.765978884059839160e-01
-6.115947423564878083e-01
-6.099585214850491433e-01
-6.034684933866847345e-01
-5.961656712814398240e-01
-5.801756384881513462e-01
-5.649158389555754001e-01
-5.156451348492300246e-01
-4.488197813367348910e-01
-3.887229575026918682e-01
-3.157323399834215949e-01
-2.652745001346953346e-01
-2.063831642659499921e-01
-1.755011761770957635e-01
-1.589388670086288591e-01
-1.343032540685770160e-01
-1.282080928876409287e-01
-1.161020334041158175e-01
-1.171206864600981556e-01
-1.165267961372225547e-01
-1.200496606011277750e-01
-1.309229512327667877e-01
-1.265519706348917639e-01
-1.458621178588560274e-01
-1.414631517962674223e-01
-1.566444250025311180e-01
-1.849419518725112233e-01
-1.912399515711773190e-01
-2.251404971061114757e-01
-2.337524585759278295e-01
-2.233965992680670420e-01
-2.322027784092316749e-01
-2.146945927403036414e-01
-2.269684486995497130e-01
-2.298958359691423980e-01
-2.255102885713280714e-01
-2.484202056757095767e-01
-2.465033114968436245e-01
-2.626516164093845029e-01
-2.888519243946379156e-01
-2.943405427345747727e-01
-3.230864096914427552e-01
-3.367434011896845436e-01
-3.526436570277527993e-01
-3.754444142288982378e-01
-3.460071877262606010e-01
-3.303629149682749122e-01
-3.177372132144113959e-01
-2.532332538246169218e-01
-2.355666600387968102e-01
-2.475946742344000973e-01
-2.033612448483766988e-01
-1.953085890146190051e-01
-1.847761413703783995e-01
-1.421871996588897069e-01
-1.380858431654421181e-01
-1.230484959484571816e-01
-9.985361850122016769e-02
-9.765866561388872324e-02
-8.183764462441844856e-02
-5.802752600055574583e-02
-6.445827071153796550e-02
-2.583045051637564843e-02
-1.858690842175615568e-03
-6.224950795826549726e-02
-2.658376399771563998e-03
4.734470624826141172e-02
4.176251477315795491e-02
2.086644666571240980e-01
2.289325215529382229e-01
2.372585668137506543e-01
3.112663595217866619e-01
2.484270254481124596e-01
2.107793393330688048e-01
1.132707738676653336e-01
-1.812178794269095616e-01
-3.847379624448735713e-01
-4.774861051219977393e-01
-6.214434582789017947e-01
-6.024851475076344887e-01
-5.935242969769012333e-01
-5.802817716059029962e-01
-4.774635839944543769e-01
-4.279405666479259573e-01
-4.338320004736030411e-01
-4.165933308166716031e-01
-3.990983615579318244e-01
-3.850894860358255456e-01
-3.557829554621846913e-01
-3.244090130412288775e-01
-3.172987062390342783e-01
-2.857688526208893021e-01
-2.875953214472345421e-01
-2.843354913052044131e-01
-2.745634385379512876e-01
-2.956185509570121717e-01
-2.913594296033983899e-01
-2.989700222267715479e-01
-3.107166720775672020e-01
-3.030752522350710354e-01
-3.403922625513432498e-01
-3.429975932524123028e-01
-3.452525741820201000e-01
-3.668321236601169710e-01
-3.491760049676617683e-01
-3.502815231335336676e-01
-3.444735485389435192e-01
-3.142087257953339874e-01
-3.121528516542664833e-01
-3.140790740787902102e-01
-3.278976660275910726e-01
-3.871450098570374809e-01
-3.477143288330713511e-01
-3.712652507151106285e-01
-3.159288821033399697e-01
-2.752373986816261109e-01
-2.329500996786267042e-01
-2.294135891445336917e-01
-2.096108921690544302e-01
-2.119251188281666698e-01
-2.099719608758947864e-01
-2.077724188675468264e-01
-2.074893079390210393e-01
-1.991354669710796166e-01
-2.103415230618939924e-01
-1.885520423797549527e-01
-1.964152958380377678e-01
-2.028338808945252814e-01
-1.079610071750888717e-01
-5.122830173998762365e-02
-5.377914411350914747e-02
3.221159261182880706e-02
5.647370750042238902e-02
7.973951628324528473e-02
5.043349366532610262e-02
-1.552434528012103798e-01
-2.097220335859219797e-01
-2.075985575697039953e-01
-2.566845214868712644e-01
-2.698128033639772827e-01
-2.912552579854580936e-01
-3.534515226138899568e-01
-3.643817410581260963e-01
-4.297303768099987598e-01
-4.126052624344637154e-01
-4.321339080885243100e-01
-4.123662755593401341e-01
-4.194180722510153503e-01
-4.265037444125990840e-01
-4.080780856710660709e-01
-4.135373352564593596e-01
-3.876734356936558101e-01
-3.127306840788018349e-01
-2.621557907140008026e-01
-2.208715120133946386e-01
-1.863252940382541245e-01
-1.687710464742088745e-01
-1.515644541243171273e-01
-1.391664842183237549e-01
-1.250851933050179665e-01
-1.190332424576215076e-01
-1.140104407931163966e-01
-1.144119711210951212e-01
-1.130279954706445156e-01
-1.141410326228210342e-01
-1.163815561650155955e-01
-1.171214138809676814e-01
-1.207035969929032143e-01
-1.129114554378116420e-01
-8.403795529550082966e-02
-6.092950601709974656e-02
6.429523709624225536e-02
1.373858944975618890e-01
1.801654381771273516e-01
2.293476361142245401e-01
1.830555125052025223e-01
2.090709181525628735e-01
1.725932315225291169e-01
-4.251174929574301486e-02
-7.322838261377508096e-02
-2.873339587317605415e-01
-3.562407502785848723e-01
-3.526564185894331960e-01
-3.802137656743578287e-01
-3.344588289737143727e-01
-2.893644338922410353e-01
-2.711657543201292930e-01
-2.247381043028240100e-01
-2.046692229195689328e-01
-1.653102586608328206e-01
-1.181243162856712298e-01
-1.021193617896279798e-01
-1.277016100911121908e-02
8.002717872124772910e-03
3.910766494352600764e-02
8.743903084391251024e-02
1.002048004274666559e-01
1.349970076030781729e-01
1.700109783150237086e-01
1.805698885502700357e-01
2.243846155981354673e-01
2.310482403959474296e-01
2.395520084732475630e-01
2.559585310818885406e-01
2.581217386925704904e-01
2.673339470380872718e-01
2.731456548788199767e-01
2.789014758650927850e-01
2.842920753724785254e-01
2.903378741510235228e-01
2.998548019802760312e-01
3.011503072666097403e-01
3.167954053747307763e-01
3.151750534734955034e-01
3.226691666796948077e-01
3.222874535767853987e-01
3.235103817783046010e-01
3.231534602999544536e-01
3.230193760885923249e-01
3.233009713481800884e-01
3.230698800931351422e-01
3.231347047254567451e-01
3.231478092348415987e-01
3.230769002975494852e-01
3.230767585776397888e-01
3.230701351804619037e-01
3.229947604960269891e-01
3.229330704713357370e-01
3.229712772307901103e-01
3.226780310312126754e-01
3.227250648934659183e-01
3.226309184635383076e-01
3.218585007011694477e-01
3.225323668899114371e-01
3.212227977466831086e-01
3.204027615272918572e-01
3.221498672785142459e-01
3.163904281238459348e-01
3.195883238521143865e-01
3.184149344784958924e-01
3.044602454867124108e-01
3.237677049744581148e-01
2.953447334456745232e-01
2.845827395321138820e-01
3.027042171807599047e-01
