1.493601139552462320e-01
2.044445548791914979e-01
5.864122061040064615e-01
6.358938380292326054e-01
5.530338304759648826e-01
4.971806735558875756e-01
4.673665154519808795e-01
4.567434007434609811e-01
4.520747826653402912e-01
4.514280979336364186e-01
4.513326702355757170e-01
4.512713198901019407e-01
4.512816453505097969e-01
4.512829669677269062e-01
4.512824459893229889e-01
4.512827035577612889e-01
4.512826974848279105e-01
4.512826897165411189e-01
4.512826916126223553e-01
4.512826914109187015e-01
4.512826914436491865e-01
4.512826896030930346e-01
4.512826997848832233e-01
4.512826844510945956e-01
4.512824888045214866e-01
4.512836951131985463e-01
4.512810075262201903e-01
4.512752801536663583e-01
4.513588129879630428e-01
4.511701289520223535e-01
4.512675497160968940e-01
4.536713968946921027e-01
4.444323001529874029e-01
4.452837204476057242e-01
4.523186548709138277e-01
2.855889793304804414e-01
2.833466548853168510e-01
2.657008298970213178e-01
2.553552858780832602e-01
2.520467678324869731e-01
2.577239972231207821e-01
1.836525995214084717e-01
1.832475767718783621e-01
1.704832903213795992e-01
1.068157897271976159e-01
1.127526970024363001e-01
1.019336574346427077e-01
1.333398577372176264e-01
1.386356592447741953e-01
1.691541964767995510e-01
2.681714608740350947e-01
4.324952762396966910e-01
3.809432525991471863e-01
8.889596999780059738e-02
-1.316559533530080039e-01
-1.677385803315017965e-01
-3.332273279293568868e-01
-2.670360058940545178e-01
-1.955083843109727271e-01
-8.541049918592481804e-02
-1.173416126949149499e-02
-8.691370999132044806e-02
-1.435393248442685399e-01
1.869819040311117980e-02
-1.117266718212074489e-01
-6.688079486880910141e-02
-4.220886511145026110e-01
-2.629041095224443625e-01
-3.260159813102996851e-01
-2.587021221173871899e-01
-2.333347267100895350e-01
-2.622230596432484906e-01
-2.038886303273264589e-01
-2.232452607034400849e-01
-1.888367338462272060e-01
-1.343586684123884711e-01
-5.212232920915969153e-02
-2.878528268180537142e-02
3.618567023951371753e-03
-1.553390491801641057e-02
-1.656481188665309134e-01
-2.386455197843925513e-01
-1.949987396606400747e-01
-2.248982775341134555e-01
-8.143517645210064659e-02
-1.070693183727809278e-01
-5.434603304545477381e-02
3.391374536144730611e-01
3.640608179308426617e-01
2.717503451431621531e-01
3.788722213209152478e-01
4.232434221964823662e-01
3.791788754481354440e-01
2.191564349486617713e-01
-4.563657389610095705e-01
-4.924542236847020971e-01
-1.047996335459372153e-01
-5.277133698063604661e-02
-4.291477872224108009e-02
6.036644918392278236e-02
9.931564048854225890e-02
3.453458643286826807e-02
-5.960081511291292350e-02
2.508953005169649655e-02
-1.125355121336687747e-01
-2.514521349931297944e-01
-3.588939051358470134e-01
-3.584166590079577719e-01
-3.765418823123918846e-01
-2.928331560559341296e-01
-3.348899346140184474e-01
-3.396644668364942610e-01
-3.422563584138763604e-01
-2.911885009487898968e-01
-1.216676035036798886e-01
-7.327742904458736661e-02
3.031860092851988014e-02
9.897389581330767738e-02
1.462308803586438999e-01
2.340546443864213177e-01
3.074883793188422643e-01
2.405881092283613243e-01
2.762088454692569472e-01
2.159118834515921792e-01
1.844373624480834528e-01
1.644648392320692265e-01
7.709180269861368173e-02
6.686450500210031067e-02
1.502677955427214607e-01
-2.707636475754123320e-02
-8.620192742323555535e-02
-1.004883710641236577e-01
-2.253722347568993256e-01
-1.834723582020346411e-01
-2.258771638787690217e-01
-2.151935554159097597e-01
-1.745237031597804966e-01
-1.742330808387865526e-01
-1.199698623198175856e-01
-1.109258797088646248e-01
-1.031382512319414524e-01
-7.262896478104281794e-02
-7.724182779659172216e-02
-7.327555169173544103e-02
-7.576059945527077732e-02
-9.482053145372008884e-02
-1.132873234101625659e-01
-1.108927143130456205e-01
-1.407862291667897614e-01
-1.731097583542663132e-01
-1.666395353054614392e-01
-9.463779343916547959e-02
-9.614828550150571196e-02
-6.371614582538095983e-02
2.100513085582167080e-02
2.229288375949027567e-02
-3.905207945646433504e-02
-3.826322225915204656e-02
-6.531219367296194067e-02
-7.420964451882927637e-02
-1.083639767556616867e-01
-9.752470494648542154e-02
-8.153272390445709394e-02
-8.333652145017915458e-02
-8.255765706329994125e-02
-7.547040419460185334e-02
-8.716474548140588918e-02
-6.253839974580348293e-02
4.827486749582608067e-02
1.428890053573706950e-02
-1.536522548447304959e-01
-1.649158071526650726e-01
-1.413876546429480296e-01
-1.145656686285388831e-01
1.431101176505575057e-01
2.390341356014109020e-01
2.389521133448395951e-01
1.931121507894161538e-01
2.721010225732372056e-01
1.052757731421639920e-01
-2.766993493899472800e-01
-3.739809147356654151e-01
-3.644223834845186638e-01
-3.095271177373291605e-01
-2.613167648289866363e-01
-2.120271853605197598e-01
3.978021135606241154e-02
6.216845512913120320e-02
-2.113945167584327725e-02
2.021986002304764374e-03
-2.097045194815755353e-02
1.631665125370838354e-01
8.714863771040050333e-02
-2.503312738099406909e-01
-3.167388672519603210e-01
-4.635356665226639805e-01
-4.825237102383613252e-01
-4.630082692998952476e-01
-4.525992977781345128e-01
-4.697941684946859153e-01
-4.359273282852139109e-01
-4.311668355858451207e-01
-4.409823713405765511e-01
-4.426085352248513849e-01
-4.707927274372046278e-01
-4.546896578780612597e-01
-4.525676821452543908e-01
-4.468213921651649767e-01
-4.177938222922617517e-01
-3.831890314129129949e-01
-3.328000242400152020e-01
-2.761850302268172852e-01
-1.962809827757963366e-01
-1.372566993100790278e-01
-1.341911456744123987e-01
-3.158306388331238307e-02
4.263074549804227870e-02
7.957383758848740607e-02
3.325017279384180624e-02
-4.356875412820095106e-02
-2.805916967393737305e-02
-1.135311985660356071e-01
-1.853859332468988375e-01
-2.666712569461342497e-01
-3.493511019289142761e-01
-3.372117120379181099e-01
-1.521228756501348534e-01
-5.875658666215232556e-02
2.109762933309465294e-01
4.275043382064411812e-01
2.259333911525264471e-01
-1.641893156917140217e-01
-2.778319122502484473e-01
-1.711349183090800086e-01
-1.263605433205706452e-01
-8.468516195969059968e-02
-8.416670278569195196e-02
-3.362753138620347415e-02
3.361196067988966862e-02
2.970895555228417889e-02
8.780247454836062615e-02
4.102029523685884332e-02
-1.605018911175344343e-01
-2.242755897736748438e-01
-9.659751235302542482e-02
-1.686699823885229599e-01
-2.476149792182464893e-01
-1.834065807253266178e-01
-4.094868904150275601e-01
-4.869268258025237217e-01
-2.632887736844469195e-01
-1.680344678228992694e-01
-1.345362147899934468e-01
5.260744197887670670e-02
1.143843775509573168e-01
3.948669102436589556e-02
2.139128141081001466e-01
9.950462436680737599e-02
-1.270923121819194923e-01
-2.289723943730572753e-01
-1.841802869390166131e-01
-1.253085229722743221e-01
-1.000338836630059319e-01
-5.714150954454025322e-02
2.938314396697652361e-02
5.654167456860660634e-02
7.968739577209289771e-02
-9.735936961210886476e-02
-3.095369207279187740e-01
-3.813778334225693123e-01
-3.653854421205511849e-01
-3.035771838968587266e-01
-3.369520844504317880e-01
-3.604597415614135825e-01
-4.162717203442017899e-01
-3.844153494199941679e-01
-3.526390939268815305e-01
-2.650765986699332721e-01
-9.668070144474867622e-02
-4.816452195514651230e-02
4.016363256379982399e-02
9.796409938382842630e-02
5.863614088437219679e-02
9.712109857740554297e-02
3.611480829386116975e-02
-1.304314475847262803e-02
-1.985592544331284820e-02
-6.115437581201309258e-02
-8.661807471891916355e-02
-8.012474282690028315e-02
-3.080457746944754299e-03
-1.971941306301501495e-02
4.550122957623973369e-02
-5.815941792399689780e-02
-1.464806332865103145e-01
-1.696743810280993414e-01
-2.716364157406742641e-01
-2.629550452816060147e-01
-2.699675775077263751e-01
-3.029888990453969977e-01
-1.515139269256692567e-01
-9.608560673414653919e-02
-4.622219334279127623e-02
-2.753524770418750225e-02
-8.662776727895982187e-02
-9.702455760119244044e-02
-1.512708048148435902e-01
-1.526303718870462012e-01
-1.673132215599471007e-01
-2.071038610858676188e-01
-2.325815005985587824e-01
-1.677409937026898834e-01
-1.466464427410839599e-01
-7.507688147467199424e-02
-5.220188775520671204e-02
-1.550732917389615641e-02
4.424883837056910879e-02
3.521106489175299809e-02
-3.808929304523361176e-02
-3.794428666710464304e-02
-6.526102630259737747e-02
-7.428105546271361603e-02
-1.083636545377813371e-01
-9.752584507850439732e-02
-8.153382872368718226e-02
-8.333625384807377690e-02
-8.255770497923210771e-02
-7.547041024020641198e-02
-8.716448737694348914e-02
-6.254110807981139164e-02
4.828296408991313710e-02
1.430828511639486815e-02
-1.536869274016761377e-01
-1.643368522388977959e-01
-1.419369746221480488e-01
-1.188879079324313137e-01
1.396266172476060829e-01
1.759094088201205996e-01
1.371862859890751463e-01
1.760354288481804363e-01
2.684475336358238540e-01
4.506871639974417976e-01
3.883560414966132357e-01
3.857138196765237323e-03
-2.320090716275993448e-01
-2.822621606840588493e-01
-2.895828216678601463e-01
-2.201920494709834197e-01
-1.601011818871545533e-01
-8.935857210852760080e-02
6.499282132589383199e-02
1.441006260150294316e-01
-1.765481772995462773e-02
-2.312916415184531060e-01
-3.100121485176797753e-01
-2.735863309975500868e-01
-2.043755284655991711e-01
-1.277896349651049535e-01
-5.848831241769635036e-02
-5.055710598813679957e-02
-2.807554219637957427e-02
-2.500347991292205946e-02
-6.386939952146976351e-02
-4.201332654585396981e-02
-6.466160323015232581e-02
-6.621132162299542268e-02
-6.754249180266838626e-02
-2.750808161826624743e-02
-2.212065217673654105e-01
-2.278943470798438786e-01
-2.936097071972704198e-01
-4.369109437167442156e-01
-3.587226520223822379e-01
-2.875036939452760842e-01
-2.499119037057949411e-01
-6.377064231487034052e-02
8.557143828049956769e-02
3.262163667954239010e-02
-1.126437732817966580e-01
-3.191816880617636687e-01
-1.995229359873307573e-01
-2.390367320001935414e-01
-1.450896813454717882e-01
-7.569412899908214976e-02
2.372854408168097520e-02
-2.588129874843770467e-02
-7.506528199460710260e-02
-1.081491570167501942e-01
-1.345681684378919607e-01
-1.371066126032770560e-01
-1.360404650424187900e-01
-1.444215062872599709e-01
-1.353120469484613564e-01
-1.293646454628777365e-01
-3.008307759018680194e-01
-2.867149880423401909e-01
-1.422763399924490413e-01
-1.656287147113463462e-02
-2.835064581563302016e-02
5.860161570484457433e-02
2.353047546172538917e-01
4.112323927834778958e-01
2.405729200455239414e-01
-1.803800586753991075e-01
-2.828823896270870608e-01
-1.570061719288173285e-01
-6.998305834170356898e-02
-8.986142467091005892e-02
2.524905606798578256e-02
-1.287016883317122773e-01
-2.937066943948273279e-01
-4.421111265497660869e-01
-3.177020566650394784e-01
-3.914683365555348127e-01
-2.777067599726283365e-01
-3.817433924712338444e-01
-3.970816084492745923e-01
-3.988870038600261236e-01
-5.659420000935317940e-01
-5.607701263679807369e-01
-3.388009585743946284e-01
-2.239590135968780593e-01
-1.621571675330875928e-01
-1.184605294429062344e-01
-7.958530939987183694e-02
-8.892045800823919488e-02
-4.829942398100559031e-02
-4.193484387826547366e-02
-9.206772597914426870e-02
-2.368283005942607711e-02
-5.336688356278657119e-02
-6.156628056776958235e-02
-7.116745465793290759e-02
-1.326396509994289541e-01
-1.366709367166358546e-01
-1.933477066719751780e-01
-2.053627827921278570e-01
-1.805261036887496617e-01
-1.577118252018636368e-01
-6.021848501791375596e-03
2.425990081233952433e-01
3.002889739307976757e-01
2.219761905487586673e-01
2.194803894534392841e-01
4.036965118688632392e-01
4.034340638642128773e-01
2.971745912383918706e-02
-7.342817774056702163e-02
-2.393130689855481330e-01
-3.087387418605442302e-01
-4.638721083500073616e-01
-4.489887122147270260e-01
-3.342318500202013931e-01
-2.152794986132169353e-01
-1.837276024118927320e-01
-1.738572119288518680e-01
-1.699042388493089695e-01
-1.617171476210661762e-01
-1.485588962916192524e-01
-1.419255872300297372e-01
3.515759258478533961e-02
3.151866710133651578e-02
2.010317157397046098e-02
2.894761466956096915e-02
2.565447153478983902e-02
3.151374211754498500e-02
6.022631633249541511e-02
6.697794554535735356e-02
2.062100111984682127e-01
1.952222465874347002e-01
1.818316278169554712e-01
1.883098511034659861e-01
1.851190210749010245e-01
1.845351865303191952e-01
1.845661552551596529e-01
1.852976927158562215e-01
1.869210799890562991e-01
1.838602498130309515e-01
1.999164583241691273e-01
1.969198379893109252e-01
1.492932556408763933e-01
1.535273399550625972e-01
1.530735317040521903e-01
4.274319725938306447e-01
4.233376450121809076e-01
4.269364279401824391e-01
4.427273773788619193e-01
4.394387224422864890e-01
4.395320493605590073e-01
4.398156780090445861e-01
4.396903198630136012e-01
4.397019032147094220e-01
4.397049132711117747e-01
4.397031407374475398e-01
4.397034576072464951e-01
4.397034673194494814e-01
4.397034543012552921e-01
4.397034560618209853e-01
4.397034604469250429e-01
4.397034585378470362e-01
4.397033373175503468e-01
4.397039895206716342e-01
4.397028616519401689e-01
4.396984103821644507e-01
4.397457030852692239e-01
4.396356197675563293e-01
4.396462227128022371e-01
4.409357146285580731e-01
4.351234813863562034e-01
4.369478789214609749e-01
4.363386423606569475e-01
3.331582669026867949e-01
3.332082958635649295e-01
