8.189405706349350183e-04
1.189388174197339920e-03
1.004161860877152146e-02
1.015769511034181859e-02
1.079424639303160592e-02
1.211763741086436738e-02
1.090000865249611192e-02
1.146489462337298496e-02
1.143730323789160161e-02
1.123497351902911362e-02
1.141937190920742570e-02
1.133302435575276636e-02
1.133458109135334485e-02
1.136510230652084362e-02
1.133605953536690435e-02
1.134810217746987440e-02
1.134726508932341026e-02
1.134116106671878565e-02
1.134412848082548553e-02
1.134055540902075866e-02
1.133678472303329895e-02
1.133477184118183295e-02
1.132796430257280648e-02
1.131775524917716727e-02
1.131218338140017356e-02
1.128713057623347178e-02
1.126545206904494036e-02
1.124614580188559171e-02
1.115589155478819219e-02
1.113703152693018214e-02
1.102150639731437620e-02
1.077231335432264625e-02
1.082988613620630008e-02
1.019227869134938652e-02
9.836909492843357722e-03
9.899748671018112484e-03
7.148530839616079081e-03
7.013551663946233743e-03
6.223102256511037558e-03
5.410081858674828034e-03
5.036581657947412742e-03
4.958907934445052831e-03
3.740606453901699265e-03
3.604823890150603456e-03
3.646751210577016053e-03
-9.543131524709404234e-04
-9.590070577216454990e-04
-5.502710658885863471e-03
-7.370779115498761642e-03
-8.098620525487935234e-03
-1.364334367450277877e-02
-1.342712424628994886e-02
-1.803791411792400601e-02
-3.082105698285392617e-02
-3.822596821781604204e-02
-5.030141983657921562e-02
-5.952114501297831040e-02
-7.435151849408416780e-02
-8.078237804866233995e-02
-8.627189690623274232e-02
-9.173088977933036015e-02
-9.157735824903909250e-02
-9.177502012301444467e-02
-9.489107999540724592e-02
-9.361904993458053381e-02
-9.583907022034314493e-02
-7.715924467146015320e-02
-4.707723159570541965e-02
-2.641574289338837617e-02
-2.343654662964093222e-02
-1.958444160298877801e-02
-2.083619988467282774e-02
-2.145786540023042824e-02
-2.035194299755619524e-02
-2.098976174494837296e-02
-1.894890833274694847e-02
-1.864107763772254733e-02
-1.653401517617276648e-02
-1.199794869928578860e-02
-1.279141097366330929e-02
-3.072625488993200368e-03
-3.522209828247554846e-03
-5.224945189554094579e-03
-1.903471203639780064e-03
-6.266053334299677077e-03
-1.197941702700600769e-02
-1.935168282673969606e-02
-3.997899986631844871e-02
-5.330469680846576519e-02
-5.646012134934420834e-02
-6.543014753095224845e-02
-6.768709710705329841e-02
-6.796390405725087624e-02
-7.165882965947323324e-02
-7.285536641212586595e-02
-7.103643574070217515e-02
-7.377955584065208627e-02
-6.852923204871785856e-02
-6.102324032975650625e-02
-5.688714735503966335e-02
-4.876063110896644570e-02
-4.698741622241396632e-02
-3.833317345697717649e-02
-2.831578057334416254e-02
-1.471577742045338498e-02
-1.054557844348064446e-02
-9.554066168687804991e-03
-1.264308607443047350e-02
-1.528533719283999351e-02
-3.784791155174581367e-02
-4.271817392948720760e-02
-4.563368209888104404e-02
-5.372136817800529651e-02
-4.698992866964887133e-02
-4.967299241856473757e-02
-4.522492824244184889e-02
-3.411992316036521755e-02
-3.217003919892971742e-02
-1.990136113676149732e-02
-2.002427916586558415e-02
-1.473919636424213774e-02
-9.593631624133980643e-03
-8.483562145163346668e-03
-3.809511864639580653e-03
-4.881044971482496192e-03
-1.530557012197609123e-03
-2.295657298652566212e-03
-7.405252687194637320e-03
-8.380528762247084831e-03
-2.553089198248420510e-02
-3.116158203120212092e-02
-3.230693386487976798e-02
-4.145141503835812063e-02
-3.419142293875374050e-02
-2.622006545007004100e-02
-2.616968628520707080e-02
-8.127856215321926231e-03
-6.117474787011110277e-03
-5.793469980773212520e-03
3.718664872426313914e-03
2.878251311838030298e-03
6.868848126669967365e-03
7.549848943644944799e-03
4.442735782965770951e-03
5.960995966631308166e-03
5.196523619909780393e-03
4.064260541306582118e-03
4.860977148848326726e-03
4.183367687809776483e-03
1.892105108951709679e-03
1.862968461952455024e-03
-3.560085324785929213e-03
-4.667626344426990641e-03
-7.331244827187446793e-03
-1.601893953175714813e-02
-2.261444787241970178e-02
-1.789847981025649223e-02
-2.516538510567722930e-02
-2.042185533451001608e-02
-2.722006556162727409e-02
-4.129433975894584996e-02
-4.400182731951267356e-02
-4.576088594609774296e-02
-4.859334276795448243e-02
-4.871404136093494819e-02
-4.994853711841010929e-02
-5.149146432755338787e-02
-5.164289631208921622e-02
-5.466083716527196656e-02
-5.585332046657991850e-02
-4.970841259436152570e-02
-4.496561143366612640e-02
-3.447476895152001841e-02
-4.098245449882004232e-02
-4.469691906718981089e-02
-5.316788277449048528e-02
-6.112980337110375528e-02
-6.606840882626982547e-02
-7.813663996606398654e-02
-8.127467087389399214e-02
-8.761299413065481989e-02
-8.981406038048815599e-02
-8.316035776410002356e-02
-8.570225120536209551e-02
-8.101347635240670197e-02
-7.951744351316455961e-02
-7.978462103415631668e-02
-8.431031495058159686e-02
-8.519196857808053469e-02
-8.755182029393322740e-02
-8.923759347926973895e-02
-8.888073782439717685e-02
-8.069291982687271103e-02
-7.987971501300000776e-02
-7.232711879587781778e-02
-6.775088517729763171e-02
-6.677658502252990791e-02
-5.988559840005485552e-02
-5.797270949914622162e-02
-5.465105768114979223e-02
-4.775465716306831476e-02
-4.714719695368910224e-02
-4.162598364884742552e-02
-3.988275921104528915e-02
-4.334476238972094497e-02
-4.052842795311760449e-02
-4.357905809290915644e-02
-4.578726291094423195e-02
-4.484064017545659475e-02
-4.987190502235708256e-02
-5.006572722156413247e-02
-4.810233569269992127e-02
-5.357814913752208252e-02
-5.389557707438970280e-02
-5.778033460499738816e-02
-6.604405289548731517e-02
-6.445413812734264447e-02
-3.977679003992325157e-02
-3.165557610912191067e-02
-2.628290748735449475e-02
-2.151849928016686883e-02
-1.490685849664955681e-02
-2.311946003311883546e-02
-2.139265458531155670e-02
-2.936167470287218834e-02
-3.921729149566039602e-02
-4.368372241826456309e-02
-7.000656405187910547e-02
-8.635138256314461858e-02
-1.014370086831535012e-01
-1.176285210911822143e-01
-1.265833066012294617e-01
-1.265163905281277701e-01
-1.241779292275223823e-01
-1.206640819106667012e-01
-1.130845980176556631e-01
-1.072126531256637344e-01
-1.020787971044954390e-01
-9.231099848948624842e-02
-9.089939387846729391e-02
-8.421395149159557891e-02
-7.895986298004475934e-02
-7.395119063601696130e-02
-6.437939973872774946e-02
-5.957129831724693181e-02
-5.116879799632355341e-02
-4.400007914545305682e-02
-2.325714306054987857e-02
-1.175713814100382178e-02
-3.093289060273468334e-04
-1.490072291101773383e-03
-1.716399217571915048e-02
-1.568725772635891358e-02
-1.764855043504275772e-02
-1.956000922459649738e-02
-1.691267548972152576e-02
-2.134711812466821845e-02
-1.177226226774168638e-03
-2.403089649731549125e-03
1.389463076197284446e-03
6.302278951143464904e-03
5.295669701021687124e-04
4.874884568085339522e-03
4.458330640383211668e-03
-2.461574566422027131e-03
-1.833889397224515005e-03
-7.047542435984612517e-03
-1.228320224357987503e-02
-1.375363601220855325e-02
-2.059017159211890685e-02
-1.265521261506685931e-02
-1.408091854933343247e-02
-1.111700742150948870e-02
-9.428918854891835816e-03
-9.639128121393288062e-03
-8.314014060432887640e-03
-9.838549493469156415e-03
-8.523448121344163325e-03
-1.092159457478217473e-02
-1.075136642991234015e-02
-8.371127928406718599e-03
-9.398083899084726592e-03
-6.598139681103419585e-03
-6.800463731156012985e-03
-6.574638381517661050e-03
-7.048898161583764220e-03
-6.304159326699203432e-03
-8.027271530132242677e-03
-6.495169784578152736e-03
-8.361158179880536293e-03
-1.147080545812560227e-02
-1.160030576744738168e-02
-1.788618618943321054e-02
-2.007428809192588967e-02
-2.193581558983379379e-02
-3.408400526669245340e-02
-3.463547710054235007e-02
-3.581089498005739918e-02
-3.652490973757365617e-02
-4.103942424770397335e-02
-4.309859153446651825e-02
-4.003605774826306946e-02
-4.577790374830954107e-02
-4.917244204590420775e-02
-5.377337587202428437e-02
-6.600587672445207277e-02
-7.312657902895441930e-02
-8.288388047828132432e-02
-8.972955634425291982e-02
-9.492344485275028276e-02
-9.418601013940430811e-02
-1.026659624773182955e-01
-1.057996184730983502e-01
-1.042459145797487302e-01
-1.119932705030921849e-01
-1.102122412297132925e-01
-1.144262600149809628e-01
-8.827039111536374993e-02
-4.249408664358764187e-02
-1.172128510109845742e-02
-1.221198722096887394e-02
-1.265113225778295800e-03
-5.737659394362435925e-03
-6.853424680771496788e-03
-4.026828721045721919e-03
-6.465503127503848674e-03
-4.253270384795686601e-03
-4.888306026532240195e-03
-5.064693664462957198e-03
-4.677377134010480587e-03
-5.747473909417378547e-03
-5.217282061861137042e-03
-6.806780232358904809e-03
-7.833619403856715430e-03
-7.023520756692887279e-03
-1.319708036862940297e-02
-7.816431702140349755e-03
-1.692001413781163074e-02
-2.820824705644331756e-02
-3.518160687779994800e-02
-6.754134169341687033e-02
-6.706717158483588292e-02
-8.943401219937641144e-02
-9.779882072113688096e-02
-8.018813052062613578e-02
-8.891188828407679823e-02
-7.244433628156890514e-02
-5.587958113029229540e-02
-5.402976280656592023e-02
-4.335021403906650500e-02
-4.422392562613224054e-02
-5.011203472373789575e-02
-5.372518928707143565e-02
-5.675410534352062775e-02
-6.075296506773368577e-02
-6.341696652208511642e-02
-6.342791202612443890e-02
-6.522340837606002695e-02
-6.083574945626485375e-02
-5.655926337286962258e-02
-5.198335848330967041e-02
-4.536004421524524044e-02
-4.288266917972823056e-02
-3.720669159333199472e-02
-2.763722763061650031e-02
-2.918331446926815745e-02
-2.209728933613140309e-02
-2.412749021121532444e-02
-2.607683988083188756e-02
-2.503018908713737153e-02
-3.133812476962993809e-02
-3.162776277512082540e-02
-3.591474423291613621e-02
-3.875589237638687318e-02
-3.952772027353106815e-02
-4.259830526208386453e-02
-4.451178955370906770e-02
-4.737901723276585764e-02
-5.156907385157647600e-02
-5.048899519367449490e-02
-4.859285575833894449e-02
-4.637272761539199678e-02
-4.572016963879991375e-02
-4.692060711244851884e-02
-4.329131183423798324e-02
-5.113947054438031797e-02
-4.764552379065414844e-02
-4.082288274345290124e-02
-4.174898953735587531e-02
-3.950213971230222970e-02
-2.419119158351846002e-02
-2.890484635713539124e-03
-3.072251305254453026e-03
1.844770452443932280e-03
3.621590082188794885e-03
3.671772051333508421e-03
5.628134377250847663e-03
5.770887718128663024e-03
6.242472980326031068e-03
6.866739070127363294e-03
6.924845811170615706e-03
7.232813199983242035e-03
7.559260184186243452e-03
7.572203377184213123e-03
7.910281382810831555e-03
8.353772210203039630e-03
8.119778228111759755e-03
9.334021904467032157e-03
9.526935905141788175e-03
9.513557244858810921e-03
1.372956328553458574e-02
1.397644683861571334e-02
1.921971573475471026e-02
2.072267992166765618e-02
2.340186236894594568e-02
2.776611018378523366e-02
2.861347206355388528e-02
3.515590530138133774e-02
3.585507391479001577e-02
3.405940343166680845e-02
3.657751895904470113e-02
3.495056050540594483e-02
3.497931481014586452e-02
3.566724192203869770e-02
3.223352903954384424e-02
3.237191898677577867e-02
3.025191416056434435e-02
2.835247869912170884e-02
2.822264237963909017e-02
2.496339407628928725e-02
2.268580885026987015e-02
2.223665136952580196e-02
1.157790149910555184e-02
1.113742134640273440e-02
1.074096614921207088e-02
7.787096856519046088e-03
8.197050039702905022e-03
9.812473115383269287e-03
9.555892227211738865e-03
9.949971969218146875e-03
1.024366168021239448e-02
1.020531426519638400e-02
1.038337952878826825e-02
1.042137165248138014e-02
1.044319452730983408e-02
1.049563981104080328e-02
1.050101841195410189e-02
1.051746465511492652e-02
1.052977371048361213e-02
1.053257032939562687e-02
1.053918857002628107e-02
1.054189235778327759e-02
1.054359148714409736e-02
1.054559104332158589e-02
1.054631767542753111e-02
1.054698924529808533e-02
1.054737618905506220e-02
1.054770724290926900e-02
1.054738949258310701e-02
1.054739149519701678e-02
1.054745950906315309e-02
1.054522511924683645e-02
1.054656125948172547e-02
1.054382108066158168e-02
1.053837795492457846e-02
1.054571559187538615e-02
1.052573250873085030e-02
1.052679212516833933e-02
1.053936051358250574e-02
1.045584082723651637e-02
1.053638424517045619e-02
1.046012419850626297e-02
1.026817748234150167e-02
1.066997895278255434e-02
9.924363649855889868e-03
1.005458437756492733e-02
1.055504284720918187e-02
