3.800366468258188635e-04
4.897546247139683952e-04
3.420722175648663321e-03
3.538130209572384194e-03
4.215944441257370168e-03
4.691886790489859481e-03
4.091423281640738790e-03
4.417146840093820297e-03
4.347358764699374087e-03
4.273511711646271229e-03
4.365019785233304958e-03
4.318520027491593374e-03
4.344654536972064780e-03
4.363232741241241872e-03
4.377634315154618587e-03
4.436006183067026098e-03
4.441684549029174117e-03
4.574619162391857161e-03
4.660234853349012191e-03
4.708847526342463050e-03
5.234296108705352273e-03
5.269864181345529711e-03
5.220785154436564587e-03
5.366502336504794940e-03
5.343644556402458654e-03
5.303903934693227767e-03
5.413922483827255001e-03
5.319795992910987363e-03
5.222123597057387427e-03
5.532966434140050571e-03
4.807986470441349275e-03
4.561032389609863055e-03
8.764945242602541903e-03
7.242765514446391703e-03
7.987922246950818900e-03
7.778382251349483245e-03
7.787195629651881210e-03
8.248570225409902756e-03
9.017794714716545479e-03
8.935841568471686314e-03
1.014597003945738249e-02
9.761893493491522605e-03
9.556117873326039347e-03
1.023565361104534881e-02
9.114784755033406363e-03
9.905055030003656960e-03
9.796317279899468752e-03
6.979882608664989690e-03
7.590316271977603363e-03
5.433285477711331801e-03
4.578576733494162110e-03
7.594388368263643198e-03
7.983693125325338688e-03
1.021627377330138788e-02
1.201690484087827165e-02
1.259860117511070118e-02
1.479920002735534736e-02
1.833552055554104818e-02
1.781012999699770061e-02
1.550828493365825553e-02
9.299165657975481253e-03
7.594014865854467611e-03
1.045230612136730658e-02
8.610471214899093062e-03
1.176300410614485037e-02
1.542752460763412679e-02
1.970792311696841631e-02
1.729571870361716612e-02
1.692085283864263115e-02
1.037715514898573076e-02
1.251656314175697213e-02
1.347556318805027444e-02
1.485575191772267774e-02
1.939154278030592524e-02
1.956528464851747806e-02
2.388412975019794937e-02
2.670388049931413099e-02
2.113839943873590740e-02
2.406467639793860580e-02
1.880772705458227598e-02
9.963194581871986227e-03
5.876227120244821404e-03
-1.381043119495150521e-04
-3.632942680655844303e-03
-6.011135310923560252e-03
-9.017130478086854764e-03
-8.308981669148594179e-03
-8.229785748674500745e-03
-3.300203808557578347e-03
-9.524920142931511766e-04
6.739661088233381628e-04
5.858392631699383367e-03
6.023489408902862885e-03
5.441203333442518747e-03
7.139873171794389184e-03
6.703301259209499402e-03
7.064776607814968537e-03
7.365671890120440747e-03
6.860665193069537954e-03
6.261243180675025825e-03
7.818629751973166578e-03
7.948628653575266073e-03
5.056812844256352267e-03
5.073126985665816178e-03
6.619835157408565911e-04
-1.956149224309991930e-04
-2.428362545666645431e-03
-7.940805311953864215e-03
-1.011434254888547365e-02
-1.387426556220605102e-02
-1.671984410243783359e-02
-2.087153208471471261e-02
-2.198624331313767458e-02
-2.181725329532583843e-02
-1.978101659169741872e-02
-1.990435007329415668e-02
-1.753051993787057422e-02
-1.454562683684678184e-02
-9.447008590665934361e-03
-8.969951050558696432e-03
-5.604339298315677564e-03
-3.997356283094496282e-03
-4.225755039146432065e-03
-2.999883749401330985e-03
-2.036311295911794484e-03
-3.910089716878730262e-03
-6.680691270806651295e-03
-4.781975978197677314e-03
-2.341584032118130924e-03
4.512821406867577149e-03
1.120775391349622223e-02
1.584922084212456520e-02
1.421362674873772637e-02
1.491459426866981880e-02
1.412658764510943757e-02
1.362859157479228561e-02
1.371774912751993342e-02
1.309689143134366851e-02
1.271807863770798609e-02
1.272027193164349326e-02
1.158501203945607426e-02
1.130769548819793649e-02
1.092775939557824073e-02
7.702107241038336563e-03
7.016738282396824469e-03
6.552711033884901087e-03
5.548370739295557449e-03
4.610089802656033159e-03
5.612743392181477296e-03
4.091834259720572228e-03
6.104820646429596868e-04
2.076570363955289322e-03
3.720358946048157346e-04
8.005429342402073378e-05
5.856878546088404788e-03
-1.811994348259993691e-03
5.821681624494758414e-03
2.816463197173658863e-03
3.303126246172109585e-04
3.772548820007061519e-03
1.242292897687996729e-04
1.644334954275322074e-03
9.142632497390850224e-03
9.301412579478342268e-03
1.097032516680823341e-02
1.489662823380415863e-02
1.356452892783526279e-02
1.515846241769088810e-02
1.481122202717123811e-02
1.291866692119900822e-02
1.250277173593611346e-02
5.236269477058685951e-03
7.125921128630714925e-04
-4.032859897235872154e-03
-9.031463790381742684e-03
-1.533126961778449523e-02
-1.723046828184369994e-02
-1.975879497502851939e-02
-2.014878625249668515e-02
-1.804163030129816644e-02
-1.712184904610819514e-02
-1.513003257275542801e-02
-1.422566970887856330e-02
-1.305522604055824043e-02
-1.135422810987969308e-02
-9.940013691392461659e-03
-8.351861612649459296e-03
-5.456832641910745914e-03
-5.502738282730689628e-03
-4.370077158870848757e-03
5.980529426882835557e-03
7.169046676899243353e-03
1.026412890878104778e-02
1.316487349799698447e-02
1.180779178163304799e-02
1.299296769366146270e-02
1.214880970412950470e-02
1.061117962489420072e-02
9.162633946203903312e-03
6.952932389464911052e-03
5.102553432766453873e-03
5.138960294169710868e-03
4.818008861049095232e-03
5.886659234233666133e-03
4.907157211015472122e-03
2.338850570822255739e-03
1.212939563424796519e-03
-3.197274598706354842e-03
-5.917084188066701507e-03
-1.127163431864552923e-02
-1.447647974026181061e-02
-1.680931446857006351e-02
-1.370735142245699603e-02
-8.619750663942226526e-03
-6.610521580551054557e-03
-5.140881097149949033e-04
1.350346095167305775e-03
1.617665632361981690e-03
2.892890404970925242e-03
4.513641283657175533e-03
4.889832642581212405e-03
2.127094296121477979e-03
2.201915629037405099e-03
-1.293375976111933072e-03
-2.366379100588116013e-03
-3.789101154736769853e-03
-9.504028231020335976e-03
-1.050944827582997454e-02
-1.603726334763243278e-02
-1.925658360790685059e-02
-2.111307225394684975e-02
-2.514441271000484798e-02
-2.058351928418232848e-02
-1.511970514997077256e-02
-8.819469521237502732e-03
-1.548710382772201972e-03
2.021235782882085680e-03
7.465009584694161024e-03
8.705034885498823954e-03
1.315423617849503443e-02
1.541151308856750918e-02
1.559541501126764616e-02
1.714813193407947051e-02
1.775826230044658116e-02
1.630335044394424365e-02
1.580053999956349334e-02
1.583005878940370315e-02
1.197398773275770711e-02
1.155131431508183738e-02
8.908703826571891249e-03
4.225099555483988190e-04
-1.344666841650493227e-03
-5.684698836072251543e-03
-8.558730878347371035e-03
-7.180647712163638896e-03
-8.149064995926586993e-03
-2.513903565142806308e-03
1.751950154321485660e-05
1.375330796043447868e-03
7.274473169587214114e-03
7.519177184885640804e-03
7.736734676842884142e-03
9.682541382546275277e-03
9.956037148561974401e-03
1.049597229195145011e-02
1.275738046531315131e-02
1.280844772335672753e-02
1.302517882036683533e-02
1.369984717310342680e-02
1.390781726154211202e-02
1.345138151679119327e-02
1.450655219422702057e-02
1.400384396709890809e-02
1.224175110054672409e-02
1.196925012319833420e-02
7.857043774085283039e-03
8.087166398602650685e-03
8.251147364235870973e-03
7.165811715873000864e-03
7.916835420996580150e-03
7.488318574892086944e-03
7.402474766545800826e-03
7.180805449139921609e-03
6.252497516771669817e-03
7.335161421592188008e-03
8.335541365161527882e-03
9.116062986854040623e-03
8.435347006512383672e-03
8.469701974125682514e-03
6.851793344118891488e-03
5.492469007820004016e-03
1.596150975946922842e-03
-4.870928813767924637e-03
-9.931518318203248763e-03
-1.139645535880298884e-02
-1.232431263254024460e-02
-9.642931636235540366e-03
-8.819472724310143188e-03
-7.388182979404746623e-03
-3.374195330465752391e-04
2.696203529461270064e-04
7.967372894832906900e-04
-1.229522399891756247e-04
2.354381144437295900e-04
-5.075373166956890364e-03
-3.400238351979668373e-03
6.246427529083724457e-03
6.796234138942799062e-03
1.192875856432634371e-02
1.376412197317120750e-02
9.983197685775144214e-03
1.025019711297968546e-02
7.894617017370018225e-03
5.838074326783052395e-03
5.641393094481360858e-03
3.239541304787668056e-03
2.925953057567192567e-03
1.911033248139346660e-03
5.498246753643978423e-04
7.177460648302171585e-04
-9.800887668616855338e-04
-1.110713095224634536e-03
-1.889472769907309677e-03
-4.148839681988656172e-03
-4.748175392196011223e-03
-5.614355660431561562e-03
-6.509280647937414760e-03
-6.454486390448509192e-03
-7.038682319253661800e-03
-6.726483211051879213e-03
-6.290705991643657548e-03
-5.520487313842916202e-03
-6.246304773448568479e-03
-6.834240282458142052e-03
-7.656424154092290359e-03
-1.098238031024860104e-02
-1.163170510308603189e-02
-1.253378683463262332e-02
-1.442861357260778223e-02
-1.369835469354482686e-02
-1.406020245275302165e-02
-6.792813434492389092e-03
-1.636464087533144379e-03
5.955707481920067409e-04
4.519793071977036558e-03
4.840427154896111139e-03
3.765382026923543533e-03
5.195656225695692056e-03
1.496253062637749277e-03
1.992565330404939480e-03
1.938057901832618106e-03
-3.260732310247413390e-03
-2.405320311945323159e-03
-7.272426367998197257e-03
-6.179225754151359412e-03
-6.818881613836780611e-03
-7.268933707966547357e-03
1.907556677896815210e-03
-1.054464519099841853e-03
3.969504159189700052e-03
8.584637126943836516e-03
-2.777182719847417786e-03
6.364666696603178513e-03
2.531266204037410650e-02
3.538339630129984370e-02
3.769584378172079892e-02
3.751448129202743231e-02
3.597697773975595814e-02
3.730574585235730406e-02
3.604892712476746169e-02
4.003620491504675943e-02
4.035899051402878218e-02
4.011497716864621810e-02
4.252753143768088495e-02
4.042166323051657462e-02
4.108111252834509286e-02
4.077012370289265913e-02
3.668309552836137438e-02
3.654078370882973131e-02
3.345900895673074166e-02
3.151822710236075464e-02
3.087132551184698648e-02
2.840307900612927192e-02
2.796174189189232218e-02
2.683824782585637198e-02
2.549269147247401612e-02
2.542913183786489617e-02
2.408909136763502656e-02
2.366352555119785595e-02
2.332608054742092707e-02
2.200966988314104547e-02
2.219752725604910715e-02
2.106402898106432206e-02
2.015130615376105327e-02
2.032393816254297533e-02
1.795148161967190931e-02
1.786465912572070269e-02
1.615802103842147938e-02
1.208620992640597504e-02
1.052154249172086026e-02
5.850881623564486121e-03
3.889401388190609661e-03
1.155206714208251552e-03
-1.619821259231691039e-03
-1.532054424090569227e-03
-2.670804365361382354e-03
7.509066861150799762e-04
8.448406940470306985e-04
1.620282314849231121e-03
3.156863266870687211e-03
4.111785872919599197e-03
4.572687940425665051e-03
7.227697823642766778e-03
7.199817372702727036e-03
7.786105207693256453e-03
8.426277709877486033e-03
8.415612194571276891e-03
8.784531637669063323e-03
8.913006752703352131e-03
9.063716997433949110e-03
9.255469400705913438e-03
9.381898270717932073e-03
9.768393796030510820e-03
9.881352152847949072e-03
1.047801801481364030e-02
1.127213217735012832e-02
1.142489788808656245e-02
1.376524277924714990e-02
1.406038847657971325e-02
1.457451420530698864e-02
1.550831590388262321e-02
1.632723295882540851e-02
1.695121530488445660e-02
1.822691886746025808e-02
2.027382937544591410e-02
2.059638484688807933e-02
2.507206527322126607e-02
2.755446634607288878e-02
2.870629300252241362e-02
3.893631306373007001e-02
3.817684193077075516e-02
4.128443324570142681e-02
4.403618468460631513e-02
4.371006553036730496e-02
4.539406517176084593e-02
4.574015031831420164e-02
4.518503974282441632e-02
4.561202844305681237e-02
4.475842963825748394e-02
4.293022124193879296e-02
4.315514316070416523e-02
3.921692550628419482e-02
3.661227988610150919e-02
3.613183699907251273e-02
2.371583942172899792e-02
2.290455593000160703e-02
1.907155986475137302e-02
1.442624280785183635e-02
1.365508826221632603e-02
1.027943759718174914e-02
6.451431372883292478e-03
5.768565159101427149e-03
2.321184736567629569e-05
6.842274548250397795e-05
4.891013116541823112e-04
-9.070836582578560353e-04
-4.025260363717572242e-04
-5.880365085624157098e-04
-7.642276745647192141e-04
-3.550979044372953126e-04
-3.269139991851504907e-04
-2.051565410556085588e-05
9.404423304409073765e-04
9.920146122366399043e-04
2.438639484272132636e-03
2.402248111577620030e-03
2.042172821653134504e-03
2.541401505736939730e-03
2.339912745406308708e-03
2.399597063275275052e-03
2.480684849231578649e-03
2.423981700130758889e-03
2.468717290193326013e-03
2.469814124562346412e-03
2.464047543562649777e-03
2.477494099721644794e-03
2.473921003236280620e-03
2.475981556368540143e-03
2.478314288037915258e-03
2.477207832136698023e-03
2.478488893860985275e-03
2.478002335536711679e-03
2.478034374695136949e-03
2.477861536810883111e-03
2.475731029032497438e-03
2.477321135549512363e-03
2.472605013583899745e-03
2.469765661210272800e-03
2.474314658603987780e-03
2.451015830718299236e-03
2.462599245779944351e-03
2.453659941379301296e-03
2.383043144788799493e-03
2.476399148184659210e-03
2.315904760353460455e-03
2.225710883146992704e-03
2.317612923594348714e-03
