9.577070839356084386e-01
1.018949869431230226e+00
1.476598334797846857e+00
1.496192820274873103e+00
1.524557609403983882e+00
1.548411029207658718e+00
1.534500578554903960e+00
1.548888451111076980e+00
1.548601411774749970e+00
1.547184876940831622e+00
1.552266156038714762e+00
1.550414934501018305e+00
1.551642819030262466e+00
1.552562183646274407e+00
1.551966822135564028e+00
1.552759420358473141e+00
1.552689390081093412e+00
1.552680182335439474e+00
1.552933203068101564e+00
1.552769862255056310e+00
1.552874040308279469e+00
1.552839889784807248e+00
1.552655013823139196e+00
1.552813540340017617e+00
1.552367884032393786e+00
1.552285477327949970e+00
1.552337049605949870e+00
1.550908724167590513e+00
1.551687039828829162e+00
1.550079705878269154e+00
1.547580595005987991e+00
1.550300101235254413e+00
1.541430980999722644e+00
1.542118181026464141e+00
1.541000553703214981e+00
1.509426927847490330e+00
1.503913567003593910e+00
1.470964419247348776e+00
1.454382110787834970e+00
1.446643911407563543e+00
1.420369966592398114e+00
1.420349695822950675e+00
1.435240541877994325e+00
1.371054395394442960e+00
1.348102748296424735e+00
1.303143390507123689e+00
1.033893101510369172e+00
8.319579105473535741e-01
4.918233238924457629e-01
1.227053374592209645e-01
-7.884826626478422251e-02
-2.466818978879992408e-01
-4.858256084474465997e-01
-5.434146071187127003e-01
-6.847888503948509342e-01
-7.107859495207426992e-01
-7.235752255487988283e-01
-7.528308824501601659e-01
-7.436725625204969603e-01
-7.443510610435930541e-01
-6.943537080011625839e-01
-6.574160049155634011e-01
-4.459259312835736067e-01
9.887744081803497009e-02
2.874149042337449389e-01
1.522333613626015936e+00
1.885793181526780327e+00
2.299766977600593343e+00
2.413266369185261606e+00
2.406558952038273524e+00
2.373592230215396448e+00
2.335273562624135657e+00
2.353710079055869375e+00
2.314582485368492648e+00
2.320573187935313975e+00
2.339781077326582803e+00
2.329037110883871886e+00
2.387547946360753404e+00
2.411272233817264521e+00
2.451977449517473318e+00
2.496094441752592985e+00
2.519107086137578833e+00
2.509600186846741021e+00
2.485198391635082160e+00
2.394224287658801131e+00
2.265453291372177880e+00
2.102212977750304468e+00
1.832696151716730393e+00
1.912308100126021149e+00
1.869131016558714053e+00
2.184546080668554158e+00
2.337005453505632602e+00
2.338071345287496605e+00
2.613283390773275983e+00
2.567936661258499065e+00
2.573239466061874481e+00
2.638395165532796405e+00
2.558134234780871985e+00
2.631973085127679024e+00
2.597648083806472830e+00
2.528412617694502984e+00
2.563606702567216011e+00
2.425399694718121779e+00
2.439148988121624839e+00
2.357857959395385006e+00
2.196431429316727080e+00
2.190490353636298959e+00
1.828896335384069705e+00
1.848862821514666965e+00
2.155149733805245660e+00
2.192308392625156976e+00
2.335963676801815936e+00
2.376971719001821803e+00
2.428935759738923394e+00
2.515014044392444692e+00
2.500201401050412109e+00
2.508668816552463987e+00
2.542771564213612834e+00
2.477397105373791764e+00
2.462029403850940934e+00
2.375158329757741882e+00
2.252744703651770042e+00
2.104695214895042632e+00
1.941257048515569350e+00
1.728530382387266862e+00
1.564287314835650422e+00
1.077652570730558867e+00
7.894221897202159388e-01
6.093479577771320210e-01
2.103234155039716002e-01
1.586145013079918453e-01
-5.133091397430281089e-02
-2.217418736406220336e-01
-2.993912354150385369e-01
-4.450099678458326324e-01
-2.699584673509638488e-01
-2.025040169062949091e-01
-1.992580983260823224e-01
2.373258531721241238e-01
3.647140220135480781e-01
7.821445440673209237e-01
1.815937159842817561e+00
2.000342417441983045e+00
3.106847280459271943e+00
3.155565791398434072e+00
3.157483275582725568e+00
3.114229153127440419e+00
3.040729082215209544e+00
2.973448704455427638e+00
2.913388830651974182e+00
2.837848382714154738e+00
2.791759707469388729e+00
2.740766877289468439e+00
2.688610649903149685e+00
2.653650715320852171e+00
2.610076902252315811e+00
2.572916582719978251e+00
2.544511102453202778e+00
2.504075307061612410e+00
2.484667240935287680e+00
2.460759802212648673e+00
2.438347464070204751e+00
2.428952933139069348e+00
2.411335101495073907e+00
2.421816481285725242e+00
2.424614530856299854e+00
2.435465401646162764e+00
2.478155800117349372e+00
2.502188057234930874e+00
2.566601770586208531e+00
2.692547358233568389e+00
2.752940451692677648e+00
2.945643356785025091e+00
2.996582821868684299e+00
3.091530423216967360e+00
3.135692599209483067e+00
3.138978702100152507e+00
3.198559566542296118e+00
3.180441839898068057e+00
3.190450181976466126e+00
3.163133628563282507e+00
3.092242104598400765e+00
3.024415558552535188e+00
3.111082974779605159e+00
3.108755360362462916e+00
3.126444861436776357e+00
3.207802011671150311e+00
3.167211360208773918e+00
3.214818273727016340e+00
3.226616929356414865e+00
3.169820861189338146e+00
3.121811243798685354e+00
3.059824032964646445e+00
2.956144244430712220e+00
2.900265558601604177e+00
2.833929214712305189e+00
2.766192960206370621e+00
2.728420884426721926e+00
2.647756918923497516e+00
2.602759893763890275e+00
2.484436202435389873e+00
2.424028299066404379e+00
2.361626822054987862e+00
2.151707113389068837e+00
2.090405320241006670e+00
1.963924534699104774e+00
1.799919556354789396e+00
2.039715529151675089e+00
2.171563550051471836e+00
2.384463776264452495e+00
2.445186502344283141e+00
2.451147524023292057e+00
2.518545104961020353e+00
2.489115433636621688e+00
2.478787366707764228e+00
2.472048354163370654e+00
2.371670696315903992e+00
2.333743327341820439e+00
2.222177681103381097e+00
2.024022365490170561e+00
1.986760504513725101e+00
1.722879623939500782e+00
1.646314943571379308e+00
1.605708810013289911e+00
1.466117200945247001e+00
1.490601324501769520e+00
1.433345238643132902e+00
1.424056859894528682e+00
1.511234178893053670e+00
1.331293314868600808e+00
1.362458509389832706e+00
1.251823786914587844e+00
1.108543094175461707e+00
1.215094478914827913e+00
1.093844537979345111e+00
1.542967052466445832e+00
1.969112776754556648e+00
2.242042526091329702e+00
3.065217048149580847e+00
3.043000677845854263e+00
3.131090095189498435e+00
2.993171973851307843e+00
2.970721370060021016e+00
2.882333667713609326e+00
2.776643583789859981e+00
2.773531497044973371e+00
2.665513213061550424e+00
2.602580139528130054e+00
2.551304865896397711e+00
2.400848578885970142e+00
2.382573966555171285e+00
2.287488718967417345e+00
2.189301581841970545e+00
2.138440587598866127e+00
2.035888424160271271e+00
1.843502273581211881e+00
1.718519663984044321e+00
1.587076411894342565e+00
1.462849914446304966e+00
1.246920303117251105e+00
1.177709909240331143e+00
1.105492948416187726e+00
1.084534401127416725e+00
7.832673695186123108e-01
6.128609484432419041e-01
3.346851583807528008e-01
-3.449464320262183858e-01
-6.330556083540895829e-01
-6.853478598178045500e-01
-8.422665682473571280e-01
-8.270114200246946323e-01
-8.282736481414672003e-01
-8.659349922540600097e-01
-8.198992988783133651e-01
-8.282708700059734364e-01
-8.093135649223562877e-01
-7.452402259022039566e-01
-7.142417505077592876e-01
-5.648660487292044285e-01
-2.753363767041175358e-01
-1.176862151363431697e-01
6.048050451617650314e-01
1.067938078330199048e+00
1.797717981922593466e+00
2.778941878581540514e+00
2.828114735643938449e+00
2.910725253733113416e+00
2.938862159611629998e+00
2.963521806207003451e+00
3.008312472657168168e+00
3.017388305503352797e+00
3.039436092417153290e+00
3.069799490955036347e+00
3.062405158146485284e+00
2.998609268281285267e+00
2.978170460004289311e+00
2.703709449371091367e+00
2.618873432492344833e+00
2.535849472257814874e+00
2.463525310976091731e+00
2.463589057826343964e+00
2.441819930226555080e+00
2.444315573623954130e+00
2.441194015039100051e+00
2.435739529622169552e+00
2.438007930522559263e+00
2.432869981232245848e+00
2.425752983896037662e+00
2.412766712165553162e+00
2.346940909600133018e+00
2.287557865634244347e+00
2.212514781376886397e+00
2.100386506105136775e+00
2.002070344918010392e+00
1.829534392144336330e+00
1.707253967488008062e+00
1.639580863614800377e+00
1.529155091119392740e+00
1.411948766797107346e+00
1.372275968211450259e+00
1.210712952083381921e+00
1.232382661717937644e+00
1.294010125463482375e+00
1.307606680283358802e+00
1.570023633709340949e+00
1.764762735051804698e+00
2.061517829290265613e+00
2.294523548343890607e+00
2.650351413746633078e+00
2.731804813638462726e+00
2.780258362922086945e+00
2.784577555976583962e+00
2.823627764385884475e+00
2.772511029606284705e+00
2.788381486777223195e+00
2.758694181113985788e+00
2.634667916127263254e+00
2.620931931527126224e+00
2.428095840164868680e+00
2.297642701531733778e+00
2.156791522034065878e+00
1.752083426077620576e+00
1.596446227800055961e+00
1.436138939282767479e+00
1.215140396479873486e+00
1.217959298303907367e+00
1.108936975876967601e+00
1.106069229836318835e+00
1.082594896750519897e+00
1.095935117386891200e+00
1.179402999652471529e+00
1.286186447347416939e+00
1.698850393125824532e+00
2.049490450741820347e+00
2.295068677249297640e+00
2.449310319894925314e+00
2.538165684120302856e+00
2.528213530573860890e+00
2.604479734216460951e+00
2.640499992962090481e+00
2.648469291986911500e+00
2.731139254859708654e+00
2.807118334871113063e+00
2.951880542683315234e+00
2.957677494309622901e+00
3.018057861184936019e+00
3.053932821424690580e+00
2.966105879111967436e+00
2.998510788558173878e+00
2.911089228910978655e+00
2.737344193371859191e+00
2.692144436154606524e+00
2.556922976031225758e+00
2.514425388104922998e+00
2.530070534702642426e+00
2.507357106916483058e+00
2.505683442978985376e+00
2.518352266996178201e+00
2.516874939517390608e+00
2.535992782812878765e+00
2.535598349510266303e+00
2.542255992238379392e+00
2.554944032644011820e+00
2.553016550995914180e+00
2.566790801817055101e+00
2.573429032274666461e+00
2.576053516514398289e+00
2.593869435052198469e+00
2.592092308221424890e+00
2.598689737853708159e+00
2.600069701768330965e+00
2.592479014004274163e+00
2.595088665590307375e+00
2.587925030025290507e+00
2.581056323331405444e+00
2.579609515664908592e+00
2.567188740263799396e+00
2.561146750359531765e+00
2.554312637342434744e+00
2.538087798512027149e+00
2.534558681575569850e+00
2.530330762257134047e+00
2.522459412335502638e+00
2.525768684471132897e+00
2.519185892373724478e+00
2.522216070874691685e+00
2.527166638561949341e+00
2.529618251859259814e+00
2.540653467839020241e+00
2.537562013591907029e+00
2.547943596482424855e+00
2.539926201464788313e+00
2.533869879131358971e+00
2.528853783962848212e+00
2.484304087052061405e+00
2.457536206489603359e+00
1.828450064178849033e+00
1.569472275243330106e+00
9.376093727371077602e-01
7.827223441970140305e-01
4.968695508634188851e-01
3.954913795957314404e-01
3.443139904096932380e-01
2.075296814364653852e-01
2.109429974289953325e-01
1.194638901483087712e-01
7.846261706963490734e-02
8.545170924655016986e-02
4.956103621819579058e-02
1.241738932317279498e-01
1.354359557451159657e-01
1.506373857621761125e-01
2.115950742251859473e-01
2.259614965004881626e-01
2.653871143851170289e-01
3.545684687216335562e-01
3.768172746282042462e-01
4.188288961994541260e-01
4.606714434093440169e-01
4.730613987791378872e-01
5.128235055379052332e-01
5.271710659355930417e-01
5.507314933738153284e-01
5.770205584849583680e-01
5.876040913956422918e-01
6.235235532813634407e-01
6.344909037173047661e-01
6.649194690902475724e-01
7.024755533396145335e-01
7.118409056535992541e-01
7.797865264928751650e-01
8.020939668168430847e-01
8.488945358135835395e-01
9.495878299356520502e-01
9.567250602683566862e-01
1.101691685993847258e+00
1.192940874728490419e+00
1.251941599517002013e+00
1.535695954187251244e+00
1.578544082760354739e+00
1.667463632842241861e+00
1.771649830706572892e+00
1.758947571802459642e+00
1.842393716204924203e+00
1.844091943965149749e+00
1.821212005705913128e+00
1.817337447710984932e+00
1.800197906977797579e+00
1.778573902943645368e+00
1.766731104499932092e+00
1.753130697704022412e+00
1.697898072945854153e+00
1.684813177491875980e+00
1.650480806688316981e+00
1.623480531680265848e+00
1.611927261744001250e+00
1.571995666529881097e+00
1.567430164141007776e+00
1.545192982325807707e+00
1.543327674590915244e+00
1.541041310956819510e+00
1.534359280084900190e+00
1.535162028029386505e+00
1.532503369025553397e+00
1.531099262551538942e+00
1.531087636644023808e+00
1.529765990758675365e+00
1.529646908567295682e+00
1.529258104228877979e+00
1.528815106054769224e+00
1.528810322033526958e+00
1.528260079385854286e+00
1.528317892351098939e+00
1.527916758387465546e+00
1.527200762993563998e+00
1.527767985361334180e+00
1.525762434497511144e+00
1.525793117831945489e+00
1.525870455209880738e+00
1.520179860815006112e+00
1.524445614517992542e+00
1.517204379123182623e+00
1.509454462863408120e+00
1.521545883282589884e+00
1.486179451647909655e+00
1.498653375343897753e+00
1.496701415790017364e+00
1.406382620354762469e+00
1.503567985826830489e+00
1.352014387519561378e+00
1.248578884388178656e+00
1.348130272095374060e+00
