-5.734817474933033999e-04
-6.915257202736962809e-04
-2.518835890397218280e-03
-2.596090715410783248e-03
-3.136662012409501508e-03
-3.452684494308411612e-03
-2.932118098863699829e-03
-3.218474424046996983e-03
-3.123536539234068529e-03
-3.048764699990420476e-03
-3.128887662275865560e-03
-3.064077593500397385e-03
-3.072945948946890354e-03
-3.079814865141862826e-03
-3.060019996569266973e-03
-3.068124852645960979e-03
-3.063482811204697783e-03
-3.059843068092491739e-03
-3.061610545602624044e-03
-3.058481562622950012e-03
-3.057652024383186989e-03
-3.057108841530449712e-03
-3.054846755359436408e-03
-3.053382311092284196e-03
-3.052105480219985140e-03
-3.047500467880068752e-03
-3.045616589573760594e-03
-3.041428168996757660e-03
-3.029947202807046179e-03
-3.031225201089888036e-03
-3.011071280960042704e-03
-2.992775826519083245e-03
-3.000665614317487087e-03
-2.921224140293160812e-03
-2.934031909743120385e-03
-2.900176073574607313e-03
-2.655286394718592204e-03
-2.559698439210337378e-03
-2.455991271781301707e-03
-2.303486230987424489e-03
-2.112258945010645362e-03
-2.083996057457226762e-03
-1.662000976804712919e-03
-1.419705827763307823e-03
-1.339812438639139021e-03
1.093861928067617665e-04
1.831756262365744179e-04
1.281325777709513150e-03
2.138024921807796415e-03
2.266898331622755995e-03
4.114915570937901362e-03
4.327748216568861987e-03
5.324920395435381835e-03
8.907693138380403872e-03
8.073860779515572295e-03
1.003953771554317448e-02
9.565772623513549983e-03
8.179317156200384409e-03
9.923007743249123019e-03
1.096046537848783739e-02
9.412677277777566076e-03
9.611906157056546510e-03
7.772201014771973858e-03
7.116253380754743174e-03
9.290517346142381991e-03
1.006898257296396509e-02
1.293288624855392158e-02
1.597868378937692541e-02
1.901148166301842857e-02
2.071195741308501370e-02
2.659839874500872017e-02
2.710680966392527494e-02
2.711869058107655578e-02
2.909446731915853179e-02
2.772401857019215696e-02
2.713595246296359592e-02
2.724203986970922045e-02
2.323516821434368218e-02
2.258854833653347813e-02
1.990686695564041278e-02
1.072684568683569817e-02
7.982044578838875040e-03
-2.635290831229791797e-03
-1.032492182481322893e-02
-1.471922104094147872e-02
-2.919406799185154250e-02
-3.316416103184169351e-02
-3.881562376389371960e-02
-4.708891668672324227e-02
-4.890600254916704914e-02
-5.406197831269567156e-02
-5.473003511850262071e-02
-5.337782635558617483e-02
-5.497524793641404839e-02
-5.184729877196533887e-02
-5.152165447879583637e-02
-4.982764830935547395e-02
-4.745902780413208816e-02
-4.962144748620374302e-02
-4.606118265773939680e-02
-4.701484722852878467e-02
-4.678914674481575442e-02
-4.187633154570402638e-02
-4.451816843854194267e-02
-4.372785085444721997e-02
-4.078318798788073407e-02
-4.245378589662508056e-02
-4.047961557115967168e-02
-4.296653815160317996e-02
-4.690616894787254243e-02
-4.801908023953921356e-02
-5.006540264652175470e-02
-5.065007319729016716e-02
-5.130156195825769788e-02
-5.180814790201301867e-02
-5.291613604243369101e-02
-5.661406317277456468e-02
-5.679010112294823054e-02
-5.981311954537463227e-02
-5.955510162839132426e-02
-6.147959684988589524e-02
-6.386111178721307069e-02
-6.318901204342790290e-02
-6.484313290450860467e-02
-6.283582333910367468e-02
-6.252442289030610278e-02
-6.084458583233359752e-02
-5.622492954123688158e-02
-5.598503638245129477e-02
-4.591495070129955614e-02
-4.410181834516789523e-02
-3.858386099424067350e-02
-2.426101420755576166e-02
-2.138575985691390513e-02
-1.319397039586476389e-02
-7.667818836058330062e-03
-4.053146596391325740e-03
4.558218699318752594e-04
2.338303005719091342e-03
5.252713637362514329e-03
6.910823464857571673e-03
1.000080737155335277e-02
1.138174937727246677e-02
1.316574537774247225e-02
1.365165796469455795e-02
1.465815151562280608e-02
1.346321342464730855e-02
1.317920212589046916e-02
1.273087310578106639e-02
7.052885912880352964e-03
5.358412326317099975e-03
1.594205181398160179e-03
-4.569567007909054561e-03
-5.393112373381704280e-03
-1.186421419953500103e-02
-1.435355802118135071e-02
-1.602817312158047458e-02
-2.586235115936939832e-02
-2.803638210782739837e-02
-3.146064852551917063e-02
-3.739487396043790490e-02
-3.683915291897474353e-02
-3.892757152146400501e-02
-3.752511880967217273e-02
-3.639378623856322215e-02
-3.570841358858254516e-02
-3.148032001126863100e-02
-3.014984364987366439e-02
-2.581227989209639723e-02
-2.381942844657589792e-02
-2.234156302628036161e-02
-1.994553305800866178e-02
-1.710722413753346452e-02
-1.315391231236663974e-02
-1.008268059024181214e-02
-5.650308717842162168e-03
-3.445743098626970549e-03
5.793412854602405506e-04
5.730332551944175568e-03
7.787226379640175590e-03
1.519459177807015726e-02
1.845866381849674276e-02
1.852966247462037655e-02
2.442971215991977113e-02
2.370125239062490646e-02
2.431899844892701501e-02
2.504973526291806932e-02
2.305135751199204747e-02
2.181575705945937999e-02
2.179063136811263193e-02
1.833893207228386515e-02
1.923046698301631580e-02
1.952217486063671445e-02
1.760561976477076351e-02
1.991573416955989134e-02
1.699828916030101181e-02
1.472321285019928885e-02
1.183183908837998413e-02
7.527826205657845403e-03
3.373660940089272600e-03
-3.160907452006921602e-03
-6.918805581285832930e-03
-1.511378271524631972e-02
-1.885522304129944732e-02
-2.227397843598563285e-02
-2.782083914413919709e-02
-2.897308620659180128e-02
-3.282986086830194661e-02
-3.473077156795912473e-02
-3.389527268416596406e-02
-3.394435162604717005e-02
-2.837206659087322322e-02
-2.370131607139456739e-02
-1.963469943768486256e-02
-1.670614428339032773e-02
-1.137584256873421309e-02
-9.376887549661238816e-03
-4.075012691664030989e-03
1.278143774870431088e-04
1.552572228303428573e-03
8.054144608770481134e-03
1.103441050892165452e-02
1.406684751518581973e-02
2.840865405905799307e-02
3.090517643724079166e-02
4.523534712045604311e-02
5.488018861967459971e-02
6.146648132954339594e-02
8.491314367780689043e-02
9.262250466739319066e-02
1.102667147457163932e-01
1.220789349502437171e-01
1.246575935823129033e-01
1.371522896039393813e-01
1.382087425448559614e-01
1.347172941951222946e-01
1.376510789877300467e-01
1.313669955376936260e-01
1.240632423076546142e-01
1.209568396741149687e-01
1.111072283503321267e-01
1.044353987059754851e-01
9.605472916118418247e-02
8.127252411842740554e-02
7.440701862949121448e-02
5.647441512595437196e-02
4.482001856136209883e-02
3.389316376509123735e-02
1.725269660286878406e-02
1.340325076422520939e-02
9.483752528058173384e-03
1.218076037231377411e-02
1.324503799872551318e-02
1.627334869906160719e-02
1.730338090758589548e-02
2.047345094288298764e-02
2.286166644085137548e-02
2.212212714937998592e-02
2.266587245190505168e-02
2.720422659567844209e-02
2.734034448923764599e-02
2.972440857525247143e-02
3.360678728217107725e-02
3.322814891083968047e-02
3.559899929136838004e-02
3.670588061126515977e-02
3.597899781379948481e-02
4.349910810316780924e-02
4.227231442528303629e-02
4.365610610317165186e-02
4.987166403343797766e-02
4.842527470803928424e-02
5.376809000367795133e-02
5.196393803707509418e-02
5.173905356597004873e-02
5.026641822935865034e-02
4.417741600768446131e-02
4.368147549098722049e-02
3.372299209168218292e-02
3.327017760329688961e-02
2.582947912527355783e-02
2.072696593402476029e-02
2.295176175774537447e-02
1.851506030674398423e-02
1.500609453233022264e-02
1.253087396515044881e-02
9.030328473132665651e-03
7.308672317591798345e-04
-2.764742021781807849e-03
-8.597100491105486020e-03
-1.732907069600965119e-02
-2.249770217909047992e-02
-3.187448718885169119e-02
-3.679606790780289016e-02
-4.716836550190072613e-02
-5.435891592393397864e-02
-6.339038844758157487e-02
-7.775141766503740337e-02
-8.185876704216195343e-02
-9.870284562777470461e-02
-1.065891605061248942e-01
-1.076275203388587509e-01
-1.174924658247566978e-01
-1.175288695723435417e-01
-1.205965690440511523e-01
-1.250663120439872433e-01
-1.213894976431081629e-01
-1.208991891677030639e-01
-1.137796071175546792e-01
-1.037552552214462409e-01
-9.462883871694978410e-02
-7.964907278338165253e-02
-6.931851108442912968e-02
-6.171326155376380407e-02
-5.184475311284417881e-02
-4.292674530063585875e-02
-3.381591439539715499e-02
-2.281189430560721584e-02
-1.284931395874004505e-02
-5.788910305832489084e-03
-8.480916004604755398e-04
2.252953259728915272e-03
4.125728180204294576e-03
7.029599819733443541e-03
8.544293807533494614e-03
9.772071776480206751e-03
1.452501098811315172e-02
1.499138108422426625e-02
1.610013828392296148e-02
1.720033923971730008e-02
1.646666112328190254e-02
1.734630648586049650e-02
1.530651382696280455e-02
1.475078632475231022e-02
1.405565305333289494e-02
7.704296321992651526e-03
8.668408214729471026e-03
3.306880196124857563e-03
1.419373417656829509e-03
2.232614404299295492e-04
-1.176748126773755759e-02
-1.232767219205773215e-02
-1.685973875599828739e-02
-2.188407356368527248e-02
-2.034967907116712674e-02
-2.664385350653254714e-02
-2.439531557666658676e-02
-2.323710195822816307e-02
-2.374056521647175538e-02
-1.919131950917626894e-02
-1.968599215398870658e-02
-1.813164836703788640e-02
-1.704989766637030404e-02
-1.890599196098235318e-02
-1.802209576810514732e-02
-1.933603715391623082e-02
-2.076505516217087496e-02
-2.113180079467209815e-02
-2.355585472908465483e-02
-2.481718810871721276e-02
-2.642661920936435413e-02
-2.977502674858143947e-02
-3.084591681811656508e-02
-3.480761990166245101e-02
-3.710266631331970294e-02
-3.776600864305090094e-02
-4.341288324064386528e-02
-4.339750816007868772e-02
-4.612547312002647504e-02
-4.663009319989249585e-02
-4.614683404751592638e-02
-4.701679149589620132e-02
-4.203395108343081776e-02
-4.074369045520866151e-02
-3.749215651011332529e-02
-3.277401976964314928e-02
-3.189573519765858539e-02
-2.602302477705818046e-02
-2.313753661795574235e-02
-2.266276048614391039e-02
-1.593792681193275176e-02
-1.427804470064713942e-02
-1.213995925278096855e-02
-5.179857065681105904e-03
-1.325627901568428432e-03
-2.075883233382774633e-04
5.863988856013127235e-03
3.048361786142217596e-03
6.277859284878958314e-03
1.982689315576580645e-03
9.723692955290123840e-03
8.108568907389064953e-03
6.368022408574570102e-03
8.072370415157957210e-03
3.501401836862569599e-03
3.330470801102994576e-03
1.756556904981564993e-03
-1.148881673525838218e-03
-1.938939943739069081e-03
-4.766028209520135027e-03
-7.306649080397214190e-03
-9.078209955327027833e-03
-1.334154688352709103e-02
-1.587727776344610708e-02
-1.938512161686022778e-02
-2.590889550125263438e-02
-2.759807818380096561e-02
-3.616139236613213209e-02
-4.342494674683167188e-02
-4.493302582029832376e-02
-6.469106685234718435e-02
-6.527338305065025215e-02
-6.954638251850438213e-02
-7.842293468933100864e-02
-7.331492873124645371e-02
-7.879067679410699243e-02
-7.848263822446770177e-02
-6.641256597168777864e-02
-6.649060639097890968e-02
-5.529118922164565075e-02
-5.045199932536213738e-02
-4.495204570382292653e-02
-3.428792787255791757e-02
-3.253103364981995566e-02
-1.945679946435590127e-02
-1.761156290063288499e-02
-1.610355140093779058e-02
-1.131921146959317601e-02
-1.101041104571414894e-02
-8.758923784976712160e-03
-6.382129338473252304e-03
-6.121636815501161136e-03
-2.828844570897286973e-03
-2.601729278207615039e-03
-2.225842900210813456e-03
-1.183783834799247625e-03
-1.253338067313310850e-03
-1.027341782166115705e-03
-8.495437214785129133e-04
-7.160848487956553675e-04
-6.076250808683239567e-04
-5.346639406786934685e-04
-4.772179887969881852e-04
-4.342873571412306493e-04
-4.040502120878184810e-04
-3.801729946284869042e-04
-3.630601186654928069e-04
-3.503929444225414619e-04
-3.406968469642611820e-04
-3.337700935200188209e-04
-3.285222745394107192e-04
-3.246606074148557708e-04
-3.218536375246997352e-04
-3.197822937356064308e-04
-3.183483533146540994e-04
-3.172722593517659281e-04
-3.167175611929902955e-04
-3.163575593804221573e-04
-3.161653627480147648e-04
-3.167783405784089352e-04
-3.167998065687812064e-04
-3.178646317760304755e-04
-3.199007055025737028e-04
-3.196603297602907822e-04
-3.249268471669274961e-04
-3.272444809665912878e-04
-3.280195505194839810e-04
-3.454198186852798546e-04
-3.390863767696549705e-04
-3.570954912260907105e-04
-3.930624328973549107e-04
-3.546996298478424878e-04
-4.636069241708089240e-04
-4.649304312900999427e-04
-4.134372499807261749e-04
-8.382845852081261115e-04
-8.335674711735067965e-04
