-1.051495326053419671e-03
-1.183740398484295657e-03
-3.351952457615840243e-03
-3.395313955207417567e-03
-4.156069868022118675e-03
-4.539699591537090483e-03
-4.178914339388417262e-03
-4.485830175128383696e-03
-4.449903792327018943e-03
-4.426600565765064291e-03
-4.505799296643242524e-03
-4.476853412130587725e-03
-4.493346968273981452e-03
-4.505408656226604983e-03
-4.499092732182619764e-03
-4.507331009310795028e-03
-4.507690605440329776e-03
-4.507649216193031216e-03
-4.509866548261617057e-03
-4.509421909489295943e-03
-4.509632592364766143e-03
-4.509915203960341429e-03
-4.509190523577758132e-03
-4.508515839093578739e-03
-4.508249102684771907e-03
-4.505376494237756796e-03
-4.504163181654469508e-03
-4.502098522695570371e-03
-4.492249741626617131e-03
-4.494288830058356179e-03
-4.478525881883035908e-03
-4.456428152487555694e-03
-4.471853018627415174e-03
-4.386509815571706765e-03
-4.385096422621660543e-03
-4.384377391637311189e-03
-4.038065691800138413e-03
-4.015538150347317849e-03
-3.918003756601060213e-03
-3.819653122498709637e-03
-3.779369031458675813e-03
-3.748289277223021583e-03
-3.637359833872173299e-03
-3.594883926612388921e-03
-3.577088820865711311e-03
-3.188511937214362751e-03
-3.220180297337466285e-03
-2.889303178936278305e-03
-2.683343306872719002e-03
-2.761349136487172007e-03
-1.934990941234905051e-03
-2.147692071504221038e-03
-1.662191636616445253e-03
4.694885850857293246e-04
-4.317128300660164671e-04
4.835348260162042572e-04
-4.490250412640247810e-04
-2.344112162504542133e-03
-1.154687185542953558e-03
-4.058145828516890059e-04
-2.152598765696969729e-03
-2.060473376125409196e-03
-4.182124571741586971e-03
-5.026327960153742676e-03
-3.598729517930236189e-03
-3.489004572938623171e-03
-1.704902320366332314e-03
-3.120891232949396196e-04
1.426986980345654361e-03
2.090614531597477597e-03
6.828245783770155695e-03
6.939934825221549114e-03
6.970584237438036401e-03
8.341211001335049544e-03
7.816976354407024347e-03
7.798185885547646509e-03
8.347089645131203911e-03
6.698549577836105176e-03
6.889841088348388348e-03
6.652835982084062683e-03
1.028437323783647130e-03
7.568617998867974801e-04
-3.423773870883385119e-03
-6.249481465510936529e-03
-6.841159224285242590e-03
-1.366101919228847154e-02
-1.396817044474725662e-02
-1.490161450223043485e-02
-1.708413515213144662e-02
-1.782351389878282164e-02
-1.964866855780444607e-02
-1.927814365323164345e-02
-1.777765201164877712e-02
-1.741459098137498884e-02
-1.520540445833171335e-02
-1.449156892304560677e-02
-1.220104477971788517e-02
-1.167411658264393311e-02
-1.327727573284572665e-02
-1.141925410924404111e-02
-1.406168348668416015e-02
-1.347874252913972698e-02
-1.227807191678616933e-02
-1.382330998576059011e-02
-1.356611028494317077e-02
-1.215768414464605401e-02
-1.143146215158514362e-02
-1.139304135022886112e-02
-1.257337696475618882e-02
-1.583308737604510047e-02
-1.689294599885897419e-02
-1.713808489435791199e-02
-1.768589014562793604e-02
-1.735316900793238901e-02
-1.695388018037066041e-02
-1.745346784658459438e-02
-1.919382379997360694e-02
-1.819703609031509892e-02
-1.948487260293307877e-02
-1.779333335885187675e-02
-1.886706223700895801e-02
-1.925454947057433225e-02
-1.936582119651145129e-02
-2.009365725115216245e-02
-1.968095785874014042e-02
-2.016071848583114376e-02
-1.975707823208232641e-02
-1.945064589382376058e-02
-2.022592237963270062e-02
-1.670085173363883985e-02
-1.827846878059471991e-02
-1.634227778680818685e-02
-1.009007147994623634e-02
-9.088628272550802745e-03
-5.137341447495068908e-03
-3.357153595358815940e-03
-1.399832375287137680e-03
-6.153492273566873571e-04
-9.282762322711683506e-04
2.509192500760309003e-06
-2.176937504518377208e-04
1.106236820033845540e-03
1.317710230001770816e-03
1.947866583003601479e-03
2.105296957377244312e-03
2.527174282128761412e-03
1.874372122317806075e-03
2.103383995757593036e-03
2.101012279873089739e-03
-1.252724803125189164e-03
-1.694664483903369654e-03
-3.256425012915234278e-03
-5.805936135747574028e-03
-5.519608120791507505e-03
-8.483550057124263077e-03
-8.885490519333851325e-03
-9.419655408278323344e-03
-1.542342285962577768e-02
-1.616730410589644132e-02
-1.774267940937312993e-02
-2.073916657653887552e-02
-2.039269858078181230e-02
-2.112774217274874383e-02
-2.024490775652631330e-02
-1.957292464275810218e-02
-1.926623291860304205e-02
-1.688137139813445167e-02
-1.653836057581137275e-02
-1.465607567277613099e-02
-1.489674169011496671e-02
-1.535030884306691837e-02
-1.481791152122397849e-02
-1.376119503015264117e-02
-1.135277700552547731e-02
-9.926759893341550317e-03
-7.639670672539273719e-03
-6.831840219195558887e-03
-4.974538379748526598e-03
-2.194228280815693072e-03
-1.469078813476211486e-03
2.724983792739014456e-03
4.372574064108535052e-03
2.911342066394996628e-03
6.334557138235815364e-03
5.056177507039536466e-03
3.920322744115536939e-03
3.532605145047159906e-03
1.629116847478626669e-03
-1.122129688468713167e-04
-2.025352773354521818e-04
-2.274498287174356575e-03
-1.520907678000843130e-03
7.493020783431819881e-05
-3.933397754486865822e-04
2.288447304397966779e-03
1.869335673360195691e-03
8.819264872725589982e-04
4.477370797616112962e-04
-1.002838977098125970e-03
-2.958768352165554606e-03
-5.596058581749436926e-03
-7.186241962978909617e-03
-1.228049073233305165e-02
-1.357353704936144385e-02
-1.553282536755639862e-02
-1.849777598856105348e-02
-1.888762823622477244e-02
-2.172174091729248135e-02
-2.255243444761207902e-02
-2.262060185575531443e-02
-2.233278523392188963e-02
-1.812010579722243830e-02
-1.503852514931471041e-02
-1.219395074598395197e-02
-1.155741800020585776e-02
-8.380128469695772436e-03
-8.086719691271549576e-03
-5.416837747847493001e-03
-3.715349371407649162e-03
-3.477942522866241115e-03
-4.317697822770835301e-04
-8.726953693086598714e-04
-6.225628318034902428e-04
2.303201938477564270e-03
2.775350914915447002e-03
3.571792680892211386e-03
3.591474229542852056e-03
3.477408655940828538e-03
5.119756008178827020e-03
7.790453924947282963e-03
9.161609288102315687e-03
1.262090550240896683e-02
1.329410715198790956e-02
1.379565093510349075e-02
1.437599966599979739e-02
9.332615353975032280e-03
8.641027762395912803e-03
6.239399162753010361e-03
1.037499192732866012e-03
7.716534632959434585e-04
-1.505734233090862476e-03
-2.852354605624549729e-03
-2.872681013668534813e-03
-6.015002933426684233e-03
-6.242729013140678462e-03
-5.901139509225455763e-03
-6.796300387468007242e-03
-7.681096987821736839e-03
-8.034417186347194914e-03
-9.454196811552927071e-03
-8.324965920362048868e-03
-5.207557427383649115e-03
-3.419252236788613251e-03
-1.543464736023820050e-03
-2.293979813195803907e-03
1.763481858182867771e-03
2.047262940749735270e-03
6.152825517156008126e-04
7.486143486571504449e-04
1.867433148415385607e-03
1.664240223229284657e-03
1.790187299644084443e-03
2.585505057377729832e-03
2.085342666835499591e-03
-2.840192996943030580e-04
-1.048992923966109462e-03
-2.420394559666489125e-03
-2.431067191552972837e-04
-1.847261439935282863e-03
-2.321613560890098404e-03
-1.478496404771517453e-03
-1.449290128493397993e-03
6.348519926722954619e-04
1.187034858421614179e-03
1.683375595323675098e-03
2.851841924732195256e-03
3.628121374556578672e-03
3.613124889279125708e-03
6.065476020393589796e-03
6.477861660008085200e-03
2.583035626276389708e-03
2.546338631976496295e-03
5.110347178778080340e-03
4.367375783142377933e-03
3.692927729315075708e-03
3.534312608898211323e-03
3.204377082195620109e-03
-9.624219499134533231e-04
-1.379397463528382866e-03
-2.746266521157453809e-03
-5.897433684661156431e-03
-6.284287334603949095e-03
-8.433332321295779893e-03
-8.924373093292614287e-03
-1.072758923005128623e-02
-1.259143374978196651e-02
-1.595074176868462035e-02
-2.013582293186733096e-02
-2.240694734954583670e-02
-3.101156897379420824e-02
-3.410303865564321552e-02
-3.485870706043829592e-02
-3.847245982276202569e-02
-3.860792075568165310e-02
-4.028814554599627340e-02
-4.127421946443347867e-02
-4.063301289588987925e-02
-3.915246849075317698e-02
-3.506197448882268641e-02
-3.016786551189284959e-02
-2.479210858421156821e-02
-1.875279269680684563e-02
-1.474393975082414696e-02
-1.395872560576202209e-02
-1.195221955707135089e-02
-9.959510197898546052e-03
-7.807417963397594862e-03
-3.913165378139268728e-03
-4.551449742204374403e-04
1.325897927687768110e-03
1.797740790362679962e-03
1.625058826624691411e-03
1.263137491779335901e-03
2.034902813565348228e-03
1.878411682107778216e-03
2.021015146144891465e-03
4.853234835995872895e-03
4.860773012664425588e-03
5.114151804206944034e-03
5.666763365409315661e-03
5.218977695531256365e-03
5.665575397952507704e-03
4.612016153012142919e-03
4.455848902623529839e-03
4.358950182037604065e-03
2.270997571968794723e-04
1.234562715285601395e-03
-1.437973123898927952e-03
-1.806976299730886446e-03
-2.024123184803907922e-03
-9.727484539998002694e-03
-9.849710789613282114e-03
-1.150700400703677864e-02
-1.464688511097361409e-02
-1.330806761834794384e-02
-1.740945730539440739e-02
-1.548773668316212257e-02
-1.418828700652178913e-02
-1.392235047233496975e-02
-1.043251184946369231e-02
-1.028021321923768688e-02
-9.132587252644234696e-03
-8.174067440278853444e-03
-9.334430074960275298e-03
-8.519085864361619631e-03
-9.050592887527922348e-03
-9.752110897523045066e-03
-9.476999976507749501e-03
-1.107519397378807849e-02
-1.136623648348994431e-02
-1.209951727456653157e-02
-1.425261608454941008e-02
-1.349765308560191106e-02
-1.652184585220112245e-02
-1.643760981091902523e-02
-1.622214524528987553e-02
-2.011140724494179036e-02
-1.979827658829513837e-02
-2.176451856104764937e-02
-2.195689672123134900e-02
-2.191462797439112237e-02
-2.256607464550830500e-02
-1.891649133253169371e-02
-1.836575719790087963e-02
-1.647299780232205565e-02
-1.405378162254968498e-02
-1.416489708193153715e-02
-1.114686780317062330e-02
-1.043384293291601574e-02
-1.176199149810434018e-02
-8.638718670967059782e-03
-8.909484737710245822e-03
-8.688185668328327754e-03
-4.660834813616684426e-03
-2.195515675615643605e-03
-2.622118255251601211e-03
1.481099833782514646e-03
-1.822360593049135924e-03
-8.200203900773490829e-04
-4.142348151184175112e-03
9.472835759683507486e-04
-3.228434025097204991e-04
-1.576022477393853455e-03
-8.216142091001184299e-04
-3.200792948440681508e-03
-3.125218783603671453e-03
-3.549282343813311112e-03
-4.266650597326268612e-03
-4.201164811479793371e-03
-4.657601175991214586e-03
-4.907205982338202523e-03
-5.007845740938388253e-03
-5.664772087238937638e-03
-5.764374455316754846e-03
-6.394901162531482774e-03
-7.737876002949866348e-03
-7.477126797913302009e-03
-1.056080323848104449e-02
-1.219451304462190744e-02
-1.252392896313570328e-02
-2.369121681440257421e-02
-2.379402796270351991e-02
-2.641198990016493248e-02
-3.062087837624081696e-02
-2.902058790428233004e-02
-3.306267911777887453e-02
-3.348348849982728248e-02
-2.897289439757405258e-02
-2.882503112087351355e-02
-2.401729856013885139e-02
-2.260450334394272995e-02
-2.035947816609616837e-02
-1.630298953008960453e-02
-1.581199941275612808e-02
-9.608043230900243509e-03
-9.322988720633083523e-03
-9.272511490123343594e-03
-7.386933948187388022e-03
-7.532872191663547365e-03
-6.704069446338357767e-03
-5.527468756232056801e-03
-5.575225160034416767e-03
-3.385486813700936543e-03
-3.449832688528832805e-03
-3.382069540047247073e-03
-2.805538644202734341e-03
-2.954003935466929798e-03
-2.917910311598424268e-03
-2.877712687480118992e-03
-2.804889550772450731e-03
-2.786953706263605758e-03
-2.761911687394689920e-03
-2.742747763230373673e-03
-2.735932746505337528e-03
-2.726204141855307749e-03
-2.721329419367177465e-03
-2.718253131155205522e-03
-2.715120786997041440e-03
-2.713710150172111979e-03
-2.712454868731056703e-03
-2.711532095710279984e-03
-2.711056150562033210e-03
-2.710609681287674388e-03
-2.710345523691296346e-03
-2.710205016798175517e-03
-2.710055399202181137e-03
-2.710030579254688477e-03
-2.710064081291866343e-03
-2.709976760229395286e-03
-2.710274675353949777e-03
-2.710325232069035837e-03
-2.710326935372966897e-03
-2.711561423891943167e-03
-2.710824295524174709e-03
-2.712330393148890389e-03
-2.715193954458052384e-03
-2.711205386930833679e-03
-2.721999201888117888e-03
-2.721069117264495862e-03
-2.714528431950817035e-03
-2.759085200062837921e-03
-2.714931841084279769e-03
-2.757373101932104713e-03
-2.857410723781643024e-03
-2.645086142059671803e-03
-3.068671813154970254e-03
-3.169005808386916347e-03
