-1.949543779951443470e-03
-2.250361354008480717e-03
-5.283897420594785635e-03
-5.073176098782034189e-03
-7.156162142965084849e-03
-8.030682144357113861e-03
-8.426902243905106185e-03
-9.338038454542209321e-03
-9.592134495643257763e-03
-9.947102917099846786e-03
-1.027373680521278046e-02
-1.040488873247569224e-02
-1.059845915528567946e-02
-1.071407508426041114e-02
-1.079329027371551605e-02
-1.087780130155520386e-02
-1.092333421139153778e-02
-1.096377842385066331e-02
-1.099461045685450229e-02
-1.101179527976920217e-02
-1.102372149467596187e-02
-1.102854228960442780e-02
-1.102646396834039075e-02
-1.101380226099840133e-02
-1.100198910415366507e-02
-1.097215304699906621e-02
-1.093141882663162083e-02
-1.089987978892812369e-02
-1.080613614553696186e-02
-1.074040883542485419e-02
-1.064812955814032312e-02
-1.041572344515210788e-02
-1.036702236042761488e-02
-1.001856045343484797e-02
-9.613541512885794352e-03
-9.626762149389752818e-03
-8.421576827343128097e-03
-8.411273263537601824e-03
-8.081158287875929436e-03
-7.709129820539374622e-03
-7.670566643622737761e-03
-7.544944361489128171e-03
-7.268607334224149938e-03
-7.388341370152896707e-03
-7.263137307658194299e-03
-6.622772523584052710e-03
-6.407271267375524472e-03
-5.083619722393474191e-03
-4.173170735100737577e-03
-3.838588221742896597e-03
-1.851256626492850128e-03
-8.225639857590801626e-04
-2.635143719238580424e-04
4.864094972774222515e-03
5.940658770492962537e-03
7.661943248726850800e-03
1.079247324990076362e-02
1.068406425825145327e-02
1.008285527531927427e-02
6.802611397416777513e-03
5.743266969005030205e-03
2.579433461698544747e-03
-1.105254562678277628e-03
-2.306692462980674142e-03
-7.335458750625308000e-03
-1.006659860985709837e-02
-1.118775302931349601e-02
-1.367610492853642452e-02
-1.383198383688045291e-02
-1.536518340452683144e-02
-1.850463765726758497e-02
-1.909951870567726945e-02
-2.047080983970910387e-02
-2.155890527103831653e-02
-2.193579503556270655e-02
-2.310541704580245520e-02
-2.282063695850433671e-02
-2.378749381496705895e-02
-2.401836820707133058e-02
-2.286937900857248518e-02
-2.567242207279122473e-02
-2.424514956271742877e-02
-2.317501014475059629e-02
-2.307019179138279294e-02
-1.872342654052866137e-02
-1.521714613020993395e-02
-1.112790638849144725e-02
6.053259605711693546e-04
6.381612243420796589e-03
8.468499240182820673e-03
1.297095937980508734e-02
1.294205777992349024e-02
1.481855949403529382e-02
1.563340879261590835e-02
1.612095389218713010e-02
1.685728023116317073e-02
1.572409865659265063e-02
1.574946742988764942e-02
1.388523462354953643e-02
1.263614014082206465e-02
1.226850603452427774e-02
1.075757318052949878e-02
9.994256789726613938e-03
1.198412726165221792e-02
1.492640704890190601e-02
1.528560176846889204e-02
1.840020698367698937e-02
1.540126994708992253e-02
1.613771857304279952e-02
1.994735263290603119e-02
1.989452700796266044e-02
2.343613745657013858e-02
2.465960659215681722e-02
2.190678686663860564e-02
2.124574802749761016e-02
1.779748320431680936e-02
1.585734869210085607e-02
1.458325078225941596e-02
1.125331695957141644e-02
8.363303055758105481e-03
6.653781300146517988e-03
3.421857250303980604e-03
2.988841764623572251e-03
2.103181282357354485e-03
8.846281642567384610e-04
1.314390595970001564e-03
-6.011057612689152006e-04
4.054536081851057476e-04
-3.806142200655237315e-04
-4.729953759461547752e-03
-1.526846959089247363e-03
-2.154664403358171228e-03
-4.581433389340452446e-03
-3.380574402495151697e-03
-6.522951899290778920e-03
-6.842594340036564464e-03
-8.608915012137495840e-03
-1.109719535698462309e-02
-1.143677572328275285e-02
-1.330852762478434807e-02
-1.389516675135934673e-02
-1.352744987591478730e-02
-1.387768037023847517e-02
-1.403434392749574114e-02
-1.334890556910152751e-02
-1.374583961786276891e-02
-1.249310275633557822e-02
-1.190891645851451311e-02
-1.190510955576209833e-02
-8.182471016010026826e-03
-7.300260789603834830e-03
-6.534364738887728750e-03
-4.366756566100118454e-03
-4.124103985933393578e-03
-5.692497957502689471e-03
-5.491912422752476090e-03
-7.769905999911635823e-03
-8.263383525454297274e-03
-7.808954102100707992e-03
-5.390693715235400640e-03
1.021735998085225323e-03
3.398038130549842564e-03
5.932139086690793768e-03
8.490067002324004283e-03
1.039400267497572056e-02
1.208542954929808615e-02
1.452016418074079246e-02
1.551275670449105484e-02
1.664577361032106712e-02
1.977171957908741007e-02
2.432306517550045927e-02
3.455862684159187459e-02
4.233426983208846833e-02
4.545364504339592659e-02
5.004118183435996015e-02
4.963276553242461364e-02
5.076981745493228115e-02
5.065766585855768778e-02
4.932006736717416129e-02
4.964684542706834791e-02
4.544082108347649585e-02
4.396690753505288346e-02
4.153920489309508718e-02
3.747198287100122344e-02
3.677144039429344757e-02
3.376721641290320042e-02
3.288001072072661846e-02
3.434370865765404290e-02
3.380961293932525924e-02
3.430183065416289589e-02
3.633919434247880748e-02
3.523045107810045262e-02
3.355412994704689428e-02
3.325192456419817644e-02
3.037061716223792007e-02
2.971164684177614312e-02
3.003441781827453569e-02
2.913538209312557456e-02
2.917645294844007503e-02
2.950619541255606465e-02
2.953668806948021516e-02
2.930455152978264644e-02
3.124067341695672614e-02
3.093063509316765214e-02
3.029454211022408056e-02
3.124872600106238726e-02
2.864922077754650936e-02
2.793778603497255181e-02
2.692603366923598113e-02
2.125710088280466023e-02
1.996670382982645292e-02
1.466763077420575254e-02
9.544415266499624989e-03
6.902873351650021944e-03
2.494260693084250462e-03
1.107687149337700973e-04
-2.405941985611395433e-03
-6.091315356449023000e-03
-7.112117640637311694e-03
-8.625052215565852734e-03
-5.875713787423061073e-03
-6.526439076625403270e-03
-3.584836589272770869e-03
5.026502703617906202e-05
1.452681569928667999e-03
6.082582507591481440e-03
7.955799407447193550e-03
9.933505286899010217e-03
1.542102528050284284e-02
1.703712441073058220e-02
2.085403617798803344e-02
2.110719497010112022e-02
1.996547989305478416e-02
1.997673522444846222e-02
1.842735028007271708e-02
2.065585384403986410e-02
2.092414702103557317e-02
2.111671383587497217e-02
2.568019296594457879e-02
2.636467367707465148e-02
2.594858475986711044e-02
2.758226729955418760e-02
2.441705035821330888e-02
2.030039274501113655e-02
1.788449073053793859e-02
7.423425176641423699e-03
2.781954209099604062e-03
-2.590493532727792137e-03
-8.950459040242565376e-03
-1.114749349645586737e-02
-1.221222127828860624e-02
-7.689380789099821943e-03
-7.718006395393681683e-03
-9.901368135157613201e-03
-1.244585443391734748e-02
-1.252230352603593035e-02
-1.178633521580522980e-02
-1.954743576671393382e-02
-1.932055768513810112e-02
-2.040471092655479768e-02
-2.309784481368304734e-02
-2.389109512058876922e-02
-2.628975623848963522e-02
-2.760655857974373545e-02
-3.047770947306649089e-02
-3.376979728359703198e-02
-3.515494803222096731e-02
-4.024060074303095064e-02
-4.079767089239202948e-02
-4.089237324761482717e-02
-4.507041970489547578e-02
-4.378994430245081171e-02
-4.555548857443694755e-02
-4.354238808953400652e-02
-4.241571609307037694e-02
-3.893328926692218167e-02
-3.392096985367042128e-02
-3.193453342725725841e-02
-2.102205323394949754e-02
-1.939214112949904853e-02
-1.090473909855314318e-02
-5.981484936128080021e-03
-5.337544866471160936e-03
-4.100873577555475230e-04
3.039977523913199847e-03
5.611646803021759847e-03
9.722861200262913201e-03
1.539815788637465162e-02
1.938760003897550127e-02
2.495302168728621289e-02
3.009618912414473157e-02
3.606103926480323102e-02
4.528144178708028156e-02
5.117041661193824642e-02
6.255531955265276889e-02
7.257999491731793873e-02
8.300288556650846361e-02
9.833113287411598957e-02
1.035297996859708414e-01
1.167517321113092643e-01
1.206307234311823490e-01
1.250323469348169070e-01
1.299189447497034466e-01
1.285194414368924232e-01
1.318925799433783019e-01
1.292737949838936862e-01
1.255105705163676033e-01
1.227970766076089265e-01
1.088085808801377008e-01
1.005894820987073418e-01
8.759287367957392656e-02
7.091420115895082088e-02
6.216331889381889603e-02
5.551478903868763137e-02
4.630289866833577073e-02
3.904764087841477299e-02
3.102173043282413153e-02
2.439610672528733787e-02
1.838734909814519064e-02
1.498627931216473842e-02
1.259689204200942214e-02
1.172182552331727315e-02
1.042111134946396150e-02
8.316963301754286622e-03
7.563270013855671360e-03
6.432832972882105045e-03
4.430238402229284139e-03
3.970428229287867143e-03
3.428920347346813436e-03
2.701772938920721841e-03
2.695482094776498628e-03
2.127549753745467797e-03
2.302121625421571591e-03
2.235486727548616041e-03
1.880319800636337481e-03
3.261932915469445849e-03
3.190339728459847934e-03
1.933292764741748526e-03
5.396225481654295161e-04
-8.157892108658043422e-04
-2.546931545162600934e-03
-1.561526164428047713e-03
-8.290007567135731018e-03
-8.894803147181631203e-03
-4.257251814370800053e-03
-6.789918651921220821e-03
-1.114184588836587180e-03
3.387637842895447650e-03
6.062464000555462841e-03
1.277789316581274572e-02
1.441652969753770379e-02
1.883712317492334393e-02
2.006634389904184135e-02
1.915977353509201730e-02
2.000872826272543856e-02
1.794464442502429272e-02
1.729754185718061776e-02
1.390144082789567838e-02
1.122194973523612908e-02
1.126270773825685523e-02
8.636127070044850515e-03
7.066379207554172003e-03
7.682088280055585604e-03
2.013355562947024592e-03
-4.434177024113337279e-03
-7.959742558480809027e-03
-1.541576247030326460e-02
-1.821752984470700540e-02
-1.949600976344985012e-02
-2.304875003960297000e-02
-2.367095441673482126e-02
-2.523569183662253274e-02
-2.600299485386594819e-02
-2.598529846793699166e-02
-2.754860731566210336e-02
-2.696024179273775329e-02
-2.785043414567340420e-02
-2.735204499896733490e-02
-2.669504291056798428e-02
-2.753037726017857484e-02
-2.476501468416829679e-02
-2.469200532963572101e-02
-2.091860587775884114e-02
-1.846545744278665913e-02
-1.458907873482182677e-02
-1.162119144827246375e-02
-1.153823569669881061e-02
-1.223843391581109531e-02
-9.548527956539622913e-03
-1.531736126921859863e-02
-1.412535793707832971e-02
-1.166076182478766564e-02
-1.867556061419878982e-02
-1.699468502588344712e-02
-1.913089499707329791e-02
-2.163477477794876341e-02
-2.088816436708330893e-02
-2.297208200531021885e-02
-2.325155252221909608e-02
-2.327658155141786728e-02
-2.401817900976085940e-02
-2.361199273029021550e-02
-2.335941899696387589e-02
-2.305465610458203030e-02
-2.224623173400375881e-02
-2.114688184751347191e-02
-2.043251993739597996e-02
-1.871350779799325556e-02
-1.704183844188832814e-02
-1.614622758084891668e-02
-1.281372803006362859e-02
-1.214693952750521729e-02
-1.153838685871310873e-02
-9.594593318658462683e-03
-1.007585038579465221e-02
-8.374740848651774164e-03
-8.256528363678487456e-03
-9.159520525610816144e-03
-9.038893344704883662e-03
-9.489403910127711464e-03
-9.996090989670176549e-03
-1.002166701766837170e-02
-1.119591000146380119e-02
-1.115584762768172776e-02
-1.173939717237360708e-02
-1.166603794021990256e-02
-1.137519683723450629e-02
-1.134248297145908080e-02
-1.124161395247320547e-02
-1.073889461363462978e-02
-1.047468418865071284e-02
-1.040215432697482074e-02
-8.719414638550592594e-03
-8.607885593332018082e-03
-8.181948026338021693e-03
-7.581384378244662194e-03
-7.528844571114226905e-03
-7.472766477132584788e-03
-7.374045545698167288e-03
-7.432439749344053707e-03
-7.382531061078619929e-03
-7.375307482646858460e-03
-7.382782822441037208e-03
-7.362160177773455216e-03
-7.365658516260412646e-03
-7.361746898768583604e-03
-7.356373713122968047e-03
-7.357484947654881723e-03
-7.354398199450803801e-03
-7.353477369596054039e-03
-7.353131892486126399e-03
-7.351879294495986157e-03
-7.351786180027125063e-03
-7.351178400552878071e-03
-7.351024132700881807e-03
-7.350862439035875905e-03
-7.350289764848946632e-03
-7.351142651512079275e-03
-7.349920255629236766e-03
-7.350329641910983633e-03
-7.352080169220678689e-03
-7.347527115823401615e-03
-7.353649913664048361e-03
-7.351338527746833877e-03
-7.343472575749600099e-03
-7.366531163792797848e-03
-7.336682475695898223e-03
-7.350940937947319023e-03
-7.389966982056179849e-03
-7.279108234874149923e-03
-7.432686390678839954e-03
-7.359670413188767503e-03
-7.181310045238905281e-03
-7.732997976016147378e-03
-6.965685600521524107e-03
-7.325561272621968802e-03
-7.748513544163409920e-03
