-1.029623333791110764e-03
-1.152059155562187029e-03
-2.506236819482235770e-03
-2.550671537851119993e-03
-3.310699888055953707e-03
-3.521922768765107809e-03
-3.353491823407725794e-03
-3.605064580521972779e-03
-3.576360615031749270e-03
-3.591616964221923825e-03
-3.650955386298688349e-03
-3.635920054052291239e-03
-3.656050359164544124e-03
-3.665226912234361995e-03
-3.663969929528026158e-03
-3.671686880337368068e-03
-3.672475541407460662e-03
-3.673620315557078134e-03
-3.675563068043971246e-03
-3.675549387231871745e-03
-3.675954342105918187e-03
-3.676117709257546370e-03
-3.675683465526320085e-03
-3.674856492524145382e-03
-3.674427588800577380e-03
-3.672135228464349851e-03
-3.669719191068528726e-03
-3.668301223875371914e-03
-3.659166672725729010e-03
-3.656594678610237438e-03
-3.647401709507800804e-03
-3.619622427587648739e-03
-3.626915094659837347e-03
-3.568879365076675983e-03
-3.519324007398711308e-03
-3.547868764655567192e-03
-3.270876603094093581e-03
-3.260135708167581810e-03
-3.159480679522542503e-03
-3.070228554072566840e-03
-3.013524161899824340e-03
-3.059974735595441357e-03
-2.832429887321758627e-03
-2.898277822827705161e-03
-2.974967566634422779e-03
-2.021542213137537004e-03
-2.000161008331732739e-03
-1.046035097414557604e-03
-5.389531031399711746e-04
-4.837792802724415848e-04
6.686408002535293178e-04
1.072290252846292563e-03
1.258146750282165306e-03
4.970649567912899594e-03
5.815578739465039615e-03
6.858931569607364283e-03
9.488637865590576065e-03
9.749880242213052398e-03
9.266453865713085436e-03
7.063498039531492315e-03
6.570047956698382707e-03
4.641581823209335426e-03
2.615721578562732550e-03
2.275588209066075479e-03
-3.462086809567543931e-04
-1.669018396400031050e-03
-1.419958296271027921e-03
-1.773937639096165699e-03
-1.055203816064335248e-03
-1.114778377763875382e-03
-2.789391392299262959e-03
-2.803289801453204191e-03
-2.992307280640783222e-03
-3.360894844722797474e-03
-3.305388939121411095e-03
-3.365199621601571139e-03
-3.284553812278196479e-03
-3.294086939313531793e-03
-2.866963683848637590e-03
-2.752482208638790812e-03
-2.765796462824082064e-03
-2.788756148702173712e-03
-3.040977979143905975e-03
-3.767291165556147653e-03
-2.809832985452694661e-03
-3.400336377667078497e-03
-1.898430199054776998e-03
4.708678900025205401e-03
7.176141537494584027e-03
7.734672943633407252e-03
1.002210192915448106e-02
9.630318414195005242e-03
1.049454270755917872e-02
1.058227571117038336e-02
1.092440693255608726e-02
1.098276984528226766e-02
9.951588237189626374e-03
9.749110614763490182e-03
7.828798127570651619e-03
6.801909134131545361e-03
6.072923845056052081e-03
4.507702082220735144e-03
3.726361396075634179e-03
5.054415287548459472e-03
7.170996453297303133e-03
7.561516851854157423e-03
9.486127109186609854e-03
6.867901876237430744e-03
7.232581859315719355e-03
1.037641181544528626e-02
1.078712646919582387e-02
1.366716840789635075e-02
1.484467641549903384e-02
1.288698323432445336e-02
1.166536802014116712e-02
9.488100108570585861e-03
8.592518147310934662e-03
7.811808977347249952e-03
6.187752546487224753e-03
4.631721330107660926e-03
3.805543312255540208e-03
2.225261326789418521e-03
2.163889228211737271e-03
2.124757556263630765e-03
1.915887791041136689e-03
2.263926976830893823e-03
1.614867106956258385e-03
2.855455096300068846e-03
2.392076778941966842e-03
-4.089942622024967289e-04
2.069295143941117347e-03
2.393721278849127079e-03
7.085706728042754548e-04
1.756099330839295094e-03
3.751614427726997388e-04
2.083844901657244588e-04
-7.014315112407936499e-05
-1.282685837898384562e-03
-1.166783659135169635e-03
-1.881333067609448862e-03
-1.989368906402448362e-03
-1.341630695622487036e-03
-1.303903357064650119e-03
-1.380210622043864755e-03
-1.012941571286686635e-03
-1.231910249059300216e-03
-6.444026012586978602e-04
-5.687143839695624203e-04
-6.835745722823729099e-04
1.642060826051968021e-03
2.010429272990516252e-03
2.260149178984982143e-03
3.297088652955043869e-03
3.283753394894064429e-03
1.533445393218491005e-03
9.150629784657476765e-04
-1.213360945203986177e-03
-2.598967227107144493e-03
-3.252410245214068085e-03
-1.877948747695859380e-03
1.970042124709452374e-03
2.850914235523630946e-03
3.852219793943640908e-03
4.644696693627619992e-03
5.095687238729344239e-03
5.470224329830413942e-03
5.938050631408366836e-03
5.194675621739317309e-03
5.180668639172042803e-03
5.384913128265325297e-03
8.000341799966097928e-03
1.543654866856385838e-02
2.081845665694711384e-02
2.286360589276550254e-02
2.607454202466458898e-02
2.545002372527487011e-02
2.606786040168895813e-02
2.581486090085345977e-02
2.491930957926797793e-02
2.510752479383319968e-02
2.194525145865304505e-02
2.098526230921056099e-02
1.921052163145608657e-02
1.632010036204530404e-02
1.598157907378927600e-02
1.369495573792445589e-02
1.354711476009503625e-02
1.494605471020154369e-02
1.476109103280015544e-02
1.581268675808576024e-02
1.724107433573401904e-02
1.706307408598681241e-02
1.627879350678787529e-02
1.614142861999692466e-02
1.519291332948693139e-02
1.464174781570696735e-02
1.544151888339696972e-02
1.486636831775934621e-02
1.499302662274947309e-02
1.515493444872380649e-02
1.469131269078114040e-02
1.479583711561268528e-02
1.489765201814602889e-02
1.489623237338820808e-02
1.436294387678428708e-02
1.465725622529454736e-02
1.368696613102504157e-02
1.327694065802130334e-02
1.309503775721673931e-02
1.020324781876901302e-02
9.359031213982935832e-03
6.816599705289620552e-03
3.616638803387715873e-03
2.396926271113315136e-03
9.697026734453987511e-04
-3.584620905099996529e-04
-9.642124913433955391e-04
-3.583980155175411214e-03
-4.225593535512257512e-03
-4.966343424365993534e-03
-3.649763150275624288e-03
-4.133067593445749824e-03
-2.060473601820240943e-03
3.894387248961169085e-04
1.424773484913830933e-03
3.853059142347253600e-03
4.468646767688455937e-03
5.262766331151800744e-03
8.083847658981216724e-03
9.193086440415967203e-03
1.145883577786203922e-02
1.148770928891194344e-02
1.021207449670397810e-02
9.821921237200957611e-03
8.583779582620562620e-03
1.018656124756782584e-02
1.001269400113326789e-02
1.046304253683107838e-02
1.367433238755873422e-02
1.452702383145481300e-02
1.454926533998282707e-02
1.571906660191519506e-02
1.420150601705013477e-02
1.142634455074130126e-02
1.022054730628733053e-02
3.775317731443787305e-03
9.267735245038580824e-04
-1.206933008145255615e-03
-5.360205228214431558e-03
-6.130886568570671769e-03
-5.641923540293124553e-03
-3.171499250671566878e-04
5.881283983141098216e-04
-2.364429229102450909e-04
-3.696585646560527402e-04
1.389634834226838593e-04
1.759042338798152451e-03
-2.461138632868375628e-03
-1.933650393780030150e-03
-9.199103640143627266e-04
-1.650825544026989986e-03
-1.416729569474869856e-03
-1.303640400458805013e-03
-1.501474595375560305e-03
-1.654444150572358758e-03
-2.296080938811355734e-03
-2.728634063014729900e-03
-3.379074048647195353e-03
-3.056237173876989038e-03
-2.227384312628942053e-03
-3.098511283905983332e-03
-2.962816157676202451e-03
-3.708689141156937090e-03
-3.783145210532500198e-03
-3.929361727836273160e-03
-3.735738048285459998e-03
-3.705457008311989226e-03
-3.485340518858999568e-03
-2.120173551967842462e-03
-2.128862918027958802e-03
1.954283794494407998e-03
2.363400264478610329e-03
1.271409424673857749e-03
2.291032915874747708e-03
2.646870485384463477e-03
2.501799778897569135e-03
3.033804717031773988e-03
4.327514512847166830e-03
4.246519256275378337e-03
4.609856961900106291e-03
3.092494925603845191e-03
3.446578269098622780e-03
4.661338164330008915e-03
4.511796959394851966e-03
6.696974920895280674e-03
8.465650755541020284e-03
1.064887263887579275e-02
1.613458257493707165e-02
1.761706412661458512e-02
2.180326837614682961e-02
2.321257850438175618e-02
2.373870206951988332e-02
2.494049544551330683e-02
2.496152393042476436e-02
2.556298928127063996e-02
2.479259621244490897e-02
2.432462218618207037e-02
2.249746983470516520e-02
1.969399360730538645e-02
1.633052916654862893e-02
1.239563497338090625e-02
7.780845292735366972e-03
4.989530722692257433e-03
5.593171980343118396e-03
4.131817935950173569e-03
1.479997333304656050e-03
1.008978403403349572e-03
-4.218463029874854964e-04
5.296511438725558111e-04
7.946965107816374814e-04
1.773188697715622885e-03
3.194452708308031554e-03
3.534096997632721251e-03
3.119095340891486160e-03
3.499464836892292752e-03
3.355436863488535718e-03
2.530814941939906002e-03
2.595954895495004681e-03
2.677427669471240616e-03
2.533664691662712489e-03
2.702276210143646391e-03
2.609927223073350757e-03
2.916371463805932096e-03
2.943159561088729177e-03
2.992322601579572999e-03
4.260977839856587915e-03
4.438956589222516243e-03
3.839664711634095846e-03
2.645557335713562188e-03
1.786647178566247874e-03
8.697445478732415518e-04
1.166957245800085731e-03
-4.405681913215735504e-03
-5.333874790625839704e-03
-1.979867701768097364e-03
-4.202157818156265594e-03
-3.050397999977273560e-04
3.067168494580253379e-03
5.067019389556642883e-03
9.897806334208517076e-03
1.116899840497094509e-02
1.477857886287885052e-02
1.539048507654678689e-02
1.474865644134746440e-02
1.517111698129048822e-02
1.362973729078414964e-02
1.341269411601490012e-02
1.022573524797504470e-02
8.693701954320585956e-03
9.185187739800551587e-03
7.611069035615231938e-03
7.486296188015273412e-03
9.037277087993820374e-03
5.500251021318583455e-03
1.783644893348856290e-03
1.877885220307874722e-05
-4.676328192842985933e-03
-5.761424706069819164e-03
-5.665728316263066167e-03
-7.245510086137186070e-03
-7.192909830644197457e-03
-7.418150491218335196e-03
-7.453671708981878669e-03
-7.124471447563406751e-03
-7.678470043251298116e-03
-7.451940126611235164e-03
-7.789928222342201725e-03
-7.313292848424378378e-03
-7.430412371521196574e-03
-7.766069593738395699e-03
-7.980886583508357487e-03
-7.844365059514761887e-03
-5.308950930175001040e-03
-3.951571748957377964e-03
1.252891787004864282e-04
1.587181247084780162e-03
1.626663806563342788e-03
1.998689147543067715e-03
2.752687696155415187e-03
9.054050545558113344e-04
1.979943484827192783e-03
4.215186229718996536e-03
2.156750326144945933e-03
2.779240955899227924e-03
2.733724043910984534e-03
2.212304898884603042e-03
2.528073667747916895e-03
2.318128976136975966e-03
2.279873886620398596e-03
2.354746892683267593e-03
2.274333883538299725e-03
2.307726657182733974e-03
2.354205969531599808e-03
2.339159387176359926e-03
2.417227256001431516e-03
2.536054939354531051e-03
2.510295191390974744e-03
2.837645501499376499e-03
2.977264504202717203e-03
3.052384350088456922e-03
4.169651661197886286e-03
4.117513306764769565e-03
3.770860385739616474e-03
4.250201937442168489e-03
3.425261133762335600e-03
3.686557486356843282e-03
3.476822035386379663e-03
1.217416827400119583e-03
9.903839345735967418e-04
2.556875666348889598e-04
-4.996190146533818896e-04
-8.072562899960587530e-04
-2.071275141679702284e-03
-2.144326563292683549e-03
-3.567269657897144397e-03
-3.497573570874956163e-03
-3.509233988873727752e-03
-3.773192660244562881e-03
-3.735672303677934139e-03
-3.597249809857483438e-03
-3.598951566904170282e-03
-3.595672436228357968e-03
-2.639181394092756251e-03
-2.585712384301670341e-03
-2.376298423823187261e-03
-2.033155317279287076e-03
-2.024657878846081865e-03
-1.973815763919321755e-03
-1.966302787885968340e-03
-2.011494395622307439e-03
-1.994172838123375174e-03
-2.006021481120115729e-03
-2.012324067262430231e-03
-2.009101283854491677e-03
-2.014292656133238879e-03
-2.014330743644320975e-03
-2.014597911531540268e-03
-2.015961799474698824e-03
-2.015779775538802977e-03
-2.016187942780903273e-03
-2.016440745707311858e-03
-2.016436027535539310e-03
-2.016606652558699565e-03
-2.016637126199772364e-03
-2.016678409549900117e-03
-2.016724429040502031e-03
-2.016719661876838210e-03
-2.016792348468228555e-03
-2.016742591278610462e-03
-2.016789378421932413e-03
-2.016924860643541477e-03
-2.016625309422995661e-03
-2.017121172283594267e-03
-2.016991362009412560e-03
-2.016318634426413764e-03
-2.018604864774853954e-03
-2.015795535169230459e-03
-2.017154018556857175e-03
-2.022581076523357387e-03
-2.008693046664603368e-03
-2.028735354547865286e-03
-2.022988314580885082e-03
-1.989954269254023966e-03
-2.086794061324788018e-03
-1.961624856481152847e-03
-1.985659893465571355e-03
-2.043193928587759209e-03
