-1.278964815968200788e-02
-1.317158933958574238e-02
-3.360932375704325098e-02
-4.309084559995517844e-02
-3.837850273854402638e-02
-3.134496277560343963e-02
-2.257830455882083726e-02
-2.243157177635445032e-02
-2.221712452728522719e-02
-2.211717909024179390e-02
-2.212957709739041962e-02
-2.212938513607788996e-02
-2.212935537789480211e-02
-2.212939336976323113e-02
-2.212740832471546751e-02
-2.214473165504089736e-02
-2.216529860267471910e-02
-2.217914055590236577e-02
-2.357268687829307610e-02
-2.379656880372800834e-02
-2.499278087010123675e-02
-2.432697987925147576e-02
-2.384592593423808665e-02
-2.385778385408859892e-02
-2.385296552901928352e-02
-2.373481617587164944e-02
-2.347943342933024938e-02
-2.380578028685296707e-02
-1.707700066310722381e-02
-1.347627507680834551e-02
-3.577784936969136825e-02
-4.553338741707211451e-02
-4.327381050978205274e-02
-4.166709824710682075e-02
-2.790452249813054827e-02
-3.241126498677767906e-03
-2.359601414507521422e-03
-3.815351194638769323e-03
-3.614452954867513820e-03
-1.314412111360356312e-03
1.534930838669512632e-02
1.538152267145057733e-02
1.077244824649153075e-02
1.104880261858554209e-02
1.078750104950778124e-02
1.900988621255256250e-02
1.979757497484059200e-02
-8.352419475254121029e-04
-4.946084624771030815e-03
-1.281449026562556451e-02
-1.157672450278459005e-02
-1.448605079148219260e-02
-8.721606021731125383e-03
1.829201967573016591e-02
1.678146708218978406e-02
2.140964622265429870e-02
1.515357247922175660e-02
-4.071405632049378276e-02
-7.900773279858110121e-02
-7.175646621791867408e-02
-2.017806841820271938e-02
9.155478018082989630e-04
1.970334107481680475e-02
1.949106945899948054e-02
2.443549271691837846e-02
4.175007998098974327e-02
4.994438839867176155e-02
1.046368097292293096e-02
-2.309706756189380122e-02
-5.357479404466123502e-02
-3.818357030931771035e-02
-4.397992643061537921e-02
-3.274997350787355044e-02
-2.018420209394228455e-03
1.604682477323279063e-03
-2.378055180701604474e-02
-3.238732162478490106e-02
-4.184594123986214859e-02
-4.480879302570698469e-02
-5.041627734758086926e-02
-4.646696390576891822e-02
-6.204316135206500854e-02
-5.568116326397808818e-02
-4.192593590344596138e-02
-2.335841332059368849e-02
-2.813311403047421590e-03
1.690821152746413425e-02
1.230138649770865476e-02
-1.284768646236585446e-02
-1.548334454231474824e-02
-2.090440035947498457e-02
-3.811731434845494482e-02
-3.692466203482943493e-02
-2.704464910339289541e-02
-3.186074307697060043e-02
-3.632811217511292684e-02
-5.045530920468978275e-02
-4.280103864546525722e-02
-6.018781465844973665e-03
-4.406830829377582706e-03
8.464923267354427724e-03
6.526334793761735982e-03
-3.276674707080245302e-02
-3.559139640971632768e-02
-3.190090269140898049e-02
-3.456881299759121534e-02
-3.228942312949516225e-02
-3.043146988141696638e-02
-2.970061990722795003e-02
-2.969178904265399460e-02
-2.480421485969914672e-02
-6.087322217836597243e-02
-5.471627942984166881e-02
-8.116838340190331291e-02
-9.996980450267009544e-02
-1.243774390435937183e-01
-8.843813801624780813e-02
-5.677820288040241054e-02
-5.085731869007418388e-02
-7.445829837128502271e-02
-7.674681790256046576e-02
-6.221956260429167829e-02
1.234759010745113336e-03
2.123863692733805788e-03
-1.030702556159039489e-02
-5.380884583060725410e-03
-1.873686027497952281e-02
-1.561403710345113036e-02
2.586232204849321474e-03
1.316512189261001770e-03
1.599720768028284681e-02
1.918887394719833578e-02
2.374847944967480376e-02
3.238668239419132538e-02
3.175577121684081128e-02
2.304844545704666514e-02
2.314627650420673227e-02
2.300593747347491266e-02
2.303161131161760369e-02
2.322977066523900305e-02
2.285223402270230783e-02
3.371633661006126492e-02
3.276655461760292348e-02
-2.920479487421900281e-03
-8.447378400823660899e-03
-6.721030350225309924e-03
-1.376315893213130026e-02
-1.150199994050789438e-02
-4.335524022087315806e-03
1.723771663106127630e-02
1.979582911492416830e-02
-2.256298042329470468e-02
-3.194479670808510891e-02
-5.198909263933019359e-02
-8.878338260249231395e-02
-8.662952310420975188e-02
-7.133761769521747287e-02
-3.676819571868008424e-02
-3.545521578069688734e-02
-3.575094251514782800e-02
1.383019595109907969e-02
1.491519221451326378e-02
-2.898007369176338471e-02
-7.856742155670502770e-02
-1.096849483170815459e-01
-1.012026891358779740e-01
-8.629075370336533601e-02
-1.686380205246573727e-02
-1.547546711985316095e-03
4.305358970334040997e-03
-2.879542317184546549e-02
-5.908259034424226397e-02
-5.360967603434982354e-02
-3.167586809368851120e-02
-4.299879715952632624e-03
3.727774649295973602e-02
3.523511340947281523e-02
2.302429548232885065e-02
1.358937203378549931e-02
-1.064720625152022586e-02
-3.086427440681073497e-02
-3.527610427125656145e-02
-2.800529039666886655e-02
-2.894951515290729999e-02
-3.515814145821762743e-02
-3.752824164788813588e-02
-4.557526819884161196e-02
-4.667757980498513093e-02
-2.955206923308673767e-02
-3.046309735223431611e-02
-7.186962060271918917e-02
-7.983402849555394643e-02
-1.981188259558639905e-02
1.809505816059893153e-03
-1.074834164333539344e-02
-1.973495165270442581e-02
-9.809105602555221251e-03
-4.644593786309460237e-02
-1.411387503948586808e-01
-1.240670478654536391e-01
-5.105016454131626469e-02
-1.187005002284927287e-02
-3.230373953814485999e-02
-1.834919109813976448e-02
-2.799623681737718403e-02
-2.500416303676408075e-02
-3.072126889389530102e-02
-5.603457169573788227e-02
-6.153242105240570858e-02
-6.178507706611614803e-02
-6.511958140836021647e-02
-6.652017561772685661e-02
-4.315308113304373167e-02
1.274406549534637910e-02
2.379142175938886786e-02
1.648701414325948688e-06
-1.349409970437438072e-02
8.275333277730705192e-05
-2.802650297619809720e-03
-9.294296405928874349e-03
-8.271479127208916995e-03
-7.631194688581695133e-03
-7.515024459556981368e-03
-1.119131235638338127e-02
-1.103342551944312341e-02
-5.110341749369188245e-03
-1.147699580630885154e-02
-1.192846561735438210e-02
-1.436544231485459636e-02
-1.383718799076293082e-02
-6.553236823481457807e-02
-8.095464401361614215e-02
-1.063475537090895623e-01
-1.100656796483250183e-01
-1.014604085248557996e-01
-6.041673759203098487e-02
-6.408184529247885897e-02
-9.914754730883666711e-02
-8.319047371643761846e-02
-5.352186984010728898e-03
2.222452270666956664e-02
2.397733282296164725e-02
1.413316910901120035e-02
-4.211385439887795241e-04
-2.010579245535933784e-02
-2.029515296357398829e-02
-2.036376001339433930e-02
-2.309513461619897359e-02
-1.139927225267207272e-02
-2.455503879331800282e-02
-7.154819896364771059e-02
-8.203216112700079110e-02
-3.183248594667766745e-02
-1.275838275860250066e-02
1.625939138283520255e-02
1.236222320199569132e-02
-1.304807317245718079e-02
-1.752440987125741464e-02
-2.534139115015742252e-02
-5.107170709217184051e-02
-4.899541795742465289e-02
-3.429838380379329754e-02
-3.402780264417223227e-02
-3.641243989888443000e-02
-3.282043648399402686e-02
9.846476679665636111e-03
1.141497517244725868e-02
4.499919661076125926e-03
5.046015435798988959e-03
5.099895743897935561e-03
4.833348550689901130e-03
1.837204088284817571e-02
1.933199948010553421e-02
9.180655147781587120e-04
-6.008138590321707856e-03
-9.575634228193000488e-03
-8.148812199885493643e-03
-2.026158821088446665e-02
-2.895299655985818232e-02
-1.145630050587337183e-02
-1.361738588742842683e-02
9.862367859724939165e-03
3.692030977494989430e-02
6.818245590831789604e-02
5.237841341634068282e-02
-1.343663215160607362e-02
-5.363175513423558416e-02
-6.994744768298431607e-03
2.661937955217868329e-02
1.047182868309938925e-01
1.049292933230823871e-01
1.515744453837877467e-02
-5.462691839149638046e-02
-4.383940643036019630e-02
-1.266898772359015789e-02
-1.846381594737394466e-02
-1.921575455129623938e-02
-1.139746798384648312e-02
-1.460038237617399849e-02
-7.606341823014242665e-02
-7.920501109677070828e-02
1.312648669978228738e-02
4.995295288513953297e-02
3.493126226982954524e-02
-5.009596131405323616e-02
-7.175004809371726688e-02
1.468461459847775034e-02
3.991879398699221815e-02
8.554126071208152660e-02
9.425617910971943736e-02
2.283669018007787946e-02
2.266503997940321532e-03
-1.559058611996091796e-02
-1.963897160181400994e-02
-1.992713527054186529e-02
-2.010041021797035962e-02
-1.977460210034402352e-02
-1.989159177012632743e-02
-1.957710954315386789e-02
-1.882976096820487485e-02
-2.021350686160025209e-02
-1.601816155980790440e-02
-1.997482334655883290e-02
-4.840498978701882754e-02
-5.124618558036053012e-02
-4.409030552065043573e-02
-4.528037600601594881e-02
-4.280790792660063571e-02
-4.190192402979248110e-02
-2.896704187171351974e-02
1.305865782213250573e-02
7.332666810037487444e-03
-3.362493283376259690e-02
-6.747748978564287181e-02
-6.170223767025642680e-02
-8.486720751023860837e-04
3.174087822218417832e-03
3.708296849651115772e-03
4.662035274620789788e-03
-8.843272191057039225e-03
-1.746141185410416199e-02
-1.628290385856316635e-02
-6.493174105972171137e-03
-8.595415630005807418e-04
2.313220088035643565e-02
2.246285114019301934e-02
2.779477771569225514e-02
2.870161892841865958e-02
2.896157756635193200e-03
-3.160511242032695064e-03
-6.135735579128418632e-03
-5.994342618033798864e-02
-6.041102739112431952e-02
-5.658550550605907781e-02
-5.804603954748031869e-02
-6.880347025121490157e-02
-7.107271731753057875e-02
-7.192759554386965459e-02
-6.284591085594244675e-02
5.977932875288338374e-03
5.282011300254724380e-03
-1.080024891038483537e-01
-1.397269382927612547e-01
-9.827910884519709678e-02
-7.870725376737915113e-02
-3.570866416521095710e-02
6.135297437241683111e-02
6.643537334177340714e-02
6.923586191580120841e-02
8.545828740134125967e-02
8.667739832243814835e-02
7.321269310071530645e-02
4.332974203489301651e-02
4.148292055918491317e-02
3.933117797854460834e-02
3.765435559236649660e-02
2.697207911007849443e-02
5.608875475087376355e-02
5.538396929453898165e-02
8.100137175791007060e-02
8.254253289932649007e-02
8.361926408413160317e-02
8.489329050156257939e-02
8.420743461649830841e-02
8.421242915795419670e-02
8.421178112820984496e-02
8.420865859499392092e-02
8.420950333058054016e-02
8.420985955431370407e-02
8.420868796884162233e-02
8.420424035859884471e-02
8.421964569467731143e-02
8.393717379553110314e-02
8.432002329175815325e-02
8.795208242098488671e-02
8.337129745937828240e-02
8.730895036510494256e-02
9.248740352569545520e-02
-2.284414725387360658e-03
-5.797751397086789958e-03
-2.170576773534279788e-02
-2.530701386163896824e-02
-2.005775609604865117e-02
-2.120482736166646662e-02
-4.367602143079961884e-03
-6.010670996472767223e-03
-4.443482459771793021e-03
-4.448205606130927782e-03
-4.736788831031827143e-03
-5.112582657087719369e-03
-2.318383023689329567e-02
-3.351142867951888843e-02
-6.377964826466227255e-02
-5.532611904235320427e-02
-3.439339919599934681e-02
-3.475640109897951135e-02
-3.421256467578355498e-02
-3.394623110883912553e-02
-3.400806351670634942e-02
-3.400746094459759783e-02
-3.400762060985870056e-02
-3.399809476510345929e-02
-3.405177565619937202e-02
-3.417530436498851520e-02
-3.352758745355501752e-02
-3.625549121136835418e-02
-3.286399842977150154e-02
9.846865789203641459e-03
1.141480111369480924e-02
4.517091334500947762e-03
4.942624239639190065e-03
4.828863675510546884e-03
4.742920901905381403e-03
4.890879393897014718e-03
4.930457326898466698e-03
4.597901288552682340e-03
1.836093322708132539e-02
5.585282464289708683e-03
-9.660045091115026031e-03
3.152936837429437707e-03
7.716874403614980282e-03
7.602571843717148038e-03
7.788965668006049038e-03
7.817376763670945070e-03
7.810498110088865027e-03
7.810715650213079751e-03
7.810742436992588675e-03
7.810874277572065795e-03
7.797830310175961691e-03
7.895533639122983421e-03
8.043181115241326840e-03
7.690564471974432187e-03
1.783888126745270322e-02
1.768512984823916723e-02
-1.618315152701146897e-02
-2.116129364596392240e-02
-2.114603143881983033e-02
-2.173667296375835639e-02
-2.194058334130142077e-02
-2.184995582092011737e-02
-3.333650504201114001e-02
-3.653581591637433679e-02
-3.033130862329211364e-02
-2.478576369624267695e-02
-1.801411057036431465e-02
-1.788923874411968082e-02
-1.773525464731027027e-02
-1.766076054013073979e-02
-1.767747867808897033e-02
-1.763926226554041535e-02
-1.756492606604010895e-02
-1.745537375489590246e-02
-1.390487965043524926e-02
-1.096274613332776614e-02
-4.178052930881466336e-03
-4.521380188586254442e-03
-1.134263876083906573e-02
-1.382925592931720515e-02
-1.461075790648582763e-02
-1.310927598978561988e-02
-1.314995956444121698e-02
-1.313178114988705104e-02
-1.311009874408652041e-02
-1.311274228905058570e-02
-1.311271297018777419e-02
-1.311270296721188736e-02
-1.311270623508384824e-02
-1.311270603231387728e-02
-1.311270603231400392e-02
-1.311270603231475332e-02
-1.311270603231505343e-02
-1.311270603231457811e-02
-1.311270603231393626e-02
-1.311270603231398831e-02
-1.311270603231466311e-02
-1.311270594789482741e-02
-1.311270736304104463e-02
-1.311270261596117134e-02
-1.311268810999352899e-02
-1.311381666485698927e-02
-1.310409344247454207e-02
-1.309841173715423079e-02
-1.315480413190166578e-02
-1.249576265734103631e-02
-1.314598280863023619e-02
-1.650986521751269739e-02
-1.618875832436815834e-02
