5.407148191267532704e-04
6.419605632503573925e-04
2.346191077620133486e-03
2.409878796774689042e-03
2.624021981698575114e-03
2.894189660860784202e-03
2.392823283519891243e-03
2.574128486928448263e-03
2.486629189632459658e-03
2.383959433963707582e-03
2.439539715068160183e-03
2.371527696647789379e-03
2.364920626623089311e-03
2.365938921448337059e-03
2.340949364118397047e-03
2.343443774063156630e-03
2.336212638534394901e-03
2.329416503163440552e-03
2.329163142961140302e-03
2.324295297585286801e-03
2.321836329114137284e-03
2.320295244649715847e-03
2.316340860822945543e-03
2.314077581284070678e-03
2.311559869505505280e-03
2.304450217144509826e-03
2.302995611812178565e-03
2.294469855216423222e-03
2.280682316662543865e-03
2.283497604781764383e-03
2.248951957780122475e-03
2.238187264106155337e-03
2.236665123647511161e-03
2.129208205584236322e-03
2.184160205562977325e-03
2.069793468972963655e-03
1.823617231309668501e-03
1.665076315698961040e-03
1.658483174815004145e-03
1.469285274700860879e-03
1.240735318726045961e-03
1.186067249968625727e-03
7.126925844887801965e-04
3.063498785587723673e-04
1.845369487784873986e-04
-1.431250730660976397e-03
-1.769609300700203131e-03
-2.685215484121321501e-03
-3.713206577315922210e-03
-4.428275334300351904e-03
-5.402801237628478137e-03
-6.902816091546129171e-03
-7.875423877176431636e-03
-9.672183335457162912e-03
-1.219921052940005878e-02
-1.484798729857493040e-02
-1.799809368282281885e-02
-2.284938155371054463e-02
-2.542976029561508367e-02
-2.687713052588522333e-02
-2.894449253340857647e-02
-2.843482983811597420e-02
-2.972565256940049028e-02
-3.150990764018905821e-02
-3.055808033352531983e-02
-3.272265501201335192e-02
-3.294231045515486067e-02
-3.005909026859246436e-02
-2.985158775165894229e-02
-2.913027140098100806e-02
-2.938016716852559496e-02
-2.957200725924467866e-02
-2.754543748248500928e-02
-2.757623254007190994e-02
-2.602246404546026612e-02
-2.399342682435141871e-02
-2.365645987779965709e-02
-1.997740901184930432e-02
-1.842101841984873992e-02
-1.672133923647356121e-02
-9.317878883716738600e-03
-7.699288937173306285e-03
-1.559993104159939758e-03
4.328020571098738743e-03
5.092152552861356485e-03
1.340950092292173684e-02
1.434525135329652555e-02
1.358922269970591103e-02
1.913802289795911438e-02
1.882297720158971482e-02
2.475306310137557336e-02
2.392071015425769470e-02
2.260053725180001527e-02
2.453099042508327665e-02
1.976120914288060498e-02
2.111277537383028646e-02
1.790858033435595298e-02
1.549902002912941293e-02
2.067663629907290704e-02
1.693936092042915703e-02
1.481067725756505041e-02
1.655960886469345916e-02
1.446640524102204076e-02
1.906752429740642130e-02
2.094747945855262791e-02
1.822292983932632948e-02
2.357905975706093074e-02
1.999005061150633741e-02
2.371949385048086056e-02
3.032005473623811814e-02
3.197523200617877204e-02
4.056561261388656747e-02
4.285100736460861759e-02
4.543786133467687255e-02
4.962693091413487856e-02
5.236531782731222717e-02
5.997504598545029542e-02
6.713240268574138803e-02
7.968961397901144772e-02
9.437245203448610398e-02
1.008493826830391543e-01
1.106856043007822948e-01
1.129051573313480383e-01
1.155335537733155338e-01
1.162184744626973965e-01
1.157036031887169192e-01
1.146452676804116527e-01
1.068089115477003637e-01
1.019974187176181657e-01
8.507183641953755537e-02
6.658846100861381956e-02
5.264051311307333531e-02
3.433801339608259784e-02
2.551675090931387196e-02
1.508745903658993692e-02
6.976725509645684623e-03
4.679367610277398309e-03
1.485185259595919770e-04
-2.536292124756976338e-03
-4.362976377022465511e-03
-6.814669744505224593e-03
-9.815376053973612694e-03
-1.120617551383778360e-02
-1.239192657111953116e-02
-1.330100116192290891e-02
-1.351673082308374463e-02
-1.380204066365584015e-02
-1.291960329343757805e-02
-1.273207139745883426e-02
-1.157254512723681315e-02
-1.107914921428828497e-02
-1.173169360788216611e-02
-9.294418573229499062e-03
-9.657876225638845416e-03
-6.062897568675220880e-03
-3.443796569658012438e-03
2.121078063669399379e-03
1.727931135051317263e-02
2.424441670269983709e-02
3.240526895969043919e-02
4.230783027933197882e-02
4.530390289818125860e-02
5.190923833446516034e-02
5.237200670505512412e-02
5.412397143421694701e-02
5.338114275441210865e-02
4.981152967563478445e-02
4.590726434943936257e-02
3.304158600576114629e-02
2.333021227938113229e-02
1.946974095382607989e-02
1.297446341319484150e-02
1.227112948168810475e-02
9.186335724040000164e-03
6.971063388177540891e-03
7.316030744215547971e-03
6.834905333077477552e-03
8.327273746273837485e-03
9.050753036510716248e-03
1.039218509077737516e-02
1.530001915604900162e-02
1.820011346282356113e-02
2.220277955515468499e-02
2.739964571394767900e-02
2.969911601255854558e-02
3.394982637650522522e-02
3.653833218880039868e-02
3.689735240479141698e-02
4.015743334000122788e-02
4.059291831019809504e-02
4.120518042099230449e-02
4.228826366271552090e-02
4.222673301148461428e-02
4.265406163924509442e-02
4.307748270421857262e-02
4.289809807100589123e-02
4.473219069112286533e-02
4.597743650865499659e-02
4.617514332242100838e-02
4.899764567608121818e-02
5.006421390548061734e-02
5.061580290969634049e-02
5.584314152718881236e-02
5.617358754115127362e-02
5.685888653263307391e-02
5.982328978642931228e-02
5.668059114422617506e-02
5.747312397816070617e-02
5.621719065435915735e-02
4.870676789725597589e-02
4.618040602358851332e-02
3.611024684012902053e-02
2.724154149743723830e-02
2.144178103232479218e-02
1.551560465592347234e-02
1.013477123348028967e-02
7.506692513036416006e-03
6.354194646046850206e-03
4.855396429379319964e-03
4.611753525986930780e-03
-6.285320952667792799e-04
-3.727616483809541043e-03
-7.457934885542184117e-03
-1.902429102353173085e-02
-2.201417048043280769e-02
-2.615798250417743914e-02
-3.276805957471515263e-02
-3.577931030870321050e-02
-4.914345844078721326e-02
-5.353285201746013633e-02
-6.088298607830199688e-02
-6.516069983887655404e-02
-6.704627920388459006e-02
-7.264604872631179322e-02
-7.488623462160726163e-02
-7.549981613740051889e-02
-7.851673472373264795e-02
-7.729560462173315494e-02
-7.463817693731965297e-02
-7.371141981930062759e-02
-6.945993225498994783e-02
-6.764615204739596321e-02
-6.410401836147355814e-02
-5.791464488767222168e-02
-5.467893577373927894e-02
-4.240931121555842342e-02
-3.410997756746326354e-02
-2.769765969317181803e-02
-1.335411786365162459e-02
-1.051112052096934632e-02
-8.888325116617818572e-03
-1.447649923155942125e-02
-1.534509822870173609e-02
-1.718218057277985308e-02
-1.707719047184831293e-02
-1.455460553007098534e-02
-1.660472092005612146e-02
-1.620045948683687329e-02
-1.617982676245069765e-02
-1.839539612477675973e-02
-1.871596480620875066e-02
-1.787113531614168901e-02
-1.888768401624365753e-02
-1.848685609322284207e-02
-1.554959709793162295e-02
-1.677708730870157428e-02
-1.780902280983777050e-02
-2.076862659174367326e-02
-2.267498562444754395e-02
-2.233006047215648632e-02
-2.445806865945616276e-02
-2.383640020897302009e-02
-2.385534217304223839e-02
-2.423973426558398078e-02
-2.260021718803298385e-02
-2.367304771962110144e-02
-2.141631500640743882e-02
-2.107545313018495403e-02
-2.249508854171604344e-02
-2.167238238711217957e-02
-2.180759501930314842e-02
-2.147761949360152411e-02
-1.970813253837352258e-02
-1.898658982226934799e-02
-1.844415422004658245e-02
-1.673677770745034959e-02
-1.594711535370007399e-02
-1.528047296706329557e-02
-1.294338785934980550e-02
-1.063119379912991908e-02
-5.310496967556844160e-03
-5.739857014441186647e-04
4.075515480696641386e-03
9.267529014259544978e-03
1.644811263895135101e-02
1.828313473086566610e-02
2.578037040117716824e-02
3.218930600745630033e-02
3.297714549510014082e-02
4.696419745988884148e-02
4.674702297836839937e-02
4.370686857589294039e-02
4.495621990093586623e-02
3.852145106856811468e-02
3.692594330214294535e-02
3.224695916406501717e-02
2.631967142262882017e-02
2.470917952491680225e-02
1.688380971094071564e-02
1.264875109331872576e-02
5.044744768073230329e-03
-1.348108039152222035e-03
-6.560143662717867613e-03
-1.273657358083488123e-02
-1.632298226706093910e-02
-1.968449826404184214e-02
-2.290827448557442719e-02
-2.325670668608936439e-02
-2.157474367368989593e-02
-2.123165290445536146e-02
-2.327157416764087661e-02
-2.252953648371994536e-02
-2.380614712514611889e-02
-2.328822515214694008e-02
-2.351412379489608434e-02
-2.384028433824894946e-02
-2.235626334278275826e-02
-2.246917993976913289e-02
-2.234209910737829097e-02
-2.200157380828992801e-02
-2.238624373674661869e-02
-2.244756741082632248e-02
-2.276489694915324533e-02
-2.356930209232365944e-02
-2.393017968164366793e-02
-2.541885124318447181e-02
-2.877083017814481905e-02
-2.673190859897861538e-02
-2.805212654596324004e-02
-2.998125951393171285e-02
-2.175075994686084813e-02
-2.693886862575400540e-02
-2.692380246688771961e-02
-2.720047511904000528e-02
-3.816220544000168552e-02
-3.766286425344426980e-02
-4.328043064892117542e-02
-4.821496466756956811e-02
-4.994510765338010944e-02
-5.467618466299355856e-02
-5.638072873680207570e-02
-5.981721973093434563e-02
-6.140521075334392370e-02
-6.093412483064025720e-02
-6.057693038799718405e-02
-5.880037594073336121e-02
-5.617531226150064561e-02
-5.155884726437969662e-02
-4.814330177478775424e-02
-4.478795890341163294e-02
-3.992784888120753939e-02
-3.387245742385821407e-02
-2.802907031454762027e-02
-2.069042315922981282e-02
-1.044905984010176432e-02
-6.461632096248363585e-03
-2.912110591615544200e-05
3.058645272451822415e-03
4.453499592362492911e-03
7.988309952019259294e-03
8.471645529078850045e-03
9.910450838074543259e-03
1.160691177416801889e-02
1.156076251493988113e-02
1.231591973522964435e-02
1.237386061134587018e-02
1.134504631624948419e-02
1.068409993361154296e-02
1.017584555413649991e-02
7.364844976402141162e-03
1.140761309575107421e-02
9.106817348240967003e-03
6.220724359315027993e-04
-1.545634298900151965e-03
-6.409457644971170570e-03
-4.961130708632915595e-03
-3.758715028377989341e-03
-4.639336642291254885e-03
3.844395685665556034e-03
4.540483906381350722e-03
8.500759583281244577e-03
2.064852301618896532e-02
2.840449877830082334e-02
3.694439478671845967e-02
4.600520477817027221e-02
5.298636133512862195e-02
6.083577526722511869e-02
6.788559182012732229e-02
7.397246738273861866e-02
8.020170846613720872e-02
8.562299990120597615e-02
9.001980783499834160e-02
9.469148311810179908e-02
9.810748206520758519e-02
1.004906905123554434e-01
1.039366711968266188e-01
1.042498369373038858e-01
1.055578348970492297e-01
1.071580638305466987e-01
1.034676487922934762e-01
1.059122331270492823e-01
1.015156706170099593e-01
9.520490466289839582e-02
9.365636092653309430e-02
8.347786183802467785e-02
7.628844848382798638e-02
7.172610538707899219e-02
5.363747315175692448e-02
5.012199629576764848e-02
4.070051874387187879e-02
3.264476483670686324e-02
2.846724988587723618e-02
1.986210447028931292e-02
1.696255611953983305e-02
9.764253798535047629e-03
7.433280778728409456e-03
6.283789294465875856e-03
3.475323948931916332e-03
2.766528657082974706e-03
1.913662756626923877e-03
6.240295489751241601e-04
3.933845278233230125e-04
4.272691032355230268e-04
3.629241145290914346e-04
1.759022270874199378e-04
3.135385434464788229e-04
2.150418731448886021e-04
-1.344768397235247825e-04
-2.212533491999023425e-04
-3.603312785617645599e-04
-4.764268960323653928e-04
-5.208830866271094368e-04
-5.899154050069510373e-04
-6.272023055058755783e-04
-6.534446316501857019e-04
-6.813910789339044927e-04
-6.954908767968058384e-04
-7.090476613457964618e-04
-7.195307811175544448e-04
-7.258735064794292861e-04
-7.319946424284585465e-04
-7.360220686440511854e-04
-7.390480855812036525e-04
-7.415834301722680098e-04
-7.433085146803962082e-04
-7.447410938524190449e-04
-7.457372244318409560e-04
-7.467528779774963103e-04
-7.473051785953231836e-04
-7.478360878648181642e-04
-7.489414582188177452e-04
-7.484961861707195444e-04
-7.500259173523495491e-04
-7.510379061365016337e-04
-7.491223802107457690e-04
-7.554214359871493133e-04
-7.518797729581815125e-04
-7.523730775479556612e-04
-7.687005189663916526e-04
-7.448790504195918361e-04
-7.750903116248067772e-04
-7.858065630413273248e-04
-7.226955158526383611e-04
-8.707047879551032144e-04
-7.416140702845143515e-04
-7.050685904049202582e-04
-7.890388205944310999e-04
