6.518563647004710360e-02
7.004706199002198874e-02
1.395271521291591432e-01
1.447958941167943048e-01
1.427182504045854117e-01
1.537871162399513381e-01
1.456554185273916668e-01
1.483943815858021487e-01
1.490877454223576426e-01
1.471110982576570581e-01
1.485212330576127227e-01
1.479618163976114953e-01
1.478176299903967150e-01
1.481421076521074465e-01
1.478700571988152690e-01
1.479611924890080199e-01
1.479761729306318663e-01
1.479126174605999988e-01
1.479572298048703605e-01
1.479399900037507154e-01
1.479336877571599540e-01
1.479473903714245697e-01
1.479437454099221672e-01
1.479388435685367043e-01
1.479626825397785950e-01
1.479548706286612503e-01
1.479515972341561292e-01
1.480290333784799461e-01
1.479454647156591696e-01
1.480509357136796100e-01
1.481681174123491707e-01
1.478743912239877667e-01
1.485367662507543207e-01
1.482069171762404047e-01
1.480142101438493007e-01
1.505010692719351562e-01
1.499445274169262654e-01
1.542101292259542289e-01
1.550060044212087096e-01
1.551521382302361585e-01
1.608236499228074545e-01
1.558847925048093552e-01
1.519159305050417630e-01
1.705764878323467737e-01
1.728177877953055441e-01
1.811408989675935555e-01
2.691392759285597402e-01
3.190119137150438933e-01
3.817133440310068737e-01
4.609410172809408901e-01
4.802610598725309266e-01
4.841613984707192619e-01
5.098667208444871424e-01
5.064979461315417542e-01
4.842993965525268507e-01
4.863212639018125172e-01
4.824153867915945693e-01
4.733454479982943663e-01
4.811947474784440404e-01
4.700246614431112802e-01
4.705376797005197953e-01
4.876154238242817462e-01
4.698097999453673679e-01
4.889454869752064559e-01
4.871647562444006985e-01
4.107047218141310907e-01
3.936565833799026692e-01
3.667748786330872202e-01
3.536679270315060131e-01
3.548425131093910778e-01
3.469323961742841744e-01
3.507113774958657282e-01
3.414551823019448817e-01
3.389503503672495199e-01
3.358798322695060734e-01
3.222209747374014110e-01
3.204151097166638706e-01
3.018243501609613744e-01
2.902642123258756812e-01
2.759791407461301693e-01
2.354721293983092212e-01
2.170058718916277052e-01
1.444134396998922043e-01
1.155407952471442512e-01
9.128150747436816759e-02
4.996402124554726737e-02
6.662365736846348474e-02
9.316691259477509479e-02
8.967333674845232028e-02
1.085076673439004380e-01
6.131284381770221725e-02
6.036287115866761227e-02
6.138132674326937654e-02
2.747815953800227667e-02
4.167027185785776577e-02
4.655000130310457673e-02
4.521239798815678695e-02
4.833398437529420194e-02
3.569709798365086617e-02
3.380870594783529082e-02
2.703882255803335272e-02
1.963437124962186947e-02
2.343325025907279716e-02
1.503137930176080134e-03
2.921680029755076985e-02
3.274208011292988052e-02
3.734412115366310403e-02
1.421738635238051773e-01
1.378876522177895358e-01
1.174280917027293175e-01
1.299051922448541396e-01
1.049746919238872533e-01
1.189312486509088856e-01
1.131133830713239308e-01
1.018190558866260836e-01
1.149468177491351217e-01
1.008729569475750598e-01
9.539186126277546252e-02
9.806537974776240174e-02
9.463354617692004700e-02
1.064248470568512489e-01
1.082713433404002973e-01
1.177730487283609045e-01
8.812856728960649644e-02
9.528646966636622473e-02
1.159228636650315725e-01
1.486177706904605322e-01
1.675216271605846352e-01
1.546780076372076540e-01
1.392064264787351568e-01
1.441057298708610379e-01
1.515767336983283031e-01
1.511079471736134217e-01
1.946570629483843351e-01
2.062223353995292219e-01
2.020139057616754941e-01
2.158141484484148720e-01
2.201887769421307650e-01
1.974660292663117933e-01
2.200235150663683026e-01
1.971098931627195960e-01
1.253542273029465137e-01
1.000122012341954914e-01
-7.117583583855918716e-02
-8.490120692389158119e-02
-9.929106659395969814e-02
-1.177823575397453082e-01
-1.139680381759573674e-01
-1.236787668339621449e-01
-1.143940942933283078e-01
-1.016189063885083177e-01
-9.580017810568267067e-02
-6.668483279480164061e-02
-5.200995430476473835e-02
-2.569049154508879634e-02
1.357628329652963220e-02
2.876896110309099322e-02
7.450422827303326834e-02
1.178909328203014695e-01
1.531585395782525949e-01
2.049742783581255390e-01
2.296532659656637110e-01
2.656090414776504094e-01
2.843674423168364163e-01
2.726531062174418207e-01
2.793017654219878687e-01
2.484207347774397279e-01
2.131409974015480158e-01
1.967882344171964781e-01
1.526544361192270216e-01
9.197219921791036090e-02
6.197169041516025628e-02
-5.772468390081029327e-02
-7.735713558395553024e-02
-1.074233922581265543e-01
-1.234519206667226005e-01
-1.267172332318285966e-01
-1.440907729943286530e-01
-1.466767234359543370e-01
-1.524726524069470734e-01
-1.480641351594775834e-01
-1.422384649011030899e-01
-1.112399799852063220e-01
-1.241397444748687795e-01
-1.269657094294794342e-01
-1.096173736020236156e-01
-1.363351015553804502e-01
-1.207417066075048839e-01
-1.180125629627861439e-01
-1.643371766559575398e-01
-1.263065340399861791e-01
-1.230738561366142431e-01
-7.470691951462476998e-02
-7.551381563793226753e-03
2.367899807307694698e-02
5.555650873106177112e-02
7.769106360864583283e-02
9.938354584456221552e-02
1.185221157178140972e-01
1.343518542461907828e-01
1.563425184964154779e-01
1.581708534103631325e-01
1.671113898151838917e-01
1.849114000650170508e-01
1.772711404996151485e-01
2.217617640762666875e-01
2.213406461506534639e-01
2.365488893025137762e-01
2.144213326124172481e-01
1.826557956283938466e-01
1.779253265824523311e-01
1.631139282965906601e-01
1.504221584217679264e-01
1.430518067153981887e-01
1.274899893298392928e-01
1.201480940188725671e-01
1.169349852273679213e-01
1.143863576020115458e-01
1.212994362186300829e-01
1.744864555138980755e-01
1.724189779046631787e-01
1.966770767469143699e-01
2.074984690661059172e-01
1.832522281651628171e-01
1.915133607183217568e-01
1.776087400415298223e-01
1.232085409036033780e-01
9.398854914240789560e-02
6.272653305834309523e-02
4.452362391006402936e-02
5.040013202734882486e-02
6.838062744726987330e-02
8.087849686010925576e-02
1.101616098217704787e-01
1.432434962882413454e-01
1.044606009262464136e-01
7.178077592811921148e-02
3.980159669215099782e-02
-9.667872059996521217e-02
-1.056863603229767634e-01
-1.171937375053400954e-01
-1.208956975053443739e-01
-1.201427616123925540e-01
-1.272452280644936762e-02
1.704640148235350011e-02
5.759150419256111805e-03
6.487566101864736257e-02
5.551432652623337904e-02
7.953281462279844505e-02
1.180805086893763900e-01
9.060944600399720161e-02
1.225317980483955904e-01
1.170861384389617899e-01
1.133294676754408314e-01
1.289139629176268287e-01
1.317813988406253412e-01
1.459272834980997746e-01
1.679906717731034504e-01
1.798667088056036256e-01
1.989047485476827248e-01
2.038907939157819649e-01
2.240254039371239458e-01
2.213591868944301544e-01
2.890523756839010749e-01
3.328390780361205614e-01
3.651742663983045256e-01
4.755295852194247885e-01
5.206789652143825053e-01
5.609031223320883885e-01
5.804221620410716653e-01
5.613560191134159272e-01
5.719525913136711548e-01
5.624011674750366563e-01
5.555824282808641268e-01
5.486427242566087603e-01
5.295056224290271008e-01
5.209556572986869805e-01
4.817797359800350399e-01
4.434539241401035392e-01
4.040582188341793057e-01
3.623629595046422569e-01
2.398456846101028606e-01
1.815517736007794536e-01
7.187062091197446434e-02
-4.179674363585826613e-02
-6.045993326834182835e-02
-9.209246790540019656e-02
-1.004217581193923015e-01
-1.055484930778929631e-01
-1.203896277269733972e-01
-1.180862301605933445e-01
-1.237148773453684847e-01
-1.275348515498258561e-01
-1.154170754697022988e-01
-1.015477431708340234e-01
-7.384437462103761451e-02
-1.566477991229694826e-03
5.038289331068226962e-02
1.326655210755973702e-01
1.968420153978120424e-01
1.876761049197455677e-01
2.136670558920894525e-01
1.908292063333935640e-01
1.982797997890022590e-01
2.001403575095633824e-01
1.734427604537407963e-01
1.842015927973446043e-01
1.728017220203008630e-01
1.689007947908948426e-01
1.708955753222525797e-01
1.705537368075712157e-01
1.695465649617164672e-01
1.593745904966327731e-01
1.649884240295824700e-01
1.331198126599624221e-01
1.429631948785715923e-01
1.584644023689346648e-01
1.489619274078820554e-01
1.925101876086691977e-01
1.861654774789362199e-01
1.610277386570717895e-01
1.689648610480311286e-01
1.754685739157123558e-01
1.775234299649544323e-01
1.882268383479550056e-01
1.755234074947504552e-01
1.496726680291909917e-01
1.245949100119314590e-01
7.925126476436811229e-02
5.648310655441458883e-02
3.791643809347025607e-02
1.836358841682169882e-02
6.654461803334612777e-03
6.128228303617509060e-03
-1.358875556951028712e-02
-1.103015596592109640e-02
-4.834597780423483156e-03
-1.432158930205992137e-02
9.465491691737607655e-03
6.894519316526613074e-03
1.988669559387068464e-02
7.311144403329566943e-02
8.397198963979769781e-02
1.301339275099933912e-01
1.589722450499002349e-01
1.642368285944574291e-01
1.862950878383191067e-01
1.724322998480655733e-01
1.811663180197148615e-01
1.971101050493803686e-01
1.935364464598273715e-01
2.119541954522878580e-01
2.038514711241882771e-01
1.655082555194247740e-01
1.353038193906189179e-01
1.295357330919614802e-01
9.401034021261062135e-02
1.102617314394507275e-01
8.462537902386238486e-02
5.518912394647587649e-02
5.319143331308462397e-02
8.295417080044864208e-03
-3.176603517190537684e-02
-1.245590664236722461e-01
-1.314339862111734147e-01
-1.738889055394163274e-01
-1.706695501337605059e-01
-1.634193911546228672e-01
-1.953793884299668271e-01
-1.561046131931100311e-01
-1.493017477972345408e-01
-1.020067578815029019e-01
3.994252555029073615e-02
9.456895789102055805e-02
1.289335793788105311e-01
1.522347630721293532e-01
1.620804088333363813e-01
1.497475777641474881e-01
1.271594714229743739e-01
1.019984053274907987e-01
1.026400349343754292e-01
8.476548151706284062e-02
7.597000088303215715e-02
7.731923738452092798e-02
6.312850928823270091e-02
6.160813475570034448e-02
6.453938402789591300e-02
5.228605599388962133e-02
6.480001773270321896e-02
7.362622398667351131e-02
8.061439828273989083e-02
1.073153932211136918e-01
1.161432283268075266e-01
1.372254256837750208e-01
1.646189722784986431e-01
1.745947820627104519e-01
2.101333080241419848e-01
2.325454686729656051e-01
2.539801994773707161e-01
3.004164997358322320e-01
3.168080906346926739e-01
3.316482019331626896e-01
3.576011361538088962e-01
3.524677522750196967e-01
3.687653296532683589e-01
3.669598327941300808e-01
3.506289110439827494e-01
3.475510387103068477e-01
3.232670183984537315e-01
3.093220643624623456e-01
2.943173395460814135e-01
2.754192108891901913e-01
2.602540003444072658e-01
2.474459838070959816e-01
2.372114652671183932e-01
2.337880043537416130e-01
3.184838275639487182e-01
3.236585264909005444e-01
3.907450036405810678e-01
3.841555755888095836e-01
3.800486881829349128e-01
3.777979228315574423e-01
3.431339812185895122e-01
3.429527093809938698e-01
3.236311908537906068e-01
3.044417421209010266e-01
3.013386499930842399e-01
2.613648844234857660e-01
2.585793691599542754e-01
2.650948685710732833e-01
2.574411039494874931e-01
2.619286613985183920e-01
2.694366640674113467e-01
2.777326081041563977e-01
2.804583517652007307e-01
3.144750959510948518e-01
3.151368278575485959e-01
3.218763923659831439e-01
3.321646397338881007e-01
3.314323082413173638e-01
3.368999565099423665e-01
3.391022130752839869e-01
3.397831822154581127e-01
3.423542309628102021e-01
3.427368724736280514e-01
3.437767557141283015e-01
3.448496400518972216e-01
3.450736726707281377e-01
3.463697001507015649e-01
3.468491746572036627e-01
3.475978982812549800e-01
3.498001053359702794e-01
3.495884644276981978e-01
3.529937063442246670e-01
3.558935503632382202e-01
3.554123646388207547e-01
3.666308149879310418e-01
3.645704101404337316e-01
3.665081135877945040e-01
3.636160799147038492e-01
3.501527907796410100e-01
3.472400613047754714e-01
3.382794735411028819e-01
3.184012823131859293e-01
3.168265532335488022e-01
2.922532548662203356e-01
2.844896274139854797e-01
2.806876527878343630e-01
2.603558566922771211e-01
2.474913878232516962e-01
2.423657898210048733e-01
1.927313367011720402e-01
1.909361151573410464e-01
1.790652615699572514e-01
1.629215831332551101e-01
1.646246604943499281e-01
1.532826918791160564e-01
1.510819687406128597e-01
1.525890814839107879e-01
1.507418422935832281e-01
1.514802890779776146e-01
1.514375106659192338e-01
1.510736558966508936e-01
1.513691940885130982e-01
1.512057335368776068e-01
1.511997876582819589e-01
1.512511657777036167e-01
1.511883950057548442e-01
1.512092183796242273e-01
1.512038018173721965e-01
1.511884393983001229e-01
1.511869789657837304e-01
1.511825571546492886e-01
1.511632527744363463e-01
1.511458288908335001e-01
1.511502741174798325e-01
1.510697214646394837e-01
1.510757176000368518e-01
1.510341925258394946e-01
1.508038738431828618e-01
1.509742710347328210e-01
1.505416671083566471e-01
1.502429608401481820e-01
1.507265595136515479e-01
1.487156941749497863e-01
1.496449918049807537e-01
1.490719503983468086e-01
1.435714538400261475e-01
1.504557937241365884e-01
1.390229832639717777e-01
1.330281135902825485e-01
1.404266942756750569e-01
