-5.255537399538462440e-04
-6.380820492365482091e-04
-2.390773660791493602e-02
-3.141518270904663374e-02
-2.313713169037956430e-02
-1.697492357183972081e-02
-1.176147346148027732e-02
-1.176147346147997895e-02
-1.176147346148017671e-02
-1.176147346147998415e-02
-1.176147346148105795e-02
-1.176147346148034845e-02
-1.176147346148001711e-02
-1.176147346148008997e-02
-1.176147346148007436e-02
-1.176147346148053233e-02
-1.176147346148032069e-02
-1.176147346147985405e-02
-1.176147346148128520e-02
-1.176147346148025130e-02
-1.176147346147980027e-02
-1.176147346148112387e-02
-1.176147346147957302e-02
-1.176147346148111693e-02
-1.176147346147989568e-02
-1.176147346148063988e-02
-1.176147346147979333e-02
-1.176147346147996507e-02
-1.176147346148055835e-02
-1.176147346148060345e-02
-1.176147346148026518e-02
-1.176147346147987487e-02
-1.176147346148022181e-02
-1.213308422345005591e-02
-1.185845407586953379e-02
-1.551597492894920237e-02
-1.533016954796454986e-02
-1.587942984312415429e-02
-1.587942984312352979e-02
-1.408153612794404291e-02
-1.601906094110819995e-02
-2.309378524593187765e-02
-2.399273210352251967e-02
-2.011768247719434785e-02
-2.391342145527394422e-02
-2.081896555820924796e-02
1.092473149635175183e-03
2.990342638675087209e-03
-3.198569155452102644e-03
6.067872101570216843e-03
7.006997277105322247e-03
-2.149989457405552390e-02
-2.613311520256588263e-02
-2.801136555363558864e-02
-3.209362268785884847e-02
-3.245559860870517871e-02
-8.898651911466100989e-03
-1.907059339995710243e-02
-3.981657097335656453e-02
-2.240527478917630697e-02
-5.078319975167023409e-02
-4.855609600411048971e-02
-4.766455438653702248e-02
-4.845541803526285524e-02
-5.544457447186044996e-02
-4.310996159768022001e-02
-6.920032485914839882e-02
-6.232351427752969714e-02
-1.075688162882973593e-02
1.068446584847341542e-02
-7.542777495558710028e-03
-3.335676540622325992e-02
-3.393608646930020706e-02
-5.311851438231755818e-03
-2.399636456329126092e-03
-1.912494854426747062e-02
-2.191538934399669611e-02
-2.475359781122222352e-02
-2.475359781122276823e-02
-3.275957924060189652e-02
-3.918909287238096090e-02
-3.888110395358884003e-02
-3.487811323889920823e-02
-2.201908597534043763e-02
-2.201908597534002476e-02
-2.221300035522336819e-02
-2.279743979519475647e-02
-6.589805153068625278e-03
-5.761656314686334698e-04
9.320914850771818902e-03
1.656853351753629494e-02
1.645769114989383344e-02
-1.929911925860101126e-03
-6.885069728159585100e-04
-3.497689028730822849e-03
-1.937271200292227033e-02
-2.116617523514882984e-02
-1.839530992150678612e-02
-2.320529529203237129e-02
-2.275290882402560347e-02
-1.941344248996269839e-02
-1.700844980470026663e-02
-1.791322274071358717e-02
-1.684670101536612022e-02
-2.345353846110296084e-02
-6.506777059260474005e-02
-5.856902992588224055e-02
1.691010804890240998e-02
2.534278451729639337e-02
-2.839613023411157941e-03
-1.586504001219581766e-02
-1.286256792492999033e-02
-1.148533518637933487e-02
4.315099609679569174e-03
2.609726644441763208e-02
4.931165260274578827e-02
5.837307343921265684e-02
5.502163016426851044e-02
3.912388032743623067e-02
2.832635436389778494e-02
-2.992251818953289497e-02
-9.197729594860706848e-02
-1.072659821623102444e-01
-6.467169907247093119e-02
-8.785527218746411182e-03
1.658495143878407213e-02
-2.599511273559808322e-02
-3.269248376411513363e-02
-1.996719398016031169e-02
-1.655208585377677261e-02
-6.348507961993738553e-05
-3.257940160668967682e-03
-1.008815641343556446e-02
-1.008815641343505098e-02
9.988331384318451661e-04
7.330409933418208582e-03
1.383253654924159956e-02
8.289041773308412561e-03
-4.037255880181360099e-03
-9.483194880264037355e-03
-3.853539421246515023e-02
-3.870382218070660130e-02
-1.217385127494739934e-02
-4.671557886747425281e-03
-7.746596201939765815e-03
-1.556564265473685434e-02
-3.095830744697367076e-02
-4.361987925663871751e-02
-8.096663464136398536e-02
-5.381749799339696771e-02
-5.251132683900199688e-02
-9.180279907266571116e-02
-4.886633236450260709e-02
-3.555208323222941447e-02
-8.461278250655838995e-03
-2.859529995373339198e-02
-2.645555955423468594e-02
-2.442440339724260071e-02
-1.384566660559262419e-02
-1.210607406706725418e-02
-2.434961886970250095e-02
-2.963898726552686991e-02
-3.311817234257968812e-02
-4.595167798568567524e-02
-4.684782437302505154e-02
-1.288491419290690825e-03
1.192005146106028639e-02
1.185820699267239008e-02
2.160421529621387154e-03
-7.850019713999614387e-03
-3.322460948449926840e-03
-1.586068549899745633e-04
-1.576375250506041603e-02
-3.029249109179493055e-02
-1.112972555809745856e-01
-1.112868245530748285e-01
-7.202418139477159351e-03
1.332827612240757541e-02
3.490133699225601155e-02
3.844623097233888093e-02
5.399509672953655554e-02
5.161456153029660848e-02
4.756380065764263115e-03
-7.556204574367855753e-03
-6.615665045926294625e-03
-8.144807300475787049e-03
-2.828317752825662210e-02
-2.289269790890163109e-02
1.481122788430400648e-02
2.367118994068503554e-02
-1.479960327421704766e-03
-1.944497842698519191e-02
-2.133794983391841885e-02
-8.295655251543585310e-03
-1.491074751016494525e-02
-1.585513881724834664e-02
-1.684670101536658166e-02
-2.345353846110407800e-02
-6.506777059260550333e-02
-5.856902992588151197e-02
5.134619586758986873e-03
2.521697821263147593e-02
1.184795822183087356e-02
6.471614865680766319e-03
2.067993546220218536e-03
6.577464803559252438e-04
4.386407389954457767e-03
6.521384401728396937e-03
1.808036644770909598e-02
3.911403239608598342e-02
4.690851971226405945e-03
-4.279588373667238266e-02
-6.927247308009032434e-02
-4.752601195111439553e-02
-5.397470095171862103e-02
-3.592834153815300385e-02
-6.448791380625143455e-02
-4.653727287041645871e-02
-1.487135585757967671e-02
5.461618465050577936e-02
4.715506904022855050e-02
-4.546082908404210370e-05
-8.071298109186373238e-04
5.721741828974077557e-03
5.143537207391571907e-03
5.143537207391479966e-03
9.992814187040160306e-03
-1.848163872851149537e-03
-1.348200084152240477e-02
-4.568569280544182258e-03
8.977841763880382853e-03
3.360205530056879254e-03
3.799972937389263419e-03
6.830184143488291990e-03
1.261082358998772898e-02
1.378208371524172922e-02
1.208008553487685717e-02
8.732319606139758716e-03
8.732319606140168111e-03
7.928477348470776287e-03
-2.637213109071993096e-04
-1.197447240810768643e-01
-1.193428029522413530e-01
-1.029584056334870573e-01
-1.029584056334880288e-01
-1.029584056334878067e-01
-1.029584056334881120e-01
-1.029584056334875430e-01
-1.029584056334879733e-01
-1.029584056334872794e-01
-1.029584056334877096e-01
-1.029584056334882092e-01
-9.659935321679720410e-02
-9.556444767836705378e-02
-4.385282197645812285e-02
-4.703234818480374335e-02
-4.910215926166386358e-02
-4.910215926166493217e-02
-4.910215926166412032e-02
-5.623400428046619604e-02
-5.475183915849992505e-02
-1.262785805201506462e-02
-1.385549047913898178e-02
-1.672592069327600434e-02
-4.395869911527621778e-03
7.376777989992439749e-03
2.515256062100232511e-03
1.600977650691219611e-03
7.471689250395831781e-03
4.228053714549038708e-03
-1.298495278626619377e-03
-5.859054950213409517e-03
-5.996862635002776429e-03
8.057000960315167373e-04
2.842597187298357472e-03
1.285797208192800438e-03
-9.522624171216098957e-03
-1.800380385010682399e-02
-1.132160709798653818e-02
-9.736873555181853671e-03
4.315099609679997651e-03
2.609726644441777432e-02
4.931165260274519152e-02
5.837307343921262215e-02
5.502163016426908637e-02
2.992888522039342455e-02
2.179941539424168004e-02
-7.391171782070813691e-03
-3.743717618627075139e-02
-4.195679014257011619e-02
-6.300359559511649332e-02
-5.185409709544286372e-02
-4.037858686497087374e-02
-4.037858686497040883e-02
-4.037858686497056149e-02
-4.037858686497130395e-02
-4.037858686497065169e-02
-4.037858686497129701e-02
-4.037858686497042965e-02
-3.459628194137500529e-02
-5.207794169140671225e-02
-8.349550646292878964e-02
-7.383678093727202851e-02
9.257884383017228255e-03
1.998766483395775923e-02
-2.485241044093189182e-03
-1.127532728105454587e-02
4.769390422596590622e-03
2.262879049338611601e-02
2.634290153521289674e-02
1.780071825368875066e-02
2.037868908322853362e-02
1.831613611743741765e-02
1.598072299917529041e-02
1.598072299917555408e-02
1.598072299917594266e-02
1.263946768242368672e-02
1.270147173239227073e-02
2.359221084924252240e-02
1.074979750551082608e-02
-1.055576995227243756e-02
-1.733572716610349250e-03
8.616328148761188618e-03
8.313468487431543985e-03
8.313468487431403472e-03
8.313468487431571741e-03
8.313468487431370513e-03
8.313468487431653273e-03
8.313468487431086018e-03
2.468936463716571439e-02
2.295712179079191853e-02
-5.190619896711498593e-02
-6.539406493893858141e-02
-4.942095190523963094e-02
-3.012887791667900189e-02
2.618474832665896104e-02
2.511479281294322005e-02
1.079858421473273329e-02
9.051818261756333292e-03
3.198930239959137199e-03
9.497041690900943564e-03
2.193524952596510522e-02
3.757921719185301768e-02
3.535750752897914850e-02
9.170362119687625740e-03
-4.317021223653724760e-03
-6.642692404427986974e-02
-7.624465546782020764e-02
-6.046851894516750564e-02
-5.185036457249256325e-02
-5.611872148515244241e-02
-7.625928059461284381e-02
-7.567350944093925724e-02
-9.031363111951798417e-02
-8.548174637939176534e-02
-5.500737838577151456e-02
-3.735357633008477840e-02
-4.701734581033643889e-02
-4.701734581033745197e-02
-2.582594774518752120e-02
-2.190393727934852874e-02
-1.749384605511029520e-02
-3.014634205330118943e-02
-5.560964591321854861e-02
-5.195203024641368433e-02
-5.389413569805312498e-02
-2.786449977885295873e-02
-1.916850824594965030e-02
-4.181248122090517466e-02
-5.975700424433577629e-02
-5.597832383451533528e-02
-2.150265657653706308e-02
1.219550961977162442e-03
2.265131624079713343e-02
1.701172911559643494e-02
8.308582456858512946e-03
3.314677904981958717e-02
3.091417012442150558e-02
2.084239107897424906e-02
2.084239107897477641e-02
2.084239107897484580e-02
2.084239107897448845e-02
2.084239107897442600e-02
3.283656467434548087e-02
3.111918139870934949e-02
-2.062414215825200854e-03
-6.488302574766197789e-03
-3.388280634844433124e-03
-8.156008308773766285e-03
-1.900998700491838417e-02
-5.023152284119260930e-02
-4.289515900730878073e-02
-2.275840005376403644e-02
-2.322215832017451506e-02
-1.713868724954315664e-02
2.051772803739698031e-02
2.074960717060264984e-02
1.872303160487190019e-02
2.123398793811600779e-02
2.656930938830005459e-02
2.149912610053401549e-02
1.647721343404573088e-02
1.647721343404557823e-02
1.647721343404559904e-02
1.647721343404560598e-02
1.647721343404578292e-02
1.647721343404582109e-02
1.647721343404549149e-02
1.647721343404545680e-02
1.647721343404556782e-02
1.647721343404577946e-02
2.421664538980336165e-02
2.482518564756735005e-02
8.866348382445670209e-03
4.996632404567128913e-03
3.779551889038254391e-03
3.779551889038611744e-03
3.779551889038550161e-03
-3.554104978360388134e-03
-4.805982342991743823e-03
-1.687637505504370472e-02
-1.320954662134438302e-02
-1.070579189208110266e-02
-1.070579189208097949e-02
-1.070579189208073663e-02
-1.498054660107782550e-02
-1.794706818556630543e-02
-2.621122817795570881e-02
-2.407385082345716090e-02
-1.814080765448033289e-02
-1.814080765448028432e-02
-1.814080765448009350e-02
-1.814080765448040922e-02
-1.814080765448054453e-02
-1.436402953997173784e-02
-1.113707571994400174e-02
1.686064152762476419e-03
-2.023249044923561854e-04
-6.656232544546894329e-03
-6.656232544546975861e-03
-6.656232544546654938e-03
-6.656232544546611569e-03
-6.656232544546427689e-03
-3.875290877528541136e-03
-4.251400347318310194e-03
-7.100938766122909251e-03
-8.491409599632102762e-03
-7.739190660051964432e-03
-9.716472477681032185e-03
-9.727691276040473581e-03
-5.530692332284949803e-03
-4.542051423469914591e-03
-4.519613826752501111e-03
-4.519613826752883617e-03
-4.519613826752891424e-03
-4.519613826753046681e-03
-4.519613826752477692e-03
-4.519613826753018926e-03
-4.519613826753402300e-03
-4.519613826752603460e-03
-4.519613826752542744e-03
-4.519613826752778667e-03
-4.519613826752920047e-03
-4.519613826752929588e-03
-4.519613826753230562e-03
-4.519613826753141224e-03
-4.519613826752822902e-03
-4.519613826753079641e-03
-4.519613826753386687e-03
-4.519613826752763054e-03
-4.519613826752793412e-03
-3.336914530756086069e-03
-2.947203050187508031e-03
-7.347748651165155083e-03
-8.320502276162536001e-03
