-8.874716324341103179e-04
-1.038901705586645595e-03
-3.290422401263413000e-03
-3.304280662876650423e-03
-4.141712658480989871e-03
-4.604801364341155716e-03
-4.221806914865107105e-03
-4.626153616115949961e-03
-4.594569776882198066e-03
-4.584089318187216551e-03
-4.706547959735598446e-03
-4.671586024623247159e-03
-4.706752230615694754e-03
-4.730147592667930875e-03
-4.723879493455577019e-03
-4.742234495904219284e-03
-4.744382480439748861e-03
-4.746488051572400960e-03
-4.752107337251701598e-03
-4.751362849452815673e-03
-4.753123648120913432e-03
-4.752959358769910658e-03
-4.751059987785442168e-03
-4.751236324311181036e-03
-4.745474966753014841e-03
-4.743088287207808222e-03
-4.739358419153230292e-03
-4.721950996310586915e-03
-4.725744516939293059e-03
-4.700035366730959813e-03
-4.668443301198416454e-03
-4.691413638314881167e-03
-4.573636694102448108e-03
-4.584392405667714332e-03
-4.577686657549555685e-03
-4.189322835075825861e-03
-4.241062426828499932e-03
-4.082116885469237212e-03
-4.145929719362455475e-03
-4.169741679226465249e-03
-4.125553590167475339e-03
-4.717683678582567167e-03
-4.731309684242494644e-03
-5.886820723408871074e-03
-6.124774162403556245e-03
-6.681595427378780178e-03
-8.206617956644571971e-03
-8.367921998753084095e-03
-9.530207076804101882e-03
-1.044230362465191353e-02
-1.049444739319646894e-02
-1.221396830033036340e-02
-1.006877372741076145e-02
-9.600812575874816818e-03
-9.020268862065658130e-03
-9.428843795808584949e-03
-1.876281839315645933e-02
-2.185677867643761457e-02
-2.624216121275746091e-02
-3.195205892468251652e-02
-3.610971703311666864e-02
-3.631287049615644635e-02
-4.162639791670524197e-02
-5.202110207270167069e-02
-5.428401069561875764e-02
-7.527932448144909749e-02
-8.366165636611712364e-02
-8.651151905840942513e-02
-1.032103351575944378e-01
-1.022625574664950965e-01
-1.068480392419169367e-01
-1.142598410336172488e-01
-1.081380124217927174e-01
-1.139092090899243015e-01
-1.111425234089552794e-01
-1.015192311185661167e-01
-1.023088148711502887e-01
-8.804514823787844280e-02
-8.304969755603285042e-02
-7.627593654455003258e-02
-5.874765602178204371e-02
-5.459856460744445111e-02
-4.092159901588433846e-02
-3.229173593504221923e-02
-2.887519097010427319e-02
-1.870960686677886758e-02
-1.662912468773275823e-02
-1.225614986437423976e-02
-1.048102988787280761e-02
-9.484874435635327200e-03
-8.019436086656225177e-03
-7.091299043486561267e-03
-5.127971912139016493e-03
-4.065737714635610928e-03
-1.544368839518067433e-03
-8.103206603788390763e-04
1.589696956535236469e-03
3.046364206178295547e-03
2.972255135639538266e-03
7.911393643767007655e-03
8.513382310526781266e-03
1.395365310875044604e-02
2.000103166849901554e-02
2.222424673387705593e-02
2.907850037993433071e-02
2.712919776582833897e-02
3.020671365214180198e-02
4.200160302948430235e-02
4.251110364901783401e-02
5.466280169101894737e-02
5.604243453634923794e-02
5.670778653854804258e-02
6.272170698305162828e-02
6.263654850390280859e-02
7.604611415866072144e-02
7.842731514304336626e-02
8.507396646355733227e-02
9.349916214681935900e-02
9.517660236325548029e-02
1.051294229656323520e-01
1.111929848933618514e-01
1.153774519009794636e-01
1.256536391767055227e-01
1.258791348190845816e-01
1.253957228818610159e-01
1.270087663392099331e-01
1.195473198753423671e-01
1.172707088577205625e-01
1.145211804312688542e-01
1.113342531009721414e-01
1.097951280389711792e-01
1.077098107604526345e-01
1.038283704915446276e-01
1.031801248633320983e-01
1.012572183595433911e-01
9.988832219397779377e-02
1.004014102858498819e-01
9.881604750492056777e-02
9.792029707205673894e-02
9.738719083052982395e-02
9.520148583621521055e-02
9.276076321185652840e-02
8.921293724590073637e-02
8.187275876706681665e-02
7.692866111139792795e-02
6.894793933090553884e-02
6.011096893514514955e-02
5.294686189166675216e-02
4.550124849398437532e-02
3.646885606391438162e-02
3.126127963930332154e-02
2.271533399323442948e-02
1.486562530239357582e-02
1.116095426382980593e-02
1.600721751543528843e-03
7.316268274347945957e-04
-5.271243382850728361e-05
-1.750715344445904435e-03
-4.933610256815847833e-04
-1.500226014348260764e-03
2.884379233588217194e-03
3.422155253149425109e-03
3.630193998808470268e-03
5.307676735810378660e-03
5.520223031770873576e-03
4.940499546028004167e-03
6.389589416537239802e-03
5.502129087282333839e-03
3.007939501526262632e-03
1.809513615503715927e-03
-4.850211612353188552e-04
-1.735028303158373626e-03
-3.973367790829173199e-03
-5.034854113457653928e-03
-6.863198656345116319e-03
-7.064676317651418826e-03
-8.294338629949167541e-03
-8.633299303168707681e-03
-8.746733037976678685e-03
-6.201748100222336489e-03
-2.859022349835153268e-04
2.544751804947187942e-03
7.251570304145937319e-03
1.105270005449487773e-02
1.598852420806204030e-02
1.837264885056737879e-02
2.416892347256121426e-02
2.598579075075963668e-02
2.624047748677105912e-02
2.883775772547598690e-02
2.761320033168243593e-02
2.717988317981790899e-02
2.737370150361195104e-02
2.345684042252690199e-02
2.468887142994265205e-02
2.343999827185937190e-02
2.306077011789853248e-02
2.495845385366989369e-02
2.522024602811231975e-02
2.713655151311564900e-02
2.898712750801797286e-02
3.003405933978816819e-02
3.248377067216144665e-02
3.444199970007547074e-02
3.602469721544061809e-02
3.942589978556479413e-02
4.133790210163540424e-02
4.415000681462941112e-02
4.894438682579127509e-02
5.103584748135202298e-02
5.374567760807739264e-02
5.485665640345478017e-02
5.687077317387345676e-02
5.667867288910608675e-02
5.434313041835918401e-02
5.157599192830264467e-02
4.611881337412999937e-02
4.188753242920348341e-02
3.629736776945943766e-02
3.163264209287337814e-02
2.523965594416395508e-02
2.121897694738360957e-02
1.683981152949725127e-02
1.249022263464272600e-02
1.011369611266520196e-02
6.212593163860845660e-03
3.180168412903477612e-03
5.699857712841860125e-05
-4.746434761684259832e-03
-7.454027425024913923e-03
-7.552409614256556589e-03
-4.375470241599063032e-03
-4.028300335150141430e-03
-2.474524315455000744e-03
-2.318942853197228197e-03
-3.711010907748633469e-03
-4.392335392043343785e-03
-5.557035648601420935e-03
-9.028412427714783278e-03
-1.203320895597929582e-02
-1.394546791027697838e-02
-1.740959736619016041e-02
-2.319844362829790591e-02
-2.638204722535986493e-02
-3.212111224647243302e-02
-3.783889329767356480e-02
-3.848082625610672186e-02
-4.283425095267767713e-02
-4.772789130989248119e-02
-4.634210235688890345e-02
-4.557050130478992878e-02
-4.234774331783809631e-02
-4.192496614075112704e-02
-4.002663618037613502e-02
-3.860126153451608200e-02
-3.817639740445066127e-02
-3.587619460161294016e-02
-3.394224978794255221e-02
-2.869296545750610328e-02
-2.145580397833160569e-02
-1.402627014108346129e-02
-9.761586236561509144e-03
-7.766300047282188000e-03
-4.108382873571374792e-03
-2.709491225696883561e-03
1.597398220464895101e-05
5.425856956748274090e-03
6.819221583917568254e-03
2.583270289227909342e-03
6.559812291383145845e-03
6.408555057241326069e-03
7.047948532126930253e-03
6.577898654081656450e-03
-1.314448857741266430e-03
-6.321745555967095420e-03
-1.137946588717498285e-02
-1.825617514024713631e-02
-2.223843149579383255e-02
-2.868304986848430743e-02
-3.243779315703775729e-02
-3.525794251272430790e-02
-3.881141439106933905e-02
-3.853117018297372298e-02
-4.152166615999133836e-02
-4.300100540353935658e-02
-4.364410407044144735e-02
-4.841017276615376674e-02
-4.993965239076018914e-02
-5.430661758831885344e-02
-5.963455852229090220e-02
-6.093715992585937991e-02
-6.633979985720184214e-02
-6.846905647469164746e-02
-6.608302604226283516e-02
-6.975753329106718081e-02
-6.753561133316091092e-02
-6.391777889742572549e-02
-6.261809797298671654e-02
-6.102792398326671586e-02
-5.859956019605021271e-02
-5.892797461679556009e-02
-5.754772362587450008e-02
-5.730620740785705852e-02
-5.653842092708848827e-02
-5.502302832852058734e-02
-5.532719563340156299e-02
-5.225861692706019329e-02
-5.222599394269891032e-02
-5.009233360150855408e-02
-4.132896696350267518e-02
-3.986123222711058373e-02
-2.886876326182015104e-02
-2.509942747235555105e-02
-2.441925103227092844e-02
-1.834046752002159442e-02
-1.845296237133749531e-02
-1.438183801953523896e-02
-1.267627016267322375e-02
-1.108512617639073085e-02
-8.412300849849140005e-03
-7.191663620800466637e-03
-6.036885712927766816e-03
-1.307766260950389905e-03
-2.338658433529418009e-04
1.068811291433934517e-03
2.871937761608012521e-03
3.648202230298985306e-03
3.459736032232574397e-03
5.048297756206921935e-03
4.523423620044002627e-03
2.163076984889383044e-03
1.108053490290543961e-03
-9.092404728538724468e-04
-2.072066370609156223e-03
-4.197894423375864506e-03
-4.982194361224182196e-03
-6.885537979920044148e-03
-6.967874973432828904e-03
-7.857366401107492015e-03
-8.692038234221478171e-03
-8.263427703708348809e-03
-8.822273964826526232e-03
-6.354034064035657577e-03
-2.326191226872857763e-03
3.073217158261038438e-03
2.555780545877539469e-03
1.082069476777599779e-03
-1.057611784798349322e-03
-1.285580599291601470e-02
-1.326451421834705553e-02
-2.067006487379772356e-02
-2.169714784349549563e-02
-2.086050086663590250e-02
-3.148409920827510700e-02
-3.709615247538766702e-02
-4.211056204186022084e-02
-4.418350610955572300e-02
-4.441237501430228551e-02
-4.580999784242999195e-02
-4.430203327390444534e-02
-4.598120877562912601e-02
-4.595360238449314183e-02
-4.662616850580807853e-02
-4.811265982903240035e-02
-4.652150043165584337e-02
-4.698107996205792836e-02
-4.210841288332278776e-02
-3.945883101117807212e-02
-4.234281239822708376e-02
-3.658263829217373031e-02
-3.770728599131410036e-02
-3.662026486979850365e-02
-3.452189909689783870e-02
-3.718297693773414681e-02
-3.511966081956007651e-02
-3.513740819186768338e-02
-3.595144901957107036e-02
-3.183264107225884654e-02
-2.916975408346283646e-02
-2.439171250941903415e-02
-1.647602486981501746e-02
-1.180776140206728914e-02
-8.239315634394499266e-03
-2.545582657354265432e-03
-9.920112395748713341e-04
6.703307949874069737e-04
4.876569936862509315e-03
5.403418831197912692e-03
8.055100556836676529e-03
9.253474951170889695e-03
9.816917894472771550e-03
1.060395615513550979e-02
1.059053783187506245e-02
1.034372373120768379e-02
9.031786262343452498e-03
5.909976121908114624e-03
9.038447565824244898e-03
5.438122621849146923e-03
3.898779750647076835e-03
2.971951260558442030e-03
-2.664356086725046084e-03
-4.836152174642349873e-03
-4.535595023446727103e-03
-2.050969967248612510e-03
-9.003528772537248374e-04
2.073085034124528409e-03
1.974821609863181525e-03
2.102521000792249937e-03
-2.322513205751784867e-04
-5.257927449443053868e-03
-1.031212836965576807e-02
-1.630456535351021419e-02
-1.672534174599874662e-02
-2.324875063143077430e-02
-2.272058936085346800e-02
-2.626165571317241182e-02
-3.062326520214743095e-02
-3.006642671177401152e-02
-3.505853954876850948e-02
-3.434266136860870261e-02
-3.090671397378454838e-02
-2.984688368304913228e-02
-2.805592567547039728e-02
-2.735625665965108616e-02
-2.709449119963398128e-02
-2.627454386558426835e-02
-2.607975966214544361e-02
-2.498047986260624673e-02
-2.469625070164436359e-02
-2.374638404057741528e-02
-2.306604529170577442e-02
-2.254050402527009792e-02
-2.061654457412151822e-02
-2.036004642522949368e-02
-1.815894692749773359e-02
-1.597214091148270454e-02
-1.764386603179083843e-02
-1.309502241372756913e-02
-1.104478765750500045e-02
-1.391127776895605128e-02
-7.280459534072743905e-03
-7.131092926061108339e-03
-6.425576427074058093e-03
-4.059106166062337318e-03
-3.652139676071210726e-03
-3.319609022088785936e-03
-1.140609555759425570e-03
-2.140598417942171823e-03
-2.162989575576029257e-03
-1.939247361315140847e-03
-6.378087861840545277e-03
-8.027871790193694124e-03
-1.360380340004385853e-02
-1.886136598438738904e-02
-2.096213100601120038e-02
-2.239110320940241455e-02
-2.482131502329503955e-02
-2.493565672883411855e-02
-2.527385512420381869e-02
-2.625493484577849299e-02
-2.393614359704840724e-02
-2.449140631273236113e-02
-2.318386944648686762e-02
-2.181390595387000877e-02
-2.196933148487212328e-02
-1.947956555155720346e-02
-1.854051215501665434e-02
-1.813466158492230834e-02
-1.201293673222970232e-02
-1.168582098812607530e-02
-9.856888716308487633e-03
-8.053744623302492786e-03
-7.748716010358422564e-03
-6.594277080773789518e-03
-6.078322669383654127e-03
-5.503773231436650225e-03
-4.890665120988342378e-03
-4.472377674650094941e-03
-3.435685210895036198e-03
-3.214616144018895335e-03
-2.048306477009964686e-03
-1.949392592930924940e-03
-2.236380924102848115e-03
-2.019900840562731652e-03
-2.202755323244343436e-03
-2.070966457327899548e-03
-2.059393002389432042e-03
-2.083906394090977252e-03
-2.034159050749131687e-03
-2.046300596169749013e-03
-2.039037251808475167e-03
-2.027798450013026336e-03
-2.032107808619116988e-03
-2.026411373603886640e-03
-2.025077561514185970e-03
-2.026019278470138005e-03
-2.024157184930342260e-03
-2.024556867063890576e-03
-2.026895476813799293e-03
-2.025474629054069449e-03
-2.029136517354503382e-03
-2.034521290777724454e-03
-2.029397093472284225e-03
-2.048433393739723229e-03
-2.047746047470435597e-03
-2.043895964768071422e-03
-2.106665934456476794e-03
-2.051392166489650164e-03
-2.121914311965744388e-03
-2.229260619843762090e-03
-2.013917732407366143e-03
-2.507519190011415610e-03
-2.597693850006604476e-03
