-1.368845445928576661e-02
-1.397736208673018565e-02
-3.406880158262484692e-02
-4.399066523474219614e-02
-3.854474726158742259e-02
-3.074844838212798664e-02
-2.215562036615532568e-02
-2.214163982603317704e-02
-2.212128302559224907e-02
-2.211182001987315945e-02
-2.211300702828284184e-02
-2.211300047039196914e-02
-2.211299917116226615e-02
-2.211299967261845523e-02
-2.211299964239861124e-02
-2.211299964239871879e-02
-2.211299964241911567e-02
-2.211299964241791871e-02
-2.211299964241759258e-02
-2.211299964241916771e-02
-2.211299964241831770e-02
-2.211299964241828300e-02
-2.211299964241986507e-02
-2.211299964241397395e-02
-2.211299964241703053e-02
-2.211299964721326686e-02
-2.211299956407471179e-02
-2.211299983329964927e-02
-2.211300064582284730e-02
-2.211281160503432777e-02
-2.211445252912751236e-02
-2.211640254976878286e-02
-2.211772128254273218e-02
-2.348250978904126499e-02
-2.373629663633927342e-02
-2.504714593709872136e-02
-2.436657601269286155e-02
-2.385177970473363607e-02
-2.383903356165370177e-02
-2.274964262542039650e-02
-2.037543557091436169e-02
-1.397416691343224444e-02
-1.450647273501929485e-02
-1.929175824288689375e-02
-1.706190917356513806e-02
-1.830031867184463146e-02
-3.257369855301363304e-02
-3.372131937795695700e-02
-3.649315535803188820e-02
-4.547189782521220830e-02
-7.028604340287192276e-02
-8.969918367537170478e-02
-6.601248623835910545e-02
7.221906076079056408e-03
5.229640382698589468e-02
4.358392831116176397e-02
-3.893869273756694199e-02
-5.598402007945568748e-02
-6.151341070540248396e-02
-8.393744764683509774e-02
-7.476633271701198236e-02
-7.917765862253116349e-02
-6.806561630469044888e-02
-4.541993575231919461e-02
-4.728874477717493613e-02
-7.595914059794547923e-02
-8.773379183252885682e-02
-9.322739494890676382e-02
-1.174731428563316749e-01
-1.217474945720606327e-01
-1.036738402589289787e-01
-1.041633565473264605e-01
-1.039722786381004349e-01
-1.586088731264166940e-01
-1.703126596207966137e-01
-1.195474730721594880e-01
-6.941311817424397623e-02
-4.627608580236210883e-02
-6.213113684046930180e-02
-6.339712208113289227e-02
1.156006442256493974e-02
3.014094163373024979e-02
5.651107229840231748e-03
-2.305099126116666713e-03
-9.583700282295510436e-03
1.478396971344898923e-03
1.369514003817757586e-03
-2.097582600347960152e-02
-2.651991350332990466e-02
-2.637334884297215520e-02
-3.044449080170116145e-02
-3.592175757909522177e-02
-5.184348273115148981e-02
-4.408468868414243402e-02
-6.156473159949918741e-03
-3.810003536463098077e-03
2.554306468754129807e-03
-5.928055223783640706e-03
-2.607515557285609159e-02
-1.559050062153722119e-02
-2.015990636370253858e-02
7.810388738992552621e-03
3.505355120965340104e-02
6.690635179398995991e-02
5.093610419018716751e-02
-1.506263392863783739e-02
-5.670957440912841041e-02
-1.254206881563311310e-02
2.403689640037011410e-02
1.064921753493030532e-01
1.070702274724014830e-01
1.177860928292000578e-02
-5.022670685635984011e-02
-4.130392314897625428e-02
3.333309673718080207e-02
2.183730298273917417e-02
3.258588864704548005e-02
1.955253032097041890e-02
2.113708907983301646e-02
2.423477881824304472e-02
2.908971521210285821e-02
3.545600746140174092e-02
4.328440719297404343e-02
4.415041369234861540e-02
2.773903380616054778e-02
2.112193319415148901e-02
1.472459388424045973e-02
1.502017289476234021e-03
2.348384397347832650e-02
3.699059230047805485e-02
4.595472750935609280e-02
2.351346929123094426e-02
-4.224517703436266383e-03
-1.361577127689516525e-02
-6.016324802170096991e-02
-4.917985335711754641e-02
-2.214071638845832926e-02
-2.217398691693737642e-02
-2.150558693404319710e-02
-8.114591394152638471e-03
2.872861599907258756e-02
9.072094387752320521e-02
8.424844401331825494e-02
2.898479320268854825e-02
1.071268531794484884e-02
-3.002927146440494133e-02
-3.967432545576211889e-02
-5.008827567429561221e-03
3.948921454474970880e-03
2.139024733976050210e-02
2.263891482292196972e-02
4.418038957872693490e-03
-9.122876485845551539e-03
-2.356168406968026444e-02
-6.906282681671241375e-02
-6.234330963827391242e-02
-3.350261343896502458e-02
-3.350102861741944410e-02
-3.659251344069901907e-02
-3.293750014098745238e-02
9.172331509458489865e-03
1.076989971338083475e-02
3.518735997054493487e-03
3.570472052472821976e-03
3.575566604544993567e-03
3.550299400008223843e-03
1.688995883654859087e-02
1.789401890669033851e-02
-1.294440885487105623e-04
-6.959505045583028182e-03
-1.003579838841061993e-02
-8.568154068794540945e-03
-1.273569369207096756e-02
-1.281525453142760146e-02
-3.369899569038843634e-02
-2.711645043113024636e-02
-4.192564995405424766e-02
-1.020011484012962183e-01
-1.310360228228316659e-01
-9.286851140207683097e-02
4.547469351883953563e-03
2.051233900724605541e-02
1.928669023442376729e-02
1.326776245572117499e-02
1.518589934623281422e-02
1.870144890620420788e-02
2.053505147066861380e-02
1.714180135003248381e-02
1.006409480076847669e-02
1.006690895174787957e-02
1.005027268021828867e-02
1.358025324841787528e-02
1.173086716180965147e-02
3.256870113124298374e-03
1.470321421487302870e-03
-9.434395181391884086e-03
-2.034010214351314114e-02
-2.095868839060788594e-02
-1.379980113131473035e-02
8.079601928616182704e-03
8.107586127414356802e-03
8.240334048065584699e-03
8.328287627337272597e-03
8.228742260671551012e-03
8.129405655256161101e-03
8.373559661468016682e-03
-3.936302418820461849e-03
7.927318784692783879e-03
5.872625929296357294e-02
6.515364279353286214e-02
4.180783583070169646e-02
4.189774470282740110e-02
9.456370855539422693e-02
1.086927688416065574e-01
6.216387507757308029e-02
3.582926541553933114e-02
6.799192928726110682e-03
6.535171026918720066e-03
-1.202817257599518921e-02
-2.199857223280546684e-02
-4.128577106058221868e-02
-3.210704040019930067e-02
-2.561218545307315450e-02
-2.235603543346793842e-02
-7.229520436984027652e-03
-5.266326904818731435e-04
4.093522408166611233e-03
-5.162011551192533659e-03
-5.672193318658057953e-02
-9.018698772110891881e-02
-7.527954281446004592e-02
-1.561660666047655875e-02
1.921511931492427992e-03
1.548177201388793202e-02
7.320914149081596441e-03
1.219114089964578684e-04
4.814177731020362512e-03
7.378124799205910446e-03
-3.660767031446566806e-03
-6.003634671578703987e-03
3.703942246983939375e-03
5.234772179396380946e-03
5.823226817895254918e-03
3.578748547250715315e-03
-3.086313926384601919e-02
-3.509188270882186711e-02
-1.618250322630664442e-02
-4.738053831267994426e-02
-1.426554639786559997e-01
-1.252495210062410658e-01
-4.795634204312542587e-02
-6.891122374722915417e-03
-3.072188297404776849e-02
-1.938573573637912897e-02
-2.044733673740133789e-02
-3.281391204541317386e-02
-5.668384851681122077e-02
-7.200112061727172164e-02
-8.529075117302881148e-02
-2.824601609693771706e-02
2.164471715404687677e-02
1.801333285089355002e-02
-2.992857449718757702e-03
-1.418490558159113055e-02
-3.202200521391301846e-02
-2.324926805032875594e-03
4.850686131546552010e-02
4.302046485312290003e-02
-3.203297173178409202e-02
-3.418693760755346644e-02
2.415521927109940542e-02
1.064432832330047402e-01
1.071501678677366926e-01
1.182222332132755113e-02
-3.627234769728283209e-02
-1.431698449136503855e-02
-6.999045498609554432e-03
-2.553364652305239318e-02
-5.689274943206160118e-02
-6.664989009293306732e-02
-1.099134813262502147e-01
-1.022026825145634921e-01
-8.270927043098728892e-02
-8.271598432261807743e-02
-7.446503716173716314e-02
-6.420586558056858018e-02
-4.637123772227751128e-02
-5.042391185035347001e-02
-7.102626037406763182e-02
-8.124502588104288991e-02
-1.048247197928650898e-01
-1.091087888235579145e-01
-9.801914574446173034e-02
-5.220466802238783732e-02
-9.810873523488738979e-02
-9.011362392497078433e-02
-3.382076179159509196e-03
2.615181392839655353e-02
2.513806860000940280e-02
1.276554593105186375e-02
-1.941364664262320173e-03
-2.161109065745391022e-02
-2.162845176427485167e-02
-2.163439211854064487e-02
-2.189443587418225118e-02
-7.309331605302316591e-03
-2.179880299420972403e-02
-7.274342801067537612e-02
-8.390525655672355365e-02
-3.123476051681449081e-02
-1.060391269464945781e-02
1.622589703002139463e-02
1.127434283004949238e-02
-1.324307679073516951e-02
-1.746581220724894787e-02
-2.503932588573903883e-02
-5.063563025444533378e-02
-4.853970755671213611e-02
-3.348144965313386290e-02
-3.345580348405493426e-02
-3.657964080455531480e-02
-3.294130059006740441e-02
9.172344183817800201e-03
1.076989911429981558e-02
3.518735115096757043e-03
3.570472137550875953e-03
3.575566604452924419e-03
3.550299399998910980e-03
1.688995883658124877e-02
1.789401887606882971e-02
-1.294437292097477073e-04
-6.959505402619210919e-03
-1.003580334404598033e-02
-8.567195820207198706e-03
-1.274116150660148210e-02
-1.282352517538371331e-02
-3.363127254889509282e-02
-3.142291200220466429e-02
-3.650171200321541964e-02
-4.550774411062920299e-02
-7.031180778487727823e-02
-1.026618350546850966e-01
-8.147884104515801251e-02
1.725203328896832318e-03
7.157086368829643219e-02
7.673274576979928485e-02
4.947390532036183286e-02
2.331810298777892143e-02
-3.079847594232872424e-02
-4.620053876776782087e-02
-4.685288622227139210e-02
1.856909439171148353e-03
4.140293909497320263e-02
3.385696716872138145e-03
-3.728756826602133007e-02
-5.861156382714926422e-02
-4.002781809919531836e-02
-2.472274582584739824e-02
-2.522192055134932134e-03
8.403939342942222390e-03
6.732746210888231747e-03
-7.038812928472299238e-03
-2.162424750334439316e-02
-5.569897642162758428e-02
-8.811432020140799737e-02
-5.801158919634222949e-02
-6.395201123496849216e-02
-5.344415400226876917e-02
-4.297557624614480737e-02
-2.083220729409999625e-02
-4.695496305053971191e-03
2.730159282814823441e-03
-7.320689945054280508e-03
-2.610425296844008647e-02
-2.991121892257248352e-02
-4.127807503710772402e-02
-5.816532979507962192e-02
-6.430253316036689537e-02
-7.782884359439364019e-02
-5.799841266054416716e-02
-3.440345904260647125e-02
1.380142836294538395e-03
8.860254588107380203e-03
2.255249897306801227e-02
9.256961232447723578e-03
-4.390048233565728084e-03
4.969573039033798462e-03
5.284230112046867447e-03
9.201595495746730038e-03
9.218033785159352941e-03
9.226933458343127004e-03
9.209488875915800010e-03
1.739353690403654465e-02
1.246584873793068170e-02
-4.750748895167725486e-03
-1.079202572126663345e-02
1.877752374403954608e-02
1.575337831431993310e-02
2.094548563969676064e-02
1.499692770039111334e-02
-4.058027703888244381e-02
-7.938255305352873159e-02
-7.208956888909426319e-02
-1.995302049336884417e-02
1.341602684623356603e-03
2.576827308694910543e-02
3.128857972227260670e-02
3.946084759152539145e-02
5.058540872729029581e-02
1.309257553723180978e-02
-3.397889889365698912e-02
-6.039156891173251551e-02
-3.859403132385418739e-02
-4.004403852552947118e-02
-8.900156018372707215e-03
-2.623435204141983182e-02
-5.414193383363591350e-02
-8.018907072929194746e-02
-1.551977397662955838e-01
-1.415609845792190624e-01
-4.921064455852158098e-02
5.922678271945530128e-03
-1.764705745348257165e-02
-1.050032064376951214e-02
-2.324736772028739365e-02
-2.819299407520576423e-02
-2.817012099940273406e-02
-1.589445177712542692e-02
-1.466298677921932386e-02
-1.401856601040561527e-02
-2.019342237308147450e-02
-2.267082364517650911e-02
-2.508282426709585247e-02
-2.154981514491526029e-02
-5.930120157341973314e-03
-1.589283676041997745e-02
-3.572489241744954830e-02
-2.407019136663176434e-02
-1.746250939353670081e-02
-4.467670851856980763e-02
-2.550409744762581477e-02
-1.739332768528421488e-02
-1.679878765571619914e-02
-1.673669045686456552e-02
-1.762875738771292958e-02
-1.338204952283294884e-02
-1.492874154006858202e-03
-1.045352647405560194e-03
9.062025484028268449e-03
1.588266262622129929e-02
3.428726266810623504e-03
-1.261194519869266589e-02
-3.347880603042172054e-02
-4.365366165749996752e-02
-4.031196655745825086e-02
-2.614359807154222753e-02
-2.614918593895557836e-02
-2.615250116670432209e-02
-2.560376491088214163e-02
-2.768789120965621520e-02
-5.000213594270868506e-02
-5.027599734610817966e-02
-4.611614855517412459e-02
-4.615220137658664762e-02
-4.616126331932120935e-02
-4.612317134533101132e-02
-5.649530318037928461e-02
-5.690893787174467616e-02
-2.791078143147067772e-02
-2.273417001506654322e-02
-2.187452359402834723e-02
-2.183468372624241746e-02
-2.183280932995551940e-02
-2.183276813982543488e-02
-2.183384758502093098e-02
-2.182833802440189638e-02
-2.181972341478419578e-02
-2.180653218540687041e-02
-1.654020040709363107e-02
-1.341808616539891426e-02
-3.483546211833030409e-03
-4.772103368129766883e-03
-1.183219145298285667e-02
-1.442002518806503007e-02
-1.509913848294723408e-02
-1.350765777405306921e-02
-1.351148741363166796e-02
-1.350975584763262904e-02
-1.350769504447028348e-02
-1.350794504622930547e-02
-1.350794403302414508e-02
-1.350794368705998325e-02
-1.350794380008272372e-02
-1.350794379301233084e-02
-1.350794379300934191e-02
-1.350794379301535966e-02
-1.350794379301421301e-02
-1.350794379301362147e-02
-1.350794379301332483e-02
-1.350794379301596508e-02
-1.350794379301459291e-02
-1.350794379006250989e-02
-1.350794383903835411e-02
-1.350794367492543814e-02
-1.350794317305012079e-02
-1.350804822746877465e-02
-1.350712346760500789e-02
-1.350658779484316917e-02
-1.351193345574563248e-02
-1.284609772427521175e-02
-1.354928794599247026e-02
-1.681508597005780536e-02
-1.647307900338907879e-02
