7.968746174184651099e-05
1.981842526806690437e-04
3.150881092199456744e-03
3.247273725979245209e-03
3.915205227829001919e-03
4.467820501813647011e-03
3.762139518935204985e-03
4.171756103001467153e-03
4.083847037344845790e-03
3.992612086737380717e-03
4.131678560488728086e-03
4.067617203884973942e-03
4.121480812936458016e-03
4.161938136179435359e-03
4.192869076064189779e-03
4.299055823475412402e-03
4.327642574902064790e-03
4.525468311356637893e-03
4.671403522048093310e-03
4.770054614819915599e-03
5.406384548997805739e-03
5.484870078471423133e-03
5.535990878043424608e-03
5.731740743735717902e-03
5.839526136719097246e-03
5.981701364699498757e-03
6.066223157768547286e-03
6.524032884904044927e-03
6.501669749904449153e-03
6.993269467634827437e-03
8.050932831041824125e-03
7.585182373475971712e-03
1.185886414800947988e-02
1.163846548756777496e-02
1.205916348114598018e-02
1.401604841971245199e-02
1.345461355241464596e-02
1.570067762218763097e-02
1.670799354917125445e-02
1.840132283902550653e-02
1.945151076894460762e-02
2.074673465216723620e-02
2.127533897100012186e-02
2.133801677048042730e-02
2.155202023527418714e-02
2.204717619069137408e-02
2.122301304114129067e-02
2.147410668440908124e-02
2.158890678204860789e-02
1.855962653915979588e-02
1.752100613226688711e-02
1.729213582393535412e-02
1.417096209811597764e-02
1.508446696081610500e-02
1.672120735623651086e-02
1.784556516009245739e-02
2.278186618071611352e-02
2.321591720877030224e-02
2.731667464575937565e-02
2.666502740098505159e-02
3.066004681403959251e-02
3.385589445455176871e-02
3.283646474493595591e-02
3.350602402489480380e-02
2.893506653448687377e-02
2.742198445303660470e-02
2.605082225486081079e-02
2.562474221681175848e-02
3.140527344844966373e-02
3.301842474794542542e-02
3.972305655031088678e-02
4.455491349666110268e-02
4.476892220650177667e-02
4.997287014139917966e-02
5.203462026738388951e-02
5.371664728353520851e-02
5.796663897966321255e-02
6.056691689997158179e-02
6.419127258780887857e-02
6.805203375826232581e-02
6.954099333763133495e-02
7.293599903493663827e-02
7.336061030517043724e-02
7.380449820509771275e-02
7.347184032021927824e-02
6.878397268966368605e-02
6.856787565065351753e-02
6.124507449929050135e-02
5.229054358392240531e-02
4.430949181089027106e-02
2.673689665246591074e-02
1.994608432842238585e-02
1.597707539713718889e-03
-1.060271549620209718e-02
-7.052373993118669568e-03
-1.719641522942692846e-02
-1.647245428614911578e-02
-4.359401339484566054e-03
-5.584622354250097162e-03
-8.929526112410727558e-04
4.051393967288543889e-03
3.349135324130322455e-03
6.919542655080620705e-03
9.460117411311636318e-03
8.587884309947446670e-03
9.756037677874420180e-03
1.135397020901499944e-02
8.782411286357120692e-03
1.234323036759946146e-02
1.315641582594824499e-02
1.167137264051975806e-02
1.296588146645144719e-02
1.118456361203647859e-02
9.124081200876958328e-03
6.171566931482474344e-03
-1.784986726859885068e-04
-5.733989633040680739e-03
-3.518032889638551125e-03
-2.671921398190093156e-03
3.364206608824010965e-03
7.591937178718054235e-03
1.010288982609993530e-02
8.459802635357045394e-03
7.097555855978469712e-03
4.341280807349849613e-03
3.940441497261221171e-03
4.790446407106114407e-04
-9.069737471954971439e-04
-3.300906415675995513e-03
-5.341917490876254421e-03
-9.255450467042005899e-03
-1.143807257161023883e-02
-1.555757643563326388e-02
-1.807237888935788600e-02
-2.252803964760167338e-02
-2.657029812088172738e-02
-3.001379720370898896e-02
-3.911404709845876099e-02
-4.220699112672945258e-02
-5.579903498034825826e-02
-7.557828016973092145e-02
-8.620220369120337733e-02
-1.136230004151671524e-01
-1.199304470060229277e-01
-1.350092713749396212e-01
-1.434610388832172345e-01
-1.382447445279538223e-01
-1.437819982225014837e-01
-1.494909858673361680e-01
-1.497557567083510899e-01
-1.572552712720569068e-01
-1.491867326803363036e-01
-1.482482311942252551e-01
-1.432426383171891415e-01
-1.353784262790933557e-01
-1.389055134459008523e-01
-1.344506011831723413e-01
-1.317872134755061764e-01
-1.339605750167069953e-01
-1.329299523686754692e-01
-1.342454191667205865e-01
-1.324543361673405362e-01
-1.303249719425526310e-01
-1.279720907826890353e-01
-1.234301637703549837e-01
-1.222035906777410863e-01
-1.190492223999200377e-01
-1.153596613089103162e-01
-1.095894670738085525e-01
-1.048180680382728158e-01
-9.605846808502072065e-02
-9.393282805731420493e-02
-8.797337964139562150e-02
-8.383115602437152258e-02
-8.368159047891741975e-02
-7.642850843628656854e-02
-7.516325308839308383e-02
-7.296193247333843113e-02
-6.440545858975536830e-02
-5.950515117482251676e-02
-4.619634940559352171e-02
-2.438002840022418863e-02
-2.021807457014182519e-02
-9.743841876303061629e-04
1.161173221507086047e-03
1.618697101344638949e-03
6.281412012491539160e-03
6.009005973191461000e-03
5.588107516712082987e-03
6.448378501284781315e-03
5.609786409315993712e-03
6.684609527512912523e-05
-8.925499917943325017e-04
-4.657986346954342237e-03
-8.691500515141068264e-03
-8.679666667300373756e-03
-1.239706915324561773e-02
-1.408699686017553417e-02
-1.481200036027780637e-02
-1.961965917079227031e-02
-3.043115855104916792e-02
-3.695906571543270541e-02
-4.559700083375284319e-02
-4.675355433010457140e-02
-4.730525270823031370e-02
-4.641433878991166329e-02
-4.440298279235845025e-02
-4.448654749473092418e-02
-4.053218769609281957e-02
-3.832448904445120985e-02
-3.370729961870341795e-02
-2.734340588488868434e-02
-2.364184112096567869e-02
-3.000766282922446085e-02
-3.285649337192575459e-02
-3.331741349629541160e-02
-3.735464134615257281e-02
-3.348543934599203242e-02
-2.521636661629284709e-02
-1.072394070039037889e-02
-4.226637648352731848e-03
1.387268118606391513e-03
8.367490231037090498e-03
1.103991961647740605e-02
1.430081213374501115e-02
1.668928674894651354e-02
1.778860808071049474e-02
1.994218054245194133e-02
1.911158425476659761e-02
2.031039012337465186e-02
1.970459093931446054e-02
1.566080315163019890e-02
1.372763309554200957e-02
1.073903641981871146e-02
1.014361779274581925e-02
8.762895850538085854e-03
7.312284592397199495e-03
7.102153570948996353e-03
4.286552624490058520e-03
4.250554878369647120e-03
3.722152324793926836e-03
2.925136054039209361e-03
3.700998334996865365e-03
2.918211633771522224e-03
3.828761696132893921e-03
4.402266945700843322e-03
2.976383568248345494e-03
4.721539788549268708e-03
3.591728434289272274e-03
1.639467289942366695e-03
1.875059905035101216e-03
-2.925697262582726069e-03
-4.072898107326354544e-03
-9.970427349442244694e-03
-1.902327456830470165e-02
-2.303673076627821975e-02
-2.764747174332253879e-02
-2.412541130426518535e-02
-1.723052306080683632e-02
-1.685326464719373932e-02
1.074451660380086040e-03
1.679160457328895528e-03
3.756536567611695916e-03
6.273177842252810471e-03
3.799850564432203249e-03
5.446429553536118878e-03
7.544471402522551988e-05
-4.812606229902835139e-03
6.415082049057346033e-05
2.610804678278733516e-04
4.139279996625569447e-03
1.078272154870066682e-02
1.596395792153451620e-02
1.648970824961847048e-02
1.827014123079836669e-02
1.954746903721838944e-02
1.618914477411595790e-02
1.458930137460828086e-02
1.740624660584239383e-02
1.342806276919078501e-02
2.358906024224700568e-02
3.003340989918046322e-02
3.753115925044658158e-02
4.344255787473928071e-02
4.270841152728933887e-02
4.887534846070507033e-02
5.091204313463885966e-02
5.547125395924629165e-02
6.183762178553937894e-02
6.473542993917810739e-02
7.533097093165741498e-02
7.966530139374591868e-02
8.377855614767598658e-02
8.949126372436153054e-02
9.227520971428507246e-02
9.554645823229124257e-02
9.882718597311404563e-02
1.017497944828379269e-01
1.027349384022556156e-01
1.068677313455727029e-01
1.071374221022388107e-01
1.053242053380081394e-01
1.043925299684440866e-01
8.765484039779955494e-02
8.299625284599831954e-02
7.204536047385626252e-02
5.606312337273591101e-02
4.732928518557198705e-02
5.296591417759049375e-02
4.839721694480332570e-02
5.729368480181354362e-02
5.307433000357144465e-02
5.497788288873165646e-02
5.440277727266767949e-02
4.979696848316562258e-02
5.105186321899177204e-02
4.610693726952280053e-02
4.405232748460664871e-02
4.284731280975938306e-02
3.428279142214234188e-02
3.400873741208385037e-02
2.958499596303224358e-02
2.685557287164120135e-02
2.772714040069821501e-02
2.573909727116938800e-02
2.638533712948682580e-02
2.690360227079099942e-02
2.846232114454948225e-02
3.190915387566399530e-02
3.186573565671875496e-02
3.604678010250773890e-02
4.027070334848011079e-02
3.044443184223543167e-02
3.641189710061283613e-02
4.567364176997893571e-02
4.891061717961425748e-02
6.687422112090450621e-02
6.898568231930835015e-02
9.080403715000234799e-02
9.827976020035154858e-02
9.713337520258585878e-02
1.107115089788304474e-01
1.011503712361255247e-01
1.036668029098680860e-01
1.018933813978399744e-01
8.231002618320673592e-02
8.614473797527970322e-02
7.532577072956757325e-02
7.305450905867569289e-02
7.804615189014896259e-02
7.632681471129354467e-02
7.827709701058049863e-02
7.994732984922552077e-02
7.952272140228854036e-02
8.152276684867609813e-02
8.122977499782331468e-02
8.219883696744079149e-02
8.110769716520944972e-02
7.970128535793048752e-02
7.511124627563038614e-02
7.172100822366696271e-02
6.647374620454100935e-02
5.990130054637488044e-02
5.620234647402401473e-02
4.623692886905945987e-02
4.065464569652997573e-02
3.221285005023147296e-02
1.739195308200817275e-02
9.539165238870182806e-03
-3.902411308436426300e-03
-9.038968890081645197e-03
-1.453690447724322390e-02
-1.789437040989183200e-02
-1.739029084292726887e-02
-1.304017625235566122e-02
-1.196313570385258707e-02
-5.623085589900182410e-03
-3.912298049339470694e-03
3.367432302695759581e-03
4.401427210998186228e-03
3.803777359872675869e-03
6.198793670873645884e-03
5.935007583384623552e-03
6.410309090470316454e-03
7.169087892445310563e-03
7.026884097270232402e-03
7.534899267851069733e-03
8.039894783754691909e-03
7.640835208890793019e-03
9.003910660988186446e-03
9.021204133936294028e-03
8.273037235074514120e-03
1.224377291585193595e-02
1.016780282760064089e-02
1.009134102539856540e-02
1.106270205549359995e-02
4.004210397780641126e-03
4.049215965512574511e-03
8.101927934823700307e-04
-1.885969498745032179e-03
-2.498939565549489119e-03
-4.737049634683421391e-03
-6.087872604504365216e-03
-6.880496379013631945e-03
-8.556362964579915589e-03
-9.985988138436190792e-03
-1.036233505491399899e-02
-1.325698680175655536e-02
-1.417712684385110701e-02
-1.510028639516529034e-02
-2.117960480623341454e-02
-1.936631309462126180e-02
-1.996467004782292304e-02
-1.397976987958323737e-02
-1.310513324092543903e-02
-1.286087143385176296e-02
-1.055421131058346083e-02
-1.016420391637135046e-02
-9.439274644046220103e-03
-7.894529136063269115e-03
-6.986605182792949079e-03
-6.504042241161459535e-03
-3.000645049312968774e-03
-2.819473616206627248e-03
-2.005185131016302448e-03
-9.473359130439525056e-04
-8.633303177546457728e-04
-2.858431083786989535e-04
7.326444620134367730e-05
1.726376973817506078e-04
6.178021430121449645e-04
6.703481705605039524e-04
8.220801806045340302e-04
9.510662894156495179e-04
9.829615026305097737e-04
1.059112596556210538e-03
1.094142031960358610e-03
1.117446947939358323e-03
1.146347486719193195e-03
1.157992584183353650e-03
1.170509124570647983e-03
1.179944318592305143e-03
1.184942792946397589e-03
1.189504516452250405e-03
1.192143795673030393e-03
1.193917573345541468e-03
1.192676911979714989e-03
1.193852015636416661e-03
1.190749752452519190e-03
1.184051777504235023e-03
1.187736925837182093e-03
1.167946969305539481e-03
1.163081026594248559e-03
1.165189996486711357e-03
1.097521841944289851e-03
1.137515206490122277e-03
1.068254582819302403e-03
9.176368415268241303e-04
9.575754295425234095e-04
