4.445628137770940569e-01
4.706885610279914478e-01
7.427482349766230119e-01
7.722495362051016166e-01
7.709645947094383445e-01
8.119810000319380716e-01
7.871882871009197036e-01
7.989831195119597718e-01
8.032141194933952733e-01
7.959087063518611727e-01
8.031631196017559038e-01
8.009466448004611827e-01
8.002580885383130394e-01
8.030286013107100773e-01
8.007569816978469257e-01
8.011394046247597434e-01
8.030987838098329057e-01
7.985376983283505314e-01
8.019507539225734227e-01
8.008745916017174782e-01
7.884107195532494838e-01
7.880399589488369383e-01
7.643942146571174323e-01
7.633984864218408273e-01
7.525451539982106475e-01
7.339025975633460819e-01
7.418714270917700082e-01
7.057052306639652883e-01
6.984010581466847389e-01
6.878786386661079888e-01
5.860240785242274431e-01
5.691788180183199319e-01
4.773481290793954446e-01
4.778707064572869090e-01
5.121862055935126889e-01
5.100858222637741912e-01
6.401599384949898663e-01
6.945142583647836432e-01
6.985300414544191039e-01
8.060113577897761727e-01
7.943826619719664972e-01
8.184125878617176664e-01
8.244564317060254499e-01
8.064037263866511429e-01
8.118448693303783603e-01
8.009709468925828579e-01
7.880124139614144152e-01
7.749530756123268471e-01
7.614536688300851397e-01
7.263550574453305764e-01
7.035026369823174086e-01
6.667172404069703351e-01
6.277314876198600846e-01
5.684675568519343969e-01
5.183561552606166245e-01
4.100651841462867875e-01
3.729037186850010510e-01
4.097992837882050710e-01
3.454346638414481641e-01
2.624855173266015251e-01
6.824413550648288085e-02
-7.564335151353632214e-02
-1.489985099825623938e-01
-3.162762070069513598e-01
-4.472485356024932246e-01
-6.398716854361010675e-01
-8.141882082376612484e-01
-9.297816888444045968e-01
-1.070192122115122491e+00
-1.109189664271068576e+00
-1.159905283523084751e+00
-1.164110774914091095e+00
-1.204707087897286755e+00
-1.228925805392599546e+00
-1.232977444193004146e+00
-1.282848959056252625e+00
-1.276419185487939867e+00
-1.290047104804819877e+00
-1.303880801575020509e+00
-1.252576187500722860e+00
-1.263484795099035773e+00
-1.218953187489951295e+00
-1.157760136788883010e+00
-1.130445646366922574e+00
-1.036803148452797085e+00
-9.856203912327339278e-01
-9.199417551530008064e-01
-8.254758513726564439e-01
-7.679090276226778755e-01
-6.622051028880093781e-01
-5.170274386878197515e-01
-4.296743308292720886e-01
-1.970169687455961549e-01
-4.952018724288684975e-02
2.548474761787538068e-01
4.188514448235861054e-01
6.026538568022051789e-01
9.211716904855421495e-01
9.238892309451700591e-01
8.772718550406307658e-01
8.004450320962677168e-01
4.440291952430042155e-01
4.478361125525699982e-01
5.120645633234133243e-01
3.158755312639678348e-01
4.313608955481854634e-01
2.443658383994527505e-01
2.557287072511921777e-01
3.072657296568603313e-01
9.279422029395019422e-02
-2.812945726295137394e-01
-2.892410095798751968e-01
-3.780780541625166635e-01
-4.257702535905956154e-01
-3.099384832680183166e-01
-3.190193306918196470e-01
-1.174035790976972193e-01
9.122907463239429693e-02
2.374650487572116941e-01
4.331972271040584466e-01
5.372187222536919382e-01
6.673813526931474671e-01
7.506663113166276435e-01
5.471261765210921890e-01
5.717639956916382715e-01
3.574150231639623421e-01
-1.706035443916080752e-01
-4.582149060031616150e-01
-4.362382899890301369e-01
-4.503353411829950081e-01
-3.512173544087920929e-01
-4.115339451467405762e-01
-3.613526063893637286e-01
-4.245292866500122164e-01
-4.685569437091978706e-01
-5.591991495962584935e-01
-9.054310539141268155e-01
-9.994337482247951376e-01
-1.109525961840221786e+00
-1.219492622432454931e+00
-1.230901770156494379e+00
-1.289544394256608495e+00
-1.294881630260246830e+00
-1.301516687573827991e+00
-1.330819401559503401e+00
-1.311518730790079967e+00
-1.329576392736353974e+00
-1.324050744901827947e+00
-1.299873390337555445e+00
-1.298827155423204482e+00
-1.230239299741675563e+00
-1.194981859236881494e+00
-1.130445918062895405e+00
-1.028169586407656544e+00
-9.088704185041005523e-01
-8.032843914409177888e-01
-5.775135576549064176e-01
-4.107063805287251013e-01
-1.297598580798953738e-01
1.594082029471059481e-01
2.958438500512848846e-01
5.751805760127828293e-01
6.058874042315580688e-01
5.088530128537059882e-01
5.714167714145537147e-01
4.933086658292483162e-01
4.790677190661165041e-01
4.145739568899968752e-01
3.890076409019791459e-01
3.661834006144998321e-01
3.308699054336499690e-01
3.087988031837124447e-01
2.959831183276837585e-01
2.566527166439764862e-01
2.452546065857696411e-01
2.545524832790870828e-01
2.585018929820013245e-01
3.217530718303505122e-01
3.585457042814229056e-01
3.657755633216283053e-01
4.385504771301365068e-01
5.605454301448082877e-01
6.170357647871147488e-01
6.791429885792646948e-01
6.948955686434852286e-01
7.352112615140758978e-01
7.628249286458903544e-01
6.227325583191237746e-01
5.616326860129365883e-01
3.916921132934743643e-01
3.028681562939263688e-02
-6.042258193630827001e-02
-5.918099060032346037e-02
-1.824847004325944877e-01
-4.589444259017199657e-01
-7.102454975766552270e-01
-9.325167689570685869e-01
-1.204995727263216354e+00
-1.247852533641946593e+00
-1.319679241507319301e+00
-1.381568310169691394e+00
-1.389881788187449008e+00
-1.430216182129553149e+00
-1.425689266315811610e+00
-1.436682855956716853e+00
-1.448420994278687868e+00
-1.438452075436301936e+00
-1.450824526964195282e+00
-1.439760001587093274e+00
-1.432667831850037210e+00
-1.426430356119938736e+00
-1.404536013256667770e+00
-1.398919803631422543e+00
-1.379957306692640495e+00
-1.358977263479233866e+00
-1.350524975239447478e+00
-1.316946384348195220e+00
-1.298636992980175542e+00
-1.270043800083012098e+00
-1.217566090864360184e+00
-1.182702632976431634e+00
-1.051163789177047558e+00
-9.811718099502446666e-01
-8.811726182764976212e-01
-7.631639444209857848e-01
-6.462496024396031657e-01
-4.985674914503535615e-01
-1.745953496408188532e-01
8.961875964854132404e-02
2.451505327295611936e-01
5.640032555196271558e-01
6.604600034934628994e-01
5.391026608824245336e-01
5.783780385200145702e-01
5.287098024907870286e-01
-3.825495661150164761e-02
-7.980685812601800988e-02
-6.533088801424899450e-02
-9.783783325186989899e-02
1.049135518965145092e-01
1.449706857620242650e-01
1.456673523534863235e-01
1.232611334802434233e-01
1.095570265482274930e-01
1.047415140769516889e-01
9.693442138081073689e-02
8.865785085936739307e-02
8.917182836918914612e-02
1.035797357874849167e-01
1.137891918268822966e-01
1.270733437386464826e-01
1.510516297427649812e-01
1.638025191667294156e-01
1.935030339709533365e-01
2.231221167377105685e-01
2.435150191385295759e-01
2.912897049459187149e-01
3.022561722407780538e-01
2.979768124883199754e-01
2.942430954685062439e-01
2.901407411640046785e-01
2.660435136611851159e-01
2.319766574160466166e-01
2.301489660270685800e-01
1.383262928955142357e-01
1.091681711932951937e-01
3.731171625263005054e-02
-1.701718074139911829e-01
-2.550135219040747803e-01
-6.088566090215894455e-01
-6.187607636350149765e-01
-6.733528380197999486e-01
-7.101471296616292950e-01
-6.444404588133163525e-01
-6.667795760179038300e-01
-5.717378155033182585e-01
-4.666462692653225997e-01
-2.949872444026431229e-01
-1.224645652254950368e-01
-1.063129125046647638e-01
-3.086940418265968558e-02
-1.896502539815415195e-02
3.747162276772621203e-02
8.611535861549635129e-02
1.216501958347855489e-01
1.968651600280876823e-01
2.541385067005718090e-01
3.580009758943520359e-01
4.391136717473106410e-01
4.242696387885053211e-01
2.149029302984619139e-01
1.492992508807606811e-01
-1.475455328358881921e-02
-1.048745712181362033e-01
-3.466012462622310442e-01
-5.329060386009119021e-01
-7.728986023228077151e-01
-8.155715812977097912e-01
-8.820240308445554955e-01
-9.027170410997722438e-01
-9.239878168677558845e-01
-9.452043258153194349e-01
-9.474482447157368536e-01
-9.539486021794980619e-01
-9.404264949493392756e-01
-9.221142810623789154e-01
-9.142903678261289357e-01
-8.821440490141793100e-01
-8.650767346692032067e-01
-8.358096776701011699e-01
-7.901787462300118303e-01
-7.567408579510048749e-01
-6.929779031685188162e-01
-6.425664638735832934e-01
-5.779496117326721194e-01
-4.991295683085851809e-01
-2.919135489005830197e-01
-1.408337405111758922e-01
1.703178649188436256e-01
6.372800947798635818e-01
7.635613332808455223e-01
7.442107059389850843e-01
7.966961636567673199e-01
7.575785898565881027e-01
5.572490020701360569e-01
4.923692246934613381e-01
6.193595516175130766e-02
-6.088109328225164291e-02
-6.500558172355494491e-02
-2.163681230404903011e-01
-4.646171919512558091e-02
-1.524270649929674037e-01
-1.596438056638882150e-02
-5.264587708804730620e-02
-3.818881944895095026e-01
-3.709010485586045069e-01
-4.023404723072692146e-01
-3.936424587802149211e-01
-2.481888667362150969e-01
-1.950002895664293412e-01
-3.619331461423620777e-02
-5.357568651987067165e-02
-2.812839549497930108e-02
-1.889182625898521567e-02
-2.264352745966341507e-02
1.760807452111750118e-02
1.177520534576533690e-02
3.939548322494419025e-02
8.581386106852079143e-02
9.081360931854100260e-02
1.996945995545118813e-01
2.367627933083026326e-01
3.130905276690238437e-01
4.059576877810845974e-01
3.958906365693637963e-01
3.388266141527169761e-01
2.589761207782521057e-01
1.395956166931669185e-01
1.330461068105404793e-03
-1.406103743897019753e-01
-3.086356748647210435e-01
-3.875421619593220068e-01
-4.520755715786995976e-01
-5.128522851923074111e-01
-3.853361727109883006e-01
-3.667223127226143520e-01
-1.755629629282614013e-01
8.934807097135315235e-02
2.748072363290561260e-01
4.876288288871267196e-01
6.839569925001913742e-01
8.241825655083516722e-01
9.413519431570875895e-01
7.170879415156345971e-01
4.579128202554204607e-01
2.159555416271790873e-01
3.672812669013902909e-01
2.739932160211142054e-01
4.030614438874717265e-01
2.394639961967389152e-01
-5.401531311304870464e-02
-2.468409827076132601e-01
-4.777756249064369909e-01
-6.859206855087232046e-01
-7.604610258400449352e-01
-9.132995956015670380e-01
-9.421531954383122187e-01
-9.843438125856123211e-01
-9.999814661193632270e-01
-1.016558890861260611e+00
-1.037550496584593418e+00
-1.038482060929585504e+00
-1.052917978347162942e+00
-1.057739614250968296e+00
-1.054373387660469064e+00
-1.061611267462333252e+00
-1.047682084090763466e+00
-1.034038917709526162e+00
-1.011424962605404154e+00
-9.612486286374480882e-01
-9.241995457419706073e-01
-8.597813171751317318e-01
-7.934176722062128428e-01
-6.286955662658831878e-01
-4.994052859039349035e-01
-4.236960322898158937e-01
-2.128674778236766818e-01
-1.078397737534756567e-01
1.685603047111488839e-01
4.079677094485527622e-01
4.978514454226778962e-01
7.569663387579854685e-01
7.976985440884551970e-01
8.484695008951793627e-01
8.595310677911390806e-01
8.426043334947841412e-01
8.594352470424058144e-01
8.393366172932374969e-01
8.370597690671357505e-01
8.341986577970228467e-01
8.053556749932452297e-01
8.110634146154700463e-01
7.730472424699956768e-01
7.446986850036896310e-01
7.378991772303523655e-01
6.426762911279740864e-01
6.507407248148719958e-01
5.890452586242173050e-01
5.582917020659844409e-01
5.694567168665543022e-01
4.918811532447183166e-01
5.488240345188523106e-01
5.407168199585687951e-01
4.599560558183021231e-01
5.137221465781510732e-01
4.755414240055920727e-01
5.093914151278476909e-01
5.780906277238606616e-01
5.932606772384348970e-01
7.350724408188206160e-01
7.375664121223028946e-01
6.961960886060929443e-01
7.371515051454962109e-01
6.882855982752674739e-01
7.087091530119991045e-01
7.032238286398582172e-01
6.446422156943564241e-01
7.198268270948514624e-01
5.613812210500309652e-01
5.231141170362736403e-01
4.951465813915566505e-01
-2.113468848754159468e-01
-2.668887498323005425e-01
-2.112795377673343522e-01
-3.077737989322649192e-01
-1.364833766249332059e-01
-1.387925054133752889e-01
-1.153100536895968337e-01
-8.598000855454188129e-02
-1.291156139593945262e-01
-1.057471332295539523e-01
-1.170738718201143752e-01
-1.279994443248873015e-01
-1.149319196400736681e-01
-1.292738923140271112e-01
-1.233898816333812015e-01
-1.213578612557684733e-01
-1.285684624506663598e-01
-1.149273852246878724e-01
-1.203817073129985205e-01
-1.099035950862372324e-01
-8.026968238500167829e-02
-4.955351052683515389e-02
2.016774601128612163e-02
6.442070997443706537e-02
1.440977324304689999e-01
1.898726187169983703e-01
2.841725638671916965e-01
3.347633064961931249e-01
3.571354537431462584e-01
4.266436205095669454e-01
4.615696057064690994e-01
4.988817397733400494e-01
5.807172601771511955e-01
5.981644334781925920e-01
6.599421953189720247e-01
6.801978939115289613e-01
7.193957684413202491e-01
7.281803480066735279e-01
7.328200952426513481e-01
7.457112078174332748e-01
7.461665792711194012e-01
7.509433503298893475e-01
7.543561057081008547e-01
7.548461040430669566e-01
7.572580460370739175e-01
7.579192039895261690e-01
7.585441444430727209e-01
7.592329718837623753e-01
7.594518196449764336e-01
7.596608328409505395e-01
7.595065153837555760e-01
7.598806508735717058e-01
7.589946803395821728e-01
7.588931517743736643e-01
7.590478301147109974e-01
7.559269190851015674e-01
7.578489811289292888e-01
7.543851715993004081e-01
7.494490356523670904e-01
7.557443313139601271e-01
7.377571874058950208e-01
7.416173522201109369e-01
7.429559470368938268e-01
6.944621810490065883e-01
7.406029088322910736e-01
6.715129142949159968e-01
6.043549276889136346e-01
6.533592152067240200e-01
