-3.620193933197170255e-02
-3.782028449973883627e-02
-6.945464337967902080e-02
-7.174033653298136914e-02
-7.547889332439884635e-02
-8.208734750851347239e-02
-7.893224537254467377e-02
-8.200650082780355787e-02
-8.264342141507727280e-02
-8.221921766682821486e-02
-8.337565409031466590e-02
-8.319278458335929716e-02
-8.313200866635875319e-02
-8.339594779468599561e-02
-8.300549603804560639e-02
-8.248898045528799128e-02
-8.270844491176876367e-02
-8.108726793917341025e-02
-8.044762903830275647e-02
-8.050223575780811325e-02
-7.468137686336587255e-02
-7.486104883693545098e-02
-7.203628453046392877e-02
-7.061914879346718743e-02
-7.057611798576685080e-02
-6.820064364214344088e-02
-6.940403374820584836e-02
-6.791855797429564856e-02
-6.590346775746899755e-02
-7.071438968206092412e-02
-6.150035072178580003e-02
-6.179220262196718355e-02
-7.890530054022147632e-02
-7.708474638045582916e-02
-8.547547694599837154e-02
-9.043151205964942985e-02
-9.455004406338093914e-02
-9.988271550677879640e-02
-1.030314725229216632e-01
-1.065173976211074430e-01
-1.090313692697382486e-01
-1.123496257735981801e-01
-1.142033270908908160e-01
-1.134242180016590690e-01
-1.142192442957219861e-01
-1.148502450295245947e-01
-1.116467668340592606e-01
-1.128171074314505973e-01
-1.108091644663121156e-01
-1.011249810450476488e-01
-9.508226923640923645e-02
-8.633961090432815122e-02
-7.632296704955029987e-02
-6.607938673675936569e-02
-6.126625188528484617e-02
-4.348816869081698067e-02
-5.100595246524031873e-02
-5.866234963974312905e-02
-5.203949735055232034e-02
-6.337027959909383168e-02
-4.777592861926623080e-02
-2.333952976896821671e-02
-1.751967965575773958e-02
-6.405659583964843024e-04
1.187720528529159769e-02
2.546296327351736666e-02
5.538478738939942025e-02
6.565201345441633307e-02
8.112646158240846561e-02
9.655327404785501999e-02
9.850452060431671986e-02
1.078763241365125886e-01
1.233170438451344636e-01
1.263740257753218632e-01
1.457743392742979760e-01
1.585326961700729564e-01
1.703180059633779553e-01
2.003451750132514420e-01
2.161057622801478839e-01
2.232199887219101786e-01
2.452750100745060557e-01
2.412856720577324920e-01
2.396197463346197432e-01
2.305468118569640179e-01
1.977923993018639304e-01
1.768734017651986401e-01
1.450747251608423827e-01
1.112624597240417235e-01
6.872532619368290630e-02
3.188909347164471664e-02
1.454699076505116574e-02
-1.502233636630999000e-02
-1.573449151638987506e-02
-1.550512185697923602e-02
-3.883878857666878386e-03
1.522452871730842379e-02
1.529855553792390868e-02
1.688954344322025555e-02
5.390521850383072668e-03
-2.469429577669616377e-02
-3.286855289620842918e-02
-6.388194214088667444e-02
-7.467360552494105297e-02
-6.408722352590581761e-02
-5.644258008874997873e-02
-5.456028858228361561e-02
-3.601582846230663715e-02
-2.993822661950069214e-02
-3.513219032981438478e-02
-1.867457941027608065e-02
1.881019692983667765e-02
1.735713974524449475e-03
6.265280912319121966e-03
-9.034395039962679619e-03
-3.659183705527673663e-02
-4.827883082078628096e-02
-6.848205876625727828e-02
-7.152480576231250164e-02
-6.743413089910969827e-02
-6.392204580078626741e-02
-4.710155846929155871e-02
-4.183385724160286478e-02
-4.738252084507847683e-02
-4.380725223847935224e-02
-4.216294341816299862e-02
-3.705606366542269631e-02
-1.584921056974612774e-02
-1.047662436423640007e-02
7.442065103292655123e-03
1.264364335596818677e-02
3.065085542344652900e-02
3.575801838104013253e-02
1.887791036863248340e-02
1.586552169488273170e-02
9.150156663380969516e-03
-3.126735923822743235e-02
-3.506994737509459142e-02
-7.182164438825078268e-02
-1.588111105414601043e-01
-1.726483105308846688e-01
-2.768083910013379167e-01
-2.627926710164559254e-01
-2.723252955961296129e-01
-2.545528154852528813e-01
-1.923747441064910524e-01
-1.580710456120833218e-01
-8.867761598507946375e-02
-2.574475696298731547e-02
-3.331844981262523792e-02
7.559309819549869108e-03
-1.448842235588730480e-02
-2.544662533204673088e-02
-2.728305262570582951e-02
-7.106519667894375947e-02
-7.684105040044000856e-02
-8.623946816214358990e-02
-1.079464488687694179e-01
-1.030575951053809280e-01
-1.198594305759052292e-01
-1.180472078846022399e-01
-1.189119122929245265e-01
-1.343701449605207432e-01
-1.284313775109487687e-01
-1.438386337631845369e-01
-1.478536079989631324e-01
-1.488637215091575539e-01
-1.612558775353115093e-01
-1.560351371725367808e-01
-1.560431062031198968e-01
-1.524802360099579146e-01
-1.418279337626718040e-01
-1.397450331224787123e-01
-1.258042958091327157e-01
-1.181441374381820841e-01
-1.265496942088490118e-01
-1.176964979160618346e-01
-1.305277156035707375e-01
-1.417732028755548657e-01
-1.344961145327910890e-01
-1.520678825839199555e-01
-1.416216767630722462e-01
-1.419350842634009846e-01
-1.457391115822666283e-01
-1.201443046122270958e-01
-1.207106502185653074e-01
-1.198747713591018643e-01
-1.131466025525514479e-01
-1.169763754722622923e-01
-1.255172808920285155e-01
-1.291324374174479261e-01
-1.497524635221837430e-01
-1.639268879221753017e-01
-1.827567495676091780e-01
-1.953519239693454479e-01
-2.032703590155092443e-01
-2.359906873386668491e-01
-2.295633977912946433e-01
-2.670643020271459833e-01
-3.107398646664745745e-01
-3.241589510478937175e-01
-4.078438310051246685e-01
-4.156007275656924405e-01
-4.036057011781229442e-01
-4.094738934005168751e-01
-3.655978905039654614e-01
-3.592400856641511653e-01
-3.205730826990496052e-01
-2.938184230848696621e-01
-2.797839577546739065e-01
-2.332024248440139336e-01
-2.392178967651963362e-01
-2.077232286262980787e-01
-1.968594187858824507e-01
-2.023130711139291549e-01
-1.916400080290657504e-01
-2.139284555209911565e-01
-2.174352494623416621e-01
-2.237195636959245226e-01
-2.225315793881668947e-01
-2.026605169992605759e-01
-1.989006162857799020e-01
-1.879208841389712337e-01
-1.799196349171137133e-01
-1.818046762543346906e-01
-1.753485317352286299e-01
-1.706282497020485400e-01
-1.662601248862843328e-01
-1.621949759598216023e-01
-1.530674737555674791e-01
-1.471707110232041149e-01
-1.416607873198119094e-01
-1.178963919751002121e-01
-1.081818528611264013e-01
-9.392737416960836305e-02
-7.908638766788782248e-02
-7.355479229957531673e-02
-7.211875069500119084e-02
-6.782382797212500869e-02
-6.354895926999047651e-02
-6.069071649195141582e-02
-5.000202967400729087e-02
-4.535625949327477119e-02
-3.809254912757623762e-02
-3.538932656408639438e-02
-1.955060190665121669e-02
-1.812038307906776655e-02
-2.320037753911745673e-02
-2.304212741964956068e-02
8.801662142103433215e-03
3.290944822178385604e-02
2.519589214285501352e-02
3.199787512317640858e-02
8.999853267526078046e-03
-5.528924671612965060e-03
-2.317833470987640948e-02
-4.090810319601088235e-02
-3.209461620684305599e-02
-3.953731649055081815e-02
-4.171777808169874896e-02
-4.064490458124651873e-02
-6.147698451544847398e-02
-6.258365134670487717e-02
-7.846008767873177692e-02
-8.186637533952088874e-02
-8.864101540601811158e-02
-1.027469014325771979e-01
-1.028720297301620318e-01
-1.360979221892847091e-01
-1.102157792570268996e-01
-8.230213012824566521e-02
-9.386242420567753042e-02
-3.935084314724134752e-02
-2.536377086417419824e-02
4.453094868085260248e-03
3.311877656944207937e-02
4.468961218830844878e-02
8.012479869540543864e-02
1.059733282130879417e-01
1.367886481186385839e-01
1.769022222835364422e-01
1.899851596035088408e-01
2.205177833204521043e-01
2.384645019056607917e-01
2.410467866337272780e-01
2.536348724795871590e-01
2.486362751867814413e-01
2.532603579883710432e-01
2.529799118035122585e-01
2.473747603812788409e-01
2.494976387580894739e-01
2.387104340178975437e-01
2.340109407087976878e-01
2.244843718727450588e-01
2.116914555152882571e-01
2.062437050255571391e-01
1.922894757015763123e-01
1.817555245075408721e-01
1.744522220598888063e-01
1.561775450256752962e-01
1.486095280294927323e-01
1.326650759952896497e-01
1.086547705926133589e-01
9.353524171818082544e-02
5.445984126294323852e-02
2.873493766433808660e-02
2.674732664431004985e-03
-3.934737981002391777e-02
-6.395575015771508276e-02
-8.138878651855009638e-02
-1.127868044758908866e-01
-1.222621384932540273e-01
-1.329450487672077519e-01
-1.595937671895236720e-01
-1.604619115191974199e-01
-1.640221445867856009e-01
-1.741352007187958739e-01
-1.647207683405706447e-01
-1.663040350676992241e-01
-1.674376410254367065e-01
-1.375537942114689882e-01
-1.419652246106025695e-01
-1.262265200992274961e-01
-1.196871549023995895e-01
-1.254759621727166152e-01
-1.181717509784084297e-01
-1.401945287011462649e-01
-1.399412015665008613e-01
-1.297685724952435393e-01
-1.351316303918260742e-01
-1.332465872706231902e-01
-1.129613839484743670e-01
-1.239705160279854085e-01
-1.108395772544742003e-01
-1.066545878773001998e-01
-1.513241640287104617e-01
-1.366615933748831502e-01
-1.499206673402970202e-01
-1.578329131004467256e-01
-1.174052851964300648e-01
-1.146212901641754933e-01
-8.064000068044197000e-02
-6.236108283433718785e-02
-4.170427806684480487e-02
-2.379011199539270149e-02
-2.792223754400880234e-03
2.396274813293625475e-02
3.048243112097561922e-02
6.581125438833811125e-02
6.978501478822531079e-02
7.768717207247897993e-02
8.277161049098070988e-02
8.274353787442714769e-02
8.898907818833481920e-02
8.809796426061777819e-02
8.945406216562998281e-02
9.284369664340284822e-02
8.899144479142627462e-02
9.274323503539801117e-02
9.106022399666668932e-02
8.800320808658931848e-02
8.774466449124823653e-02
8.022011017739827388e-02
7.800728920888307105e-02
7.416428520322305984e-02
6.357074114047310542e-02
6.351124717696801647e-02
5.040148542315067010e-02
3.947200933055207417e-02
3.190918367812058815e-02
-2.098769160603835681e-03
-5.560205607315253998e-03
-2.547221724602365470e-02
-4.944916720257286347e-02
-5.364231483249868454e-02
-7.598249816511354338e-02
-7.715828333561583485e-02
-8.043037307693295945e-02
-8.708944305912344475e-02
-6.910694051946905669e-02
-7.107076531384018403e-02
-7.313759397645827609e-02
-6.812925620074182509e-02
-7.034627904515400321e-02
-6.986262259372882921e-02
-6.862607498115107230e-02
-7.013324460759556844e-02
-7.041984308649616719e-02
-6.894912244839565552e-02
-7.370456917026181609e-02
-7.155136673589104768e-02
-6.961799536911786324e-02
-6.976912513009787820e-02
-5.590752505614816903e-02
-5.839027110478019894e-02
-6.519236689231518167e-02
-6.090221372148364037e-02
-7.672834944711905136e-02
-7.755076502306723629e-02
-7.651527090066038983e-02
-8.248693976322385435e-02
-8.023694815994344975e-02
-8.158564536264795164e-02
-8.096592028583617096e-02
-7.942767105893723534e-02
-7.839733333312697006e-02
-7.372572552740068452e-02
-7.360266889863477380e-02
-6.606739051225340997e-02
-6.078840901501936234e-02
-6.094861203063196148e-02
-4.015656928705871320e-02
-4.624634945029089395e-02
-3.786666337544122851e-02
-3.973458688445106329e-02
-3.923041831528863155e-02
-3.620395596379839820e-02
-3.781182255971864831e-02
-3.741974361239024799e-02
-3.676140554075934402e-02
-3.933443170405340888e-02
-3.968554298861411839e-02
-4.011340991440753151e-02
-4.733305230162328237e-02
-4.790110625497849550e-02
-5.136803598992784742e-02
-5.479041645647945297e-02
-5.563854660891793397e-02
-5.920276894151112190e-02
-6.219056379969590403e-02
-6.287810098339764731e-02
-6.992914776220636452e-02
-7.018133595470167629e-02
-7.159525372891445416e-02
-7.358477509740246614e-02
-7.363485131241838400e-02
-7.459566552343885326e-02
-7.505895622059942374e-02
-7.523107284831055674e-02
-7.561845198396149881e-02
-7.573206216021123593e-02
-7.585235940281258304e-02
-7.596148460274632086e-02
-7.600223101412448279e-02
-7.600950622936505918e-02
-7.602439529365384585e-02
-7.601048170680964333e-02
-7.586133681605461421e-02
-7.591222527788334118e-02
-7.566558938083879637e-02
-7.535777733322271410e-02
-7.557604524761038500e-02
-7.441293496809914254e-02
-7.450418142637106611e-02
-7.438413321978412651e-02
-7.091496259480893627e-02
-7.390557775232041438e-02
-6.889059015808911279e-02
-6.308819217565528326e-02
-6.649274103159374949e-02
