-1.499470837386880084e-01
-1.636796095808294993e-01
-2.000141666178660294e-01
-2.218177079038791411e-01
-1.580872507277341632e-01
-1.304239714363427671e-01
-1.181101458900109674e-01
-1.181101458900075257e-01
-1.181101458900085943e-01
-1.181101458900064155e-01
-1.181101458900081086e-01
-1.181101458900087331e-01
-1.181101458900073869e-01
-1.181101458900088441e-01
-1.181101458900096490e-01
-1.181101458900088857e-01
-1.181101458900078449e-01
-1.181101458900097878e-01
-1.208988290680710759e-01
-1.223581543407283589e-01
-9.929105425746162505e-02
-9.789671266842629727e-02
-9.497806212311699081e-02
-9.497806212311089846e-02
-9.497806212311164786e-02
-9.497806212311042662e-02
-9.497806212311235563e-02
-9.497806212311141194e-02
-1.018201637687676103e-01
-1.013133979481866676e-01
-7.164533400316051848e-03
-1.681727484533043727e-03
-7.205591184981344210e-02
-7.600508886874661474e-02
-7.989465321890107385e-02
-8.004306179395705156e-02
-6.684246660680581709e-02
-6.695943952468239035e-02
-6.666262237456853368e-02
-6.562885766365476881e-02
-6.751903311198367841e-02
-1.008104001033311159e-01
-1.013272824587834603e-01
-9.754693156211678706e-02
-9.754693156211409477e-02
-9.754693156211265148e-02
-9.754693156211220739e-02
-1.105849970576661817e-01
-1.146939741603529017e-01
-8.071428211026551724e-02
-7.419524936249018154e-02
-6.597729515711719950e-02
-6.467935340733814431e-02
-5.348647276346926716e-02
-2.525089369787651694e-02
1.053106614882199504e-02
-1.496179005676989519e-02
-5.315966841067899795e-02
-8.868312913102917305e-02
-1.539752290003413848e-01
-1.126119777441398073e-01
-5.033692090238764578e-03
1.003137094006998319e-02
-4.978343153244426528e-02
-1.171192912484887300e-01
-8.748584723139504749e-02
1.830655162518201109e-02
3.907758120530960277e-02
5.569430468704160420e-02
6.609706840314868818e-03
-5.739494490483362105e-02
-8.604358374422241273e-02
1.212561194923159578e-02
1.212561194922743939e-02
1.212561194922497608e-02
-1.709424591456098486e-01
-7.668958511282650270e-02
1.909139401013340565e-01
2.824479756487489057e-01
9.394222758319531463e-02
3.258264809776011406e-01
3.896295818056342286e-01
2.912221252859105713e-01
1.752799985887063539e-01
4.767379693264844204e-02
4.767379693264221785e-02
1.115185941257181984e-01
1.222655605571535201e-02
-2.237095666917380543e-01
-2.556319652882735882e-01
-2.136984816543603116e-01
-2.167882593272338343e-01
-1.204875216904375823e-01
-4.216222543739647083e-02
-3.598267009165116714e-02
2.778236633254416860e-02
5.632349057119928615e-02
5.511074522026766093e-02
2.322822700817473579e-02
-1.794238198578271618e-02
-4.723968327890108038e-02
-1.611666276775777507e-01
-1.594846056031275217e-01
-1.040938106686304099e-01
-6.217970786622113721e-02
-6.225267208071164765e-02
-1.368983163010775370e-02
-4.987102147459243628e-02
-1.375206847085943263e-01
-1.038960586454799329e-01
1.198854387960475720e-01
1.702306702029360574e-01
2.024571755495210845e-01
9.051489333047210706e-02
-1.110920464775670136e-01
-2.547537533071745908e-01
-1.924873470749159654e-01
-9.690695795673819057e-02
-6.818950131236588275e-02
-5.296543315126377161e-02
-1.042347574994495658e-02
-2.238214340177180784e-03
-3.778611125283422301e-02
-1.207187037447036010e-01
-1.395017871644354535e-01
-1.237965983276223536e-01
-4.044721818557497212e-02
-3.292576529387374051e-02
-7.162995328697214538e-03
1.018561209586744953e-02
6.093507559924572770e-02
5.105622149943313259e-02
1.635900665030418782e-02
1.635900665030470477e-02
1.635900665030402129e-02
1.635900665030647072e-02
5.957502497310287332e-02
7.346726214078279360e-02
2.293044029629261876e-03
-6.150563098798848827e-02
-2.857258631432839091e-01
-3.854622937299683749e-01
-4.802302526936978455e-01
-4.642844884682290063e-01
-4.983352124264807670e-01
-2.564889045841072801e-01
2.017308131296118023e-01
6.718254751998933294e-01
3.148888637149528380e-01
1.489956699563543818e-01
-1.442076052155809480e-02
1.703633485776548662e-01
7.476324987867552507e-02
-1.906687472622989599e-01
-2.735939458672110858e-01
-8.239374846924309159e-02
-8.239374846924023277e-02
-1.598658758931739143e-01
-1.445039083611661668e-01
-5.431423127123297112e-02
-1.557816755927313862e-02
-7.932417984698326985e-02
-7.598899976371287224e-02
-7.362348917410832527e-02
-7.631133877848844671e-02
-1.049431205933849809e-01
-1.319048978032744124e-01
-8.871874094525723786e-02
-9.976872687043480958e-02
-2.087551973369699276e-01
-2.907306467185815091e-01
-8.157145164134788073e-02
1.380070281280212363e-01
1.861436169655573403e-01
4.574364990789423630e-02
1.494568279911142293e-02
-8.341748325953786403e-02
-1.244718224585234234e-01
-9.025445934717522822e-02
-7.700425557466152038e-02
-5.904028185768590842e-02
-8.420250941311467618e-02
-8.075433800815352836e-02
-1.187216711506242361e-01
-1.101245497145535435e-01
-1.170208925244741738e-01
-1.096585642894989943e-01
-9.920916722202062499e-02
-4.519991861426819052e-02
-4.150696931011101792e-02
-7.232172753295310064e-02
-8.844834710131324607e-02
-9.213540381213629338e-02
-8.293628424004434452e-02
-7.842499518986967288e-02
-5.816585448331053343e-02
-1.008406702808520815e-02
-6.655833460260180334e-04
1.116537567438073524e-02
-5.240798175852597052e-02
-2.857258631432845197e-01
-4.382824072002448612e-01
-3.739087213258981968e-01
-3.580218787737909358e-01
-1.993143579471245153e-01
-1.216681805833968316e-01
-6.797326310110347880e-02
-3.359344568127430042e-02
7.814747458489325338e-02
2.173121731075922658e-01
-6.359963200629135949e-02
6.554354203647877464e-02
1.749387390903571482e-01
2.240434332732990919e-01
-4.224092684227537947e-02
-8.284391071861152422e-02
-1.735814098105948888e-01
-2.075980493996173737e-01
-1.605096236817265265e-01
-1.107392319785052426e-01
-9.012296947702670702e-02
-8.525079405696289747e-02
-8.768868515503855376e-02
-1.096907549277892219e-01
-1.110972334045335352e-01
-1.062214512083825280e-01
-1.062214512083809737e-01
-1.062214512083839435e-01
-1.062214512083852758e-01
-1.173380215745729871e-01
-1.197872845059222841e-01
-7.643410620291277158e-02
-5.970153337178790015e-02
-4.287036738323109913e-02
-1.234058230914127259e-02
-1.792772613315878408e-02
-4.300425164181292947e-02
-5.418300538996723842e-02
-7.792289908613130034e-02
-7.731727645765958112e-02
-5.495976896135550821e-02
-5.495976896135410655e-02
-5.966502286434686303e-02
-5.273056542161453503e-02
1.011603135312800876e-02
-1.241286211842073349e-02
-1.130695132932107716e-01
-1.668171763881996783e-01
-5.413301779939343888e-02
1.198854387960481410e-01
1.702306702029376395e-01
2.024571755495225833e-01
9.051489333047220420e-02
-1.110920464775653205e-01
-2.546223289813268620e-01
-1.780639261849973343e-01
-3.532065764177539507e-02
-5.259100886094560633e-03
-6.685851081986083320e-03
-6.031152483686308581e-03
-6.848919055016680635e-02
-7.700589672990654222e-02
-6.711656685728110971e-02
-6.178309592861441768e-02
-4.254306148115799546e-02
-5.289801818063825933e-02
-9.779776774831661079e-02
-1.696359792860023807e-01
-1.035342282471507502e-01
-7.671402302492144609e-02
-1.426346111015617812e-01
-8.978754743457514897e-02
-2.362575300907419212e-02
2.861770477721527900e-02
-1.585126642397413285e-02
-6.437678314832752380e-02
-1.171192912484877585e-01
-8.748584723139411767e-02
1.830655162518026596e-02
4.889601088007806962e-02
3.796477835166232190e-02
1.211631199934960629e-01
1.602245042997558211e-01
1.101823519161593545e-01
1.320938988290647764e-01
1.101085992572448796e-01
9.119561734993671120e-02
9.119561734993052171e-02
1.303943007399327725e-01
1.774886401812446057e-01
1.662667044869829414e-01
1.466673627919791723e-01
5.247868390934615213e-02
5.247868390934713745e-02
5.247868390934674193e-02
5.247868390934472271e-02
5.247868390934291166e-02
5.247868390934402882e-02
5.247868390934835869e-02
9.734454269226096301e-02
6.532447780676696458e-02
-4.573729134182943218e-02
-6.817022073328649068e-02
-4.130090962294344359e-03
-4.044931198333862749e-02
-7.524162726090105613e-02
-1.499646971678667839e-01
-1.757948385082565290e-01
-1.110694240199294469e-01
-1.197770590695132198e-01
-9.633590982551011594e-02
-9.048235495313669552e-02
-1.297957361185757552e-01
-1.305188727778490432e-01
-1.227891182553942917e-01
-1.227891182553942084e-01
-1.227891182553950411e-01
-1.325390049866367603e-01
-1.335612817548340880e-01
-7.289679205913685012e-02
-6.802184869351658725e-02
-5.480300750908707191e-02
-4.287036738323066198e-02
-1.488015725233750655e-02
-3.172234584356416198e-02
-1.436261207704992715e-01
-1.423563332989024044e-01
-1.198462437644808865e-01
-1.219364447946862801e-01
-1.241078953622208603e-01
-1.393255019447823539e-01
-1.183359603945721983e-01
-1.822847443390159319e-02
-3.135850161588803198e-02
-1.376434208463007680e-01
-1.543583654545905848e-01
-1.790230805753240395e-01
-1.862970107272306497e-01
-6.979243992623133941e-02
-4.579229204628787464e-02
-3.124443174247417548e-02
-3.124443174247488672e-02
-3.124443174247500815e-02
-5.484238904397747971e-02
-6.576865658141801962e-02
-4.944258097254494028e-02
-3.764360232179472104e-02
2.358210485824584549e-02
3.039861616199931310e-02
4.603318181373553669e-02
2.634659576115886206e-02
1.271357315365114968e-02
1.271357315364882515e-02
1.271357315364931781e-02
1.271357315364815208e-02
1.271357315364835157e-02
-3.837786391219363824e-02
1.736355771238292864e-02
9.687127156117382454e-02
1.224169900940908357e-01
1.093414684494495651e-02
1.093414684494750481e-02
1.093414684495318430e-02
1.093414684495526944e-02
1.093414684495740662e-02
6.760577663135111659e-02
5.985926312404512423e-02
5.123022369495620204e-02
1.748398041798096894e-02
-7.089822487464760015e-02
-9.276735330509447430e-02
-1.208092087724989550e-01
-1.383667403449451438e-01
-1.337075478903437253e-01
-5.598212342040805034e-02
-5.598212342040704420e-02
-6.633553318137534738e-02
-5.850770987655552063e-02
-8.546959352408782518e-02
-8.029288864360195621e-02
-9.594853525324265053e-02
-9.594853525324474608e-02
-9.594853525324723020e-02
-9.594853525324466281e-02
-9.594853525324395505e-02
-9.594853525324502364e-02
-9.594853525324535670e-02
-9.594853525324553711e-02
-1.066510025370782933e-01
-1.165347926526629357e-01
-1.409865618916809338e-01
-1.241243591836138083e-01
-1.495053786228864832e-02
-1.334305180897612381e-02
-2.792796891533137413e-02
-3.236924995992586374e-02
-5.889920382276597755e-02
-6.311771433573935830e-02
-5.423515224655296035e-02
-5.423515224655408445e-02
-5.423515224655157257e-02
-5.423515224655299505e-02
-5.423515224655359873e-02
-5.423515224655480610e-02
-5.423515224655257871e-02
-5.423515224655058031e-02
-5.423515224655304362e-02
-5.423515224655360567e-02
-5.118533865447338210e-02
-4.934993296856533818e-02
-3.218317760416668054e-03
-1.433764235070025123e-02
-1.900973622127226023e-02
-5.131464617857587479e-02
-4.651743728145429219e-02
-4.451487228394154783e-02
-4.451487228393940371e-02
-4.451487228394016005e-02
-4.451487228394079843e-02
-4.451487228394104823e-02
-4.048638186962728175e-02
-3.941284207929546951e-02
-6.086231682764017131e-02
-6.287656203479638495e-02
-6.502364161546292376e-02
-6.502364161546235477e-02
-6.502364161546154986e-02
-6.502364161546307642e-02
-6.568078450139264168e-02
-6.654944181923658220e-02
-1.092056243728189990e-01
-1.088770529298555001e-01
-1.071397382941638582e-01
-1.071397382941640802e-01
-1.071397382941630810e-01
-1.071397382941626508e-01
-1.071397382941628729e-01
-1.071397382941624427e-01
-1.071397382941618182e-01
-1.071397382941610410e-01
-1.071397382941634280e-01
-1.071397382941645243e-01
-1.071397382941643994e-01
-1.071397382941622345e-01
-1.071397382941633863e-01
-1.071397382941631921e-01
-1.071397382941632198e-01
-1.071397382941637472e-01
-1.071397382941643439e-01
-1.071397382941640108e-01
-1.071397382941633447e-01
-1.071397382941614435e-01
-1.071397382941615267e-01
-1.071397382941614435e-01
-1.071397382941644133e-01
-1.067714253551830944e-01
-1.072767841576247050e-01
-8.344582329976053814e-02
-8.299777840233349413e-02
