1.649627573627850379e-03
1.957143860982226650e-03
6.095571304375687997e-03
5.866929572450021307e-03
7.705103637709169798e-03
8.897193584618521417e-03
9.142492134575935792e-03
1.012020667204981128e-02
1.044730809097084781e-02
1.076913772958515252e-02
1.116205002103867749e-02
1.130440934568673408e-02
1.151147664424984236e-02
1.165701947706328061e-02
1.174161712619370759e-02
1.184208992697496389e-02
1.189781162598478603e-02
1.194323891171842830e-02
1.198259371363831829e-02
1.199982785857273311e-02
1.201558494963647639e-02
1.202000153104520498e-02
1.200951245768683631e-02
1.200359411611824287e-02
1.197153705615654033e-02
1.193346572426201048e-02
1.190349022298833014e-02
1.180030002214772257e-02
1.174873387126716337e-02
1.164331893366482053e-02
1.140988577244637925e-02
1.139950514282404501e-02
1.099365932417756611e-02
1.067527239350737379e-02
1.070472683853083452e-02
9.418399559489242304e-03
9.816275093728980480e-03
9.417815560712021472e-03
9.725055923869418278e-03
1.023836392957134904e-02
9.897503328555103466e-03
1.237199219799803643e-02
1.219059165911135292e-02
1.211398679178635196e-02
1.199517304046762364e-02
1.171842684950659581e-02
9.823056086023124536e-03
8.087418166251449103e-03
4.914433473791665792e-03
-4.048903578466460026e-03
-7.923332891737765171e-03
-1.179180138323909430e-02
-1.877223789332739534e-02
-2.221035526717543562e-02
-2.690705332680547179e-02
-3.032246189458098068e-02
-3.506953400291484835e-02
-3.692617898476271976e-02
-4.304202198649022260e-02
-4.736996834756843772e-02
-4.741029977005248308e-02
-6.146674732986790596e-02
-5.943216382630057970e-02
-6.278711683172816249e-02
-7.067477048542133988e-02
-5.868677383743654830e-02
-6.534078145186195119e-02
-7.121795726587008823e-02
-7.769871469777317463e-02
-7.988270672563116404e-02
-8.516114858242405938e-02
-8.477445753990567323e-02
-8.475268213471973122e-02
-8.475197644595161561e-02
-8.295519069922886735e-02
-8.060953244154053787e-02
-7.795845822885824616e-02
-7.454594472305017816e-02
-6.849775860713824827e-02
-6.387062875887017377e-02
-6.079376721201720096e-02
-5.664171737820339336e-02
-5.037818806594486498e-02
-5.141627234655556100e-02
-4.548377496843920842e-02
-4.771177838525711423e-02
-4.401010325680324020e-02
-3.823127133735093608e-02
-4.101970964718620882e-02
-3.652224617705180504e-02
-2.987573392326611094e-02
-2.694923365569865115e-02
-2.212923252991043019e-02
-1.841275100165261358e-02
-1.679702664457223202e-02
-1.278378134692337645e-02
-1.167725730189821294e-02
-1.275984211212505444e-02
-1.378253363942826687e-02
-1.732668766444903086e-02
-2.212176890591548498e-02
-2.281474250268932663e-02
-2.788928021962960510e-02
-2.604823637976615147e-02
-2.825735617096724814e-02
-2.737222896236730582e-02
-2.588275513832993813e-02
-2.495839007155391254e-02
-2.425830970466121353e-02
-2.196247097548740049e-02
-2.138829496094796570e-02
-1.956191485923033935e-02
-1.804761872952758903e-02
-1.554438729320960569e-02
-8.920645131947990344e-03
-4.228497386659205853e-03
-2.743966037775963374e-03
-1.530956887921042231e-03
-4.072020312209331284e-03
-4.968832583100419795e-03
-7.067882259578564530e-04
1.582737108994395833e-03
9.138571343274615177e-03
1.245519747165158703e-02
1.643062351629676413e-02
1.573624897490979307e-02
1.207158030672982572e-02
1.054390357092392649e-02
8.601637523327855528e-03
5.160523455055394601e-03
4.678098192540574955e-03
4.714093305223897301e-03
3.956261499989798675e-03
4.183562531380041576e-03
4.843954469745124017e-03
5.243717442363357052e-03
7.645594227955991237e-03
8.386838689712395462e-03
1.198318277092494735e-02
1.589869082908692763e-02
1.720118825464212950e-02
2.793674112094613610e-02
3.279351351777794188e-02
3.725621617352099790e-02
4.797173039854037147e-02
4.953643571437755383e-02
5.397373376625903829e-02
6.399588283763593677e-02
6.852697872377724875e-02
7.766685698357332635e-02
8.060053228372410228e-02
8.414655302368029277e-02
8.670645243651442513e-02
8.524038377922318888e-02
8.798519641701087191e-02
8.458267500582800080e-02
8.344607942226717201e-02
8.393257310500536195e-02
7.510506206611228253e-02
7.537470815544462799e-02
6.937679834425766745e-02
6.434657272911266379e-02
6.567366941608668296e-02
5.830815500964071918e-02
5.695522834802755480e-02
5.385301353075271080e-02
4.576272829189055591e-02
4.373298427968690810e-02
3.727675033104478619e-02
3.294359504567451885e-02
3.005210632795202522e-02
2.601843525743236657e-02
2.441048351248282025e-02
2.122944000856580304e-02
2.119328349177641152e-02
1.797022281621476689e-02
1.619459989968413671e-02
1.393500324984662912e-02
8.613317671025657457e-03
6.364303972463242719e-03
3.195372565060732722e-04
-2.684542936403615070e-03
-3.406785944279724573e-03
-7.024920627062193439e-03
-6.066754961453514616e-03
-5.344772375091108585e-03
-2.657389151498845605e-03
9.447570725808968669e-04
1.697414970649283560e-03
3.968011976836234751e-03
6.650521160540706980e-03
5.243713204328722885e-03
5.314879468236144086e-03
5.202050504975186396e-03
3.079104489277865661e-03
-8.964986929119382435e-04
-4.442400104081388468e-03
-1.131221170882274439e-02
-1.781331357204914839e-02
-2.440659544185140584e-02
-2.425806147416224509e-02
-2.675670739772733481e-02
-2.692003661672264306e-02
-2.118129114911176253e-02
-1.808936900935387282e-02
-1.374183713021981043e-02
-1.073675042838733926e-02
-7.371897842952295291e-03
-6.692840136580295064e-03
2.951052421508036823e-03
3.511543960360485363e-03
6.702432746509799644e-03
1.102510735174455636e-02
7.059583968009606851e-03
8.699791487016991093e-03
6.826271471718685889e-03
4.527895409658722406e-03
8.326329098234667297e-03
9.463985346540727817e-03
1.184904718452853452e-02
1.370126934977282385e-02
1.282134978544649875e-02
1.387982684051297655e-02
1.218955525323739061e-02
1.272991589526696263e-02
1.216253199152436508e-02
1.022009227332005762e-02
8.936890823959292574e-03
8.441258620719231318e-03
8.268214864416308790e-03
8.825827947348218599e-03
1.249884596476874381e-02
1.286030732222917354e-02
1.558727070674377144e-02
1.764709769888464161e-02
1.801775861647577845e-02
2.351384466579441168e-02
2.452667797616270295e-02
2.878746907164222643e-02
2.982093058031698093e-02
3.175561185294764610e-02
3.521928900315483835e-02
3.264567787391921272e-02
3.463450154233552875e-02
3.284408312705557054e-02
2.846251969553298400e-02
2.890413297849949575e-02
2.100001886255170591e-02
1.881366884826887742e-02
2.017143064902011257e-02
1.700157343538220497e-02
2.091778254746365362e-02
2.075111641542461138e-02
1.983447793125922218e-02
2.165390267770935656e-02
2.072655089186268423e-02
2.056931267638990521e-02
2.029280575607560894e-02
2.057900896254491116e-02
1.609676863977869271e-02
1.366546969706316367e-02
1.799453490786224324e-02
1.723120712674644159e-02
1.831798960844010365e-02
2.528881716767216598e-02
2.300861786414162141e-02
1.875627084163973557e-02
1.792287069824181553e-02
9.207734510242298470e-03
9.500669611546124285e-03
8.602299051169546781e-03
5.691363172846316751e-03
5.581328801351557144e-03
3.184583257056439881e-03
1.018054709657082672e-03
-3.518961373297085655e-04
-4.152655858950255428e-03
-6.702981395899304008e-03
-1.144772567213880182e-02
-1.995107284679359383e-02
-2.216795301375094895e-02
-3.531069870796693655e-02
-4.114742521410776066e-02
-3.999673934962520716e-02
-5.214607451405152416e-02
-5.403549707739385699e-02
-6.182998805329230352e-02
-6.551806123543939264e-02
-6.644546697622072395e-02
-7.138082412336071991e-02
-7.135515524450836145e-02
-7.215964061336396784e-02
-7.414093553650757951e-02
-7.172918248004542252e-02
-7.045406929150999087e-02
-6.854981637504815872e-02
-5.962406330933824744e-02
-5.725080771617380854e-02
-5.007508669012345620e-02
-4.467717526577286852e-02
-4.337558960617425574e-02
-3.986658082059299502e-02
-3.774552255552318658e-02
-4.023502761111934917e-02
-3.574810749472459581e-02
-3.789387393463189424e-02
-3.810208990762042891e-02
-3.060705184529050049e-02
-3.467175958442537953e-02
-3.003181519331149518e-02
-2.319841477185684286e-02
-2.242016045785079348e-02
-7.355456882990183375e-03
-5.831841538546901453e-03
3.744930614958068022e-03
5.644270459010636634e-03
5.718775419990864729e-03
7.878312673975464142e-03
6.420816585272749732e-03
6.414554108462703491e-03
2.573374669681360079e-03
1.525761855617265668e-03
1.246977384879754611e-03
-4.051700296825223348e-04
1.426843480031612021e-03
1.015293423585136596e-03
1.762907281178237567e-03
6.477611855476646426e-04
-7.399322421580846031e-04
-2.843445348303825018e-03
-5.371839003420804219e-03
-5.546073570866741353e-03
-8.615874254245084116e-03
-9.621520190963074939e-03
-1.109468470000951265e-02
-1.463310724834337301e-02
-1.798238705942858950e-02
-1.957083906818841978e-02
-2.199612379701913062e-02
-2.517466842158819912e-02
-2.533637910235387453e-02
-2.383240128179004921e-02
-2.324180397176693613e-02
-2.307877452820013275e-02
-2.272848703292113665e-02
-1.691442332387835951e-02
-1.737361821390136576e-02
-1.671787277122937024e-02
-1.783686510626712393e-02
-1.997721155527605597e-02
-2.426687264795840404e-02
-2.606752760124820406e-02
-2.647309672213309789e-02
-2.428495503942095304e-02
-1.950332278998298530e-02
-1.955252398406562980e-02
-1.550714604201969965e-02
-1.241215374004579243e-02
-1.425056138120149238e-02
-1.541432834678613771e-02
-2.089426923701783248e-02
-2.530085003452608311e-02
-2.726595192100846748e-02
-3.142309601012325398e-02
-3.284744333990693294e-02
-3.401569243373867707e-02
-3.623231528001552570e-02
-3.386543696927114822e-02
-3.361308918398689394e-02
-3.253179278634194677e-02
-2.562982457538747622e-02
-2.467671015017153247e-02
-2.349166172622071946e-02
-2.082847346924469184e-02
-1.920732014772768420e-02
-1.657237803283370323e-02
-1.353392020061737130e-02
-1.202997502304154094e-02
-8.096619193191469110e-03
-6.148285347015234985e-03
-4.559344211554313027e-03
-1.529613012268484602e-03
-2.335720788628258351e-05
1.997781387113373164e-03
5.900783517362857139e-03
7.242077249319366777e-03
1.187810723972094334e-02
1.729422970269149651e-02
1.909424957513184903e-02
2.978185226241640907e-02
3.177692972410399441e-02
3.457254267574681739e-02
3.984695935662380117e-02
3.929623882930366463e-02
4.198355215869731261e-02
4.326587667312625785e-02
4.183218679132157114e-02
4.311058311243066987e-02
4.147287896981148581e-02
3.873739088694612420e-02
3.807498823973372304e-02
3.454891749743298213e-02
3.314545596765935964e-02
3.042701741990089942e-02
2.689511515076185161e-02
2.557724826848957814e-02
2.028220256604054347e-02
1.869878629991435226e-02
1.594519025724416839e-02
1.300439466926868112e-02
1.211120170345486927e-02
9.181083809521995917e-03
8.047678031250858621e-03
6.095120063467964269e-03
3.010689779408313484e-03
6.939681607049772057e-04
-2.712620931400170320e-03
-2.202405146076335217e-03
-2.901311957632602724e-03
-4.606057824802539842e-03
-4.229677407852214938e-03
-5.575904071688399591e-03
-6.312142994988680610e-03
-6.655996854630616237e-03
-8.376035930620154280e-03
-9.045727172588696741e-03
-1.014428839829832618e-02
-1.323966401367670728e-02
-1.463410986046275765e-02
-1.668294738893418699e-02
-1.965155448253124923e-02
-2.100960201396115390e-02
-2.426855404495926669e-02
-2.758224323682088169e-02
-2.875744332463984684e-02
-3.518673032659565963e-02
-3.611176108121565143e-02
-3.781946336716635049e-02
-4.034423866660791225e-02
-4.063770965928968637e-02
-4.198665614511416788e-02
-4.269273659643543772e-02
-4.283681425082548622e-02
-4.329169981007346957e-02
-4.319331620590044496e-02
-4.285007539538930599e-02
-4.257926870040100453e-02
-4.176908943201497471e-02
-4.067286170334850903e-02
-3.982207542308152659e-02
-3.770513883818586015e-02
-3.595654503104739330e-02
-3.404672194785603179e-02
-2.959572257612330670e-02
-2.795599269219303795e-02
-2.257293864319509513e-02
-1.572646939253835585e-02
-1.482052310845606569e-02
-3.640203697974145336e-04
5.924710836871772100e-04
3.218888541233718044e-03
8.326988493985163983e-03
7.647753942586854245e-03
8.309574758696328112e-03
9.803085136492514784e-03
7.007415553364827396e-03
8.285336874683772376e-03
8.745250043006660284e-03
7.994382114602956863e-03
8.394768395622306117e-03
8.317504325315538266e-03
7.676125940005391890e-03
7.946705398246762045e-03
7.595419925768927619e-03
7.531788775161657283e-03
7.513598598328701493e-03
7.458955325657307296e-03
7.437078159595036583e-03
7.355139510732776505e-03
7.269062703019027287e-03
7.242366503297099391e-03
7.191944641752003563e-03
7.162828652453804082e-03
7.143964494580597874e-03
7.121052583370124020e-03
7.109315684543426016e-03
7.097976376011170749e-03
7.088418849793035395e-03
7.082258158780318884e-03
7.076487376650661409e-03
7.071876155464270307e-03
7.067893614905534916e-03
7.065472726257699537e-03
7.061018517131010391e-03
7.058837571340194871e-03
7.057360263653420646e-03
7.048777863902343753e-03
7.052263052004720430e-03
7.043335987288601094e-03
7.030170241076565477e-03
7.047757441158990395e-03
7.002371417840648656e-03
7.012695716293249754e-03
7.030780016957308316e-03
6.893787750175205120e-03
7.045553300966682538e-03
6.900253525068724032e-03
6.713062624624062218e-03
7.219556970632367253e-03
6.296447033260123977e-03
6.807787824501036061e-03
7.464019667744046377e-03
